2004,0.000333333333333,0.0931506244649,0.0161582413104
4008,0.000666666666667,0.0933266654748,0.0204503212823
6012,0.001,0.0925362548895,0.0247748468534
8016,0.00133333333333,0.09149334966,0.0274489383649
10020,0.00166666666667,0.0897438539288,0.0287694629185
12024,0.002,0.0865125338457,0.0306571168491
14028,0.00233333333333,0.0862316891704,0.0349350930353
16032,0.00266666666667,0.0867206605144,0.0396661935214
18036,0.003,0.0869415738988,0.0413153190414
20040,0.00333333333333,0.0860270229185,0.041306790626
22044,0.00366666666667,0.0848386435233,0.0406505531649
24048,0.004,0.0829767895787,0.0393764130074
26052,0.00433333333333,0.0825236955402,0.0389971194147
28056,0.00466666666667,0.0829562315896,0.0388840310099
30060,0.005,0.0826559298795,0.036771229619
32064,0.00533333333333,0.0825820126101,0.0354033764643
34068,0.00566666666667,0.0818359962488,0.0348828470066
36072,0.006,0.0801926310781,0.0342777795579
38076,0.00633333333333,0.078529829531,0.035525336072
40080,0.00666666666667,0.0792531365638,0.0376371331192
42084,0.007,0.0788016520394,0.0382174738897
44088,0.00733333333333,0.0770377207719,0.0387089487583
46092,0.00766666666667,0.0746511481267,0.0409862132707
48096,0.008,0.0734039288593,0.0413960034069
50100,0.00833333333333,0.0707751689479,0.0405179155384
52104,0.00866666666667,0.072440255076,0.0426221655763
54108,0.009,0.0727512770605,0.0440451254305
56112,0.00933333333333,0.0737000002287,0.0433670819596
58116,0.00966666666667,0.0740737819824,0.0444475740733
60120,0.01,0.0732619053364,0.0447969958031
62124,0.0103333333333,0.0715262806072,0.0423190536461
64128,0.0106666666667,0.0722965831295,0.0441364999252
66132,0.011,0.0722099080946,0.0453027162039
68136,0.0113333333333,0.072943059975,0.0466940039271
70140,0.0116666666667,0.0721527939799,0.0478257605312
72144,0.012,0.0699198775406,0.0507772020518
74148,0.0123333333333,0.0675859744487,0.0492259911836
76152,0.0126666666667,0.0672034709269,0.0487209863449
78156,0.013,0.067013992158,0.0483287090775
80160,0.0133333333333,0.0663325100207,0.0476522171035
82164,0.0136666666667,0.0661555499311,0.0502908163121
84168,0.014,0.0666933820808,0.0474168327784
86172,0.0143333333333,0.0666575289179,0.0437084837878
88176,0.0146666666667,0.0671182772353,0.0425663288484
90180,0.015,0.0694328934959,0.0421067977382
92184,0.0153333333333,0.0690557064819,0.0392327100202
94188,0.0156666666667,0.0698848721988,0.0393724255288
96192,0.016,0.0706266769575,0.0389135673498
98196,0.0163333333333,0.0710069904321,0.0405566338796
100200,0.0166666666667,0.0687785169143,0.0428642854191
102204,0.017,0.0692326155652,0.0469658940604
104208,0.0173333333333,0.0687646337496,0.0487896788165
106212,0.0176666666667,0.0689826160197,0.0509097771325
108216,0.018,0.0693152720271,0.0516217444451
110220,0.0183333333333,0.0709615657812,0.0515591227757
112224,0.0186666666667,0.0707963610566,0.0489816725034
114228,0.019,0.0719543686304,0.0485029822051
116232,0.0193333333333,0.0741537655487,0.0481795132585
118236,0.0196666666667,0.0762765176291,0.0467271896609
120240,0.02,0.0768747122363,0.0467615791117
122244,0.0203333333333,0.0761319119026,0.0470203127716
124248,0.0206666666667,0.0736010628879,0.0469469692789
126252,0.021,0.0724667146882,0.0448659181396
128256,0.0213333333333,0.0725641847094,0.0451088704609
130260,0.0216666666667,0.0723743167439,0.0446448094708
132264,0.022,0.0722929723077,0.0443949736271
134268,0.0223333333333,0.0724669916892,0.0455022840801
136272,0.0226666666667,0.0718787356533,0.0467685410099
138276,0.023,0.0704691016724,0.0457311178814
140280,0.0233333333333,0.0707163034802,0.0477169893925
142284,0.0236666666667,0.0700485526918,0.0500977655127
144288,0.024,0.067911522523,0.0515591182704
146292,0.0243333333333,0.0681399373715,0.0495884090299
148296,0.0246666666667,0.0690911894908,0.0484168498179
150300,0.025,0.0683466870592,0.0468001707853
152304,0.0253333333333,0.0702487158017,0.0461337594907
154308,0.0256666666667,0.0707247478417,0.0445292218417
156312,0.026,0.0712253762057,0.0460270524313
158316,0.0263333333333,0.0707503215818,0.0442929333664
160320,0.0266666666667,0.0700097101305,0.0463885483612
162324,0.027,0.0694581530854,0.0458083316224
164328,0.0273333333333,0.0696622622268,0.045686786724
166332,0.0276666666667,0.0704023857709,0.0459372809174
168336,0.028,0.0709594919397,0.0454431623428
170340,0.0283333333333,0.0713216990517,0.0448702869885
172344,0.0286666666667,0.0725152160554,0.0437039859294
174348,0.029,0.0724599449407,0.0436384901957
176352,0.0293333333333,0.0729669578066,0.0424864962935
178356,0.0296666666667,0.075285033548,0.0413000661444
180360,0.03,0.0769011550792,0.0400168593996
182364,0.0303333333333,0.07758787774,0.0393326629605
184368,0.0306666666667,0.0765513228425,0.0397213594214
186372,0.031,0.0752611247701,0.0397105767748
188376,0.0313333333333,0.0745301496073,0.0389514185044
190380,0.0316666666667,0.0752256545232,0.0399599293091
192384,0.032,0.074966127652,0.0415566821761
194388,0.0323333333333,0.074551417037,0.0415297185873
196392,0.0326666666667,0.0736099846063,0.0416820498697
198396,0.033,0.0729551676829,0.0419140001155
200400,0.0333333333333,0.0719920914127,0.0412757013813
202404,0.0336666666667,0.0727428350263,0.0421069877468
204408,0.034,0.0729213745077,0.0423173708765
206412,0.0343333333333,0.0732278740083,0.0420774129486
208416,0.0346666666667,0.073043018976,0.0412401229959
210420,0.035,0.0724875999757,0.0396270200541
212424,0.0353333333333,0.0719335664253,0.0376968777284
214428,0.0356666666667,0.0725429876799,0.0380545527048
216432,0.036,0.0728480195405,0.0377100671807
218436,0.0363333333333,0.0728199123448,0.036904643754
220440,0.0366666666667,0.0726372625706,0.0365166098825
222444,0.037,0.0723659302628,0.0349134558491
224448,0.0373333333333,0.071819391312,0.0337969006808
226452,0.0376666666667,0.0716388844811,0.0325406024213
228456,0.038,0.0721223635536,0.0323528088737
230460,0.0383333333333,0.0729617224936,0.0327067881284
232464,0.0386666666667,0.0730361993055,0.0323205535479
234468,0.039,0.0730773899788,0.0315307416565
236472,0.0393333333333,0.0724123909506,0.0319125520882
238476,0.0396666666667,0.0715380056839,0.0322146163245
240480,0.04,0.072425753434,0.0333788487164
242484,0.0403333333333,0.0725359390802,0.0352861864442
244488,0.0406666666667,0.0720772932528,0.0368593101874
246492,0.041,0.0715997799264,0.0375798317783
248496,0.0413333333333,0.0716171703479,0.037133893294
250500,0.0416666666667,0.0716303876942,0.0361092442226
252504,0.042,0.0728306885212,0.0358769691476
254508,0.0423333333333,0.0731444897624,0.0347110689684
256512,0.0426666666667,0.0733081164209,0.0338772200984
258516,0.043,0.0738082492665,0.032734401437
260520,0.0433333333333,0.0738255492473,0.0299733274548
262524,0.0436666666667,0.0728996032118,0.0297671683359
264528,0.044,0.0734620112259,0.0295132935649
266532,0.0443333333333,0.0737286066025,0.0307560314992
268536,0.0446666666667,0.0738520681856,0.0317160445226
270540,0.045,0.0740847736169,0.0314392993716
272544,0.0453333333333,0.0738341104183,0.0309123980778
274548,0.0456666666667,0.0731813382336,0.029890676639
276552,0.046,0.0728342792392,0.0297096743033
278556,0.0463333333333,0.0733317278695,0.0298072882916
280560,0.0466666666667,0.073606313646,0.0296501809292
282564,0.047,0.0735083783087,0.0302262617653
284568,0.0473333333333,0.0735435441544,0.0300787448909
286572,0.0476666666667,0.0729615745937,0.0297842077845
288576,0.048,0.0719173430731,0.0292510668795
290580,0.0483333333333,0.0718751066957,0.0328834559905
292584,0.0486666666667,0.0715619005337,0.0353249503361
294588,0.049,0.0703002038012,0.0363859088792
296592,0.0493333333333,0.0696735779786,0.0361245248906
298596,0.0496666666667,0.0689219839292,0.0370934752024
300600,0.05,0.0679206416154,0.0361530747354
302604,0.0503333333333,0.0684746807674,0.0371221268504
304608,0.0506666666667,0.0691792207924,0.0376164923221
306612,0.051,0.0700623202931,0.0382405882087
308616,0.0513333333333,0.0698286866448,0.038114375128
310620,0.0516666666667,0.0698830597328,0.0388305975639
312624,0.052,0.069483297633,0.0363402495919
314628,0.0523333333333,0.0707000204602,0.0366666689439
316632,0.0526666666667,0.0721670922827,0.0368011853866
318636,0.053,0.0724256691332,0.0377643374369
320640,0.0533333333333,0.0732228739819,0.0376044168428
322644,0.0536666666667,0.073879758662,0.0372173872433
324648,0.054,0.0725439103723,0.0381273749618
326652,0.0543333333333,0.0729101673597,0.0378195969452
328656,0.0546666666667,0.0738281417939,0.0406456858823
330660,0.055,0.0736229230972,0.0428590533621
332664,0.0553333333333,0.0734088925616,0.0434658423414
334668,0.0556666666667,0.0724882691801,0.0437081105449
336672,0.056,0.0715409431168,0.0440488644841
338676,0.0563333333333,0.070812830727,0.0439497588183
340680,0.0566666666667,0.0725000812569,0.0460285325006
342684,0.057,0.073074927624,0.0453802425901
344688,0.0573333333333,0.0735500211531,0.0448813526569
346692,0.0576666666667,0.0730041081093,0.0444377494178
348696,0.058,0.0722002286478,0.0416258116711
350700,0.0583333333333,0.0703206239743,0.0370203680702
352704,0.0586666666667,0.0718588251004,0.0383852416359
354708,0.059,0.0723021431091,0.0381968563874
356712,0.0593333333333,0.0714850975955,0.0398505574971
358716,0.0596666666667,0.0702036493003,0.0410731465238
360720,0.06,0.0699027692929,0.0434047114938
362724,0.0603333333333,0.0698613262603,0.0451027901194
364728,0.0606666666667,0.0712081429376,0.0459226228871
366732,0.061,0.0726775832506,0.0456504267587
368736,0.0613333333333,0.0734623359864,0.0447520746025
370740,0.0616666666667,0.0731248306006,0.0415021466018
372744,0.062,0.0711126865943,0.0417755270806
374748,0.0623333333333,0.0703052167302,0.0429090501353
376752,0.0626666666667,0.0710808908536,0.0439733416216
378756,0.063,0.0720571082107,0.0460843040037
380760,0.0633333333333,0.0728213994281,0.0469855598562
382764,0.0636666666667,0.0735002427617,0.0451162948032
384768,0.064,0.0734434057184,0.0444477509707
386772,0.0643333333333,0.0714952923644,0.0436133435188
388776,0.0646666666667,0.0692100716662,0.0442661063661
390780,0.065,0.0691974924854,0.0466939489777
392784,0.0653333333333,0.0686272258518,0.0543134968458
394788,0.0656666666667,0.0672545515716,0.0597779125343
396792,0.066,0.0652554837457,0.0611902610378
398796,0.0663333333333,0.063000173911,0.0611924998415
400800,0.0666666666667,0.0602875205463,0.0593431786715
402804,0.067,0.0625402604264,0.0560806425484
404808,0.0673333333333,0.0660592828067,0.051862573307
406812,0.0676666666667,0.0681777270291,0.0514015874666
408816,0.068,0.0696956451131,0.0521057562478
410820,0.0683333333333,0.0698011753447,0.0521101510458
412824,0.0686666666667,0.0688530374575,0.0469395789133
414828,0.069,0.070723043563,0.0481343371415
416832,0.0693333333333,0.0735763489565,0.0482809217958
418836,0.0696666666667,0.0745525672733,0.0468733254315
420840,0.07,0.0720899122895,0.0517147857651
422844,0.0703333333333,0.068904248163,0.0539667053456
424848,0.0706666666667,0.065846283223,0.0539491372282
426852,0.071,0.0650831520006,0.0489855704802
428856,0.0713333333333,0.0647431326083,0.0555245826106
430860,0.0716666666667,0.0654845306657,0.0614652909648
432864,0.072,0.0678027436419,0.0621160411156
434868,0.0723333333333,0.0687815657282,0.0626156872232
436872,0.0726666666667,0.066575575176,0.0577664361187
438876,0.073,0.0677127518542,0.0559297306198
440880,0.0733333333333,0.0694749400804,0.0559780740102
442884,0.0736666666667,0.070901145867,0.0535658702113
444888,0.074,0.071601046331,0.0515461823476
446892,0.0743333333333,0.0729762593816,0.051276797557
448896,0.0746666666667,0.0719254501825,0.047671336513
450900,0.075,0.0680431136373,0.0439318217483
452904,0.0753333333333,0.0710294195522,0.0471777148858
454908,0.0756666666667,0.0725121645019,0.048970205568
456912,0.076,0.0743881977796,0.0479886002847
458916,0.0763333333333,0.0746825747161,0.045265705828
460920,0.0766666666667,0.0714151938381,0.0437972963217
462924,0.077,0.0661486226522,0.0472102668982
464928,0.0773333333333,0.0646369657229,0.050000036594
466932,0.0776666666667,0.0652041821191,0.0534613734597
468936,0.078,0.0668394210276,0.0544319191108
470940,0.0783333333333,0.0667470012863,0.0557840691692
472944,0.0786666666667,0.0673465858831,0.0547026520629
474948,0.079,0.0655158022591,0.0512743656634
476952,0.0793333333333,0.0659770480501,0.0495685306289
478956,0.0796666666667,0.0699060063571,0.0495269265329
480960,0.08,0.0732022145437,0.0498755787898
482964,0.0803333333333,0.0727971015295,0.051529550908
484968,0.0806666666667,0.0697427335254,0.0507815803698
486972,0.081,0.0686648115844,0.0514553245889
488976,0.0813333333333,0.0669544591045,0.0516987572331
490980,0.0816666666667,0.0687646947602,0.0514148348878
492984,0.082,0.0692130580056,0.0532716570376
494988,0.0823333333333,0.0692730943194,0.0509960348126
496992,0.0826666666667,0.0701354442374,0.0530918446615
498996,0.083,0.0686234736441,0.0564729693788
501000,0.0833333333333,0.0673719749989,0.0554372476705
503004,0.0836666666667,0.0681961089024,0.0509927377613
505008,0.084,0.0715284754363,0.0540528023326
507012,0.0843333333333,0.0745914312542,0.0538794198839
509016,0.0846666666667,0.0735698817053,0.0527074601732
511020,0.085,0.0721147105104,0.0530790690803
513024,0.0853333333333,0.069351658878,0.0515455083663
515028,0.0856666666667,0.0686384567669,0.0566050299301
517032,0.086,0.0715032736055,0.0622124368716
519036,0.0863333333333,0.0737098615967,0.0670144545543
521040,0.0866666666667,0.0754450375737,0.0723581263152
523044,0.087,0.0782344654205,0.0705141506556
525048,0.0873333333333,0.0749222817458,0.0728636580587
527052,0.0876666666667,0.0729686116886,0.0763108404404
529056,0.088,0.0706048213577,0.0690989804363
531060,0.0883333333333,0.0665450478293,0.0695568129629
533064,0.0886666666667,0.0642949886068,0.0697332698318
535068,0.089,0.0641175171736,0.0669785640654
537072,0.0893333333333,0.0626017444865,0.0599008655234
539076,0.0896666666667,0.0627008990459,0.064131315582
541080,0.09,0.0670559367514,0.0790642905073
543084,0.0903333333333,0.0658826102188,0.0865745702779
545088,0.0906666666667,0.0650090757174,0.0846334395069
547092,0.091,0.0710335106883,0.0805177171233
549096,0.0913333333333,0.0700514679807,0.07951718785
551100,0.0916666666667,0.0643097285249,0.0852733420987
553104,0.092,0.0652431705292,0.0903154494919
555108,0.0923333333333,0.061895634292,0.085612289422
557112,0.0926666666667,0.0613589407744,0.0858962805911
559116,0.093,0.0612048810673,0.0790480475779
561120,0.0933333333333,0.0574754585804,0.0696701850623
563124,0.0936666666667,0.0602343405667,0.0766073193133
565128,0.094,0.0618656290925,0.080106571578
567132,0.0943333333333,0.0638867815501,0.0816655256674
569136,0.0946666666667,0.0660807596037,0.071335000335
571140,0.095,0.0638567874986,0.0655453843313
573144,0.0953333333333,0.0645203631503,0.0648121287421
575148,0.0956666666667,0.0628168274844,0.0624190522978
577152,0.096,0.06428051344,0.0632611591462
579156,0.0963333333333,0.0678172233904,0.0609887282755
581160,0.0966666666667,0.0692052400513,0.059067544083
583164,0.097,0.0688852599826,0.0574520235831
585168,0.0973333333333,0.0692863124172,0.0541109023289
587172,0.0976666666667,0.0695112010416,0.0531065731165
589176,0.098,0.069016852458,0.0529425049716
591180,0.0983333333333,0.0695623542091,0.0572703416873
593184,0.0986666666667,0.0701334851102,0.0542750034012
595188,0.099,0.0706008455475,0.0516594137561
597192,0.0993333333333,0.0706224772691,0.0523289975031
599196,0.0996666666667,0.0685207629696,0.0545621009072
601200,0.1,0.066252922658,0.0545150011215
603204,0.100333333333,0.0675237403752,0.0551302198022
605208,0.100666666667,0.0696010304412,0.0547532575921
607212,0.101,0.0694741508274,0.0538432689012
609216,0.101333333333,0.0695353002584,0.0545054551639
611220,0.101666666667,0.0690120895354,0.0546323147931
613224,0.102,0.0683324810473,0.0511338956653
615228,0.102333333333,0.0686222054331,0.0510810444933
617232,0.102666666667,0.0686405200465,0.0508720196943
619236,0.103,0.0699173552758,0.0471473600124
621240,0.103333333333,0.0723134890756,0.045886839403
623244,0.103666666667,0.0725231888768,0.04411256798
625248,0.104,0.071112451728,0.044160447913
627252,0.104333333333,0.0707114358453,0.0433108481657
629256,0.104666666667,0.0719040550447,0.0425814668474
631260,0.105,0.0735733963628,0.0419251785503
633264,0.105333333333,0.0750403504551,0.0413291152425
635268,0.105666666667,0.0751785543371,0.0417200490117
637272,0.106,0.0746600343951,0.0466222254232
639276,0.106333333333,0.0732660654197,0.0470842467619
641280,0.106666666667,0.0756348354961,0.0474379296239
643284,0.107,0.0759353418252,0.047896314933
645288,0.107333333333,0.0757515551322,0.0479404087023
647292,0.107666666667,0.0755999383864,0.0468920360574
649296,0.108,0.0739820803917,0.0473505192992
651300,0.108333333333,0.0721685764024,0.0458444784903
653304,0.108666666667,0.0737971946832,0.046503831268
655308,0.109,0.0742366396261,0.0464587969037
657312,0.109333333333,0.0748943225002,0.046090726224
659316,0.109666666667,0.0751397905826,0.0449950822557
661320,0.11,0.0742474451879,0.0425575315098
663324,0.110333333333,0.0729812908798,0.0419925048367
665328,0.110666666667,0.0732124902287,0.0437510574228
667332,0.111,0.0745437921197,0.0447212645961
669336,0.111333333333,0.0750579177459,0.0456006359833
671340,0.111666666667,0.0753862276189,0.04363192778
673344,0.112,0.0748419596407,0.0436353763703
675348,0.112333333333,0.0731718496503,0.0417803452323
677352,0.112666666667,0.0708776935394,0.0434555808662
679356,0.113,0.0700448464974,0.0499726629933
681360,0.113333333333,0.0705762193075,0.053135386765
683364,0.113666666667,0.0700239773218,0.052757801868
685368,0.114,0.06829758989,0.0514350773
687372,0.114333333333,0.0663728577613,0.0512260393093
689376,0.114666666667,0.0651160902951,0.0504301138052
691380,0.115,0.067006396006,0.0502597382218
693384,0.115333333333,0.0693843250826,0.0497652150141
695388,0.115666666667,0.0711968188779,0.0495771880943
697392,0.116,0.0720143784539,0.0498179521863
699396,0.116333333333,0.0704198023178,0.0524836184807
701400,0.116666666667,0.0680395723697,0.0493840394795
703404,0.117,0.068657296671,0.0507312292635
705408,0.117333333333,0.0681321413326,0.0555930718461
707412,0.117666666667,0.0690102224365,0.0582059330535
709416,0.118,0.0707098596237,0.0578287239335
711420,0.118333333333,0.069912868106,0.0597096211097
713424,0.118666666667,0.0683576240958,0.0598197724923
715428,0.119,0.0694756087106,0.06243640906
717432,0.119333333333,0.0720246178234,0.0633191334802
719436,0.119666666667,0.0735561158102,0.0613359391893
721440,0.12,0.0737867399689,0.0582951716735
723444,0.120333333333,0.0740450290592,0.0525571809495
725448,0.120666666667,0.0723523435858,0.0509213550246
727452,0.121,0.0728478555447,0.0497025465382
729456,0.121333333333,0.0746979895849,0.0534306930558
731460,0.121666666667,0.0742812600936,0.0516936550202
733464,0.122,0.073274743256,0.0489371807735
735468,0.122333333333,0.0736938905596,0.0548263799135
737472,0.122666666667,0.072372868937,0.0533529942651
739476,0.123,0.0704786410822,0.052843869371
741480,0.123333333333,0.0707023494398,0.0586119505431
743484,0.123666666667,0.0726060089648,0.0587219441392
745488,0.124,0.0744732042201,0.0582976851651
747492,0.124333333333,0.075995136227,0.0564507435751
749496,0.124666666667,0.075004094991,0.0554193384413
751500,0.125,0.072877457874,0.052073755774
753504,0.125333333333,0.0732843846309,0.0513105674195
755508,0.125666666667,0.072187352903,0.0523458082504
757512,0.126,0.0706048604603,0.0531966763445
759516,0.126333333333,0.0695356518509,0.0520487793243
761520,0.126666666667,0.0703295993682,0.050381330678
763524,0.127,0.0696532272334,0.0528875400617
765528,0.127333333333,0.072284262268,0.0540683069716
767532,0.127666666667,0.0725900508947,0.0545739395777
769536,0.128,0.0727034032857,0.0532596483277
771540,0.128333333333,0.0726365066492,0.0502231430422
773544,0.128666666667,0.073037545972,0.0461729000252
775548,0.129,0.0714354911058,0.0475031837836
777552,0.129333333333,0.0714372340816,0.0505530805975
779556,0.129666666667,0.0718033795271,0.0509737260423
781560,0.13,0.0703533167625,0.0496448663346
783564,0.130333333333,0.0691491399988,0.0525772341517
785568,0.130666666667,0.0695276270507,0.0501021273533
787572,0.131,0.0699105398691,0.0477005209605
789576,0.131333333333,0.070617963002,0.0450887261947
791580,0.131666666667,0.072760396752,0.0442519745799
793584,0.132,0.0727487188178,0.0442610875775
795588,0.132333333333,0.0731293735408,0.0454590504734
797592,0.132666666667,0.071837280202,0.0471374359942
799596,0.133,0.0710909855215,0.0480567640987
801600,0.133333333333,0.0700158417995,0.0478046225175
803604,0.133666666667,0.0702489709352,0.05337741059
805608,0.134,0.0694512728286,0.0579486507673
807612,0.134333333333,0.0701439961971,0.0611737922294
809616,0.134666666667,0.0702607295126,0.06273465839
811620,0.135,0.0685639178909,0.0628964615922
813624,0.135333333333,0.0679052793012,0.0545849949872
815628,0.135666666667,0.0693201586076,0.0563172204904
817632,0.136,0.0700209732278,0.0551393938979
819636,0.136333333333,0.0690001384807,0.056309045608
821640,0.136666666667,0.0696155170749,0.0558623447077
823644,0.137,0.0705934099545,0.0559898853001
825648,0.137333333333,0.0693311347544,0.0536111402277
827652,0.137666666667,0.0685734980255,0.05077184907
829656,0.138,0.0684909402628,0.0497057909279
831660,0.138333333333,0.0673231645068,0.0496858912395
833664,0.138666666667,0.0664537723272,0.049848974414
835668,0.139,0.0662809174536,0.047989678053
837672,0.139333333333,0.0656839756376,0.0451633513292
839676,0.139666666667,0.066247169019,0.0411623467543
841680,0.14,0.0679049200152,0.0427658700649
843684,0.140333333333,0.0688661507404,0.0418526825205
845688,0.140666666667,0.0696756555161,0.041115067667
847692,0.141,0.0700355962162,0.0416293115061
849696,0.141333333333,0.0702881618465,0.0408761835668
851700,0.141666666667,0.0684253901538,0.0418802243152
853704,0.142,0.070061969371,0.0470649949926
855708,0.142333333333,0.0708154397475,0.048405930411
857712,0.142666666667,0.0715636949049,0.0496269756684
859716,0.143,0.0717863452836,0.0486258751087
861720,0.143333333333,0.0717776615836,0.0443042238792
863724,0.143666666667,0.0699079008902,0.0424986925947
865728,0.144,0.0716208364313,0.0440189195225
867732,0.144333333333,0.0732398689917,0.0440206852935
869736,0.144666666667,0.0735883601811,0.0424382411784
871740,0.145,0.0745828620422,0.0421714082143
873744,0.145333333333,0.074626932097,0.0420267527509
875748,0.145666666667,0.0725915943768,0.0436836005585
877752,0.146,0.0729625819266,0.0427897103702
879756,0.146333333333,0.0724641887488,0.0466969603322
881760,0.146666666667,0.0713224091229,0.0480647533363
883764,0.147,0.069845340277,0.0488211112863
885768,0.147333333333,0.0696581360159,0.0507769857378
887772,0.147666666667,0.0682566056221,0.0499349797213
889776,0.148,0.0674537259494,0.0487840706572
891780,0.148333333333,0.0675813362188,0.0529310618128
893784,0.148666666667,0.0680657838192,0.0537054774037
895788,0.149,0.0682633605436,0.0530723694824
897792,0.149333333333,0.068558050732,0.050586869996
899796,0.149666666667,0.0704339953907,0.0489566281335
901800,0.15,0.0682258383343,0.0481586168977
903804,0.150333333333,0.0688383122826,0.0549341306642
905808,0.150666666667,0.0686166999106,0.0563424463716
907812,0.151,0.0673110518029,0.0569361537937
909816,0.151333333333,0.0653700769667,0.0541613390016
911820,0.151666666667,0.0646051839048,0.0522102369942
913824,0.152,0.0629931627351,0.0498772322914
915828,0.152333333333,0.0659473482282,0.0507082285088
917832,0.152666666667,0.0688948182796,0.0498867669148
919836,0.153,0.0704311532789,0.0510373348213
921840,0.153333333333,0.0712255014765,0.0504731860837
923844,0.153666666667,0.0706817469234,0.0514560376284
925848,0.154,0.0694967012768,0.0482643723576
927852,0.154333333333,0.0700029147489,0.0455361307126
929856,0.154666666667,0.0699332286472,0.0506759007152
931860,0.155,0.0700349113825,0.0508616533383
933864,0.155333333333,0.0695501107028,0.0526943819757
935868,0.155666666667,0.0700601060667,0.0504552488897
937872,0.156,0.0706151894402,0.0452295601577
939876,0.156333333333,0.0698093618768,0.0454470774911
941880,0.156666666667,0.0699834925546,0.0466581586843
943884,0.157,0.069074410312,0.0512913397645
945888,0.157333333333,0.0683703604334,0.0529350084917
947892,0.157666666667,0.069665958588,0.0517881671231
949896,0.158,0.0713277640011,0.051658977088
951900,0.158333333333,0.070369521112,0.0508535512073
953904,0.158666666667,0.0724987828558,0.0513907197831
955908,0.159,0.0731955034751,0.0513114237894
957912,0.159333333333,0.0740702367235,0.0500312153709
959916,0.159666666667,0.0745202662002,0.046109785107
961920,0.16,0.0727699191758,0.0438363283011
963924,0.160333333333,0.0695041970542,0.043279887274
965928,0.160666666667,0.0676696458642,0.0436680703067
967932,0.161,0.068992569063,0.0428625440948
969936,0.161333333333,0.0702127487028,0.0411725178678
971940,0.161666666667,0.0710327349263,0.0405515893409
973944,0.162,0.0706272109979,0.0395326209605
975948,0.162333333333,0.070448770879,0.0380702040442
977952,0.162666666667,0.0708366317001,0.03814613516
979956,0.163,0.0714941358662,0.0393699925903
981960,0.163333333333,0.0722571833677,0.040549775352
983964,0.163666666667,0.0730861408064,0.0406457182634
985968,0.164,0.0731534513988,0.0385918535336
987972,0.164333333333,0.0722578547094,0.0374221677954
989976,0.164666666667,0.0718478590963,0.0358489462764
991980,0.165,0.0738376227365,0.0370291145074
993984,0.165333333333,0.0748951213993,0.0387672261822
995988,0.165666666667,0.0736722723645,0.0407277755162
997992,0.166,0.0727536329448,0.0434081801306
999996,0.166333333333,0.071443232865,0.0436372669687
1002000,0.166666666667,0.069251150695,0.0424444386909
1004004,0.167,0.0715353030141,0.0437879090599
1006008,0.167333333333,0.0738505250887,0.0440667655995
1008012,0.167666666667,0.0755263153566,0.0455399617969
1010016,0.168,0.0754410010924,0.0467703053525
1012020,0.168333333333,0.0742259458296,0.0450685064609
1014024,0.168666666667,0.0714353523091,0.0435437969567
1016028,0.169,0.0718359560435,0.0449050944276
1018032,0.169333333333,0.0729589377488,0.0465028415639
1020036,0.169666666667,0.0732778556748,0.0459918606549
1022040,0.17,0.0724000909758,0.0447869156818
1024044,0.170333333333,0.067957156217,0.0464560391998
1026048,0.170666666667,0.0661761803681,0.0471521860068
1028052,0.171,0.0674939764124,0.0490201260775
1030056,0.171333333333,0.0676829913845,0.0527886424136
1032060,0.171666666667,0.0679877637652,0.0526266294755
1034064,0.172,0.067220554235,0.051131098498
1036068,0.172333333333,0.0669261930029,0.0500018150654
1038072,0.172666666667,0.0665947798573,0.0481552074632
1040076,0.173,0.0672766591312,0.0485415364663
1042080,0.173333333333,0.0680030876774,0.0512385469983
1044084,0.173666666667,0.0678935538156,0.0522846064178
1046088,0.174,0.0689395688098,0.0512952995012
1048092,0.174333333333,0.0689059306783,0.0508998105159
1050096,0.174666666667,0.0688209333418,0.0482446174934
1052100,0.175,0.0685332141148,0.0446023413365
1054104,0.175333333333,0.0706520418954,0.0427104327611
1056108,0.175666666667,0.0706815070242,0.0449357510404
1058112,0.176,0.0713127551775,0.0482966332171
1060116,0.176333333333,0.0715688487707,0.0479521766933
1062120,0.176666666667,0.0707945722376,0.0468287063432
1064124,0.177,0.0699410877441,0.0432332658491
1066128,0.177333333333,0.0719338222522,0.0452829754852
1068132,0.177666666667,0.0738666336838,0.0461161323622
1070136,0.178,0.0742293795655,0.0465763842032
1072140,0.178333333333,0.0751250251526,0.0465190953935
1074144,0.178666666667,0.074691766076,0.0485548042385
1076148,0.179,0.0747723335066,0.0470670041618
1078152,0.179333333333,0.074173267338,0.0489154122311
1080156,0.179666666667,0.0750144792491,0.054230645642
1082160,0.18,0.0749653489387,0.0601814302676
1084164,0.180333333333,0.0726878969709,0.0578939587653
1086168,0.180666666667,0.0721709605142,0.0591806295006
1088172,0.181,0.0714950453029,0.0597274498276
1090176,0.181333333333,0.0720712915012,0.0561503280369
1092180,0.181666666667,0.073747665055,0.0593660486256
1094184,0.182,0.0706083308126,0.0562496879758
1096188,0.182333333333,0.0683863615141,0.0575860266733
1098192,0.182666666667,0.0666227473916,0.0555831350161
1100196,0.183,0.0676456122193,0.0552372196617
1102200,0.183333333333,0.0684770443632,0.0551355830257
1104204,0.183666666667,0.0710989507547,0.0616748573413
1106208,0.184,0.071078469092,0.0672569766704
1108212,0.184333333333,0.0738900410725,0.0616063671779
1110216,0.184666666667,0.0743541383688,0.0640381410216
1112220,0.185,0.0722133699414,0.0693190812677
1114224,0.185333333333,0.0703956263365,0.0653660656074
1116228,0.185666666667,0.0698023604067,0.06170980768
1118232,0.186,0.0674352787834,0.0623491742922
1120236,0.186333333333,0.065576039913,0.0674335053562
1122240,0.186666666667,0.0637798069143,0.0644364638286
1122241,0.186666833001,0.0637812556787,0.0644306313847
