60120,0.01,0.00942064566389,0.00570762993236
120240,0.02,0.00692587842305,0.00552520958249
180360,0.03,0.00496702946187,0.00417779276877
240480,0.04,0.00388196089593,0.00324276851538
300600,0.05,0.00330977610398,0.00271472661409
360720,0.06,0.0028756652882,0.00239938403983
420840,0.07,0.00280826832932,0.00233738370296
480960,0.08,0.00272133165892,0.00227835224076
541080,0.09,0.00243753810783,0.00209687167348
601200,0.1,0.00271902187975,0.00256483419099
661320,0.11,0.00255973010546,0.00256627424567
721440,0.12,0.00282286881223,0.00279524494949
781560,0.13,0.00242160481774,0.00229991718678
841680,0.14,0.00243212153063,0.00237537081181
901800,0.15,0.00248827834052,0.00227727818543
961920,0.16,0.00264585420347,0.0027479459684
1022040,0.17,0.0022698776353,0.00228370851265
1082160,0.18,0.00240288585146,0.00223828061226
1142280,0.19,0.00236926877717,0.00211914624636
1202400,0.2,0.00220560486593,0.00199525734197
1262520,0.21,0.00271311686049,0.00245649930937
1322640,0.22,0.00304266789092,0.00268831580001
1382760,0.23,0.00247123521611,0.00235471175903
1442880,0.24,0.00171604335667,0.00200118937659
1503000,0.25,0.00202791733287,0.00236020997097
1563120,0.26,0.00243680807962,0.00239047360679
1623240,0.27,0.00280655478352,0.00292328361379
1683360,0.28,0.0023892562133,0.00247068675983
1743480,0.29,0.0022906723983,0.00251556137668
1803600,0.3,0.00222376479907,0.00249136665781
1863720,0.31,0.00230962867569,0.00268855023495
1923840,0.32,0.00255182254326,0.00288019673468
1983960,0.33,0.00238416641263,0.00248908087456
2044080,0.34,0.00225817540595,0.00240768817542
2104200,0.35,0.00230463337699,0.00243063551345
2164320,0.36,0.00241951472065,0.00254402526435
2224440,0.37,0.00217052604681,0.00213609184767
2284560,0.38,0.00209324273077,0.00218282082936
2344680,0.39,0.00221304195394,0.00236871462767
2404800,0.4,0.00237071246778,0.00264101810208
2464920,0.41,0.00202927590635,0.00233296367284
2525040,0.42,0.00198306703658,0.00213876277578
2585160,0.43,0.00222064256726,0.00238370617756
2645280,0.44,0.00267586065691,0.00280253490364
2705400,0.45,0.00196736067768,0.00213275782324
2765520,0.46,0.00198298061648,0.00242831963653
2825640,0.47,0.00204176888029,0.00215950654035
2885760,0.48,0.00217997235419,0.00248410994156
2945880,0.49,0.00215627133222,0.00278305059814
3006000,0.5,0.00237028330968,0.00293462929457
3066120,0.51,0.00169877258721,0.00213785811539
3126240,0.52,0.00153922039156,0.00194719026348
3186360,0.53,0.00141252931337,0.00161963219954
3246480,0.54,0.00146324581086,0.00163080778281
3306600,0.55,0.00166687000004,0.00185588309932
3366720,0.56,0.00200634718377,0.00223579448473
3426840,0.57,0.00209977814685,0.00233235734037
3486960,0.58,0.00192089053016,0.0021648334592
3547080,0.59,0.00181293163196,0.00212657546522
3607200,0.6,0.00187059013559,0.00210233011875
3667320,0.61,0.00167258170309,0.00180262239158
3727440,0.62,0.00179242789067,0.00185799337721
3787560,0.63,0.00200571857114,0.00204370909012
3847680,0.64,0.00201143268818,0.00199067978101
3907800,0.65,0.00213029157571,0.00218602521545
3967920,0.66,0.00226274523593,0.00215609095306
4028040,0.67,0.00193333245699,0.00187757134021
4088160,0.68,0.00199179651661,0.00203623821978
4148280,0.69,0.00183675563513,0.00182688309702
4208400,0.7,0.00203673641183,0.0019732358645
4268520,0.71,0.0020160328353,0.00193878796795
4328640,0.72,0.00229102748173,0.00224413911543
4388760,0.73,0.00252977195219,0.00264606213099
4448880,0.74,0.0026404925981,0.00271174402547
4509000,0.75,0.00192300037391,0.00206097627047
4569120,0.76,0.00182661038206,0.00189667490727
4629240,0.77,0.00179843238492,0.00199067822099
4689360,0.78,0.00224130028242,0.0024566361124
4749480,0.79,0.00234662591638,0.00198681605915
4809600,0.8,0.00237542083872,0.00226552163146
4869720,0.81,0.00282728456937,0.00281105860681
4929840,0.82,0.00235873110701,0.00240742300364
4989960,0.83,0.00224506009105,0.00229111122809
5050080,0.84,0.00238955583107,0.00251590792633
5110200,0.85,0.00220977251339,0.00221694516319
5170320,0.86,0.00199459834652,0.0018216909264
5230440,0.87,0.00203293073947,0.00196952037623
5290560,0.88,0.00183627723246,0.00174456858643
5350680,0.89,0.00200869803389,0.00197128337858
5410800,0.9,0.0024016354462,0.002503365583
5470920,0.91,0.00274072774466,0.00286443647446
5531040,0.92,0.00231811078857,0.00225108296668
5591160,0.93,0.00199761559486,0.00199378858247
5651280,0.94,0.00187905748806,0.00215393157062
5711400,0.95,0.00183637073859,0.0019954385182
5771520,0.96,0.00180221559744,0.00193661269598
5831640,0.97,0.00170692409308,0.00185166761252
5891760,0.98,0.00168360883404,0.00159138942971
5951880,0.99,0.00165786372943,0.0018006045658
6012000,1.0,0.00161047102096,0.00163698976724
6072120,1.01,0.00190854201063,0.00185266960111
6132240,1.02,0.00191651407555,0.00189541780349
6192360,1.03,0.00184133808004,0.00197317657748
6252480,1.04,0.00203902740547,0.00207645896172
6312600,1.05,0.00244954603271,0.00244942247261
6372720,1.06,0.00258248080853,0.00278672998551
6432840,1.07,0.00202975357234,0.00223770842732
6492960,1.08,0.00205495173367,0.00213635264905
6553080,1.09,0.00210784131419,0.00208295888799
6613200,1.1,0.00206974914369,0.0019599622406
6673320,1.11,0.00188514336471,0.00171364917549
6733440,1.12,0.00210568932634,0.00208422486134
6793560,1.13,0.00257260535548,0.00272790751185
6853680,1.14,0.00204667281049,0.00209448965348
6913800,1.15,0.00173587907892,0.00193741608578
6973920,1.16,0.00206081897259,0.00232526647695
7034040,1.17,0.00169672724383,0.00182923920202
7094160,1.18,0.0015703798881,0.001981693107
7154280,1.19,0.00131055945806,0.00159568070274
7214400,1.2,0.00154797682884,0.0017773465682
7274520,1.21,0.00174342670071,0.00199512374341
7334640,1.22,0.00152615731729,0.00175517715189
7394760,1.23,0.00112733472282,0.00133795021802
7454880,1.24,0.00143460104032,0.00131588601623
7515000,1.25,0.00164292611935,0.00151250117209
7575120,1.26,0.00184449957847,0.00173664562595
7635240,1.27,0.00213877929123,0.00197413345858
7695360,1.28,0.00228619327279,0.00207108424368
7755480,1.29,0.00249149344306,0.00241412170555
7815600,1.3,0.00255768455297,0.0024222586152
7875720,1.31,0.00242759261563,0.00232954169466
7935840,1.32,0.00208859062608,0.00184460772948
7995960,1.33,0.00203972835822,0.001954509437
8056080,1.34,0.00187208086385,0.00183987919951
8116200,1.35,0.00179092258536,0.00181117323664
8176320,1.36,0.00211070772637,0.00207705354221
8236440,1.37,0.00182280483859,0.00179360096037
8296560,1.38,0.001971382739,0.00199583053497
8356680,1.39,0.00201267669279,0.00203985682451
8416800,1.4,0.00196651695222,0.0019853219546
8476920,1.41,0.00201356609858,0.00207823145217
8537040,1.42,0.00160741765537,0.00147525276779
8597160,1.43,0.00154426546877,0.00147344372738
8657280,1.44,0.00179248708099,0.00174546185319
8717400,1.45,0.00214014659324,0.00218828348176
8777520,1.46,0.00192363232551,0.00175460010846
8837640,1.47,0.00178060837502,0.00163133480357
8897760,1.48,0.00168365833524,0.00166632351881
8957880,1.49,0.00159047216697,0.00164776948588
9018000,1.5,0.00138071546041,0.0013302520215
9078120,1.51,0.00139761214344,0.00130109857016
9138240,1.52,0.00156533451241,0.00150745094779
9198360,1.53,0.00149845048121,0.0014050934253
9258480,1.54,0.00187256820175,0.00170837685107
9318600,1.55,0.00217518987773,0.00216467583357
9378720,1.56,0.00199289176691,0.00184989921805
9438840,1.57,0.00182192944083,0.00173767397424
9498960,1.58,0.00195548649217,0.00198161063042
9559080,1.59,0.00215575669474,0.00227840976865
9619200,1.6,0.00221988081372,0.00233900801038
9679320,1.61,0.00220269306662,0.00232895071592
9739440,1.62,0.0020900159442,0.00226600728139
9799560,1.63,0.00163422916313,0.00215623192222
9859680,1.64,0.0017262962818,0.00194230159715
9919800,1.65,0.00189670483784,0.00228794500263
9979920,1.66,0.00213751488929,0.00246582978506
10040040,1.67,0.00182449738929,0.00203686267852
10100160,1.68,0.00176256546606,0.00189061596412
10160280,1.69,0.00172610250974,0.00182814788641
10220400,1.7,0.00170287412912,0.00190566623738
10280520,1.71,0.00165190252601,0.00161220347167
10340640,1.72,0.00175918224991,0.00183764059905
10400760,1.73,0.00191886011064,0.00194824373967
10460880,1.74,0.00219972967018,0.0022899352677
10521000,1.75,0.00197426184348,0.00185718046586
10581120,1.76,0.00178497044556,0.00166464123083
10641240,1.77,0.00183342306301,0.00159989648405
10701360,1.78,0.00198188523617,0.00175203272742
10761480,1.79,0.00243353539952,0.00228222905604
10821600,1.8,0.00235999445434,0.00220284045426
10881720,1.81,0.00208099053792,0.00200335166496
10941840,1.82,0.00199546623607,0.00210880989316
11001960,1.83,0.00225089212852,0.00253070247292
11062080,1.84,0.00210429995972,0.00227484528216
11122200,1.85,0.00203619827576,0.00212182674726
11182320,1.86,0.00197356379574,0.00197192622817
11242440,1.87,0.00194575258045,0.00200599635769
11302560,1.88,0.00217103476663,0.00217426964997
11362680,1.89,0.00209079598815,0.00212681078978
11422800,1.9,0.00227677285889,0.00235116171706
11482920,1.91,0.00190862549076,0.00185112147
11543040,1.92,0.00201360509466,0.00189089943844
11603160,1.93,0.00211096999757,0.00200071659683
11663280,1.94,0.00195011742383,0.00194152060907
11723400,1.95,0.00182965748429,0.00198116714793
11783520,1.96,0.00169105056074,0.00181593031485
11843640,1.97,0.00187715845886,0.00198152736827
11903760,1.98,0.00189065071209,0.00199629740508
11963880,1.99,0.00198976618795,0.00203300953352
12024000,2.0,0.00199892648142,0.00184640461464
12024001,2.00000016633,0.00199892246145,0.00184640380689
