60120,0.01,0.00305952095443,0.000882905837341
120240,0.02,0.00305319151417,0.00101424145025
180360,0.03,0.00300702426479,0.00112851352475
240480,0.04,0.00295876843207,0.00114372351355
300600,0.05,0.0029023575416,0.00114086640039
360720,0.06,0.0028304259695,0.00109470693728
420840,0.07,0.00285715763938,0.00109196849752
480960,0.08,0.00289062944333,0.00111220689096
541080,0.09,0.00288401772948,0.00110362434928
601200,0.1,0.00288736375131,0.00108368608524
661320,0.11,0.00287215908254,0.00116028727926
721440,0.12,0.00285482000615,0.00114873088294
781560,0.13,0.00285135140128,0.00117019211142
841680,0.14,0.00289183558303,0.00116834151842
901800,0.15,0.00290674353195,0.0011158062522
961920,0.16,0.00290879430246,0.00111380038357
1022040,0.17,0.00289164308216,0.00111323433551
1082160,0.18,0.00286208748786,0.00107684652304
1142280,0.19,0.00280905785702,0.00102900465523
1202400,0.2,0.00284799987852,0.00103571709095
1262520,0.21,0.00287423126933,0.00104173011383
1322640,0.22,0.00286766762331,0.00105810152214
1382760,0.23,0.0028083019027,0.00104397041656
1442880,0.24,0.00276832626308,0.00107903190989
1503000,0.25,0.00271557906554,0.00100684554956
1563120,0.26,0.00278798556716,0.00100041441954
1623240,0.27,0.00281596500349,0.00101574876939
1683360,0.28,0.00280474350592,0.00100346425119
1743480,0.29,0.00277982356652,0.00110072361215
1803600,0.3,0.00273480367476,0.00106941933594
1863720,0.31,0.00267992459195,0.00107676667566
1923840,0.32,0.00270322979037,0.00111036595025
1983960,0.33,0.00272049347812,0.00118452585108
2044080,0.34,0.00272338732788,0.00121614657277
2104200,0.35,0.00272330935847,0.00118913205931
2164320,0.36,0.00270896154804,0.00115470938836
2224440,0.37,0.0026602306455,0.0011126086961
2284560,0.38,0.00267326679054,0.00111133469538
2344680,0.39,0.00272535966568,0.00113456516696
2404800,0.4,0.00274362371326,0.0011330475772
2464920,0.41,0.00272648757401,0.00112803048064
2525040,0.42,0.00270616771291,0.00109967751095
2585160,0.43,0.00267067381788,0.00106134296742
2645280,0.44,0.00264724171282,0.00101823673592
2705400,0.45,0.0026843627493,0.00109562127394
2765520,0.46,0.00270366433796,0.0011033796662
2825640,0.47,0.00271891843776,0.0011049908684
2885760,0.48,0.00270145656011,0.00112439793141
2945880,0.49,0.00265206587032,0.00113913953152
3006000,0.5,0.00258652584308,0.00112948314018
3066120,0.51,0.00261269574481,0.00121490333472
3126240,0.52,0.00262887103803,0.00123051582204
3186360,0.53,0.00263181104398,0.00121237009864
3246480,0.54,0.00262753970094,0.00122005578029
3306600,0.55,0.00261834398534,0.00118289979372
3366720,0.56,0.00258630671754,0.00115718685833
3426840,0.57,0.00261209237117,0.00119697241563
3486960,0.58,0.00263798464789,0.00117852997587
3547080,0.59,0.00265123062898,0.00116421263494
3607200,0.6,0.00265411564427,0.00113806656827
3667320,0.61,0.00262529476519,0.00109122438998
3727440,0.62,0.00258604809464,0.00103281139732
3787560,0.63,0.0026020867766,0.0010144202353
3847680,0.64,0.00263903838445,0.00101347615196
3907800,0.65,0.00266615397919,0.0010177160394
3967920,0.66,0.00267560119413,0.000989417211967
4028040,0.67,0.00265546074511,0.00100804535513
4088160,0.68,0.00263137250069,0.000976067765198
4148280,0.69,0.00260976038162,0.000979125515932
4208400,0.7,0.00266640450473,0.000997779463939
4268520,0.71,0.00267730086804,0.000991386786461
4328640,0.72,0.00269969042971,0.00098734755747
4388760,0.73,0.00271367614194,0.00103616081977
4448880,0.74,0.00268279730561,0.000983791294127
4509000,0.75,0.00262378295224,0.000956297994208
4569120,0.76,0.00268088669656,0.00097719528695
4629240,0.77,0.00272034200065,0.00100592097347
4689360,0.78,0.00275438398158,0.00102469252946
4749480,0.79,0.0027622762532,0.00107285763824
4809600,0.8,0.00274950453916,0.0011021751548
4869720,0.81,0.00270593288094,0.00107095339861
4929840,0.82,0.00272673364016,0.00117052590689
4989960,0.83,0.00276392503727,0.00119984972523
5050080,0.84,0.00278572112351,0.00121493536251
5110200,0.85,0.00275904389977,0.00119400369611
5170320,0.86,0.00271947392032,0.00114421748645
5230440,0.87,0.00267698722914,0.00112253895215
5290560,0.88,0.0026634982465,0.00109072983596
5350680,0.89,0.0027086171878,0.00106313234261
5410800,0.9,0.00272999676927,0.00103152598587
5470920,0.91,0.00271816136534,0.00103037272977
5531040,0.92,0.00268050201683,0.00099526122721
5591160,0.93,0.00260815001867,0.000982161102465
5651280,0.94,0.00256292048625,0.000954159451394
5711400,0.95,0.00259961653111,0.000941172765779
5771520,0.96,0.00261447501732,0.000943796752418
5831640,0.97,0.00262048974001,0.00095977396628
5891760,0.98,0.00261764803615,0.000953858814093
5951880,0.99,0.00259020381488,0.000955268826627
6012000,1.0,0.00254298849088,0.000905890555692
6072120,1.01,0.00261305717226,0.000911687554753
6132240,1.02,0.00264958487054,0.000911519645822
6192360,1.03,0.00266900052531,0.000943267713864
6252480,1.04,0.00270270328112,0.000934397436586
6312600,1.05,0.00268574406148,0.000893367727024
6372720,1.06,0.00264046525047,0.000873919729697
6432840,1.07,0.00266298308172,0.000916481827565
6492960,1.08,0.00270658041787,0.000934892263254
6553080,1.09,0.00272810267677,0.000941578693035
6613200,1.1,0.00272866833901,0.000921402901516
6673320,1.11,0.00271804792603,0.000902764380382
6733440,1.12,0.00267861607947,0.000862978833025
6793560,1.13,0.00268522982971,0.000844226153889
6853680,1.14,0.00270775014198,0.000895548683821
6913800,1.15,0.00271363129641,0.000958935191546
6973920,1.16,0.00271879500605,0.000958053571793
7034040,1.17,0.00269897998367,0.00102676259136
7094160,1.18,0.00264625608027,0.00105077367241
7154280,1.19,0.00260868745627,0.00100502027787
7214400,1.2,0.00266920624941,0.00100362846791
7274520,1.21,0.0026896313722,0.000994024671521
7334640,1.22,0.00266556880227,0.000996161306263
7394760,1.23,0.0026500286384,0.0009823976806
7454880,1.24,0.00263754110935,0.00093033799044
7515000,1.25,0.00257833775584,0.000865749170578
7575120,1.26,0.00266046978094,0.000859089991942
7635240,1.27,0.00270459655386,0.000859376768159
7695360,1.28,0.00271740731709,0.000866559783462
7755480,1.29,0.0027089354474,0.000851787341438
7815600,1.3,0.00268049148173,0.000825115634004
7875720,1.31,0.00260496770066,0.000799966317305
7935840,1.32,0.00263012212965,0.000839625757329
7995960,1.33,0.00267959879251,0.000915157787227
8056080,1.34,0.00269637500177,0.000923669215049
8116200,1.35,0.00270068945722,0.000940864750504
8176320,1.36,0.00268929108808,0.000912114850608
8236440,1.37,0.0026402000284,0.000868612134835
8296560,1.38,0.00263865524694,0.000842140722838
8356680,1.39,0.00267723161021,0.000867048311738
8416800,1.4,0.00267509482108,0.000852642092149
8476920,1.41,0.00266485659581,0.000817828618863
8537040,1.42,0.00263008254297,0.000821112861366
8597160,1.43,0.00259542809942,0.000809606230734
8657280,1.44,0.00257559887799,0.000775752954329
8717400,1.45,0.00262973751295,0.000787719731669
8777520,1.46,0.00261373645575,0.000786723820067
8837640,1.47,0.00260625067298,0.000796264713364
8897760,1.48,0.00259562497389,0.000788534634645
8957880,1.49,0.00257339655055,0.000792620040411
9018000,1.5,0.00251438510879,0.000794874198534
9078120,1.51,0.0025747581257,0.00080846575571
9138240,1.52,0.00261040601398,0.000832008883224
9198360,1.53,0.00261627432778,0.000866175300417
9258480,1.54,0.00261959500457,0.000881989410055
9318600,1.55,0.00260653270408,0.000867000676757
9378720,1.56,0.00255028802124,0.000833077134144
9438840,1.57,0.00256891779749,0.000875488354438
9498960,1.58,0.00260725612063,0.000881780108602
9559080,1.59,0.00263416750913,0.000848011989005
9619200,1.6,0.00264549861049,0.000848271354013
9679320,1.61,0.00263028026352,0.000822572910332
9739440,1.62,0.00258416547981,0.000796695084222
9799560,1.63,0.0025828219267,0.000837572830823
9859680,1.64,0.00262747291288,0.000864207629469
9919800,1.65,0.0026469017872,0.000874841342406
9979920,1.66,0.00265364079203,0.000896141234433
10040040,1.67,0.0026251320462,0.000930325249416
10100160,1.68,0.00259382427647,0.000928732538648
10160280,1.69,0.00255836266001,0.000946660622061
10220400,1.7,0.00259882443666,0.000968270752504
10280520,1.71,0.00262486310954,0.000982036670753
10340640,1.72,0.00264052636732,0.000956330714025
10400760,1.73,0.0026435215006,0.000972409345941
10460880,1.74,0.00262957022576,0.000954348304391
10521000,1.75,0.00256737566077,0.000926694316657
10581120,1.76,0.00263299290576,0.000986254290962
10641240,1.77,0.00267065361457,0.00097312580366
10701360,1.78,0.002689991963,0.000949654508799
10761480,1.79,0.00269776417199,0.000909716477987
10821600,1.8,0.00268397057852,0.000923191433667
10881720,1.81,0.0026337284761,0.0008919027928
10941840,1.82,0.00266658025117,0.000908664285023
11001960,1.83,0.00271764698886,0.000932075133129
11062080,1.84,0.00272788015369,0.000997386628877
11122200,1.85,0.00274204148375,0.00105125060536
11182320,1.86,0.00272288014717,0.00101096933432
11242440,1.87,0.00267457906534,0.000954095873525
11302560,1.88,0.0026724799925,0.000922412642611
11362680,1.89,0.00269312356542,0.000919004658399
11422800,1.9,0.00270861461295,0.000901210106311
11482920,1.91,0.00269386660992,0.000869454180663
11543040,1.92,0.0026765319965,0.000859282263645
11603160,1.93,0.00264214753128,0.000813542975966
11663280,1.94,0.00260484420677,0.000789318507751
11723400,1.95,0.00264399807054,0.000834032879221
11783520,1.96,0.00266102221976,0.000834015815964
11843640,1.97,0.00267000248864,0.000813142841224
11903760,1.98,0.00265964241443,0.000800856600957
11963880,1.99,0.00263538484945,0.000776760485681
12024000,2.0,0.00257546494156,0.000746221478245
12084120,2.01,0.00263899061023,0.000763232735677
12144240,2.02,0.00268196454513,0.000770637729609
12204360,2.03,0.00270203365177,0.000782561410889
12264480,2.04,0.00270121401795,0.000840222132959
12324600,2.05,0.00269132299655,0.000830448994947
12384720,2.06,0.00265074257498,0.000792225678048
12444840,2.07,0.00268812798878,0.00080699661414
12504960,2.08,0.0027133728796,0.000859551550804
12565080,2.09,0.00272429172826,0.000904939960211
12625200,2.1,0.0027287109887,0.000891987950589
12685320,2.11,0.0027043481149,0.000904928417472
12745440,2.12,0.00266522152823,0.000859310861483
12805560,2.13,0.00265975299158,0.000868875636171
12865680,2.14,0.00271626524889,0.000881206366782
12925800,2.15,0.00273813473465,0.000893737903804
12985920,2.16,0.00275034769331,0.000916991075436
13046040,2.17,0.00273659408079,0.00089206981867
13106160,2.18,0.00270239875001,0.000861801863713
13166280,2.19,0.00267958385593,0.000850985425577
13226400,2.2,0.00272336963341,0.000854056232497
13286520,2.21,0.00273990264419,0.000836109183456
13346640,2.22,0.0027069423296,0.000842720609253
13406760,2.23,0.00266974969824,0.00085246522787
13466880,2.24,0.00263293549646,0.000837760133618
13527000,2.25,0.00256436559386,0.00076503662831
13587120,2.26,0.00260524112133,0.00077541865903
13647240,2.27,0.00261564081043,0.000781089970908
13707360,2.28,0.0026348464574,0.000758528489269
13767480,2.29,0.00263150161955,0.000765043539375
13827600,2.3,0.00262298286313,0.000747050062551
13887720,2.31,0.0025805872441,0.000728923696878
13947840,2.32,0.0026203540232,0.00077543952172
14007960,2.33,0.00266966678102,0.000786974524618
14068080,2.34,0.00268170869109,0.000803365003308
14128200,2.35,0.00267884027103,0.000842437811837
14188320,2.36,0.00266140398488,0.000830243534138
14248440,2.37,0.00262819222719,0.000817481277824
14308560,2.38,0.00263946199909,0.000813025526305
14368680,2.39,0.00269364212325,0.000821944470644
14428800,2.4,0.00272033583055,0.000828189626287
14488920,2.41,0.00272265126031,0.000821028379671
14549040,2.42,0.00271299876088,0.000804169329045
14609160,2.43,0.00267118879339,0.000787362028973
14669280,2.44,0.00261244564969,0.000837013377394
14729400,2.45,0.00266902424719,0.000870901401576
14789520,2.46,0.00269791719202,0.000916089268275
14849640,2.47,0.00272109314064,0.000916350836169
14909760,2.48,0.00272361226678,0.000902414017216
14969880,2.49,0.0026981939828,0.000888528611534
15030000,2.5,0.00265171840459,0.000840964896284
15090120,2.51,0.00272237783221,0.000901984073681
15150240,2.52,0.00275018942874,0.000936589329233
15210360,2.53,0.00273954302988,0.00095466937873
15270480,2.54,0.0027272069424,0.000944946844152
15330600,2.55,0.00269483499352,0.000895945120654
15390720,2.56,0.00259215924985,0.000855808921431
15450840,2.57,0.00259968988223,0.000864012873449
15510960,2.58,0.00262721479503,0.000905057272829
15571080,2.59,0.00263729990557,0.000909035768724
15631200,2.6,0.0026239647342,0.000941898965608
15691320,2.61,0.00260970296655,0.000899635680326
15751440,2.62,0.00258417188004,0.000888752266295
15811560,2.63,0.00258725164452,0.000939389859109
15871680,2.64,0.0026145448855,0.000947589111245
15931800,2.65,0.00262807529792,0.000945224131861
15991920,2.66,0.00262016263395,0.000983599034371
16052040,2.67,0.00259258072463,0.000954921312474
16112160,2.68,0.0025694484641,0.0009149502739
16172280,2.69,0.00253945361935,0.000900045193401
16232400,2.7,0.00258950522041,0.000947225189987
16292520,2.71,0.00260717079237,0.000964699578999
16352640,2.72,0.00259555209975,0.000999212884733
16412760,2.73,0.0025954793567,0.00100258201617
16472880,2.74,0.00258887597058,0.000980961832723
16533000,2.75,0.00255262964224,0.000908194512982
16593120,2.76,0.0026125837291,0.000937625666359
16653240,2.77,0.00264302974607,0.000934525283063
16713360,2.78,0.00265732504186,0.00094010365795
16773480,2.79,0.00266686269764,0.000942023602104
16833600,2.8,0.00265393720544,0.000910466423634
16893720,2.81,0.00262021714671,0.000858464971057
16953840,2.82,0.00265990665865,0.000864313860023
17013960,2.83,0.00269254884471,0.000877047716341
17074080,2.84,0.00270764504699,0.00087460568511
17134200,2.85,0.00269993167167,0.000862367373513
17194320,2.86,0.00267524070633,0.000885229833777
17254440,2.87,0.00264149892909,0.000847777566853
17314560,2.88,0.00263053099004,0.000909894726088
17374680,2.89,0.00265531275671,0.000953524860895
17434800,2.9,0.00266525926969,0.000959481622613
17494920,2.91,0.00266446204512,0.000964624973296
17555040,2.92,0.00264212202227,0.0010313679863
17615160,2.93,0.00261371636567,0.00104689049857
17675280,2.94,0.00257765382025,0.00104974223383
17735400,2.95,0.00261753463696,0.00109594575714
17795520,2.96,0.00263933816891,0.00109460718587
17855640,2.97,0.00265524146526,0.0010618029001
17915760,2.98,0.00264123918332,0.000979792253594
17975880,2.99,0.00259079521302,0.00101693731561
18036000,3.0,0.00255235857482,0.000976573059378
18096120,3.01,0.00261858790584,0.000993660353797
18156240,3.02,0.00265349484965,0.000986545378106
18216360,3.03,0.00268127112011,0.000975808073991
18276480,3.04,0.00268464324998,0.000954771752154
18336600,3.05,0.00267718482233,0.000925597002207
18396720,3.06,0.00264624955394,0.000852775476756
18456840,3.07,0.00268015048849,0.000895064395457
18516960,3.08,0.00272844877145,0.000891732359236
18577080,3.09,0.00274583475009,0.00087905579784
18637200,3.1,0.00269930623618,0.000848238155208
18697320,3.11,0.00265661474816,0.000845254018367
18757440,3.12,0.00262840547509,0.000821976005554
18817560,3.13,0.00263798419193,0.00082525080277
18877680,3.14,0.00266264884278,0.000861538166169
18937800,3.15,0.00266869762646,0.00087140769953
18997920,3.16,0.00267763292713,0.000865045721687
19058040,3.17,0.00268002439226,0.000833299081126
19118160,3.18,0.00264470260499,0.000800275919686
19178280,3.19,0.00262621047551,0.000766229405057
19238400,3.2,0.0026625073315,0.000783227609612
19298520,3.21,0.00265816016543,0.000815702398495
19358640,3.22,0.00265919806687,0.000810646288753
19418760,3.23,0.00261522758734,0.000888729040399
19478880,3.24,0.00258552973955,0.000934260124376
19539000,3.25,0.0025234312538,0.000922918060615
19599120,3.26,0.00257387011828,0.000947455866739
19659240,3.27,0.00258968935874,0.000994550264954
19719360,3.28,0.00260642765431,0.00102084043359
19779480,3.29,0.00260907140191,0.0010018481727
19839600,3.3,0.00260121156964,0.000957326561148
19899720,3.31,0.00258041180884,0.000920119692226
19959840,3.32,0.00260938595221,0.000910849842838
20019960,3.33,0.00264260377191,0.000950311626938
20080080,3.34,0.00264965600274,0.000961402070262
20140200,3.35,0.00262859150796,0.000945112031547
20200320,3.36,0.00261619502431,0.00092713886449
20260440,3.37,0.00257769434519,0.000912421578101
20320560,3.38,0.00257280644865,0.000879921995891
20380680,3.39,0.00260769287284,0.000898814822827
20440800,3.4,0.00261386235807,0.000882055115971
20500920,3.41,0.00262466194303,0.000876362433176
20561040,3.42,0.00261718966374,0.000844032472263
20621160,3.43,0.0025938608023,0.000798502665629
20681280,3.44,0.00256551930956,0.000780861166357
20741400,3.45,0.00260566603691,0.000794043817463
20801520,3.46,0.0026127339306,0.000800213081775
20861640,3.47,0.00261388000633,0.000815694908484
20921760,3.48,0.00259952106404,0.000844088834032
20981880,3.49,0.00258505136034,0.000811414250113
21042000,3.5,0.00254201611693,0.000756483260627
21102120,3.51,0.00258141058195,0.000775563799215
21162240,3.52,0.0025996861586,0.000787844598474
21222360,3.53,0.00261432262887,0.000784887861099
21282480,3.54,0.0026012465228,0.000795662266532
21342600,3.55,0.00260081182463,0.00079630284924
21402720,3.56,0.00256583562939,0.000774367264318
21462840,3.57,0.00259699944131,0.000772884976938
21522960,3.58,0.00262804294622,0.000775062067866
21583080,3.59,0.00263281790723,0.000766592498186
21643200,3.6,0.00263609242294,0.000746274386124
21703320,3.61,0.00262152931673,0.000747429299376
21763440,3.62,0.00258236260157,0.000730327362401
21823560,3.63,0.002572283945,0.000754633261178
21883680,3.64,0.00260958121718,0.000768771546926
21943800,3.65,0.00262649266787,0.000774999951189
22003920,3.66,0.00263021402299,0.000770656024135
22064040,3.67,0.00262773698326,0.000775754170819
22124160,3.68,0.00260112507083,0.000764653348052
22184280,3.69,0.00258360168815,0.00076905379668
22244400,3.7,0.0026315808923,0.000798562886267
22304520,3.71,0.00266753935233,0.00080818271165
22364640,3.72,0.00268277870385,0.000811919484815
22424760,3.73,0.00268252813365,0.000788653603473
22484880,3.74,0.00263796315205,0.000776215287745
22545000,3.75,0.00258471224426,0.00076024237636
22605120,3.76,0.00265021884716,0.000782350901312
22665240,3.77,0.00267191508477,0.000810571336706
22725360,3.78,0.00269324590329,0.000837667978625
22785480,3.79,0.00270274297345,0.000821534860724
22845600,3.8,0.00268788938446,0.000811459173005
22905720,3.81,0.0026363473735,0.000842159987705
22965840,3.82,0.0026592189695,0.000943775891712
23025960,3.83,0.00269113394262,0.000949777065451
23086080,3.84,0.00270769711112,0.000956608089482
23146200,3.85,0.00272024094361,0.000945091291733
23206320,3.86,0.00271619524449,0.000931759804271
23266440,3.87,0.00269485779829,0.000920176303799
23326560,3.88,0.00270609694692,0.000922684717778
23386680,3.89,0.00274909165453,0.000992321479791
23446800,3.9,0.00276230907019,0.00105752850337
23506920,3.91,0.00275251978894,0.00103248992281
23567040,3.92,0.00271135223976,0.00104034591983
23627160,3.93,0.00263406359335,0.00104601119353
23687280,3.94,0.00259563136151,0.00105015558583
23747400,3.95,0.00264689625344,0.00107825052319
23807520,3.96,0.00265513502886,0.00107533514923
23867640,3.97,0.00265148919225,0.00108267374495
23927760,3.98,0.00264942411862,0.00105505645626
23987880,3.99,0.00264013311471,0.000997206702776
24048000,4.0,0.00259578460959,0.000936639686332
24108120,4.01,0.00266414782325,0.000978531254637
24168240,4.02,0.00269319538006,0.00103066433271
24228360,4.03,0.00266690737551,0.00113901879118
24288480,4.04,0.00265346908156,0.00115284577261
24348600,4.05,0.00262897342626,0.00110877629829
24408720,4.06,0.00258345046525,0.00105700366555
24468840,4.07,0.00260598647328,0.00103597797854
24528960,4.08,0.00263389978743,0.00104759196029
24589080,4.09,0.00264530028221,0.00105512985645
24649200,4.1,0.00265758986652,0.00104088829196
24709320,4.11,0.00264544791653,0.000984246995019
24769440,4.12,0.00261738816299,0.000945189457491
24829560,4.13,0.00261235894015,0.000933385363412
24889680,4.14,0.00263284895286,0.000998477024596
24949800,4.15,0.00263865057633,0.0010167770987
25009920,4.16,0.00264298885768,0.00102116912326
25070040,4.17,0.00262946034979,0.00103673028899
25130160,4.18,0.00261443694095,0.00100836822297
25190280,4.19,0.00259837238042,0.00098446430375
25250400,4.2,0.00265038992628,0.0010014486168
25310520,4.21,0.00266421707972,0.000995897421873
25370640,4.22,0.00268214912371,0.00100261054725
25430760,4.23,0.00267251149082,0.00105748930189
25490880,4.24,0.00265393565723,0.00106173103563
25551000,4.25,0.00259733442757,0.00106766784993
25611120,4.26,0.00265516919113,0.00109949957662
25671240,4.27,0.0026747093675,0.00115537902398
25731360,4.28,0.00269135324736,0.0011686389524
25791480,4.29,0.00268782151968,0.00111940472336
25851600,4.3,0.00264428811295,0.001049884065
25911720,4.31,0.00260047416397,0.0010259975099
25971840,4.32,0.00263357818668,0.00103074005706
26031960,4.33,0.00266616843403,0.00107300072888
26092080,4.34,0.0026781615872,0.00105228383361
26152200,4.35,0.00265789133914,0.00100378792868
26212320,4.36,0.00262232431577,0.000990106316621
26272440,4.37,0.00258830095631,0.00095237838978
26332560,4.38,0.00258579754034,0.000926377788101
26392680,4.39,0.00260707849364,0.000929216076544
26452800,4.4,0.00262435651785,0.000926929667005
26512920,4.41,0.00262966588284,0.000922335848261
26573040,4.42,0.00262420190056,0.000930652768939
26633160,4.43,0.00259610224403,0.000883103923549
26693280,4.44,0.00256710581332,0.000882808471974
26753400,4.45,0.00261790931841,0.000901868061508
26813520,4.46,0.00264490068644,0.000904329560268
26873640,4.47,0.00265742709653,0.000912250321697
26933760,4.48,0.00262619557259,0.000930169332802
26993880,4.49,0.00260771362704,0.000907869881521
27054000,4.5,0.00256947340519,0.000870815053532
27114120,4.51,0.00263961879486,0.000883120866908
27174240,4.52,0.00267131227415,0.000882938419837
27234360,4.53,0.00267990319657,0.000871054992751
27294480,4.54,0.00269036001062,0.000880517310806
27354600,4.55,0.00268068630342,0.000882923402784
27414720,4.56,0.00263180387477,0.000855051348597
27474840,4.57,0.00265777094981,0.000844724005289
27534960,4.58,0.00268506187234,0.00085439235319
27595080,4.59,0.0026999533248,0.000870130790503
27655200,4.6,0.00267253126173,0.000877672326365
27715320,4.61,0.00265860647171,0.000869396782961
27775440,4.62,0.00262893813229,0.000832474183239
27835560,4.63,0.00264683870095,0.00081612833653
27895680,4.64,0.00269551292305,0.000790645985564
27955800,4.65,0.00270838270257,0.000787233580239
28015920,4.66,0.00266043460563,0.000851211518205
28076040,4.67,0.00265545455258,0.000853392997157
28136160,4.68,0.00263862514873,0.000822986934849
28196280,4.69,0.00261556099392,0.000783679455667
28256400,4.7,0.00266184993236,0.000783494785198
28316520,4.71,0.00268930605198,0.000793608913079
28376640,4.72,0.00268479933366,0.00081821549204
28436760,4.73,0.00265523177543,0.000821818040263
28496880,4.74,0.0026146073493,0.000843202498535
28557000,4.75,0.00255737228041,0.000806360662456
28617120,4.76,0.00261977688742,0.00081640268536
28677240,4.77,0.00264171210127,0.000848944675161
28737360,4.78,0.00263440024319,0.000925604266419
28797480,4.79,0.00263103994945,0.000924142182119
28857600,4.8,0.00259640670795,0.000885496016683
28917720,4.81,0.00256251133255,0.000837707728369
28977840,4.82,0.0026037203717,0.000848747394555
29037960,4.83,0.00264461445392,0.000871684458135
29098080,4.84,0.00265874178392,0.000878103151827
29158200,4.85,0.00266249442881,0.000886454597935
29218320,4.86,0.00265717695535,0.000879793356262
29278440,4.87,0.00261570046789,0.0008733275137
29338560,4.88,0.00261554574103,0.000855572509451
29398680,4.89,0.00265644821776,0.000882760770872
29458800,4.9,0.00266323773414,0.000930613539519
29518920,4.91,0.00266630999171,0.00089955870463
29579040,4.92,0.00264052959585,0.00088817047637
29639160,4.93,0.00259128546183,0.000914903335859
29699280,4.94,0.00257470370019,0.000897934627048
29759400,4.95,0.00262733212753,0.000924067507874
29819520,4.96,0.00265616766164,0.00094766039931
29879640,4.97,0.00266733637527,0.000957021474866
29939760,4.98,0.00265840787397,0.000958178288323
29999880,4.99,0.00263763161931,0.000915615020979
30060000,5.0,0.00258576144634,0.000852758696833
30120120,5.01,0.00264482608862,0.000870723180682
30180240,5.02,0.00266424556937,0.000877952305377
30240360,5.03,0.00267130968847,0.000879052586227
30300480,5.04,0.00267235061645,0.000860192843948
30360600,5.05,0.00265841813883,0.00082785455104
30420720,5.06,0.00261376502632,0.000802002979626
30480840,5.07,0.00264852290251,0.000805174655952
30540960,5.08,0.00266870610228,0.00081139515341
30601080,5.09,0.00266994628976,0.000791105208938
30661200,5.1,0.00263241596284,0.000803996302593
30721320,5.11,0.00261107957473,0.000807834969175
30781440,5.12,0.00258085250042,0.000792188757595
30841560,5.13,0.00259330784462,0.000777248387996
30901680,5.14,0.00263080480733,0.000785937667032
30961800,5.15,0.00262250975958,0.000803231986321
31021920,5.16,0.00260877286497,0.00081923218172
31082040,5.17,0.00258470313379,0.000843739268046
31142160,5.18,0.00255097624428,0.000834604439199
31202280,5.19,0.00253027474572,0.000829290731043
31262400,5.2,0.00258658939514,0.000859180772076
31322520,5.21,0.00261509924349,0.00086780236697
31382640,5.22,0.00262080429199,0.00088371560474
31442760,5.23,0.00261320153549,0.000867290116275
31502880,5.24,0.00257995839131,0.000865391462828
31563000,5.25,0.00251551160312,0.000847336032706
31623120,5.26,0.00254569751497,0.000901830644107
31683240,5.27,0.00258223541592,0.000910050340014
31743360,5.28,0.00259613082364,0.000938186370295
31803480,5.29,0.00261219939873,0.000940405488964
31863600,5.3,0.00261867218834,0.000910035452242
31923720,5.31,0.00258414057967,0.000882382525015
31983840,5.32,0.00262642258253,0.000881886317812
32043960,5.33,0.00268118509474,0.000885750612615
32104080,5.34,0.00271244219547,0.000898619743373
32164200,5.35,0.00270233527582,0.000923697030671
32224320,5.36,0.00268395653681,0.000933731508848
32284440,5.37,0.00264751390303,0.00089672413013
32344560,5.38,0.00265062788174,0.000869740489689
32404680,5.39,0.00268720080125,0.000863366476461
32464800,5.4,0.00268772701501,0.000889627490817
32524920,5.41,0.00269791660891,0.00089883046649
32585040,5.42,0.00269758071665,0.000876289825463
32645160,5.43,0.00267254277216,0.000848577520382
32705280,5.44,0.00265126771249,0.00080211752526
32765400,5.45,0.00268571901562,0.000818897501089
32825520,5.46,0.00270211928055,0.000842650510518
32885640,5.47,0.00270467165499,0.000857913589084
32945760,5.48,0.00270043228869,0.000861813768174
33005880,5.49,0.00268512473204,0.000833038348166
33066000,5.5,0.00262653790344,0.000827319620182
33126120,5.51,0.00267012920159,0.000875953708919
33186240,5.52,0.00270707797922,0.000880142873124
33246360,5.53,0.00270031737753,0.000889778428192
33306480,5.54,0.00268256792592,0.000890239337659
33366600,5.55,0.00265338032763,0.000896425152511
33426720,5.56,0.00261807222843,0.000856635564883
33486840,5.57,0.00264782769731,0.000878149052022
33546960,5.58,0.00268177160396,0.000914826846011
33607080,5.59,0.00270332994834,0.000912050024061
33667200,5.6,0.0027079381187,0.000932982472989
33727320,5.61,0.00269791023358,0.000933959286237
33787440,5.62,0.00266469862818,0.000931574634576
33847560,5.63,0.00266089715237,0.000960424005989
33907680,5.64,0.00269390853634,0.000954604557358
33967800,5.65,0.00269188308748,0.000990751434353
34027920,5.66,0.00269870107589,0.000982388637642
34088040,5.67,0.00268219755446,0.00096375071262
34148160,5.68,0.00264254632292,0.00095961127899
34208280,5.69,0.00260971148365,0.000928457572605
34268400,5.7,0.00264034933707,0.000939560791669
34328520,5.71,0.00265596929975,0.000928201603671
34388640,5.72,0.00264853655077,0.000923002486475
34448760,5.73,0.00264013469959,0.000950465285191
34508880,5.74,0.0026142502545,0.000942611511802
34569000,5.75,0.00255581585589,0.000902375633527
34629120,5.76,0.0026035355762,0.000967964782704
34689240,5.77,0.0026143973248,0.00102635458286
34749360,5.78,0.00264551111791,0.00104553897093
34809480,5.79,0.00264073564339,0.00102261034048
34869600,5.8,0.00262484337855,0.00102205140441
34929720,5.81,0.00256370808256,0.00103113034496
34989840,5.82,0.00259057801992,0.00105075430339
35049960,5.83,0.00259173655624,0.00101945040793
35110080,5.84,0.00261644990869,0.00103077903344
35170200,5.85,0.00262585634906,0.0010438363988
35230320,5.86,0.00261853754461,0.00101487953076
35290440,5.87,0.00256372268422,0.00106264971978
35350560,5.88,0.00257357632781,0.00104006093402
35410680,5.89,0.00261265875831,0.00106806311798
35470800,5.9,0.00264264118982,0.00104766391929
35530920,5.91,0.00264037449774,0.00103472870451
35591040,5.92,0.00263482494639,0.00099626920736
35651160,5.93,0.00261452384031,0.000971279058409
35711280,5.94,0.00260152728231,0.000932792073115
35771400,5.95,0.00265773044385,0.00094229880539
35831520,5.96,0.00269725763629,0.000955508030521
35891640,5.97,0.00268539644932,0.00104479876237
35951760,5.98,0.00268689028021,0.00106247006825
36011880,5.99,0.00267068535696,0.00102867970773
36072000,6.0,0.00261669508429,0.000999366239984
36132120,6.01,0.00265082729449,0.00102306153081
36192240,6.02,0.00265050481366,0.000994717487616
36252360,6.03,0.0026304142176,0.00101404098787
36312480,6.04,0.0026212043887,0.00102335003471
36372600,6.05,0.00259652570474,0.00101787329534
36432720,6.06,0.00255171856438,0.000999457158412
36492840,6.07,0.00256721027703,0.000986190461561
36552960,6.08,0.00258131901783,0.00102338368364
36613080,6.09,0.00259987890121,0.00105968899463
36673200,6.1,0.00258963977024,0.00107742346006
36733320,6.11,0.00258210325233,0.00112498169496
36793440,6.12,0.00256325993623,0.00108554152642
36853560,6.13,0.00255827339744,0.00111555529661
36913680,6.14,0.00260460206161,0.00111619068101
36973800,6.15,0.00262968712874,0.00110073625787
37033920,6.16,0.00264382963557,0.00108487945443
37094040,6.17,0.00264337868329,0.00108082009765
37154160,6.18,0.00261438027814,0.00104775503528
37214280,6.19,0.00260326118729,0.00102693453098
37274400,6.2,0.00264646917587,0.00105625288832
37334520,6.21,0.00266369266168,0.00105951102737
37394640,6.22,0.00267710889376,0.00105557085082
37454760,6.23,0.00268271433702,0.00103908701627
37514880,6.24,0.00267925525765,0.00100283437231
37575000,6.25,0.00262698126238,0.000937993884318
37635120,6.26,0.00267062499096,0.000926154163514
37695240,6.27,0.0026797971887,0.000921013093583
37755360,6.28,0.0026754406076,0.000922573635428
37815480,6.29,0.00265349622846,0.000910255149621
37875600,6.3,0.00263885679604,0.0009080612184
37935720,6.31,0.00260556885958,0.000887900839257
37995840,6.32,0.00263116255371,0.000896157332061
38055960,6.33,0.00265392412657,0.000925812501418
38116080,6.34,0.00266924472557,0.000932889822986
38176200,6.35,0.00267407841492,0.000945725392166
38236320,6.36,0.0026628389256,0.000976799968035
38296440,6.37,0.00263143678395,0.000963502642753
38356560,6.38,0.0026299560902,0.000963267598024
38416680,6.39,0.00264476634295,0.000991438138076
38476800,6.4,0.00265913223119,0.00099148311071
38536920,6.41,0.00266186098178,0.000987790707732
38597040,6.42,0.00265075625493,0.00097689537221
38657160,6.43,0.00263128676992,0.000922473426699
38717280,6.44,0.00258913159269,0.000928933725061
38777400,6.45,0.0025976499438,0.000940251470417
38837520,6.46,0.00260399452019,0.000955117219471
38897640,6.47,0.00260242905957,0.000965202172819
38957760,6.48,0.00259646811212,0.000945610062251
39017880,6.49,0.00256397100993,0.000935045101856
39078000,6.5,0.00250689498242,0.000883199552794
39138120,6.51,0.00255082366569,0.000933298745226
39198240,6.52,0.0025834478328,0.000920584271002
39258360,6.53,0.00258581695297,0.000933462568926
39318480,6.54,0.00257922033483,0.00091391402561
39378600,6.55,0.00257923193121,0.000917282694589
39438720,6.56,0.0025570511279,0.000895573385676
39498840,6.57,0.00258628095226,0.000884769710826
39558960,6.58,0.00260046393706,0.000905478463118
39619080,6.59,0.00261824987661,0.000896470797155
39679200,6.6,0.00262292839458,0.000938179612227
39739320,6.61,0.00262117773286,0.000902811781535
39799440,6.62,0.0026175027184,0.000888099651806
39859560,6.63,0.00263447914104,0.000880772247574
39919680,6.64,0.00267954197556,0.000894848573284
39979800,6.65,0.00270361722476,0.000931233100352
40039920,6.66,0.00270211467295,0.000946522639213
40100040,6.67,0.00268546261518,0.000973573658029
40160160,6.68,0.00264544316802,0.000950228720583
40220280,6.69,0.00259896447506,0.000932772511167
40280400,6.7,0.00264879657222,0.00092451841174
40340520,6.71,0.00268517924368,0.000911868278728
40400640,6.72,0.00269828916815,0.000887753806667
40460760,6.73,0.00269336063269,0.000857291448753
40520880,6.74,0.00267388785397,0.000822873182801
40581000,6.75,0.00262960740389,0.000787374057141
40641120,6.76,0.00268173141948,0.000813167382248
40701240,6.77,0.00269531080908,0.000862656580721
40761360,6.78,0.00270954519174,0.000858331756279
40821480,6.79,0.00272414930382,0.000846498385261
40881600,6.8,0.002705681446,0.00086279245272
40941720,6.81,0.00266106932651,0.000860702218455
41001840,6.82,0.00268543705775,0.000869401469222
41061960,6.83,0.00271662343309,0.000872208875033
41122080,6.84,0.00273771267392,0.000878072988261
41182200,6.85,0.0027398735969,0.000878115648575
41242320,6.86,0.00272360573935,0.000911877753461
41302440,6.87,0.0026967206784,0.000894691949244
41362560,6.88,0.00269431108691,0.000907392311604
41422680,6.89,0.00271449331663,0.000929183159677
41482800,6.9,0.00272329859743,0.000944591162353
41542920,6.91,0.00271968612835,0.000936127313269
41603040,6.92,0.00271805380019,0.000897769236503
41663160,6.93,0.00270421673123,0.000861116119963
41723280,6.94,0.00268761119075,0.000890906447076
41783400,6.95,0.00270771505389,0.000891442512528
41843520,6.96,0.00271406020752,0.000941249282314
41903640,6.97,0.0026941830506,0.000970159267281
41963760,6.98,0.00267408075261,0.000968525316267
42023880,6.99,0.0026506223138,0.000919354882396
42084000,7.0,0.00258757242636,0.000859725285799
42144120,7.01,0.00261847469654,0.000887295135624
42204240,7.02,0.00262337770797,0.000939690209179
42264360,7.03,0.00261403496947,0.000956111171232
42324480,7.04,0.00263040656122,0.000942793782032
42384600,7.05,0.00259973249221,0.000947267104049
42444720,7.06,0.00255929791957,0.0009024138503
42504840,7.07,0.00257443331341,0.000925600590292
42564960,7.08,0.00261299278462,0.00092995725533
42625080,7.09,0.00264321161446,0.000916433815335
42685200,7.1,0.00266470534125,0.000896114858127
42745320,7.11,0.00266916430656,0.000894875726152
42805440,7.12,0.00265745469097,0.00087822582634
42865560,7.13,0.00266971860029,0.000888955048929
42925680,7.14,0.00271867989586,0.000903708352127
42985800,7.15,0.00272986270425,0.000897942201337
43045920,7.16,0.00273365224525,0.000935016627971
43106040,7.17,0.00271594392013,0.000966483347765
43166160,7.18,0.00267362168619,0.000929936891124
43226280,7.19,0.00263038610611,0.000892650902642
43286400,7.2,0.00266822378304,0.000945063466422
43346520,7.21,0.00268541455683,0.000972149903581
43406640,7.22,0.0026925762174,0.000960732440133
43466760,7.23,0.00268479776165,0.000932767778523
43526880,7.24,0.00265261687636,0.000926675412626
43587000,7.25,0.0025956913078,0.000932258898683
43647120,7.26,0.00264910718085,0.000938525601604
43707240,7.27,0.00267552387512,0.000944918535004
43767360,7.28,0.00267329769621,0.000948582494467
43827480,7.29,0.00265823852826,0.000949674862861
43887600,7.3,0.00259773590223,0.000934819343664
43947720,7.31,0.00254574493791,0.000907163873515
44007840,7.32,0.00253142620325,0.000967278987806
44067960,7.33,0.00253259592937,0.00102418897822
44128080,7.34,0.00251597491967,0.00102398277314
44188200,7.35,0.002506759406,0.00103163869105
44248320,7.36,0.00249142783326,0.0010303399228
44308440,7.37,0.00247820778012,0.00100870388269
44368560,7.38,0.002488865089,0.00102949699964
44428680,7.39,0.00253317388259,0.00105667296264
44488800,7.4,0.00255188003347,0.0010336927601
44548920,7.41,0.00256638553122,0.00101600086682
