1202,0.000199933466401,0.0,0.0,0.0,0.0,0.0,0.0
2404,0.000399866932801,0.0,0.0,0.0,0.0,0.0,0.0
3606,0.000599800399202,0.0,0.0,0.0,0.0,0.0,0.0
4808,0.000799733865602,0.0,0.0,0.0,0.0,0.0,0.0
6010,0.000999667332003,0.0,0.0,0.0,0.0,0.0,0.0
7212,0.0011996007984,0.0,0.0,0.0,0.0,0.0,0.0
8414,0.0013995342648,0.0,0.0,0.0,0.0,0.0,0.0
9616,0.0015994677312,0.0,0.0,0.0,0.0,0.0,0.0
10818,0.0017994011976,0.0,0.0,0.0,0.0,0.0,0.0
12020,0.00199933466401,0.0,0.0,0.0,0.0,0.0,0.0
13222,0.00219926813041,0.0,0.0,0.0,0.0,0.0,0.0
14424,0.00239920159681,0.0,0.0,0.0,0.0,0.0,0.0
15626,0.00259913506321,0.0,0.0,0.0,0.0,0.0,0.0
16828,0.00279906852961,0.0,0.0,0.0,0.0,0.0,0.0
18030,0.00299900199601,0.0,0.0,0.0,0.0,0.0,0.0
19232,0.00319893546241,0.0,0.0,0.0,0.0,0.0,0.0
20434,0.00339886892881,0.0,0.0,0.0,0.0,0.0,0.0
21636,0.00359880239521,0.0,0.0,0.0,0.0,0.0,0.0
22838,0.00379873586161,0.0,0.0,0.0,0.0,0.0,0.0
24040,0.00399866932801,0.0,0.0,0.0,0.0,0.0,0.0
25242,0.00419860279441,0.0,0.0,0.0,0.0,0.0,0.0
26444,0.00439853626081,0.0,0.0,0.0,0.0,0.0,0.0
27646,0.00459846972721,0.0,0.0,0.0,0.0,0.0,0.0
28848,0.00479840319361,0.0,0.0,0.0,0.0,0.0,0.0
30050,0.00499833666001,0.0,0.0,0.0,0.0,0.0,0.0
31252,0.00519827012641,0.0,0.0,0.0,0.0,0.0,0.0
32454,0.00539820359281,0.0,0.0,0.0,0.0,0.0,0.0
33656,0.00559813705921,0.0,0.0,0.0,0.0,0.0,0.0
34858,0.00579807052562,0.0,0.0,0.0,0.0,0.0,0.0
36060,0.00599800399202,0.0,0.0,0.0,0.0,0.0,0.0
37262,0.00619793745842,0.0,0.0,0.0,0.0,0.0,0.0
38464,0.00639787092482,0.0,0.0,0.0,0.0,0.0,0.0
39666,0.00659780439122,0.0,0.0,0.0,0.0,0.0,0.0
40868,0.00679773785762,0.0,0.0,0.0,0.0,0.0,0.0
42070,0.00699767132402,0.0,0.0,0.0,0.0,0.0,0.0
43272,0.00719760479042,0.0,0.0,0.0,0.0,0.0,0.0
44474,0.00739753825682,0.0,0.0,0.0,0.0,0.0,0.0
45676,0.00759747172322,0.0,0.0,0.0,0.0,0.0,0.0
46878,0.00779740518962,0.0,0.0,0.0,0.0,0.0,0.0
48080,0.00799733865602,0.0,0.0,0.0,0.0,0.0,0.0
49282,0.00819727212242,0.0,0.0,0.0,0.0,0.0,0.0
50484,0.00839720558882,0.0,0.0,0.0,0.0,0.0,0.0
51686,0.00859713905522,0.0,0.0,0.0,0.0,0.0,0.0
52888,0.00879707252162,0.0,0.0,0.0,0.0,0.0,0.0
54090,0.00899700598802,0.0,0.0,0.0,0.0,0.0,0.0
55292,0.00919693945442,0.0,0.0,0.0,0.0,0.0,0.0
56494,0.00939687292083,0.0,0.0,0.0,0.0,0.0,0.0
57696,0.00959680638723,0.0,0.0,0.0,0.0,0.0,0.0
58898,0.00979673985363,0.0,0.0,0.0,0.0,0.0,0.0
60100,0.00999667332003,0.0,0.0,0.0,0.0,0.0,0.0
61302,0.0101966067864,0.0,0.0,0.0,0.0,0.0,0.0
62504,0.0103965402528,0.0,0.0,0.0,0.0,0.0,0.0
63706,0.0105964737192,0.0,0.0,0.0,0.0,0.0,0.0
64908,0.0107964071856,0.0,0.0,0.0,0.0,0.0,0.0
66110,0.010996340652,0.0,0.0,0.0,0.0,0.0,0.0
67312,0.0111962741184,0.0,0.0,0.0,0.0,0.0,0.0
68514,0.0113962075848,0.0,0.0,0.0,0.0,0.0,0.0
69716,0.0115961410512,0.0,0.0,0.0,0.0,0.0,0.0
70918,0.0117960745176,0.0,0.0,0.0,0.0,0.0,0.0
72120,0.011996007984,0.0,0.0,0.0,0.0,0.0,0.0
73322,0.0121959414504,0.0,0.0,0.0,0.0,0.0,0.0
74524,0.0123958749168,0.0,0.0,0.0,0.0,0.0,0.0
75726,0.0125958083832,0.0,0.0,0.0,0.0,0.0,0.0
76928,0.0127957418496,0.0,0.0,0.0,0.0,0.0,0.0
78130,0.012995675316,0.0,0.0,0.0,0.0,0.0,0.0
79332,0.0131956087824,0.0,0.0,0.0,0.0,0.0,0.0
80534,0.0133955422488,0.0,0.0,0.0,0.0,0.0,0.0
81736,0.0135954757152,0.0,0.0,0.0,0.0,0.0,0.0
82938,0.0137954091816,0.0,0.0,0.0,0.0,0.0,0.0
84140,0.013995342648,0.0,0.0,0.0,0.0,0.0,0.0
85342,0.0141952761144,0.0,0.0,0.0,0.0,0.0,0.0
86544,0.0143952095808,0.0,0.0,0.0,0.0,0.0,0.0
87746,0.0145951430472,0.0,0.0,0.0,0.0,0.0,0.0
88948,0.0147950765136,0.0,0.0,0.0,0.0,0.0,0.0
90150,0.01499500998,0.0,0.0,0.0,0.0,0.0,0.0
91352,0.0151949434464,0.0,0.0,0.0,0.0,0.0,0.0
92554,0.0153948769128,0.0,0.0,0.0,0.0,0.0,0.0
93756,0.0155948103792,0.0,0.0,0.0,0.0,0.0,0.0
94958,0.0157947438456,0.0,0.0,0.0,0.0,0.0,0.0
96160,0.015994677312,0.0,0.0,0.0,0.0,0.0,0.0
97362,0.0161946107784,0.0,0.0,0.0,0.0,0.0,0.0
98564,0.0163945442448,0.0,0.0,0.0,0.0,0.0,0.0
99766,0.0165944777112,0.0,0.0,0.0,0.0,0.0,0.0
100968,0.0167944111776,0.0,0.0,0.0,0.0,0.0,0.0
102170,0.016994344644,0.0,0.0,0.0,0.0,0.0,0.0
103372,0.0171942781104,0.0,0.0,0.0,0.0,0.0,0.0
104574,0.0173942115768,0.0,0.0,0.0,0.0,0.0,0.0
105776,0.0175941450432,0.0,0.0,0.0,0.0,0.0,0.0
106978,0.0177940785096,0.0,0.0,0.0,0.0,0.0,0.0
108180,0.017994011976,0.0,0.0,0.0,0.0,0.0,0.0
109382,0.0181939454424,0.0,0.0,0.0,0.0,0.0,0.0
110584,0.0183938789088,0.0,0.0,0.0,0.0,0.0,0.0
111786,0.0185938123752,0.0,0.0,0.0,0.0,0.0,0.0
112988,0.0187937458417,0.0,0.0,0.0,0.0,0.0,0.0
114190,0.0189936793081,0.0,0.0,0.0,0.0,0.0,0.0
115392,0.0191936127745,0.0,0.0,0.0,0.0,0.0,0.0
116594,0.0193935462409,0.0,0.0,0.0,0.0,0.0,0.0
117796,0.0195934797073,0.0,0.0,0.0,0.0,0.0,0.0
118998,0.0197934131737,0.0,0.0,0.0,0.0,0.0,0.0
120200,0.0199933466401,0.0,0.0,0.0,0.0,0.0,0.0
121402,0.0201932801065,0.0,0.0,0.0,0.0,0.0,0.0
122604,0.0203932135729,0.0,0.0,0.0,0.0,0.0,0.0
123806,0.0205931470393,0.0,0.0,0.0,0.0,0.0,0.0
125008,0.0207930805057,0.0,0.0,0.0,0.0,0.0,0.0
126210,0.0209930139721,0.0,0.0,0.0,0.0,0.0,0.0
127412,0.0211929474385,0.0,0.0,0.0,0.0,0.0,0.0
128614,0.0213928809049,0.0,0.0,0.0,0.0,0.0,0.0
129816,0.0215928143713,0.0,0.0,0.0,0.0,0.0,0.0
131018,0.0217927478377,0.0,0.0,0.0,0.0,0.0,0.0
132220,0.0219926813041,0.0,0.0,0.0,0.0,0.0,0.0
133422,0.0221926147705,0.0,0.0,0.0,0.0,0.0,0.0
134624,0.0223925482369,0.0,0.0,0.0,0.0,0.0,0.0
135826,0.0225924817033,0.0,0.0,0.0,0.0,0.0,0.0
137028,0.0227924151697,0.0,0.0,0.0,0.0,0.0,0.0
138230,0.0229923486361,0.0,0.0,0.0,0.0,0.0,0.0
139432,0.0231922821025,0.0,0.0,0.0,0.0,0.0,0.0
140634,0.0233922155689,0.0,0.0,0.0,0.0,0.0,0.0
141836,0.0235921490353,0.0,0.0,0.0,0.0,0.0,0.0
143038,0.0237920825017,0.0,0.0,0.0,0.0,0.0,0.0
144240,0.0239920159681,0.0,0.0,0.0,0.0,0.0,0.0
145442,0.0241919494345,0.0,0.0,0.0,0.0,0.0,0.0
146644,0.0243918829009,0.0,0.0,0.0,0.0,0.0,0.0
147846,0.0245918163673,0.0,0.0,0.0,0.0,0.0,0.0
149048,0.0247917498337,0.0,0.0,0.0,0.0,0.0,0.0
150250,0.0249916833001,0.0,0.0,0.0,0.0,0.0,0.0
151452,0.0251916167665,0.0,0.0,0.0,0.0,0.0,0.0
152654,0.0253915502329,0.0,0.0,0.0,0.0,0.0,0.0
153856,0.0255914836993,0.0,0.0,0.0,0.0,0.0,0.0
155058,0.0257914171657,0.0,0.0,0.0,0.0,0.0,0.0
156260,0.0259913506321,0.0,0.0,0.0,0.0,0.0,0.0
157462,0.0261912840985,0.0,0.0,0.0,0.0,0.0,0.0
158664,0.0263912175649,0.0,0.0,0.0,0.0,0.0,0.0
159866,0.0265911510313,0.0,0.0,0.0,0.0,0.0,0.0
161068,0.0267910844977,0.0,0.0,0.0,0.0,0.0,0.0
162270,0.0269910179641,0.0,0.0,0.0,0.0,0.0,0.0
163472,0.0271909514305,0.0,0.0,0.0,0.0,0.0,0.0
164674,0.0273908848969,0.0,0.0,0.0,0.0,0.0,0.0
165876,0.0275908183633,0.0,0.0,0.0,0.0,0.0,0.0
167078,0.0277907518297,0.0,0.0,0.0,0.0,0.0,0.0
168280,0.0279906852961,0.0,0.0,0.0,0.0,0.0,0.0
169482,0.0281906187625,0.0,0.0,0.0,0.0,0.0,0.0
170684,0.0283905522289,0.0,0.0,0.0,0.0,0.0,0.0
171886,0.0285904856953,0.0,0.0,0.0,0.0,0.0,0.0
173088,0.0287904191617,0.0,0.0,0.0,0.0,0.0,0.0
174290,0.0289903526281,0.0,0.0,0.0,0.0,0.0,0.0
175492,0.0291902860945,0.0,0.0,0.0,0.0,0.0,0.0
176694,0.0293902195609,0.0,0.0,0.0,0.0,0.0,0.0
177896,0.0295901530273,0.0,0.0,0.0,0.0,0.0,0.0
179098,0.0297900864937,0.0,0.0,0.0,0.0,0.0,0.0
180300,0.0299900199601,0.0,0.0,0.0,0.0,0.0,0.0
181502,0.0301899534265,0.0,0.0,0.0,0.0,0.0,0.0
182704,0.0303898868929,0.0,0.0,0.0,0.0,0.0,0.0
183906,0.0305898203593,0.0,0.0,0.0,0.0,0.0,0.0
185108,0.0307897538257,0.0,0.0,0.0,0.0,0.0,0.0
186310,0.0309896872921,0.0,0.0,0.0,0.0,0.0,0.0
187512,0.0311896207585,0.0,0.0,0.0,0.0,0.0,0.0
188714,0.0313895542249,0.0,0.0,0.0,0.0,0.0,0.0
189916,0.0315894876913,0.0,0.0,0.0,0.0,0.0,0.0
191118,0.0317894211577,0.0,0.0,0.0,0.0,0.0,0.0
192320,0.0319893546241,0.0,0.0,0.0,0.0,0.0,0.0
193522,0.0321892880905,0.0,0.0,0.0,0.0,0.0,0.0
194724,0.0323892215569,0.0,0.0,0.0,0.0,0.0,0.0
195926,0.0325891550233,0.0,0.0,0.0,0.0,0.0,0.0
197128,0.0327890884897,0.0,0.0,0.0,0.0,0.0,0.0
198330,0.0329890219561,0.0,0.0,0.0,0.0,0.0,0.0
199532,0.0331889554225,0.0,0.0,0.0,0.0,0.0,0.0
200734,0.0333888888889,0.0,0.0,0.0,0.0,0.0,0.0
201936,0.0335888223553,0.0,0.0,0.0,0.0,0.0,0.0
203138,0.0337887558217,0.0,0.0,0.0,0.0,0.0,0.0
204340,0.0339886892881,0.0,0.0,0.0,0.0,0.0,0.0
205542,0.0341886227545,0.0,0.0,0.0,0.0,0.0,0.0
206744,0.0343885562209,0.0,0.0,0.0,0.0,0.0,0.0
207946,0.0345884896873,0.0,0.0,0.0,0.0,0.0,0.0
209148,0.0347884231537,0.0,0.0,0.0,0.0,0.0,0.0
210350,0.0349883566201,0.0,0.0,0.0,0.0,0.0,0.0
211552,0.0351882900865,0.0,0.0,0.0,0.0,0.0,0.0
212754,0.0353882235529,0.0,0.0,0.0,0.0,0.0,0.0
213956,0.0355881570193,0.0,0.0,0.0,0.0,0.0,0.0
215158,0.0357880904857,0.0,0.0,0.0,0.0,0.0,0.0
216360,0.0359880239521,0.0,0.0,0.0,0.0,0.0,0.0
217562,0.0361879574185,0.0,0.0,0.0,0.0,0.0,0.0
218764,0.0363878908849,0.0,0.0,0.0,0.0,0.0,0.0
219966,0.0365878243513,0.0,0.0,0.0,0.0,0.0,0.0
221168,0.0367877578177,0.0,0.0,0.0,0.0,0.0,0.0
222370,0.0369876912841,0.0,0.0,0.0,0.0,0.0,0.0
223572,0.0371876247505,0.0,0.0,0.0,0.0,0.0,0.0
224774,0.0373875582169,0.0,0.0,0.0,0.0,0.0,0.0
225976,0.0375874916833,0.0,0.0,0.0,0.0,0.0,0.0
227178,0.0377874251497,0.0,0.0,0.0,0.0,0.0,0.0
228380,0.0379873586161,0.0,0.0,0.0,0.0,0.0,0.0
229582,0.0381872920825,0.0,0.0,0.0,0.0,0.0,0.0
230784,0.0383872255489,0.0,0.0,0.0,0.0,0.0,0.0
231986,0.0385871590153,0.0,0.0,0.0,0.0,0.0,0.0
233188,0.0387870924817,0.0,0.0,0.0,0.0,0.0,0.0
234390,0.0389870259481,0.0,0.0,0.0,0.0,0.0,0.0
235592,0.0391869594145,0.0,0.0,0.0,0.0,0.0,0.0
236794,0.0393868928809,0.0,0.0,0.0,0.0,0.0,0.0
237996,0.0395868263473,0.0,0.0,0.0,0.0,0.0,0.0
239198,0.0397867598137,0.0,0.0,0.0,0.0,0.0,0.0
240400,0.0399866932801,0.0,0.0,0.0,0.0,0.0,0.0
241602,0.0401866267465,0.0,0.0,0.0,0.0,0.0,0.0
242804,0.0403865602129,0.0,0.0,0.0,0.0,0.0,0.0
244006,0.0405864936793,0.0,0.0,0.0,0.0,0.0,0.0
245208,0.0407864271457,0.0,0.0,0.0,0.0,0.0,0.0
246410,0.0409863606121,0.0,0.0,0.0,0.0,0.0,0.0
247612,0.0411862940785,0.0,0.0,0.0,0.0,0.0,0.0
248814,0.0413862275449,0.0,0.0,0.0,0.0,0.0,0.0
250016,0.0415861610113,0.0,0.0,0.0,0.0,0.0,0.0
251218,0.0417860944777,0.0,0.0,0.0,0.0,0.0,0.0
252420,0.0419860279441,0.0,0.0,0.0,0.0,0.0,0.0
253622,0.0421859614105,0.0,0.0,0.0,0.0,0.0,0.0
254824,0.0423858948769,0.0,0.0,0.0,0.0,0.0,0.0
256026,0.0425858283433,0.0,0.0,0.0,0.0,0.0,0.0
257228,0.0427857618097,0.0,0.0,0.0,0.0,0.0,0.0
258430,0.0429856952761,0.0,0.0,0.0,0.0,0.0,0.0
259632,0.0431856287425,0.0,0.0,0.0,0.0,0.0,0.0
260834,0.0433855622089,0.0,0.0,0.0,0.0,0.0,0.0
262036,0.0435854956753,0.0,0.0,0.0,0.0,0.0,0.0
263238,0.0437854291417,0.0,0.0,0.0,0.0,0.0,0.0
264440,0.0439853626081,0.0,0.0,0.0,0.0,0.0,0.0
265642,0.0441852960745,0.0,0.0,0.0,0.0,0.0,0.0
266844,0.0443852295409,0.0,0.0,0.0,0.0,0.0,0.0
268046,0.0445851630073,0.0,0.0,0.0,0.0,0.0,0.0
269248,0.0447850964737,0.0,0.0,0.0,0.0,0.0,0.0
270450,0.0449850299401,0.0,0.0,0.0,0.0,0.0,0.0
271652,0.0451849634065,0.0,0.0,0.0,0.0,0.0,0.0
272854,0.0453848968729,0.0,0.0,0.0,0.0,0.0,0.0
274056,0.0455848303393,0.0,0.0,0.0,0.0,0.0,0.0
275258,0.0457847638057,0.0,0.0,0.0,0.0,0.0,0.0
276460,0.0459846972721,0.0,0.0,0.0,0.0,0.0,0.0
277662,0.0461846307385,0.0,0.0,0.0,0.0,0.0,0.0
278864,0.0463845642049,0.0,0.0,0.0,0.0,0.0,0.0
280066,0.0465844976713,0.0,0.0,0.0,0.0,0.0,0.0
281268,0.0467844311377,0.0,0.0,0.0,0.0,0.0,0.0
282470,0.0469843646041,0.0,0.0,0.0,0.0,0.0,0.0
283672,0.0471842980705,0.0,0.0,0.0,0.0,0.0,0.0
284874,0.0473842315369,0.0,0.0,0.0,0.0,0.0,0.0
286076,0.0475841650033,0.0,0.0,0.0,0.0,0.0,0.0
287278,0.0477840984697,0.0,0.0,0.0,0.0,0.0,0.0
288480,0.0479840319361,0.0,0.0,0.0,0.0,0.0,0.0
289682,0.0481839654025,0.0,0.0,0.0,0.0,0.0,0.0
290884,0.0483838988689,0.0,0.0,0.0,0.0,0.0,0.0
292086,0.0485838323353,0.0,0.0,0.0,0.0,0.0,0.0
293288,0.0487837658017,0.0,0.0,0.0,0.0,0.0,0.0
294490,0.0489836992681,0.0,0.0,0.0,0.0,0.0,0.0
295692,0.0491836327345,0.0,0.0,0.0,0.0,0.0,0.0
296894,0.0493835662009,0.0,0.0,0.0,0.0,0.0,0.0
298096,0.0495834996673,0.0,0.0,0.0,0.0,0.0,0.0
299298,0.0497834331337,0.0,0.0,0.0,0.0,0.0,0.0
300500,0.0499833666001,0.0,0.0,0.0,0.0,0.0,0.0
301702,0.0501833000665,0.0,0.0,0.0,0.0,0.0,0.0
302904,0.0503832335329,0.0,0.0,0.0,0.0,0.0,0.0
304106,0.0505831669993,0.0,0.0,0.0,0.0,0.0,0.0
305308,0.0507831004657,0.0,0.0,0.0,0.0,0.0,0.0
306510,0.0509830339321,0.0,0.0,0.0,0.0,0.0,0.0
307712,0.0511829673985,0.0,0.0,0.0,0.0,0.0,0.0
308914,0.0513829008649,0.0,0.0,0.0,0.0,0.0,0.0
310116,0.0515828343313,0.0,0.0,0.0,0.0,0.0,0.0
311318,0.0517827677977,0.0,0.0,0.0,0.0,0.0,0.0
312520,0.0519827012641,0.0,0.0,0.0,0.0,0.0,0.0
313722,0.0521826347305,0.0,0.0,0.0,0.0,0.0,0.0
314924,0.0523825681969,0.0,0.0,0.0,0.0,0.0,0.0
316126,0.0525825016633,0.0,0.0,0.0,0.0,0.0,0.0
317328,0.0527824351297,0.0,0.0,0.0,0.0,0.0,0.0
318530,0.0529823685961,0.0,0.0,0.0,0.0,0.0,0.0
319732,0.0531823020625,0.0,0.0,0.0,0.0,0.0,0.0
320934,0.0533822355289,0.0,0.0,0.0,0.0,0.0,0.0
322136,0.0535821689953,0.0,0.0,0.0,0.0,0.0,0.0
323338,0.0537821024617,0.0,0.0,0.0,0.0,0.0,0.0
324540,0.0539820359281,0.0,0.0,0.0,0.0,0.0,0.0
325742,0.0541819693945,0.0,0.0,0.0,0.0,0.0,0.0
326944,0.0543819028609,0.0,0.0,0.0,0.0,0.0,0.0
328146,0.0545818363273,0.0,0.0,0.0,0.0,0.0,0.0
329348,0.0547817697937,0.0,0.0,0.0,0.0,0.0,0.0
330550,0.0549817032601,0.0,0.0,0.0,0.0,0.0,0.0
331752,0.0551816367265,0.0,0.0,0.0,0.0,0.0,0.0
332954,0.0553815701929,0.0,0.0,0.0,0.0,0.0,0.0
334156,0.0555815036593,0.0,0.0,0.0,0.0,0.0,0.0
335358,0.0557814371257,0.0,0.0,0.0,0.0,0.0,0.0
336560,0.0559813705921,0.0,0.0,0.0,0.0,0.0,0.0
337762,0.0561813040585,0.0,0.0,0.0,0.0,0.0,0.0
338964,0.056381237525,0.0,0.0,0.0,0.0,0.0,0.0
340166,0.0565811709914,0.0,0.0,0.0,0.0,0.0,0.0
341368,0.0567811044578,0.0,0.0,0.0,0.0,0.0,0.0
342570,0.0569810379242,0.0,0.0,0.0,0.0,0.0,0.0
343772,0.0571809713906,0.0,0.0,0.0,0.0,0.0,0.0
344974,0.057380904857,0.0,0.0,0.0,0.0,0.0,0.0
346176,0.0575808383234,0.0,0.0,0.0,0.0,0.0,0.0
347378,0.0577807717898,0.0,0.0,0.0,0.0,0.0,0.0
348580,0.0579807052562,0.0,0.0,0.0,0.0,0.0,0.0
349782,0.0581806387226,0.0,0.0,0.0,0.0,0.0,0.0
350984,0.058380572189,0.0,0.0,0.0,0.0,0.0,0.0
352186,0.0585805056554,0.0,0.0,0.0,0.0,0.0,0.0
353388,0.0587804391218,0.0,0.0,0.0,0.0,0.0,0.0
354590,0.0589803725882,0.0,0.0,0.0,0.0,0.0,0.0
355792,0.0591803060546,0.0,0.0,0.0,0.0,0.0,0.0
356994,0.059380239521,0.0,0.0,0.0,0.0,0.0,0.0
358196,0.0595801729874,0.0,0.0,0.0,0.0,0.0,0.0
359398,0.0597801064538,0.0,0.0,0.0,0.0,0.0,0.0
360600,0.0599800399202,0.0,0.0,0.0,0.0,0.0,0.0
361802,0.0601799733866,0.0,0.0,0.0,0.0,0.0,0.0
363004,0.060379906853,0.0,0.0,0.0,0.0,0.0,0.0
364206,0.0605798403194,0.0,0.0,0.0,0.0,0.0,0.0
365408,0.0607797737858,0.0,0.0,0.0,0.0,0.0,0.0
366610,0.0609797072522,0.0,0.0,0.0,0.0,0.0,0.0
367812,0.0611796407186,0.0,0.0,0.0,0.0,0.0,0.0
369014,0.061379574185,0.0,0.0,0.0,0.0,0.0,0.0
370216,0.0615795076514,0.0,0.0,0.0,0.0,0.0,0.0
371418,0.0617794411178,0.0,0.0,0.0,0.0,0.0,0.0
372620,0.0619793745842,0.0,0.0,0.0,0.0,0.0,0.0
373822,0.0621793080506,0.0,0.0,0.0,0.0,0.0,0.0
375024,0.062379241517,0.0,0.0,0.0,0.0,0.0,0.0
376226,0.0625791749834,0.0,0.0,0.0,0.0,0.0,0.0
377428,0.0627791084498,0.0,0.0,0.0,0.0,0.0,0.0
378630,0.0629790419162,0.0,0.0,0.0,0.0,0.0,0.0
379832,0.0631789753826,0.0,0.0,0.0,0.0,0.0,0.0
381034,0.063378908849,0.0,0.0,0.0,0.0,0.0,0.0
382236,0.0635788423154,0.0,0.0,0.0,0.0,0.0,0.0
383438,0.0637787757818,0.0,0.0,0.0,0.0,0.0,0.0
384640,0.0639787092482,0.0,0.0,0.0,0.0,0.0,0.0
385842,0.0641786427146,0.0,0.0,0.0,0.0,0.0,0.0
387044,0.064378576181,0.0,0.0,0.0,0.0,0.0,0.0
388246,0.0645785096474,0.0,0.0,0.0,0.0,0.0,0.0
389448,0.0647784431138,0.0,0.0,0.0,0.0,0.0,0.0
390650,0.0649783765802,0.0,0.0,0.0,0.0,0.0,0.0
391852,0.0651783100466,0.0,0.0,0.0,0.0,0.0,0.0
393054,0.065378243513,0.0,0.0,0.0,0.0,0.0,0.0
394256,0.0655781769794,0.0,0.0,0.0,0.0,0.0,0.0
395458,0.0657781104458,0.0,0.0,0.0,0.0,0.0,0.0
396660,0.0659780439122,0.0,0.0,0.0,0.0,0.0,0.0
397862,0.0661779773786,0.0,0.0,0.0,0.0,0.0,0.0
399064,0.066377910845,0.0,0.0,0.0,0.0,0.0,0.0
400266,0.0665778443114,0.0,0.0,0.0,0.0,0.0,0.0
401468,0.0667777777778,0.0,0.0,0.0,0.0,0.0,0.0
402670,0.0669777112442,0.0,0.0,0.0,0.0,0.0,0.0
403872,0.0671776447106,0.0,0.0,0.0,0.0,0.0,0.0
405074,0.067377578177,0.0,0.0,0.0,0.0,0.0,0.0
406276,0.0675775116434,0.0,0.0,0.0,0.0,0.0,0.0
407478,0.0677774451098,0.0,0.0,0.0,0.0,0.0,0.0
408680,0.0679773785762,0.0,0.0,0.0,0.0,0.0,0.0
409882,0.0681773120426,0.0,0.0,0.0,0.0,0.0,0.0
411084,0.068377245509,0.0,0.0,0.0,0.0,0.0,0.0
412286,0.0685771789754,0.0,0.0,0.0,0.0,0.0,0.0
413488,0.0687771124418,0.0,0.0,0.0,0.0,0.0,0.0
414690,0.0689770459082,0.0,0.0,0.0,0.0,0.0,0.0
415892,0.0691769793746,0.0,0.0,0.0,0.0,0.0,0.0
417094,0.069376912841,0.0,0.0,0.0,0.0,0.0,0.0
418296,0.0695768463074,0.0,0.0,0.0,0.0,0.0,0.0
419498,0.0697767797738,0.0,0.0,0.0,0.0,0.0,0.0
420700,0.0699767132402,0.0,0.0,0.0,0.0,0.0,0.0
421902,0.0701766467066,0.0,0.0,0.0,0.0,0.0,0.0
423104,0.070376580173,0.0,0.0,0.0,0.0,0.0,0.0
424306,0.0705765136394,0.0,0.0,0.0,0.0,0.0,0.0
425508,0.0707764471058,0.0,0.0,0.0,0.0,0.0,0.0
426710,0.0709763805722,0.0,0.0,0.0,0.0,0.0,0.0
427912,0.0711763140386,0.0,0.0,0.0,0.0,0.0,0.0
429114,0.071376247505,0.0,0.0,0.0,0.0,0.0,0.0
430316,0.0715761809714,0.0,0.0,0.0,0.0,0.0,0.0
431518,0.0717761144378,0.0,0.0,0.0,0.0,0.0,0.0
432720,0.0719760479042,0.0,0.0,0.0,0.0,0.0,0.0
433922,0.0721759813706,0.0,0.0,0.0,0.0,0.0,0.0
435124,0.072375914837,0.0,0.0,0.0,0.0,0.0,0.0
436326,0.0725758483034,0.0,0.0,0.0,0.0,0.0,0.0
437528,0.0727757817698,0.0,0.0,0.0,0.0,0.0,0.0
438730,0.0729757152362,0.0,0.0,0.0,0.0,0.0,0.0
439932,0.0731756487026,0.0,0.0,0.0,0.0,0.0,0.0
441134,0.073375582169,0.0,0.0,0.0,0.0,0.0,0.0
442336,0.0735755156354,0.0,0.0,0.0,0.0,0.0,0.0
443538,0.0737754491018,0.0,0.0,0.0,0.0,0.0,0.0
444740,0.0739753825682,0.0,0.0,0.0,0.0,0.0,0.0
445942,0.0741753160346,0.0,0.0,0.0,0.0,0.0,0.0
447144,0.074375249501,0.0,0.0,0.0,0.0,0.0,0.0
448346,0.0745751829674,0.0,0.0,0.0,0.0,0.0,0.0
449548,0.0747751164338,0.0,0.0,0.0,0.0,0.0,0.0
450750,0.0749750499002,0.0,0.0,0.0,0.0,0.0,0.0
451952,0.0751749833666,0.0,0.0,0.0,0.0,0.0,0.0
453154,0.075374916833,0.0,0.0,0.0,0.0,0.0,0.0
454356,0.0755748502994,0.0,0.0,0.0,0.0,0.0,0.0
455558,0.0757747837658,0.0,0.0,0.0,0.0,0.0,0.0
456760,0.0759747172322,0.0,0.0,0.0,0.0,0.0,0.0
457962,0.0761746506986,0.0,0.0,0.0,0.0,0.0,0.0
459164,0.076374584165,0.0,0.0,0.0,0.0,0.0,0.0
460366,0.0765745176314,0.0,0.0,0.0,0.0,0.0,0.0
461568,0.0767744510978,0.0,0.0,0.0,0.0,0.0,0.0
462770,0.0769743845642,0.0,0.0,0.0,0.0,0.0,0.0
463972,0.0771743180306,0.0,0.0,0.0,0.0,0.0,0.0
465174,0.077374251497,0.0,0.0,0.0,0.0,0.0,0.0
466376,0.0775741849634,0.0,0.0,0.0,0.0,0.0,0.0
467578,0.0777741184298,0.0,0.0,0.0,0.0,0.0,0.0
468780,0.0779740518962,0.0,0.0,0.0,0.0,0.0,0.0
469982,0.0781739853626,0.0,0.0,0.0,0.0,0.0,0.0
471184,0.078373918829,0.0,0.0,0.0,0.0,0.0,0.0
472386,0.0785738522954,0.0,0.0,0.0,0.0,0.0,0.0
473588,0.0787737857618,0.0,0.0,0.0,0.0,0.0,0.0
474790,0.0789737192282,0.0,0.0,0.0,0.0,0.0,0.0
475992,0.0791736526946,0.0,0.0,0.0,0.0,0.0,0.0
477194,0.079373586161,0.0,0.0,0.0,0.0,0.0,0.0
478396,0.0795735196274,0.0,0.0,0.0,0.0,0.0,0.0
479598,0.0797734530938,0.0,0.0,0.0,0.0,0.0,0.0
480800,0.0799733865602,0.0,0.0,0.0,0.0,0.0,0.0
482002,0.0801733200266,0.0,0.0,0.0,0.0,0.0,0.0
483204,0.080373253493,0.0,0.0,0.0,0.0,0.0,0.0
484406,0.0805731869594,0.0,0.0,0.0,0.0,0.0,0.0
485608,0.0807731204258,0.0,0.0,0.0,0.0,0.0,0.0
486810,0.0809730538922,0.0,0.0,0.0,0.0,0.0,0.0
488012,0.0811729873586,0.0,0.0,0.0,0.0,0.0,0.0
489214,0.081372920825,0.0,0.0,0.0,0.0,0.0,0.0
490416,0.0815728542914,0.0,0.0,0.0,0.0,0.0,0.0
491618,0.0817727877578,0.0,0.0,0.0,0.0,0.0,0.0
492820,0.0819727212242,0.0,0.0,0.0,0.0,0.0,0.0
494022,0.0821726546906,0.0,0.0,0.0,0.0,0.0,0.0
495224,0.082372588157,0.0,0.0,0.0,0.0,0.0,0.0
496426,0.0825725216234,0.0,0.0,0.0,0.0,0.0,0.0
497628,0.0827724550898,0.0,0.0,0.0,0.0,0.0,0.0
498830,0.0829723885562,0.0,0.0,0.0,0.0,0.0,0.0
500032,0.0831723220226,0.0,0.0,0.0,0.0,0.0,0.0
501234,0.083372255489,0.0,0.0,0.0,0.0,0.0,0.0
502436,0.0835721889554,0.0,0.0,0.0,0.0,0.0,0.0
503638,0.0837721224218,0.0,0.0,0.0,0.0,0.0,0.0
504840,0.0839720558882,0.0,0.0,0.0,0.0,0.0,0.0
506042,0.0841719893546,0.0,0.0,0.0,0.0,0.0,0.0
507244,0.084371922821,0.0,0.0,0.0,0.0,0.0,0.0
508446,0.0845718562874,0.0,0.0,0.0,0.0,0.0,0.0
509648,0.0847717897538,0.0,0.0,0.0,0.0,0.0,0.0
510850,0.0849717232202,0.0,0.0,0.0,0.0,0.0,0.0
512052,0.0851716566866,0.0,0.0,0.0,0.0,0.0,0.0
513254,0.085371590153,0.0,0.0,0.0,0.0,0.0,0.0
514456,0.0855715236194,0.0,0.0,0.0,0.0,0.0,0.0
515658,0.0857714570858,0.0,0.0,0.0,0.0,0.0,0.0
516860,0.0859713905522,0.0,0.0,0.0,0.0,0.0,0.0
518062,0.0861713240186,0.0,0.0,0.0,0.0,0.0,0.0
519264,0.086371257485,0.0,0.0,0.0,0.0,0.0,0.0
520466,0.0865711909514,0.0,0.0,0.0,0.0,0.0,0.0
521668,0.0867711244178,0.0,0.0,0.0,0.0,0.0,0.0
522870,0.0869710578842,0.0,0.0,0.0,0.0,0.0,0.0
524072,0.0871709913506,0.0,0.0,0.0,0.0,0.0,0.0
525274,0.087370924817,0.0,0.0,0.0,0.0,0.0,0.0
526476,0.0875708582834,0.0,0.0,0.0,0.0,0.0,0.0
527678,0.0877707917498,0.0,0.0,0.0,0.0,0.0,0.0
528880,0.0879707252162,0.0,0.0,0.0,0.0,0.0,0.0
530082,0.0881706586826,0.0,0.0,0.0,0.0,0.0,0.0
531284,0.088370592149,0.0,0.0,0.0,0.0,0.0,0.0
532486,0.0885705256154,0.0,0.0,0.0,0.0,0.0,0.0
533688,0.0887704590818,0.0,0.0,0.0,0.0,0.0,0.0
534890,0.0889703925482,0.0,0.0,0.0,0.0,0.0,0.0
536092,0.0891703260146,0.0,0.0,0.0,0.0,0.0,0.0
537294,0.089370259481,0.0,0.0,0.0,0.0,0.0,0.0
538496,0.0895701929474,0.0,0.0,0.0,0.0,0.0,0.0
539698,0.0897701264138,0.0,0.0,0.0,0.0,0.0,0.0
540900,0.0899700598802,0.0,0.0,0.0,0.0,0.0,0.0
542102,0.0901699933466,0.0,0.0,0.0,0.0,0.0,0.0
543304,0.090369926813,0.0,0.0,0.0,0.0,0.0,0.0
544506,0.0905698602794,0.0,0.0,0.0,0.0,0.0,0.0
545708,0.0907697937458,0.0,0.0,0.0,0.0,0.0,0.0
546910,0.0909697272122,0.0,0.0,0.0,0.0,0.0,0.0
548112,0.0911696606786,0.0,0.0,0.0,0.0,0.0,0.0
549314,0.091369594145,0.0,0.0,0.0,0.0,0.0,0.0
550516,0.0915695276114,0.0,0.0,0.0,0.0,0.0,0.0
551718,0.0917694610778,0.0,0.0,0.0,0.0,0.0,0.0
552920,0.0919693945442,0.0,0.0,0.0,0.0,0.0,0.0
554122,0.0921693280106,0.0,0.0,0.0,0.0,0.0,0.0
555324,0.092369261477,0.0,0.0,0.0,0.0,0.0,0.0
556526,0.0925691949434,0.0,0.0,0.0,0.0,0.0,0.0
557728,0.0927691284098,0.0,0.0,0.0,0.0,0.0,0.0
558930,0.0929690618762,0.0,0.0,0.0,0.0,0.0,0.0
560132,0.0931689953426,0.0,0.0,0.0,0.0,0.0,0.0
561334,0.093368928809,0.0,0.0,0.0,0.0,0.0,0.0
562536,0.0935688622754,0.0,0.0,0.0,0.0,0.0,0.0
563738,0.0937687957418,0.0,0.0,0.0,0.0,0.0,0.0
564940,0.0939687292083,0.0,0.0,0.0,0.0,0.0,0.0
566142,0.0941686626747,0.0,0.0,0.0,0.0,0.0,0.0
567344,0.0943685961411,0.0,0.0,0.0,0.0,0.0,0.0
568546,0.0945685296075,0.0,0.0,0.0,0.0,0.0,0.0
569748,0.0947684630739,0.0,0.0,0.0,0.0,0.0,0.0
570950,0.0949683965403,0.0,0.0,0.0,0.0,0.0,0.0
572152,0.0951683300067,0.0,0.0,0.0,0.0,0.0,0.0
573354,0.0953682634731,0.0,0.0,0.0,0.0,0.0,0.0
574556,0.0955681969395,0.0,0.0,0.0,0.0,0.0,0.0
575758,0.0957681304059,0.0,0.0,0.0,0.0,0.0,0.0
576960,0.0959680638723,0.0,0.0,0.0,0.0,0.0,0.0
578162,0.0961679973387,0.0,0.0,0.0,0.0,0.0,0.0
579364,0.0963679308051,0.0,0.0,0.0,0.0,0.0,0.0
580566,0.0965678642715,0.0,0.0,0.0,0.0,0.0,0.0
581768,0.0967677977379,0.0,0.0,0.0,0.0,0.0,0.0
582970,0.0969677312043,0.0,0.0,0.0,0.0,0.0,0.0
584172,0.0971676646707,0.0,0.0,0.0,0.0,0.0,0.0
585374,0.0973675981371,0.0,0.0,0.0,0.0,0.0,0.0
586576,0.0975675316035,0.0,0.0,0.0,0.0,0.0,0.0
587778,0.0977674650699,0.0,0.0,0.0,0.0,0.0,0.0
588980,0.0979673985363,0.0,0.0,0.0,0.0,0.0,0.0
590182,0.0981673320027,0.0,0.0,0.0,0.0,0.0,0.0
591384,0.0983672654691,0.0,0.0,0.0,0.0,0.0,0.0
592586,0.0985671989355,0.0,0.0,0.0,0.0,0.0,0.0
593788,0.0987671324019,0.0,0.0,0.0,0.0,0.0,0.0
594990,0.0989670658683,0.0,0.0,0.0,0.0,0.0,0.0
596192,0.0991669993347,0.0,0.0,0.0,0.0,0.0,0.0
597394,0.0993669328011,0.0,0.0,0.0,0.0,0.0,0.0
598596,0.0995668662675,0.0,0.0,0.0,0.0,0.0,0.0
599798,0.0997667997339,0.0,0.0,0.0,0.0,0.0,0.0
601000,0.0999667332003,0.0,0.0,0.0,0.0,0.0,0.0
602202,0.100166666667,0.0,0.0,0.0,0.0,0.0,0.0
603404,0.100366600133,0.0,0.0,0.0,0.0,0.0,0.0
604606,0.100566533599,0.0,0.0,0.0,0.0,0.0,0.0
605808,0.100766467066,0.0,0.0,0.0,0.0,0.0,0.0
607010,0.100966400532,0.0,0.0,0.0,0.0,0.0,0.0
608212,0.101166333999,0.0,0.0,0.0,0.0,0.0,0.0
609414,0.101366267465,0.0,0.0,0.0,0.0,0.0,0.0
610616,0.101566200931,0.0,0.0,0.0,0.0,0.0,0.0
611818,0.101766134398,0.0,0.0,0.0,0.0,0.0,0.0
613020,0.101966067864,0.0,0.0,0.0,0.0,0.0,0.0
614222,0.102166001331,0.0,0.0,0.0,0.0,0.0,0.0
615424,0.102365934797,0.0,0.0,0.0,0.0,0.0,0.0
616626,0.102565868263,0.0,0.0,0.0,0.0,0.0,0.0
617828,0.10276580173,0.0,0.0,0.0,0.0,0.0,0.0
619030,0.102965735196,0.0,0.0,0.0,0.0,0.0,0.0
620232,0.103165668663,0.0,0.0,0.0,0.0,0.0,0.0
621434,0.103365602129,0.0,0.0,0.0,0.0,0.0,0.0
622636,0.103565535595,0.0,0.0,0.0,0.0,0.0,0.0
623838,0.103765469062,0.0,0.0,0.0,0.0,0.0,0.0
625040,0.103965402528,0.0,0.0,0.0,0.0,0.0,0.0
626242,0.104165335995,0.0,0.0,0.0,0.0,0.0,0.0
627444,0.104365269461,0.0,0.0,0.0,0.0,0.0,0.0
628646,0.104565202927,0.0,0.0,0.0,0.0,0.0,0.0
629848,0.104765136394,0.0,0.0,0.0,0.0,0.0,0.0
631050,0.10496506986,0.0,0.0,0.0,0.0,0.0,0.0
632252,0.105165003327,0.0,0.0,0.0,0.0,0.0,0.0
633454,0.105364936793,0.0,0.0,0.0,0.0,0.0,0.0
634656,0.105564870259,0.0,0.0,0.0,0.0,0.0,0.0
635858,0.105764803726,0.0,0.0,0.0,0.0,0.0,0.0
637060,0.105964737192,0.0,0.0,0.0,0.0,0.0,0.0
638262,0.106164670659,0.0,0.0,0.0,0.0,0.0,0.0
639464,0.106364604125,0.0,0.0,0.0,0.0,0.0,0.0
640666,0.106564537591,0.0,0.0,0.0,0.0,0.0,0.0
641868,0.106764471058,0.0,0.0,0.0,0.0,0.0,0.0
643070,0.106964404524,0.0,0.0,0.0,0.0,0.0,0.0
644272,0.107164337991,0.0,0.0,0.0,0.0,0.0,0.0
645474,0.107364271457,0.0,0.0,0.0,0.0,0.0,0.0
646676,0.107564204923,0.0,0.0,0.0,0.0,0.0,0.0
647878,0.10776413839,0.0,0.0,0.0,0.0,0.0,0.0
649080,0.107964071856,0.0,0.0,0.0,0.0,0.0,0.0
650282,0.108164005323,0.0,0.0,0.0,0.0,0.0,0.0
651484,0.108363938789,0.0,0.0,0.0,0.0,0.0,0.0
652686,0.108563872255,0.0,0.0,0.0,0.0,0.0,0.0
653888,0.108763805722,0.0,0.0,0.0,0.0,0.0,0.0
655090,0.108963739188,0.0,0.0,0.0,0.0,0.0,0.0
656292,0.109163672655,0.0,0.0,0.0,0.0,0.0,0.0
657494,0.109363606121,0.0,0.0,0.0,0.0,0.0,0.0
658696,0.109563539587,0.0,0.0,0.0,0.0,0.0,0.0
659898,0.109763473054,0.0,0.0,0.0,0.0,0.0,0.0
661100,0.10996340652,0.0,0.0,0.0,0.0,0.0,0.0
662302,0.110163339987,0.0,0.0,0.0,0.0,0.0,0.0
663504,0.110363273453,0.0,0.0,0.0,0.0,0.0,0.0
664706,0.110563206919,0.0,0.0,0.0,0.0,0.0,0.0
665908,0.110763140386,0.0,0.0,0.0,0.0,0.0,0.0
667110,0.110963073852,0.0,0.0,0.0,0.0,0.0,0.0
668312,0.111163007319,0.0,0.0,0.0,0.0,0.0,0.0
669514,0.111362940785,0.0,0.0,0.0,0.0,0.0,0.0
670716,0.111562874251,0.0,0.0,0.0,0.0,0.0,0.0
671918,0.111762807718,0.0,0.0,0.0,0.0,0.0,0.0
673120,0.111962741184,0.0,0.0,0.0,0.0,0.0,0.0
674322,0.112162674651,0.0,0.0,0.0,0.0,0.0,0.0
675524,0.112362608117,0.0,0.0,0.0,0.0,0.0,0.0
676726,0.112562541583,0.0,0.0,0.0,0.0,0.0,0.0
677928,0.11276247505,0.0,0.0,0.0,0.0,0.0,0.0
679130,0.112962408516,0.0,0.0,0.0,0.0,0.0,0.0
680332,0.113162341983,0.0,0.0,0.0,0.0,0.0,0.0
681534,0.113362275449,0.0,0.0,0.0,0.0,0.0,0.0
682736,0.113562208916,0.0,0.0,0.0,0.0,0.0,0.0
683938,0.113762142382,0.0,0.0,0.0,0.0,0.0,0.0
685140,0.113962075848,0.0,0.0,0.0,0.0,0.0,0.0
686342,0.114162009315,0.0,0.0,0.0,0.0,0.0,0.0
687544,0.114361942781,0.0,0.0,0.0,0.0,0.0,0.0
688746,0.114561876248,0.0,0.0,0.0,0.0,0.0,0.0
689948,0.114761809714,0.0,0.0,0.0,0.0,0.0,0.0
691150,0.11496174318,0.0,0.0,0.0,0.0,0.0,0.0
692352,0.115161676647,0.0,0.0,0.0,0.0,0.0,0.0
693554,0.115361610113,0.0,0.0,0.0,0.0,0.0,0.0
694756,0.11556154358,0.0,0.0,0.0,0.0,0.0,0.0
695958,0.115761477046,0.0,0.0,0.0,0.0,0.0,0.0
697160,0.115961410512,0.0,0.0,0.0,0.0,0.0,0.0
698362,0.116161343979,0.0,0.0,0.0,0.0,0.0,0.0
699564,0.116361277445,0.0,0.0,0.0,0.0,0.0,0.0
700766,0.116561210912,0.0,0.0,0.0,0.0,0.0,0.0
701968,0.116761144378,0.0,0.0,0.0,0.0,0.0,0.0
703170,0.116961077844,0.0,0.0,0.0,0.0,0.0,0.0
704372,0.117161011311,0.0,0.0,0.0,0.0,0.0,0.0
705574,0.117360944777,0.0,0.0,0.0,0.0,0.0,0.0
706776,0.117560878244,0.0,0.0,0.0,0.0,0.0,0.0
707978,0.11776081171,0.0,0.0,0.0,0.0,0.0,0.0
709180,0.117960745176,0.0,0.0,0.0,0.0,0.0,0.0
710382,0.118160678643,0.0,0.0,0.0,0.0,0.0,0.0
711584,0.118360612109,0.0,0.0,0.0,0.0,0.0,0.0
712786,0.118560545576,0.0,0.0,0.0,0.0,0.0,0.0
713988,0.118760479042,0.0,0.0,0.0,0.0,0.0,0.0
715190,0.118960412508,0.0,0.0,0.0,0.0,0.0,0.0
716392,0.119160345975,0.0,0.0,0.0,0.0,0.0,0.0
717594,0.119360279441,0.0,0.0,0.0,0.0,0.0,0.0
718796,0.119560212908,0.0,0.0,0.0,0.0,0.0,0.0
719998,0.119760146374,0.0,0.0,0.0,0.0,0.0,0.0
721200,0.11996007984,0.0,0.0,0.0,0.0,0.0,0.0
722402,0.120160013307,0.0,0.0,0.0,0.0,0.0,0.0
723604,0.120359946773,0.0,0.0,0.0,0.0,0.0,0.0
724806,0.12055988024,0.0,0.0,0.0,0.0,0.0,0.0
726008,0.120759813706,0.0,0.0,0.0,0.0,0.0,0.0
727210,0.120959747172,0.0,0.0,0.0,0.0,0.0,0.0
728412,0.121159680639,0.0,0.0,0.0,0.0,0.0,0.0
729614,0.121359614105,0.0,0.0,0.0,0.0,0.0,0.0
730816,0.121559547572,0.0,0.0,0.0,0.0,0.0,0.0
732018,0.121759481038,0.0,0.0,0.0,0.0,0.0,0.0
733220,0.121959414504,0.0,0.0,0.0,0.0,0.0,0.0
734422,0.122159347971,0.0,0.0,0.0,0.0,0.0,0.0
735624,0.122359281437,0.0,0.0,0.0,0.0,0.0,0.0
736826,0.122559214904,0.0,0.0,0.0,0.0,0.0,0.0
738028,0.12275914837,0.0,0.0,0.0,0.0,0.0,0.0
739230,0.122959081836,0.0,0.0,0.0,0.0,0.0,0.0
740432,0.123159015303,0.0,0.0,0.0,0.0,0.0,0.0
741634,0.123358948769,0.0,0.0,0.0,0.0,0.0,0.0
742836,0.123558882236,0.0,0.0,0.0,0.0,0.0,0.0
744038,0.123758815702,0.0,0.0,0.0,0.0,0.0,0.0
745240,0.123958749168,0.0,0.0,0.0,0.0,0.0,0.0
746442,0.124158682635,0.0,0.0,0.0,0.0,0.0,0.0
747644,0.124358616101,0.0,0.0,0.0,0.0,0.0,0.0
748846,0.124558549568,0.0,0.0,0.0,0.0,0.0,0.0
750048,0.124758483034,0.0,0.0,0.0,0.0,0.0,0.0
751250,0.1249584165,0.0,0.0,0.0,0.0,0.0,0.0
752452,0.125158349967,0.0,0.0,0.0,0.0,0.0,0.0
753654,0.125358283433,0.0,0.0,0.0,0.0,0.0,0.0
754856,0.1255582169,0.0,0.0,0.0,0.0,0.0,0.0
756058,0.125758150366,0.0,0.0,0.0,0.0,0.0,0.0
757260,0.125958083832,0.0,0.0,0.0,0.0,0.0,0.0
758462,0.126158017299,0.0,0.0,0.0,0.0,0.0,0.0
759664,0.126357950765,0.0,0.0,0.0,0.0,0.0,0.0
760866,0.126557884232,0.0,0.0,0.0,0.0,0.0,0.0
762068,0.126757817698,0.0,0.0,0.0,0.0,0.0,0.0
763270,0.126957751164,0.0,0.0,0.0,0.0,0.0,0.0
764472,0.127157684631,0.0,0.0,0.0,0.0,0.0,0.0
765674,0.127357618097,0.0,0.0,0.0,0.0,0.0,0.0
766876,0.127557551564,0.0,0.0,0.0,0.0,0.0,0.0
768078,0.12775748503,0.0,0.0,0.0,0.0,0.0,0.0
769280,0.127957418496,0.0,0.0,0.0,0.0,0.0,0.0
770482,0.128157351963,0.0,0.0,0.0,0.0,0.0,0.0
771684,0.128357285429,0.0,0.0,0.0,0.0,0.0,0.0
772886,0.128557218896,0.0,0.0,0.0,0.0,0.0,0.0
774088,0.128757152362,0.0,0.0,0.0,0.0,0.0,0.0
775290,0.128957085828,0.0,0.0,0.0,0.0,0.0,0.0
776492,0.129157019295,0.0,0.0,0.0,0.0,0.0,0.0
777694,0.129356952761,0.0,0.0,0.0,0.0,0.0,0.0
778896,0.129556886228,0.0,0.0,0.0,0.0,0.0,0.0
780098,0.129756819694,0.0,0.0,0.0,0.0,0.0,0.0
781300,0.12995675316,0.0,0.0,0.0,0.0,0.0,0.0
782502,0.130156686627,0.0,0.0,0.0,0.0,0.0,0.0
783704,0.130356620093,0.0,0.0,0.0,0.0,0.0,0.0
784906,0.13055655356,0.0,0.0,0.0,0.0,0.0,0.0
786108,0.130756487026,0.0,0.0,0.0,0.0,0.0,0.0
787310,0.130956420492,0.0,0.0,0.0,0.0,0.0,0.0
788512,0.131156353959,0.0,0.0,0.0,0.0,0.0,0.0
789714,0.131356287425,0.0,0.0,0.0,0.0,0.0,0.0
790916,0.131556220892,0.0,0.0,0.0,0.0,0.0,0.0
792118,0.131756154358,0.0,0.0,0.0,0.0,0.0,0.0
793320,0.131956087824,0.0,0.0,0.0,0.0,0.0,0.0
794522,0.132156021291,0.0,0.0,0.0,0.0,0.0,0.0
795724,0.132355954757,0.0,0.0,0.0,0.0,0.0,0.0
796926,0.132555888224,0.0,0.0,0.0,0.0,0.0,0.0
798128,0.13275582169,0.0,0.0,0.0,0.0,0.0,0.0
799330,0.132955755156,0.0,0.0,0.0,0.0,0.0,0.0
800532,0.133155688623,0.0,0.0,0.0,0.0,0.0,0.0
801734,0.133355622089,0.0,0.0,0.0,0.0,0.0,0.0
802936,0.133555555556,0.0,0.0,0.0,0.0,0.0,0.0
804138,0.133755489022,0.0,0.0,0.0,0.0,0.0,0.0
805340,0.133955422488,0.0,0.0,0.0,0.0,0.0,0.0
806542,0.134155355955,0.0,0.0,0.0,0.0,0.0,0.0
807744,0.134355289421,0.0,0.0,0.0,0.0,0.0,0.0
808946,0.134555222888,0.0,0.0,0.0,0.0,0.0,0.0
810148,0.134755156354,0.0,0.0,0.0,0.0,0.0,0.0
811350,0.13495508982,0.0,0.0,0.0,0.0,0.0,0.0
812552,0.135155023287,0.0,0.0,0.0,0.0,0.0,0.0
813754,0.135354956753,0.0,0.0,0.0,0.0,0.0,0.0
814956,0.13555489022,0.0,0.0,0.0,0.0,0.0,0.0
816158,0.135754823686,0.0,0.0,0.0,0.0,0.0,0.0
817360,0.135954757152,0.0,0.0,0.0,0.0,0.0,0.0
818562,0.136154690619,0.0,0.0,0.0,0.0,0.0,0.0
819764,0.136354624085,0.0,0.0,0.0,0.0,0.0,0.0
820966,0.136554557552,0.0,0.0,0.0,0.0,0.0,0.0
822168,0.136754491018,0.0,0.0,0.0,0.0,0.0,0.0
823370,0.136954424484,0.0,0.0,0.0,0.0,0.0,0.0
824572,0.137154357951,0.0,0.0,0.0,0.0,0.0,0.0
825774,0.137354291417,0.0,0.0,0.0,0.0,0.0,0.0
826976,0.137554224884,0.0,0.0,0.0,0.0,0.0,0.0
828178,0.13775415835,0.0,0.0,0.0,0.0,0.0,0.0
829380,0.137954091816,0.0,0.0,0.0,0.0,0.0,0.0
830582,0.138154025283,0.0,0.0,0.0,0.0,0.0,0.0
831784,0.138353958749,0.0,0.0,0.0,0.0,0.0,0.0
832986,0.138553892216,0.0,0.0,0.0,0.0,0.0,0.0
834188,0.138753825682,0.0,0.0,0.0,0.0,0.0,0.0
835390,0.138953759148,0.0,0.0,0.0,0.0,0.0,0.0
836592,0.139153692615,0.0,0.0,0.0,0.0,0.0,0.0
837794,0.139353626081,0.0,0.0,0.0,0.0,0.0,0.0
838996,0.139553559548,0.0,0.0,0.0,0.0,0.0,0.0
840198,0.139753493014,0.0,0.0,0.0,0.0,0.0,0.0
841400,0.13995342648,0.0,0.0,0.0,0.0,0.0,0.0
842602,0.140153359947,0.0,0.0,0.0,0.0,0.0,0.0
843804,0.140353293413,0.0,0.0,0.0,0.0,0.0,0.0
845006,0.14055322688,0.0,0.0,0.0,0.0,0.0,0.0
846208,0.140753160346,0.0,0.0,0.0,0.0,0.0,0.0
847410,0.140953093812,0.0,0.0,0.0,0.0,0.0,0.0
848612,0.141153027279,0.0,0.0,0.0,0.0,0.0,0.0
849814,0.141352960745,0.0,0.0,0.0,0.0,0.0,0.0
851016,0.141552894212,0.0,0.0,0.0,0.0,0.0,0.0
852218,0.141752827678,0.0,0.0,0.0,0.0,0.0,0.0
853420,0.141952761144,0.0,0.0,0.0,0.0,0.0,0.0
854622,0.142152694611,0.0,0.0,0.0,0.0,0.0,0.0
855824,0.142352628077,0.0,0.0,0.0,0.0,0.0,0.0
857026,0.142552561544,0.0,0.0,0.0,0.0,0.0,0.0
858228,0.14275249501,0.0,0.0,0.0,0.0,0.0,0.0
859430,0.142952428476,0.0,0.0,0.0,0.0,0.0,0.0
860632,0.143152361943,0.0,0.0,0.0,0.0,0.0,0.0
861834,0.143352295409,0.0,0.0,0.0,0.0,0.0,0.0
863036,0.143552228876,0.0,0.0,0.0,0.0,0.0,0.0
864238,0.143752162342,0.0,0.0,0.0,0.0,0.0,0.0
865440,0.143952095808,0.0,0.0,0.0,0.0,0.0,0.0
866642,0.144152029275,0.0,0.0,0.0,0.0,0.0,0.0
867844,0.144351962741,0.0,0.0,0.0,0.0,0.0,0.0
869046,0.144551896208,0.0,0.0,0.0,0.0,0.0,0.0
870248,0.144751829674,0.0,0.0,0.0,0.0,0.0,0.0
871450,0.14495176314,0.0,0.0,0.0,0.0,0.0,0.0
872652,0.145151696607,0.0,0.0,0.0,0.0,0.0,0.0
873854,0.145351630073,0.0,0.0,0.0,0.0,0.0,0.0
875056,0.14555156354,0.0,0.0,0.0,0.0,0.0,0.0
876258,0.145751497006,0.0,0.0,0.0,0.0,0.0,0.0
877460,0.145951430472,0.0,0.0,0.0,0.0,0.0,0.0
878662,0.146151363939,0.0,0.0,0.0,0.0,0.0,0.0
879864,0.146351297405,0.0,0.0,0.0,0.0,0.0,0.0
881066,0.146551230872,0.0,0.0,0.0,0.0,0.0,0.0
882268,0.146751164338,0.0,0.0,0.0,0.0,0.0,0.0
883470,0.146951097804,0.0,0.0,0.0,0.0,0.0,0.0
884672,0.147151031271,0.0,0.0,0.0,0.0,0.0,0.0
885874,0.147350964737,0.0,0.0,0.0,0.0,0.0,0.0
887076,0.147550898204,0.0,0.0,0.0,0.0,0.0,0.0
888278,0.14775083167,0.0,0.0,0.0,0.0,0.0,0.0
889480,0.147950765136,0.0,0.0,0.0,0.0,0.0,0.0
890682,0.148150698603,0.0,0.0,0.0,0.0,0.0,0.0
891884,0.148350632069,0.0,0.0,0.0,0.0,0.0,0.0
893086,0.148550565536,0.0,0.0,0.0,0.0,0.0,0.0
894288,0.148750499002,0.0,0.0,0.0,0.0,0.0,0.0
895490,0.148950432468,0.0,0.0,0.0,0.0,0.0,0.0
896692,0.149150365935,0.0,0.0,0.0,0.0,0.0,0.0
897894,0.149350299401,0.0,0.0,0.0,0.0,0.0,0.0
899096,0.149550232868,0.0,0.0,0.0,0.0,0.0,0.0
900298,0.149750166334,0.0,0.0,0.0,0.0,0.0,0.0
901500,0.1499500998,0.0,0.0,0.0,0.0,0.0,0.0
902702,0.150150033267,0.0,0.0,0.0,0.0,0.0,0.0
903904,0.150349966733,0.0,0.0,0.0,0.0,0.0,0.0
905106,0.1505499002,0.0,0.0,0.0,0.0,0.0,0.0
906308,0.150749833666,0.0,0.0,0.0,0.0,0.0,0.0
907510,0.150949767132,0.0,0.0,0.0,0.0,0.0,0.0
908712,0.151149700599,0.0,0.0,0.0,0.0,0.0,0.0
909914,0.151349634065,0.0,0.0,0.0,0.0,0.0,0.0
911116,0.151549567532,0.0,0.0,0.0,0.0,0.0,0.0
912318,0.151749500998,0.0,0.0,0.0,0.0,0.0,0.0
913520,0.151949434464,0.0,0.0,0.0,0.0,0.0,0.0
914722,0.152149367931,0.0,0.0,0.0,0.0,0.0,0.0
915924,0.152349301397,0.0,0.0,0.0,0.0,0.0,0.0
917126,0.152549234864,0.0,0.0,0.0,0.0,0.0,0.0
918328,0.15274916833,0.0,0.0,0.0,0.0,0.0,0.0
919530,0.152949101796,0.0,0.0,0.0,0.0,0.0,0.0
920732,0.153149035263,0.0,0.0,0.0,0.0,0.0,0.0
921934,0.153348968729,0.0,0.0,0.0,0.0,0.0,0.0
923136,0.153548902196,0.0,0.0,0.0,0.0,0.0,0.0
924338,0.153748835662,0.0,0.0,0.0,0.0,0.0,0.0
925540,0.153948769128,0.0,0.0,0.0,0.0,0.0,0.0
926742,0.154148702595,0.0,0.0,0.0,0.0,0.0,0.0
927944,0.154348636061,0.0,0.0,0.0,0.0,0.0,0.0
929146,0.154548569528,0.0,0.0,0.0,0.0,0.0,0.0
930348,0.154748502994,0.0,0.0,0.0,0.0,0.0,0.0
931550,0.15494843646,0.0,0.0,0.0,0.0,0.0,0.0
932752,0.155148369927,0.0,0.0,0.0,0.0,0.0,0.0
933954,0.155348303393,0.0,0.0,0.0,0.0,0.0,0.0
935156,0.15554823686,0.0,0.0,0.0,0.0,0.0,0.0
936358,0.155748170326,0.0,0.0,0.0,0.0,0.0,0.0
937560,0.155948103792,0.0,0.0,0.0,0.0,0.0,0.0
938762,0.156148037259,0.0,0.0,0.0,0.0,0.0,0.0
939964,0.156347970725,0.0,0.0,0.0,0.0,0.0,0.0
941166,0.156547904192,0.0,0.0,0.0,0.0,0.0,0.0
942368,0.156747837658,0.0,0.0,0.0,0.0,0.0,0.0
943570,0.156947771124,0.0,0.0,0.0,0.0,0.0,0.0
944772,0.157147704591,0.0,0.0,0.0,0.0,0.0,0.0
945974,0.157347638057,0.0,0.0,0.0,0.0,0.0,0.0
947176,0.157547571524,0.0,0.0,0.0,0.0,0.0,0.0
948378,0.15774750499,0.0,0.0,0.0,0.0,0.0,0.0
949580,0.157947438456,0.0,0.0,0.0,0.0,0.0,0.0
950782,0.158147371923,0.0,0.0,0.0,0.0,0.0,0.0
951984,0.158347305389,0.0,0.0,0.0,0.0,0.0,0.0
953186,0.158547238856,0.0,0.0,0.0,0.0,0.0,0.0
954388,0.158747172322,0.0,0.0,0.0,0.0,0.0,0.0
955590,0.158947105788,0.0,0.0,0.0,0.0,0.0,0.0
956792,0.159147039255,0.0,0.0,0.0,0.0,0.0,0.0
957994,0.159346972721,0.0,0.0,0.0,0.0,0.0,0.0
959196,0.159546906188,0.0,0.0,0.0,0.0,0.0,0.0
960398,0.159746839654,0.0,0.0,0.0,0.0,0.0,0.0
961600,0.15994677312,0.0,0.0,0.0,0.0,0.0,0.0
962802,0.160146706587,0.0,0.0,0.0,0.0,0.0,0.0
964004,0.160346640053,0.0,0.0,0.0,0.0,0.0,0.0
965206,0.16054657352,0.0,0.0,0.0,0.0,0.0,0.0
966408,0.160746506986,0.0,0.0,0.0,0.0,0.0,0.0
967610,0.160946440452,0.0,0.0,0.0,0.0,0.0,0.0
968812,0.161146373919,0.0,0.0,0.0,0.0,0.0,0.0
970014,0.161346307385,0.0,0.0,0.0,0.0,0.0,0.0
971216,0.161546240852,0.0,0.0,0.0,0.0,0.0,0.0
972418,0.161746174318,0.0,0.0,0.0,0.0,0.0,0.0
973620,0.161946107784,0.0,0.0,0.0,0.0,0.0,0.0
974822,0.162146041251,0.0,0.0,0.0,0.0,0.0,0.0
976024,0.162345974717,0.0,0.0,0.0,0.0,0.0,0.0
977226,0.162545908184,0.0,0.0,0.0,0.0,0.0,0.0
978428,0.16274584165,0.0,0.0,0.0,0.0,0.0,0.0
979630,0.162945775116,0.0,0.0,0.0,0.0,0.0,0.0
980832,0.163145708583,0.0,0.0,0.0,0.0,0.0,0.0
982034,0.163345642049,0.0,0.0,0.0,0.0,0.0,0.0
983236,0.163545575516,0.0,0.0,0.0,0.0,0.0,0.0
984438,0.163745508982,0.0,0.0,0.0,0.0,0.0,0.0
985640,0.163945442448,0.0,0.0,0.0,0.0,0.0,0.0
986842,0.164145375915,0.0,0.0,0.0,0.0,0.0,0.0
988044,0.164345309381,0.0,0.0,0.0,0.0,0.0,0.0
989246,0.164545242848,0.0,0.0,0.0,0.0,0.0,0.0
990448,0.164745176314,0.0,0.0,0.0,0.0,0.0,0.0
991650,0.16494510978,0.0,0.0,0.0,0.0,0.0,0.0
992852,0.165145043247,0.0,0.0,0.0,0.0,0.0,0.0
994054,0.165344976713,0.0,0.0,0.0,0.0,0.0,0.0
995256,0.16554491018,0.0,0.0,0.0,0.0,0.0,0.0
996458,0.165744843646,0.0,0.0,0.0,0.0,0.0,0.0
997660,0.165944777112,0.0,0.0,0.0,0.0,0.0,0.0
998862,0.166144710579,0.0,0.0,0.0,0.0,0.0,0.0
1000064,0.166344644045,0.0,0.0,0.0,0.0,0.0,0.0
1001266,0.166544577512,0.0,0.0,0.0,0.0,0.0,0.0
1002468,0.166744510978,0.0,0.0,0.0,0.0,0.0,0.0
1003670,0.166944444444,0.0,0.0,0.0,0.0,0.0,0.0
1004872,0.167144377911,0.0,0.0,0.0,0.0,0.0,0.0
1006074,0.167344311377,0.0,0.0,0.0,0.0,0.0,0.0
1007276,0.167544244844,0.0,0.0,0.0,0.0,0.0,0.0
1008478,0.16774417831,0.0,0.0,0.0,0.0,0.0,0.0
1009680,0.167944111776,0.0,0.0,0.0,0.0,0.0,0.0
1010882,0.168144045243,0.0,0.0,0.0,0.0,0.0,0.0
1012084,0.168343978709,0.0,0.0,0.0,0.0,0.0,0.0
1013286,0.168543912176,0.0,0.0,0.0,0.0,0.0,0.0
1014488,0.168743845642,0.0,0.0,0.0,0.0,0.0,0.0
1015690,0.168943779108,0.0,0.0,0.0,0.0,0.0,0.0
1016892,0.169143712575,0.0,0.0,0.0,0.0,0.0,0.0
1018094,0.169343646041,0.0,0.0,0.0,0.0,0.0,0.0
1019296,0.169543579508,0.0,0.0,0.0,0.0,0.0,0.0
1020498,0.169743512974,0.0,0.0,0.0,0.0,0.0,0.0
1021700,0.16994344644,0.0,0.0,0.0,0.0,0.0,0.0
1022902,0.170143379907,0.0,0.0,0.0,0.0,0.0,0.0
1024104,0.170343313373,0.0,0.0,0.0,0.0,0.0,0.0
1025306,0.17054324684,0.0,0.0,0.0,0.0,0.0,0.0
1026508,0.170743180306,0.0,0.0,0.0,0.0,0.0,0.0
1027710,0.170943113772,0.0,0.0,0.0,0.0,0.0,0.0
1028912,0.171143047239,0.0,0.0,0.0,0.0,0.0,0.0
1030114,0.171342980705,0.0,0.0,0.0,0.0,0.0,0.0
1031316,0.171542914172,0.0,0.0,0.0,0.0,0.0,0.0
1032518,0.171742847638,0.0,0.0,0.0,0.0,0.0,0.0
1033720,0.171942781104,0.0,0.0,0.0,0.0,0.0,0.0
1034922,0.172142714571,0.0,0.0,0.0,0.0,0.0,0.0
1036124,0.172342648037,0.0,0.0,0.0,0.0,0.0,0.0
1037326,0.172542581504,0.0,0.0,0.0,0.0,0.0,0.0
1038528,0.17274251497,0.0,0.0,0.0,0.0,0.0,0.0
1039730,0.172942448436,0.0,0.0,0.0,0.0,0.0,0.0
1040932,0.173142381903,0.0,0.0,0.0,0.0,0.0,0.0
1042134,0.173342315369,0.0,0.0,0.0,0.0,0.0,0.0
1043336,0.173542248836,0.0,0.0,0.0,0.0,0.0,0.0
1044538,0.173742182302,0.0,0.0,0.0,0.0,0.0,0.0
1045740,0.173942115768,0.0,0.0,0.0,0.0,0.0,0.0
1046942,0.174142049235,0.0,0.0,0.0,0.0,0.0,0.0
1048144,0.174341982701,0.0,0.0,0.0,0.0,0.0,0.0
1049346,0.174541916168,0.0,0.0,0.0,0.0,0.0,0.0
1050548,0.174741849634,0.0,0.0,0.0,0.0,0.0,0.0
1051750,0.1749417831,0.0,0.0,0.0,0.0,0.0,0.0
1052952,0.175141716567,0.0,0.0,0.0,0.0,0.0,0.0
1054154,0.175341650033,0.0,0.0,0.0,0.0,0.0,0.0
1055356,0.1755415835,0.0,0.0,0.0,0.0,0.0,0.0
1056558,0.175741516966,0.0,0.0,0.0,0.0,0.0,0.0
1057760,0.175941450432,0.0,0.0,0.0,0.0,0.0,0.0
1058962,0.176141383899,0.0,0.0,0.0,0.0,0.0,0.0
1060164,0.176341317365,0.0,0.0,0.0,0.0,0.0,0.0
1061366,0.176541250832,0.0,0.0,0.0,0.0,0.0,0.0
1062568,0.176741184298,0.0,0.0,0.0,0.0,0.0,0.0
1063770,0.176941117764,0.0,0.0,0.0,0.0,0.0,0.0
1064972,0.177141051231,0.0,0.0,0.0,0.0,0.0,0.0
1066174,0.177340984697,0.0,0.0,0.0,0.0,0.0,0.0
1067376,0.177540918164,0.0,0.0,0.0,0.0,0.0,0.0
1068578,0.17774085163,0.0,0.0,0.0,0.0,0.0,0.0
1069780,0.177940785096,0.0,0.0,0.0,0.0,0.0,0.0
1070982,0.178140718563,0.0,0.0,0.0,0.0,0.0,0.0
1072184,0.178340652029,0.0,0.0,0.0,0.0,0.0,0.0
1073386,0.178540585496,0.0,0.0,0.0,0.0,0.0,0.0
1074588,0.178740518962,0.0,0.0,0.0,0.0,0.0,0.0
1075790,0.178940452428,0.0,0.0,0.0,0.0,0.0,0.0
1076992,0.179140385895,0.0,0.0,0.0,0.0,0.0,0.0
1078194,0.179340319361,0.0,0.0,0.0,0.0,0.0,0.0
1079396,0.179540252828,0.0,0.0,0.0,0.0,0.0,0.0
1080598,0.179740186294,0.0,0.0,0.0,0.0,0.0,0.0
1081800,0.17994011976,0.0,0.0,0.0,0.0,0.0,0.0
1083002,0.180140053227,0.0,0.0,0.0,0.0,0.0,0.0
1084204,0.180339986693,0.0,0.0,0.0,0.0,0.0,0.0
1085406,0.18053992016,0.0,0.0,0.0,0.0,0.0,0.0
1086608,0.180739853626,0.0,0.0,0.0,0.0,0.0,0.0
1087810,0.180939787092,0.0,0.0,0.0,0.0,0.0,0.0
1089012,0.181139720559,0.0,0.0,0.0,0.0,0.0,0.0
1090214,0.181339654025,0.0,0.0,0.0,0.0,0.0,0.0
1091416,0.181539587492,0.0,0.0,0.0,0.0,0.0,0.0
1092618,0.181739520958,0.0,0.0,0.0,0.0,0.0,0.0
1093820,0.181939454424,0.0,0.0,0.0,0.0,0.0,0.0
1095022,0.182139387891,0.0,0.0,0.0,0.0,0.0,0.0
1096224,0.182339321357,0.0,0.0,0.0,0.0,0.0,0.0
1097426,0.182539254824,0.0,0.0,0.0,0.0,0.0,0.0
1098628,0.18273918829,0.0,0.0,0.0,0.0,0.0,0.0
1099830,0.182939121756,0.0,0.0,0.0,0.0,0.0,0.0
1101032,0.183139055223,0.0,0.0,0.0,0.0,0.0,0.0
1102234,0.183338988689,0.0,0.0,0.0,0.0,0.0,0.0
1103436,0.183538922156,0.0,0.0,0.0,0.0,0.0,0.0
1104638,0.183738855622,0.0,0.0,0.0,0.0,0.0,0.0
1105840,0.183938789088,0.0,0.0,0.0,0.0,0.0,0.0
1107042,0.184138722555,0.0,0.0,0.0,0.0,0.0,0.0
1108244,0.184338656021,0.0,0.0,0.0,0.0,0.0,0.0
1109446,0.184538589488,0.0,0.0,0.0,0.0,0.0,0.0
1110648,0.184738522954,0.0,0.0,0.0,0.0,0.0,0.0
1111850,0.18493845642,0.0,0.0,0.0,0.0,0.0,0.0
1113052,0.185138389887,0.0,0.0,0.0,0.0,0.0,0.0
1114254,0.185338323353,0.0,0.0,0.0,0.0,0.0,0.0
1115456,0.18553825682,0.0,0.0,0.0,0.0,0.0,0.0
1116658,0.185738190286,0.0,0.0,0.0,0.0,0.0,0.0
1117860,0.185938123752,0.0,0.0,0.0,0.0,0.0,0.0
1119062,0.186138057219,0.0,0.0,0.0,0.0,0.0,0.0
1120264,0.186337990685,0.0,0.0,0.0,0.0,0.0,0.0
1121466,0.186537924152,0.0,0.0,0.0,0.0,0.0,0.0
1122668,0.186737857618,0.0,0.0,0.0,0.0,0.0,0.0
1123870,0.186937791084,0.0,0.0,0.0,0.0,0.0,0.0
1125072,0.187137724551,0.0,0.0,0.0,0.0,0.0,0.0
1126274,0.187337658017,0.0,0.0,0.0,0.0,0.0,0.0
1127476,0.187537591484,0.0,0.0,0.0,0.0,0.0,0.0
1128678,0.18773752495,0.0,0.0,0.0,0.0,0.0,0.0
1129880,0.187937458417,0.0,0.0,0.0,0.0,0.0,0.0
1131082,0.188137391883,0.0,0.0,0.0,0.0,0.0,0.0
1132284,0.188337325349,0.0,0.0,0.0,0.0,0.0,0.0
1133486,0.188537258816,0.0,0.0,0.0,0.0,0.0,0.0
1134688,0.188737192282,0.0,0.0,0.0,0.0,0.0,0.0
1135890,0.188937125749,0.0,0.0,0.0,0.0,0.0,0.0
1137092,0.189137059215,0.0,0.0,0.0,0.0,0.0,0.0
1138294,0.189336992681,0.0,0.0,0.0,0.0,0.0,0.0
1139496,0.189536926148,0.0,0.0,0.0,0.0,0.0,0.0
1140698,0.189736859614,0.0,0.0,0.0,0.0,0.0,0.0
1141900,0.189936793081,0.0,0.0,0.0,0.0,0.0,0.0
1143102,0.190136726547,0.0,0.0,0.0,0.0,0.0,0.0
1144304,0.190336660013,0.0,0.0,0.0,0.0,0.0,0.0
1145506,0.19053659348,0.0,0.0,0.0,0.0,0.0,0.0
1146708,0.190736526946,0.0,0.0,0.0,0.0,0.0,0.0
1147910,0.190936460413,0.0,0.0,0.0,0.0,0.0,0.0
1149112,0.191136393879,0.0,0.0,0.0,0.0,0.0,0.0
1150314,0.191336327345,0.0,0.0,0.0,0.0,0.0,0.0
1151516,0.191536260812,0.0,0.0,0.0,0.0,0.0,0.0
1152718,0.191736194278,0.0,0.0,0.0,0.0,0.0,0.0
1153920,0.191936127745,0.0,0.0,0.0,0.0,0.0,0.0
1155122,0.192136061211,0.0,0.0,0.0,0.0,0.0,0.0
1156324,0.192335994677,0.0,0.0,0.0,0.0,0.0,0.0
1157526,0.192535928144,0.0,0.0,0.0,0.0,0.0,0.0
1158728,0.19273586161,0.0,0.0,0.0,0.0,0.0,0.0
1159930,0.192935795077,0.0,0.0,0.0,0.0,0.0,0.0
1161132,0.193135728543,0.0,0.0,0.0,0.0,0.0,0.0
1162334,0.193335662009,0.0,0.0,0.0,0.0,0.0,0.0
1163536,0.193535595476,0.0,0.0,0.0,0.0,0.0,0.0
1164738,0.193735528942,0.0,0.0,0.0,0.0,0.0,0.0
1165940,0.193935462409,0.0,0.0,0.0,0.0,0.0,0.0
1167142,0.194135395875,0.0,0.0,0.0,0.0,0.0,0.0
1168344,0.194335329341,0.0,0.0,0.0,0.0,0.0,0.0
1169546,0.194535262808,0.0,0.0,0.0,0.0,0.0,0.0
1170748,0.194735196274,0.0,0.0,0.0,0.0,0.0,0.0
1171950,0.194935129741,0.0,0.0,0.0,0.0,0.0,0.0
1173152,0.195135063207,0.0,0.0,0.0,0.0,0.0,0.0
1174354,0.195334996673,0.0,0.0,0.0,0.0,0.0,0.0
1175556,0.19553493014,0.0,0.0,0.0,0.0,0.0,0.0
1176758,0.195734863606,0.0,0.0,0.0,0.0,0.0,0.0
1177960,0.195934797073,0.0,0.0,0.0,0.0,0.0,0.0
1179162,0.196134730539,0.0,0.0,0.0,0.0,0.0,0.0
1180364,0.196334664005,0.0,0.0,0.0,0.0,0.0,0.0
1181566,0.196534597472,0.0,0.0,0.0,0.0,0.0,0.0
1182768,0.196734530938,0.0,0.0,0.0,0.0,0.0,0.0
1183970,0.196934464405,0.0,0.0,0.0,0.0,0.0,0.0
1185172,0.197134397871,0.0,0.0,0.0,0.0,0.0,0.0
1186374,0.197334331337,0.0,0.0,0.0,0.0,0.0,0.0
1187576,0.197534264804,0.0,0.0,0.0,0.0,0.0,0.0
1188778,0.19773419827,0.0,0.0,0.0,0.0,0.0,0.0
1189980,0.197934131737,0.0,0.0,0.0,0.0,0.0,0.0
1191182,0.198134065203,0.0,0.0,0.0,0.0,0.0,0.0
1192384,0.198333998669,0.0,0.0,0.0,0.0,0.0,0.0
1193586,0.198533932136,0.0,0.0,0.0,0.0,0.0,0.0
1194788,0.198733865602,0.0,0.0,0.0,0.0,0.0,0.0
1195990,0.198933799069,0.0,0.0,0.0,0.0,0.0,0.0
1197192,0.199133732535,0.0,0.0,0.0,0.0,0.0,0.0
1198394,0.199333666001,0.0,0.0,0.0,0.0,0.0,0.0
1199596,0.199533599468,0.0,0.0,0.0,0.0,0.0,0.0
1200798,0.199733532934,0.0,0.0,0.0,0.0,0.0,0.0
1202000,0.199933466401,0.0,0.0,0.0,0.0,0.0,0.0
1202401,0.200000166334,0.0,0.0,0.0,0.0,0.0,0.0
