1202,0.000199933466401,0.682158140546,0.286953817324
2404,0.000399866932801,0.761729925713,0.357328255577
3606,0.000599800399202,0.850671512029,0.436591555782
4808,0.000799733865602,0.954833140927,0.535968722321
6010,0.000999667332003,1.08096945298,0.670748521332
7212,0.0011996007984,1.21601229793,0.832540519251
8414,0.0013995342648,1.37952872208,1.0374741633
9616,0.0015994677312,1.489085868,1.1822028462
10818,0.0017994011976,1.51809618124,1.22668879001
12020,0.00199933466401,1.51393738086,1.22007385924
13222,0.00219926813041,1.51106023654,1.21280960586
14424,0.00239920159681,1.48977063517,1.1884429484
15626,0.00259913506321,1.46807391539,1.1646151899
16828,0.00279906852961,1.45829376001,1.15492268272
18030,0.00299900199601,1.45114044299,1.15687994311
19232,0.00319893546241,1.43934883199,1.15435579352
20434,0.00339886892881,1.44807642623,1.16945604957
21636,0.00359880239521,1.49274475759,1.23116844135
22838,0.00379873586161,1.50095623893,1.2406452362
24040,0.00399866932801,1.4917350124,1.20821653596
25242,0.00419860279441,1.50444018783,1.21773271868
26444,0.00439853626081,1.54686496751,1.25609916602
27646,0.00459846972721,1.59367225702,1.30144961098
28848,0.00479840319361,1.63256015219,1.32563441305
30050,0.00499833666001,1.67764710152,1.358228441
31252,0.00519827012641,1.76009405697,1.42550709373
32454,0.00539820359281,1.84600503103,1.50130712421
33656,0.00559813705921,1.94447247412,1.60115109704
34858,0.00579807052562,2.05075087111,1.72188031792
36060,0.00599800399202,2.08474431749,1.77005069195
37262,0.00619793745842,2.084764847,1.78450758257
38464,0.00639787092482,2.05671265735,1.7516963925
39666,0.00659780439122,2.06452278322,1.77052124719
40868,0.00679773785762,2.0154527985,1.71870514765
42070,0.00699767132402,1.95127740548,1.63598844892
43272,0.00719760479042,1.89145814141,1.5781309094
44474,0.00739753825682,1.83785717253,1.54051864859
45676,0.00759747172322,1.75916220682,1.46776671289
46878,0.00779740518962,1.67577774269,1.38907832039
48080,0.00799733865602,1.59444488856,1.29974591847
49282,0.00819727212242,1.54395706874,1.2418572116
50484,0.00839720558882,1.50207857594,1.18949816592
51686,0.00859713905522,1.45771683993,1.12929917566
52888,0.00879707252162,1.39860385378,1.04811292892
54090,0.00899700598802,1.34029494271,0.967512506445
55292,0.00919693945442,1.31431400026,0.93121957329
56494,0.00939687292083,1.32725693606,0.940893876144
57696,0.00959680638723,1.35875442404,0.982721938307
58898,0.00979673985363,1.40612567378,1.03999087655
60100,0.00999667332003,1.47221961994,1.12485086279
61302,0.0101966067864,1.60034059957,1.26062476585
62504,0.0103965402528,1.68901254079,1.33927982573
63706,0.0105964737192,1.7698779247,1.41600344254
64908,0.0107964071856,1.81930461674,1.45568886171
66110,0.010996340652,1.85595302866,1.48722850754
67312,0.0111962741184,1.85991798568,1.49105137374
68514,0.0113962075848,1.91178581745,1.5279471624
69716,0.0115961410512,1.99412422765,1.59607269281
70918,0.0117960745176,2.1356667506,1.75893822988
72120,0.011996007984,2.21020644521,1.84495698619
73322,0.0121959414504,2.22778781677,1.86810717347
74524,0.0123958749168,2.21447715717,1.8335541981
75726,0.0125958083832,2.21538029872,1.80278064462
76928,0.0127957418496,2.20551250744,1.76828431856
78130,0.012995675316,2.15822871509,1.70118436518
79332,0.0131956087824,2.11045228203,1.64189326801
80534,0.0133955422488,2.08106417405,1.59886886541
81736,0.0135954757152,2.0523265651,1.55871880404
82938,0.0137954091816,2.05546677846,1.56598448524
84140,0.013995342648,2.09157446926,1.59686087896
85342,0.0141952761144,2.13580905486,1.63896436475
86544,0.0143952095808,2.22433917735,1.73670450586
87746,0.0145951430472,2.30919330314,1.83135979366
88948,0.0147950765136,2.37461521805,1.89584903782
90150,0.01499500998,2.37933213216,1.89879962362
91352,0.0151949434464,2.40782716924,1.92528506432
92554,0.0153948769128,2.49956566186,2.03242672246
93756,0.0155948103792,2.5692365562,2.12841780994
94958,0.0157947438456,2.62132634723,2.2020055944
96160,0.015994677312,2.79746558709,2.41674836811
97362,0.0161946107784,2.8830840754,2.47785811106
98564,0.0163945442448,2.99085093035,2.56372033942
99766,0.0165944777112,3.22958485704,2.76703230269
100968,0.0167944111776,3.43397942415,2.99264880269
102170,0.016994344644,3.46719367524,3.0346627019
103372,0.0171942781104,3.3627326708,2.92712668896
104574,0.0173942115768,3.20415023582,2.78412715353
105776,0.0175941450432,3.05314204299,2.63842910761
106978,0.0177940785096,2.91873423651,2.49478510756
108180,0.017994011976,2.7660871094,2.33694385844
109382,0.0181939454424,2.63047464775,2.2184439615
110584,0.0183938789088,2.55871505271,2.14913150745
111786,0.0185938123752,2.48399105882,2.07087912965
112988,0.0187937458417,2.38292154064,1.96697933548
114190,0.0189936793081,2.32267079736,1.89382659924
115392,0.0191936127745,2.33287520443,1.89412568954
116594,0.0193935462409,2.41395166,1.98315563127
117796,0.0195934797073,2.45114002892,2.02933102535
118998,0.0197934131737,2.51075965549,2.0846793239
120200,0.0199933466401,2.50324047592,2.07295416722
121402,0.0201932801065,2.50814244183,2.06282975663
122604,0.0203932135729,2.54549138667,2.07880870541
123806,0.0205931470393,2.53859432879,2.06066947984
125008,0.0207930805057,2.52264543677,2.05217243285
126210,0.0209930139721,2.48707850069,2.0219698386
127412,0.0211929474385,2.55299659307,2.12443554506
128614,0.0213928809049,2.51618879563,2.1410876269
129816,0.0215928143713,2.4243571564,2.07615444332
131018,0.0217927478377,2.3303398926,1.98303922953
132220,0.0219926813041,2.23191884279,1.87769148391
133422,0.0221926147705,2.12495079942,1.76046300304
134624,0.0223925482369,2.02530897278,1.64196805546
135826,0.0225924817033,1.90137630269,1.51662078231
137028,0.0227924151697,1.79118157502,1.40872501036
138230,0.0229923486361,1.6768273798,1.2999941976
139432,0.0231922821025,1.58760374554,1.20273338674
140634,0.0233922155689,1.5043644174,1.10852461682
141836,0.0235921490353,1.44235472469,1.05305509173
143038,0.0237920825017,1.41648479648,1.05553175574
144240,0.0239920159681,1.44554210185,1.11188398738
145442,0.0241919494345,1.52054497542,1.24259668127
146644,0.0243918829009,1.67182584741,1.47942065136
147846,0.0245918163673,1.73226695741,1.56984033049
149048,0.0247917498337,1.73810946242,1.57307161791
150250,0.0249916833001,1.70367865399,1.53146816396
151452,0.0251916167665,1.65230600464,1.4635375885
152654,0.0253915502329,1.60679535087,1.40910632937
153856,0.0255914836993,1.55375741048,1.33561201743
155058,0.0257914171657,1.51268670178,1.28112646497
156260,0.0259913506321,1.48293871894,1.2376178625
157462,0.0261912840985,1.44887414984,1.18877710438
158664,0.0263912175649,1.42798183737,1.14600937924
159866,0.0265911510313,1.42282468972,1.12130068885
161068,0.0267910844977,1.42540011128,1.10670823233
162270,0.0269910179641,1.44942085582,1.1235419737
163472,0.0271909514305,1.46587607622,1.13319176611
164674,0.0273908848969,1.43907309865,1.10957796021
165876,0.0275908183633,1.3986620402,1.08119338612
167078,0.0277907518297,1.35712174704,1.04495325961
168280,0.0279906852961,1.32570692147,1.02339160295
169482,0.0281906187625,1.3043053934,1.01801555683
170684,0.0283905522289,1.28689273128,1.00832809952
171886,0.0285904856953,1.26677848778,0.989788581773
173088,0.0287904191617,1.24119325365,0.972836190821
174290,0.0289903526281,1.23639596723,0.987798864718
175492,0.0291902860945,1.26426636409,1.03373990308
176694,0.0293902195609,1.29625665506,1.08216363473
177896,0.0295901530273,1.31560986495,1.11140273808
179098,0.0297900864937,1.32570861436,1.12326309483
180300,0.0299900199601,1.32867180098,1.13232438117
181502,0.0301899534265,1.32031282761,1.11386489836
182704,0.0303898868929,1.30054063251,1.0764519028
183906,0.0305898203593,1.29106210566,1.04879517216
185108,0.0307897538257,1.28588944862,1.02990132237
186310,0.0309896872921,1.27597821598,1.01098420417
187512,0.0311896207585,1.27366957452,1.00241161201
188714,0.0313895542249,1.27601001905,0.99717241194
189916,0.0315894876913,1.26100839591,0.974512237816
191118,0.0317894211577,1.26452050958,0.972118301091
192320,0.0319893546241,1.30830751582,1.01526668983
193522,0.0321892880905,1.36215165063,1.07374928244
194724,0.0323892215569,1.47364119051,1.1990665402
195926,0.0325891550233,1.61882589829,1.36809166026
197128,0.0327890884897,1.77871649203,1.55902065165
198330,0.0329890219561,1.97964145895,1.81340285084
199532,0.0331889554225,2.10661720598,1.9518265392
200734,0.0333888888889,2.14955510091,1.98273100159
201936,0.0335888223553,2.12945341135,1.9460725679
203138,0.0337887558217,2.0872232978,1.90408774437
204340,0.0339886892881,2.12086200148,1.92899858461
205542,0.0341886227545,2.16542283993,1.96169073915
206744,0.0343885562209,2.17458428331,1.93905825008
207946,0.0345884896873,2.17018151079,1.90032294945
209148,0.0347884231537,2.15562199566,1.84734998682
210350,0.0349883566201,2.13315997346,1.79192274469
211552,0.0351882900865,2.1069846721,1.74176715063
212754,0.0353882235529,2.08326410317,1.71561904956
213956,0.0355881570193,2.06738967022,1.6993752505
215158,0.0357880904857,2.14047240195,1.78878009044
216360,0.0359880239521,2.13322910435,1.78452185918
217562,0.0361879574185,2.11630406754,1.76374944278
218764,0.0363878908849,2.1775468899,1.8242477327
219966,0.0365878243513,2.20959379553,1.8695695135
221168,0.0367877578177,2.17812760867,1.85179094266
222370,0.0369876912841,2.14562983079,1.83904413213
223572,0.0371876247505,2.19675656272,1.92030910635
224774,0.0373875582169,2.2995432665,2.08056372821
225976,0.0375874916833,2.37110881405,2.19971111101
227178,0.0377874251497,2.59090730374,2.4660732406
228380,0.0379873586161,2.72037224508,2.63212342047
229582,0.0381872920825,2.76117464216,2.6838569419
230784,0.0383872255489,2.73210180297,2.64887636459
231986,0.0385871590153,2.70772754592,2.62193499177
233188,0.0387870924817,2.63379950032,2.52399109386
234390,0.0389870259481,2.50180010357,2.33335175763
235592,0.0391869594145,2.38708170926,2.15596610623
236794,0.0393868928809,2.31537052692,2.02167042378
237996,0.0395868263473,2.30185874325,1.9752504381
239198,0.0397867598137,2.30285608519,1.97799870524
240400,0.0399866932801,2.30698914072,2.00006537026
241602,0.0401866267465,2.27029439925,1.95570182106
242804,0.0403865602129,2.23832746379,1.89703835808
244006,0.0405864936793,2.20398859332,1.84465112692
245208,0.0407864271457,2.18783226407,1.82018337798
246410,0.0409863606121,2.19342993637,1.85520716595
247612,0.0411862940785,2.22062098699,1.89543250341
248814,0.0413862275449,2.30918695197,2.02560849853
250016,0.0415861610113,2.40956352705,2.14069949765
251218,0.0417860944777,2.59123005354,2.3322038385
252420,0.0419860279441,2.72087057871,2.47850352632
253622,0.0421859614105,2.76403218359,2.49716022552
254824,0.0423858948769,2.7625806835,2.44297831837
256026,0.0425858283433,2.75610404154,2.39062661899
257228,0.0427857618097,2.79131619744,2.41087508785
258430,0.0429856952761,2.85367437206,2.45892554555
259632,0.0431856287425,2.84892595308,2.44928908418
260834,0.0433855622089,2.78193039148,2.4101080467
262036,0.0435854956753,2.68673476279,2.32960947203
263238,0.0437854291417,2.57699873593,2.22847185004
264440,0.0439853626081,2.48972429196,2.17996290738
265642,0.0441852960745,2.39167226718,2.10730461471
266844,0.0443852295409,2.28495338308,1.98860041572
268046,0.0445851630073,2.20485007669,1.89307925496
269248,0.0447850964737,2.1323713347,1.81076657076
270450,0.0449850299401,2.0640516588,1.73034723256
271652,0.0451849634065,2.03506463199,1.71870605098
272854,0.0453848968729,1.99895919729,1.70434503997
274056,0.0455848303393,1.92542643898,1.64578358626
275258,0.0457847638057,1.84256494188,1.56242395157
276460,0.0459846972721,1.76531483443,1.47515838661
277662,0.0461846307385,1.71318250488,1.41857912453
278864,0.0463845642049,1.67307341728,1.37316865997
280066,0.0465844976713,1.6969671564,1.40399809284
281268,0.0467844311377,1.74813685169,1.47872367584
282470,0.0469843646041,1.80435663084,1.56781617869
283672,0.0471842980705,1.85608834637,1.64163520269
284874,0.0473842315369,1.868158028,1.66870502723
286076,0.0475841650033,1.82962101156,1.61315071519
287278,0.0477840984697,1.78708556429,1.54287953975
288480,0.0479840319361,1.75222611313,1.48109946746
289682,0.0481839654025,1.71322326182,1.42027130086
290884,0.0483838988689,1.69432818851,1.38339483831
292086,0.0485838323353,1.67991567594,1.35603147579
293288,0.0487837658017,1.65959117451,1.32275942204
294490,0.0489836992681,1.68552488072,1.3443208419
295692,0.0491836327345,1.75334429851,1.42760625138
296894,0.0493835662009,1.8538104956,1.5474459765
298096,0.0495834996673,1.97343281206,1.70369806224
299298,0.0497834331337,2.23968652186,2.05111811313
300500,0.0499833666001,2.42248705723,2.2923087816
301702,0.0501833000665,2.49083904383,2.38271456149
302904,0.0503832335329,2.48180931497,2.37197180467
304106,0.0505831669993,2.43759691858,2.29847202875
305308,0.0507831004657,2.38994488871,2.21109563695
306510,0.0509830339321,2.35095918512,2.13992508844
307712,0.0511829673985,2.33663806331,2.10739562685
308914,0.0513829008649,2.37447493823,2.15843018753
310116,0.0515828343313,2.37474294267,2.17229754709
311318,0.0517827677977,2.33331235581,2.13037595409
312520,0.0519827012641,2.27853568176,2.07049207901
313722,0.0521826347305,2.22632983847,2.0179200248
314924,0.0523825681969,2.18288479537,1.97513882371
316126,0.0525825016633,2.12689095599,1.91068770602
317328,0.0527824351297,2.08459129249,1.84534554143
318530,0.0529823685961,2.09086434714,1.83530992156
319732,0.0531823020625,2.19377355224,1.93099547325
320934,0.0533822355289,2.31296562328,2.05055221381
322136,0.0535821689953,2.45523826102,2.23690932838
323338,0.0537821024617,2.69013748925,2.58585545447
324540,0.0539820359281,2.7637264893,2.74847146022
325742,0.0541819693945,2.79973188353,2.83285587336
326944,0.0543819028609,2.81310791271,2.90851064997
328146,0.0545818363273,2.78986709974,2.90414903226
329348,0.0547817697937,2.73327173906,2.83822324147
330550,0.0549817032601,2.65890102813,2.75728994362
331752,0.0551816367265,2.55544206631,2.5890362498
332954,0.0553815701929,2.43474506355,2.39359246529
334156,0.0555815036593,2.33565307906,2.23336436516
335358,0.0557814371257,2.31841176465,2.17301555339
336560,0.0559813705921,2.36502196635,2.20994667341
337762,0.0561813040585,2.45523135437,2.29438862658
338964,0.056381237525,2.55903336955,2.39291905532
340166,0.0565811709914,2.61811787247,2.46354860091
341368,0.0567811044578,2.63193900947,2.50327143428
342570,0.0569810379242,2.56081790133,2.45767172882
343772,0.0571809713906,2.47599206645,2.35765088825
344974,0.057380904857,2.42371236152,2.30062729573
346176,0.0575808383234,2.35776463082,2.24733727542
347378,0.0577807717898,2.2844832615,2.15434505475
348580,0.0579807052562,2.21205512606,2.04934895835
349782,0.0581806387226,2.13579399664,1.93385318477
350984,0.058380572189,2.07631077396,1.83105144018
352186,0.0585805056554,2.03638468846,1.75495550009
353388,0.0587804391218,2.03926793486,1.72076779817
354590,0.0589803725882,2.02383646001,1.65222542014
355792,0.0591803060546,2.0365643227,1.6306880861
356994,0.059380239521,2.06147336712,1.63355950016
358196,0.0595801729874,2.11535979337,1.67616697792
359398,0.0597801064538,2.2194111749,1.78727485332
360600,0.0599800399202,2.35381393592,1.98040575522
361802,0.0601799733866,2.41947235742,2.08974801844
363004,0.060379906853,2.40474610341,2.08902220046
364206,0.0605798403194,2.32694292694,2.01388700237
365408,0.0607797737858,2.23423458847,1.91143604642
366610,0.0609797072522,2.17112406375,1.82741852816
367812,0.0611796407186,2.14298624995,1.77456400542
369014,0.061379574185,2.09499142933,1.71269098418
370216,0.0615795076514,2.03842836184,1.64215314555
371418,0.0617794411178,1.99172412353,1.58813318994
372620,0.0619793745842,1.94121475709,1.54712700595
373822,0.0621793080506,1.89379769818,1.51164714136
375024,0.062379241517,1.84155882239,1.47029521837
376226,0.0625791749834,1.80215276555,1.4301669251
377428,0.0627791084498,1.76284998807,1.38008393625
378630,0.0629790419162,1.74289636237,1.34383533814
379832,0.0631789753826,1.72931316753,1.30977448803
381034,0.063378908849,1.75743303346,1.33435734057
382236,0.0635788423154,1.74151021123,1.30657109815
383438,0.0637787757818,1.72461087305,1.28711219414
384640,0.0639787092482,1.7333098172,1.29667619707
385842,0.0641786427146,1.76873987397,1.34173600217
387044,0.064378576181,1.8208408013,1.39615735382
388246,0.0645785096474,1.86847865011,1.45460838146
389448,0.0647784431138,2.03518607667,1.65626987582
390650,0.0649783765802,2.23240436621,1.89720077485
391852,0.0651783100466,2.32109388651,2.00980615852
393054,0.065378243513,2.39969516412,2.11825983951
394256,0.0655781769794,2.50934985875,2.30371762502
395458,0.0657781104458,2.52792309901,2.35111726648
396660,0.0659780439122,2.53225008342,2.36264345377
397862,0.0661779773786,2.55569868612,2.38912423419
399064,0.066377910845,2.6013387507,2.44238025539
400266,0.0665778443114,2.59777579445,2.42081776845
401468,0.0667777777778,2.54647474369,2.36916626344
402670,0.0669777112442,2.49706621821,2.31235319018
403872,0.0671776447106,2.47685310941,2.28681779415
405074,0.067377578177,2.54217911928,2.36209099227
406276,0.0675775116434,2.57556235972,2.37821055215
407478,0.0677774451098,2.53352001664,2.32208627488
408680,0.0679773785762,2.44327519852,2.2124571904
409882,0.0681773120426,2.3284287071,2.07927975347
411084,0.068377245509,2.22406666167,1.9669781025
412286,0.0685771789754,2.13178800081,1.87024619219
413488,0.0687771124418,2.05750793257,1.76507468485
414690,0.0689770459082,1.99902425655,1.67273902721
415892,0.0691769793746,1.94008382683,1.59573438577
417094,0.069376912841,1.90539595238,1.54658720653
418296,0.0695768463074,1.88463273311,1.50931269936
419498,0.0697767797738,1.84992804177,1.46446616324
420700,0.0699767132402,1.84500217712,1.44589827302
421902,0.0701766467066,1.87419737857,1.47221183185
423104,0.070376580173,1.8929165226,1.48210137109
424306,0.0705765136394,1.92453165731,1.5124982158
425508,0.0707764471058,1.94078270745,1.50494787493
426710,0.0709763805722,1.92222903618,1.47090609424
427912,0.0711763140386,1.91777428965,1.46709766279
429114,0.071376247505,1.98642776923,1.55843359805
430316,0.0715761809714,2.01591739872,1.60845176558
431518,0.0717761144378,2.00211968808,1.58965724709
432720,0.0719760479042,2.0117715858,1.59594508448
433922,0.0721759813706,2.00880678468,1.59174123398
435124,0.072375914837,1.98150546833,1.5545163385
436326,0.0725758483034,1.94024716522,1.50475010866
437528,0.0727757817698,1.90975316691,1.47213547551
438730,0.0729757152362,1.8985700499,1.46424906033
439932,0.0731756487026,1.87838087661,1.4558489039
441134,0.073375582169,1.86507127975,1.45276125924
442336,0.0735755156354,1.86521319457,1.46965942913
443538,0.0737754491018,1.91600284155,1.53490389269
444740,0.0739753825682,1.97554717733,1.59316878511
445942,0.0741753160346,2.00403736797,1.62867196551
447144,0.074375249501,1.999573202,1.62727049195
448346,0.0745751829674,1.96245654547,1.59117759377
449548,0.0747751164338,1.87835277249,1.52009774367
450750,0.0749750499002,1.78752009236,1.43380511637
451952,0.0751749833666,1.70113046557,1.34915504579
453154,0.075374916833,1.64122093783,1.30023240739
454356,0.0755748502994,1.5767731919,1.24794525462
455558,0.0757747837658,1.50172974684,1.17951870683
456760,0.0759747172322,1.43165666081,1.13148462232
457962,0.0761746506986,1.40355059423,1.11485376399
459164,0.076374584165,1.40072695647,1.11421916172
460366,0.0765745176314,1.40516419218,1.11778420897
461568,0.0767744510978,1.40459556423,1.1242260953
462770,0.0769743845642,1.39567539553,1.12788497985
463972,0.0771743180306,1.3811822659,1.1243807434
465174,0.077374251497,1.36515375625,1.11897007257
466376,0.0775741849634,1.33694239388,1.10816033358
467578,0.0777741184298,1.31907051543,1.10125272698
468780,0.0779740518962,1.31278358496,1.10918996771
469982,0.0781739853626,1.3388692298,1.15268907462
471184,0.078373918829,1.33406025084,1.15683146442
472386,0.0785738522954,1.30606675746,1.12916638722
473588,0.0787737857618,1.27368294933,1.09368492351
474790,0.0789737192282,1.24945145188,1.05415837486
475992,0.0791736526946,1.22563758528,1.02055676455
477194,0.079373586161,1.19899043577,0.986862338005
478396,0.0795735196274,1.17679422055,0.960478006758
479598,0.0797734530938,1.15620398548,0.937757578658
480800,0.0799733865602,1.13992802586,0.925693956923
482002,0.0801733200266,1.12620707188,0.902411686549
483204,0.080373253493,1.11556974996,0.884887596095
484406,0.0805731869594,1.10730570627,0.870563811937
485608,0.0807731204258,1.09767550333,0.860480856293
486810,0.0809730538922,1.08676094844,0.854783854543
488012,0.0811729873586,1.07890883863,0.851177589988
489214,0.081372920825,1.07566339268,0.848761375313
490416,0.0815728542914,1.07885081112,0.847473313399
491618,0.0817727877578,1.08057815491,0.846617559778
492820,0.0819727212242,1.07739339714,0.839926888413
494022,0.0821726546906,1.07635290547,0.837354325695
495224,0.082372588157,1.06846348764,0.825341234248
496426,0.0825725216234,1.06949594479,0.829762549218
497628,0.0827724550898,1.09784559463,0.866893063524
498830,0.0829723885562,1.16016829687,0.949784689713
500032,0.0831723220226,1.21882158683,1.03205352069
501234,0.083372255489,1.23077432601,1.05587557218
502436,0.0835721889554,1.22187220829,1.04396626349
503638,0.0837721224218,1.21130370541,1.0300120384
504840,0.0839720558882,1.19979584396,1.00853626173
506042,0.0841719893546,1.18488750205,0.986374439973
507244,0.084371922821,1.17361958778,0.967253226561
508446,0.0845718562874,1.17274319822,0.962513704863
509648,0.0847717897538,1.19212757451,0.988421189349
510850,0.0849717232202,1.19344181683,0.985686889264
512052,0.0851716566866,1.1799532605,0.955597417159
513254,0.085371590153,1.16682048182,0.927729796235
514456,0.0855715236194,1.15563226873,0.901142685459
515658,0.0857714570858,1.14874151601,0.883729103379
516860,0.0859713905522,1.13668409881,0.865973583928
518062,0.0861713240186,1.13658185229,0.865330881637
519264,0.086371257485,1.15291283336,0.884790734091
520466,0.0865711909514,1.15138987578,0.880950421925
521668,0.0867711244178,1.13968222414,0.866826876084
522870,0.0869710578842,1.12531953466,0.851570572378
524072,0.0871709913506,1.12752268798,0.857301581669
525274,0.087370924817,1.12732016002,0.865530349784
526476,0.0875708582834,1.11225848007,0.853700184021
527678,0.0877707917498,1.10082726221,0.835805805428
528880,0.0879707252162,1.09688179667,0.82809550743
530082,0.0881706586826,1.09766474774,0.829082429542
531284,0.088370592149,1.09015504592,0.824796601241
532486,0.0885705256154,1.09007048033,0.82776693062
533688,0.0887704590818,1.10138836732,0.84402626188
534890,0.0889703925482,1.1443925135,0.885480723805
536092,0.0891703260146,1.21485996245,0.966666685765
537294,0.089370259481,1.29189116487,1.05414968769
538496,0.0895701929474,1.37364704251,1.15215632729
539698,0.0897701264138,1.48882323507,1.28997072296
540900,0.0899700598802,1.65160350544,1.5030991534
542102,0.0901699933466,1.72879689678,1.59908367012
543304,0.090369926813,1.78498660206,1.65907280316
544506,0.0905698602794,1.80851003076,1.68839203953
545708,0.0907697937458,1.81173892676,1.69241136445
546910,0.0909697272122,1.8660768457,1.7495593762
548112,0.0911696606786,1.85610563556,1.72443799495
549314,0.091369594145,1.82153269444,1.66535321402
550516,0.0915695276114,1.79492441187,1.61525250199
551718,0.0917694610778,1.80810817929,1.616831369
552920,0.0919693945442,1.82919594025,1.63491000737
554122,0.0921693280106,1.87650528981,1.67570074261
555324,0.092369261477,1.88445667897,1.68579828646
556526,0.0925691949434,1.89447995824,1.69765125049
557728,0.0927691284098,1.87333908328,1.6541190944
558930,0.0929690618762,1.84376010017,1.61315578162
560132,0.0931689953426,1.79438273891,1.55943685979
561334,0.093368928809,1.72544829844,1.48396097099
562536,0.0935688622754,1.64880575415,1.41804691514
563738,0.0937687957418,1.61255951486,1.38269319813
564940,0.0939687292083,1.63367981739,1.41185400476
566142,0.0941686626747,1.61742031887,1.38931363201
567344,0.0943685961411,1.59044854389,1.36044300536
568546,0.0945685296075,1.60495076697,1.38434340049
569748,0.0947684630739,1.66619644437,1.4716539112
570950,0.0949683965403,1.76387056114,1.61106728189
572152,0.0951683300067,1.83785381453,1.70698198073
573354,0.0953682634731,1.87365588002,1.75653462415
574556,0.0955681969395,1.96348557379,1.87296301567
575758,0.0957681304059,1.95211565241,1.84831050369
576960,0.0959680638723,1.90028583079,1.77344664618
578162,0.0961679973387,1.86858276966,1.71671340922
579364,0.0963679308051,1.83768497523,1.66138353307
580566,0.0965678642715,1.83862744449,1.6353804235
581768,0.0967677977379,1.83202882907,1.61513925099
582970,0.0969677312043,1.81908772149,1.59087089959
584172,0.0971676646707,1.80779818026,1.57460480242
585374,0.0973675981371,1.81561721809,1.58169091538
586576,0.0975675316035,1.83496351345,1.59815411698
587778,0.0977674650699,1.89166719649,1.66068796397
588980,0.0979673985363,1.93627196824,1.70300767124
590182,0.0981673320027,1.97913510091,1.75056354712
591384,0.0983672654691,2.00789824486,1.76002832154
592586,0.0985671989355,2.00894480964,1.7356956806
593788,0.0987671324019,1.97416922623,1.6779113302
594990,0.0989670658683,1.92995044515,1.60954105644
596192,0.0991669993347,1.91908693738,1.58169214523
597394,0.0993669328011,1.91177421009,1.5682677737
598596,0.0995668662675,1.89911496537,1.5486848618
599798,0.0997667997339,1.89063520944,1.52627318188
601000,0.0999667332003,1.91024900134,1.53617586549
602202,0.100166666667,1.92045553127,1.53795790862
603404,0.100366600133,1.94584863539,1.56518307115
604606,0.100566533599,1.97557839517,1.57882877647
605808,0.100766467066,2.03657974645,1.63216920377
607010,0.100966400532,2.03621515918,1.64641927997
608212,0.101166333999,1.99665181752,1.61836914849
609414,0.101366267465,1.94915966235,1.57489182289
610616,0.101566200931,1.89595908864,1.53470448776
611818,0.101766134398,1.84570364082,1.50347336339
613020,0.101966067864,1.83709714152,1.53612205367
614222,0.102166001331,1.83874058219,1.58705527323
615424,0.102365934797,1.88241077416,1.68024528116
616626,0.102565868263,1.8954283262,1.71420779204
617828,0.10276580173,1.86444198804,1.68150796729
619030,0.102965735196,1.79842962504,1.60367952281
620232,0.103165668663,1.72667980244,1.51309352009
621434,0.103365602129,1.6521766511,1.42020440129
622636,0.103565535595,1.56841752257,1.31644670146
623838,0.103765469062,1.50399325939,1.25652129077
625040,0.103965402528,1.47049287045,1.22524827813
626242,0.104165335995,1.43309903887,1.17896376253
627444,0.104365269461,1.39826438569,1.12923699871
628646,0.104565202927,1.38562942732,1.10843505431
629848,0.104765136394,1.41016262245,1.14348285842
631050,0.10496506986,1.4620755754,1.2190059239
632252,0.105165003327,1.49767548604,1.27128502426
633454,0.105364936793,1.51024688864,1.29308634754
634656,0.105564870259,1.54815155267,1.34651692629
635858,0.105764803726,1.59332431852,1.40296171853
637060,0.105964737192,1.67412426244,1.48924172906
638262,0.106164670659,1.8336017265,1.69951408045
639464,0.106364604125,2.05946701792,1.97122702323
640666,0.106564537591,2.29627508914,2.24667856005
641868,0.106764471058,2.53213125504,2.52488204051
643070,0.106964404524,2.70166020577,2.70490404839
644272,0.107164337991,2.80696838919,2.77928508
645474,0.107364271457,2.79616157796,2.71492860936
646676,0.107564204923,2.71670087564,2.58081056267
647878,0.10776413839,2.64989155715,2.4772694559
649080,0.107964071856,2.66587646174,2.47279218883
650282,0.108164005323,2.65324987138,2.41946227018
651484,0.108363938789,2.61569706211,2.35294468052
652686,0.108563872255,2.55964602557,2.28183603824
653888,0.108763805722,2.49722317096,2.20492057754
655090,0.108963739188,2.39714352455,2.10031408536
656292,0.109163672655,2.25696757902,1.97639070373
657494,0.109363606121,2.12890930551,1.85484557606
658696,0.109563539587,2.06998751513,1.81387306101
659898,0.109763473054,2.02014005801,1.78154477169
661100,0.10996340652,1.91947839462,1.68391447837
662302,0.110163339987,1.82706881586,1.56653487436
663504,0.110363273453,1.73416001856,1.448690229
664706,0.110563206919,1.63897813829,1.33097007895
665908,0.110763140386,1.55206052118,1.22663952701
667110,0.110963073852,1.48002427304,1.14885702603
668312,0.111163007319,1.43832592642,1.10809435716
669514,0.111362940785,1.43679346922,1.10544856863
670716,0.111562874251,1.47599523195,1.167357839
671918,0.111762807718,1.46662573124,1.16839962409
673120,0.111962741184,1.42388148361,1.12939932414
674322,0.112162674651,1.38780397431,1.09357959032
675524,0.112362608117,1.3809782773,1.10263683594
676726,0.112562541583,1.36357582378,1.09994120171
677928,0.11276247505,1.34275679982,1.07952007241
679130,0.112962408516,1.32886828658,1.05970378
680332,0.113162341983,1.31877366224,1.04349832811
681534,0.113362275449,1.31536368389,1.03817497536
682736,0.113562208916,1.29557372545,1.01835053457
683938,0.113762142382,1.28055901817,1.00274179663
685140,0.113962075848,1.28533081805,1.00490754324
686342,0.114162009315,1.30712825355,1.02741151459
687544,0.114361942781,1.32810248185,1.04395029109
688746,0.114561876248,1.33525246928,1.04330561352
689948,0.114761809714,1.34501135434,1.05836972079
691150,0.11496174318,1.3405744529,1.07007805853
692352,0.115161676647,1.3468201167,1.07743248377
693554,0.115361610113,1.32674018834,1.04831067851
694756,0.11556154358,1.31912082164,1.02333462119
695958,0.115761477046,1.30694634162,0.992744211683
697160,0.115961410512,1.29353129805,0.966777585073
698362,0.116161343979,1.28130756122,0.942205284864
699564,0.116361277445,1.29880076639,0.952071701204
700766,0.116561210912,1.35934998416,1.00721383116
701968,0.116761144378,1.42927437717,1.08834244662
703170,0.116961077844,1.50427085141,1.17066604414
704372,0.117161011311,1.56141954969,1.23045132566
705574,0.117360944777,1.58305318349,1.25109604876
706776,0.117560878244,1.57795080155,1.24996601839
707978,0.11776081171,1.5678500286,1.23060203554
709180,0.117960745176,1.5653711055,1.21150673098
710382,0.118160678643,1.57296039638,1.21851648762
711584,0.118360612109,1.61409056722,1.26877666135
712786,0.118560545576,1.63031655237,1.28648366343
713988,0.118760479042,1.62435571142,1.28231278198
715190,0.118960412508,1.6103546086,1.27147325184
716392,0.119160345975,1.61149190383,1.27304046479
717594,0.119360279441,1.62514728341,1.29666515468
718796,0.119560212908,1.62745383119,1.32285943837
719998,0.119760146374,1.61090044181,1.32676291077
721200,0.11996007984,1.6071548435,1.34341821059
722402,0.120160013307,1.5773681947,1.31544391469
723604,0.120359946773,1.53976010914,1.28923088226
724806,0.12055988024,1.51063432175,1.25752849368
726008,0.120759813706,1.48329715036,1.2204865998
727210,0.120959747172,1.46588663473,1.1903514208
728412,0.121159680639,1.46437397835,1.18437890032
729614,0.121359614105,1.4971193068,1.21200687584
730816,0.121559547572,1.59856770104,1.31764230893
732018,0.121759481038,1.67265028826,1.37767058606
733220,0.121959414504,1.71852133099,1.41124462155
734422,0.122159347971,1.77394358883,1.4567873851
735624,0.122359281437,1.81559488839,1.4790498664
736826,0.122559214904,1.82833782497,1.47920689977
738028,0.12275914837,1.85008583077,1.47194278302
739230,0.122959081836,1.88165668576,1.47215948798
740432,0.123159015303,1.94352227139,1.50637688997
741634,0.123358948769,1.99599903982,1.54054498525
742836,0.123558882236,2.02654719495,1.55892208625
744038,0.123758815702,2.02861934489,1.56406355357
745240,0.123958749168,2.01702360628,1.54481537472
746442,0.124158682635,1.98074594525,1.5054658375
747644,0.124358616101,1.94132000724,1.45964509665
748846,0.124558549568,1.93536871234,1.45891865109
750048,0.124758483034,1.96925995065,1.51395532116
751250,0.1249584165,2.03031909391,1.60257039229
752452,0.125158349967,2.31210228487,1.98277556488
753654,0.125358283433,2.46474459316,2.20451330136
754856,0.1255582169,2.55545385246,2.28632918642
756058,0.125758150366,2.56363703079,2.29359036404
757260,0.125958083832,2.54018852785,2.28790888464
758462,0.126158017299,2.53640249185,2.29547707068
759664,0.126357950765,2.59746571563,2.32520732792
760866,0.126557884232,2.60553904988,2.29253657159
762068,0.126757817698,2.58136190792,2.24069019493
763270,0.126957751164,2.56156699239,2.21225180187
764472,0.127157684631,2.57970462817,2.19883819886
765674,0.127357618097,2.63945140752,2.25572665363
766876,0.127557551564,2.7835980554,2.45461118162
768078,0.12775748503,2.78719708731,2.45117639192
769280,0.127957418496,2.70698288071,2.35075892331
770482,0.128157351963,2.56442103614,2.19812989905
771684,0.128357285429,2.42178537544,2.06251529719
772886,0.128557218896,2.29128965838,1.94948630506
774088,0.128757152362,2.27215651654,1.95805586419
775290,0.128957085828,2.29377462472,2.00423180022
776492,0.129157019295,2.24999752188,1.95162065965
777694,0.129356952761,2.22955196852,1.92112620002
778896,0.129556886228,2.27919181763,1.98068882255
780098,0.129756819694,2.28143349837,1.99361139834
781300,0.12995675316,2.25699427321,1.98126864905
782502,0.130156686627,2.19441849017,1.91117822439
783704,0.130356620093,2.19212711384,1.90856657372
784906,0.13055655356,2.31435241173,2.02713857003
786108,0.130756487026,2.40196533596,2.12614527832
787310,0.130956420492,2.4671990802,2.21778451894
788512,0.131156353959,2.45532785906,2.21053337453
789714,0.131356287425,2.43767793071,2.18748909504
790916,0.131556220892,2.3973865952,2.13255534143
792118,0.131756154358,2.33852947464,2.04815729876
793320,0.131956087824,2.29201692494,1.99201874165
794522,0.132156021291,2.23480077519,1.9277314255
795724,0.132355954757,2.19785879967,1.90451014828
796926,0.132555888224,2.16388179532,1.87120737029
798128,0.13275582169,2.11919482265,1.82133041437
799330,0.132955755156,2.0813846573,1.78394622053
800532,0.133155688623,1.9924574003,1.69190058759
801734,0.133355622089,1.9038089427,1.61121137635
802936,0.133555555556,1.81686233707,1.53653835664
804138,0.133755489022,1.74722267285,1.47522376499
805340,0.133955422488,1.67060991562,1.39486979563
806542,0.134155355955,1.57882546169,1.30929536166
807744,0.134355289421,1.47069817068,1.20367232746
808946,0.134555222888,1.37726832222,1.10951292798
810148,0.134755156354,1.30889723738,1.04282416535
811350,0.13495508982,1.25666559082,1.00090703559
812552,0.135155023287,1.24570262426,1.00081461714
813754,0.135354956753,1.22989722386,0.989996907011
814956,0.13555489022,1.20533383814,0.974862844359
816158,0.135754823686,1.17921224822,0.951222691766
817360,0.135954757152,1.18632375924,0.971955086451
818562,0.136154690619,1.16950374124,0.957725693198
819764,0.136354624085,1.14048594826,0.925091945254
820966,0.136554557552,1.11900242873,0.891162223963
822168,0.136754491018,1.10242264526,0.860978181572
823370,0.136954424484,1.08767018891,0.836025434659
824572,0.137154357951,1.09351219244,0.838970826333
825774,0.137354291417,1.11962024634,0.881512473209
826976,0.137554224884,1.10735661837,0.868971786421
828178,0.13775415835,1.10063121717,0.848607718068
829380,0.137954091816,1.11120653944,0.854900744843
830582,0.138154025283,1.11415533287,0.853520613208
831784,0.138353958749,1.11333742675,0.84825196616
832986,0.138553892216,1.12085216745,0.84816042214
834188,0.138753825682,1.11238569736,0.83565842662
835390,0.138953759148,1.11179898793,0.825689235399
836592,0.139153692615,1.1129702023,0.819060890895
837794,0.139353626081,1.11673772229,0.822566053576
838996,0.139553559548,1.11726606547,0.826133480835
840198,0.139753493014,1.11782773416,0.82932339389
841400,0.13995342648,1.1197997474,0.834914605138
842602,0.140153359947,1.13503351029,0.850222813473
843804,0.140353293413,1.19510934924,0.924995338718
845006,0.14055322688,1.21428691388,0.935194046099
846208,0.140753160346,1.2177380045,0.921973182169
847410,0.140953093812,1.23348414905,0.924875835604
848612,0.141153027279,1.26600043996,0.952661114934
849814,0.141352960745,1.33067044738,1.02335666731
851016,0.141552894212,1.37873658665,1.07973957842
852218,0.141752827678,1.41039715374,1.11402582583
853420,0.141952761144,1.45918214014,1.16864424893
854622,0.142152694611,1.51024910469,1.22710429762
855824,0.142352628077,1.60491595561,1.34935333355
857026,0.142552561544,1.66909954391,1.44674958752
858228,0.14275249501,1.71458958575,1.51003978162
859430,0.142952428476,1.77383943058,1.5965433742
860632,0.143152361943,1.79481125353,1.62181830543
861834,0.143352295409,1.77793485512,1.59655410575
863036,0.143552228876,1.79869968627,1.62446402459
864238,0.143752162342,1.82313229955,1.6645715805
865440,0.143952095808,1.8141174443,1.64873108959
866642,0.144152029275,1.80521998643,1.63550768971
867844,0.144351962741,1.80892536605,1.62556108819
869046,0.144551896208,1.8246318568,1.62905502472
870248,0.144751829674,1.83289395906,1.62410439363
871450,0.14495176314,1.8224892508,1.60356527029
872652,0.145151696607,1.82132789372,1.58571419626
873854,0.145351630073,1.86233568259,1.61410430176
875056,0.14555156354,2.0130316549,1.7792854147
876258,0.145751497006,2.08714602425,1.86947629367
877460,0.145951430472,2.09293979776,1.88925386533
878662,0.146151363939,2.05074739673,1.86652404606
879864,0.146351297405,1.97762240608,1.79784825402
881066,0.146551230872,1.88466515475,1.70247855188
882268,0.146751164338,1.81805898042,1.61739711974
883470,0.146951097804,1.80535715654,1.60758313804
884672,0.147151031271,1.80431806735,1.61329954408
885874,0.147350964737,1.76113345087,1.56874371021
887076,0.147550898204,1.69607927305,1.48841856347
888278,0.14775083167,1.6152604956,1.40101641961
889480,0.147950765136,1.52775104375,1.29549661634
890682,0.148150698603,1.45724600604,1.20324642491
891884,0.148350632069,1.39631588245,1.13245435591
893086,0.148550565536,1.35671997983,1.08596304559
894288,0.148750499002,1.34603736635,1.08316894919
895490,0.148950432468,1.34856641332,1.09130789098
896692,0.149150365935,1.35159804356,1.10763606632
897894,0.149350299401,1.35177757818,1.12366310748
899096,0.149550232868,1.34364044319,1.12373176549
900298,0.149750166334,1.33684173869,1.12162060442
901500,0.1499500998,1.34984264788,1.13928152941
902702,0.150150033267,1.375846954,1.155851856
903904,0.150349966733,1.39630393834,1.17218412181
905106,0.1505499002,1.42399848925,1.19588161155
906308,0.150749833666,1.50158034446,1.28198783977
907510,0.150949767132,1.5551451195,1.33985909491
908712,0.151149700599,1.58945208517,1.38012222563
909914,0.151349634065,1.59199402606,1.37775680428
911116,0.151549567532,1.60049559864,1.3795428852
912318,0.151749500998,1.59773667817,1.36549869922
913520,0.151949434464,1.60715274007,1.37189443043
914722,0.152149367931,1.62735173377,1.38587790561
915924,0.152349301397,1.65158585809,1.39295451136
917126,0.152549234864,1.6933719738,1.4300999132
918328,0.15274916833,1.7083660468,1.43759505906
919530,0.152949101796,1.72170542752,1.44933301988
920732,0.153149035263,1.7235777617,1.4441148754
921934,0.153348968729,1.76102806146,1.48033051648
923136,0.153548902196,1.74833943096,1.47452667232
924338,0.153748835662,1.74999203914,1.48922620947
925540,0.153948769128,1.83093784461,1.62015464187
926742,0.154148702595,1.84922818243,1.67685982929
927944,0.154348636061,1.81080531771,1.64195345239
929146,0.154548569528,1.7785333161,1.59292234836
930348,0.154748502994,1.79088191271,1.62555755438
931550,0.15494843646,1.75154804888,1.59560410194
932752,0.155148369927,1.68242332678,1.51576508194
933954,0.155348303393,1.60958084354,1.43416795169
935156,0.15554823686,1.53162738223,1.3446863814
936358,0.155748170326,1.45813176423,1.25642571846
937560,0.155948103792,1.42166371144,1.2159814936
938762,0.156148037259,1.37148124869,1.17423379407
939964,0.156347970725,1.3421432377,1.15769787263
941166,0.156547904192,1.30887779821,1.13025824054
942368,0.156747837658,1.2618012854,1.08452890167
943570,0.156947771124,1.21667255543,1.03952653996
944772,0.157147704591,1.18588968949,1.00830033636
945974,0.157347638057,1.15394543337,0.978924091383
947176,0.157547571524,1.13357607878,0.958679624679
948378,0.15774750499,1.11607171611,0.926436149787
949580,0.157947438456,1.08071396577,0.876638648628
950782,0.158147371923,1.03711506109,0.815931990794
951984,0.158347305389,1.00502063129,0.774714917495
953186,0.158547238856,0.984050563445,0.748095790186
954388,0.158747172322,0.97354917131,0.737450160283
955590,0.158947105788,0.97304203514,0.732483573414
956792,0.159147039255,0.973146275567,0.728176540296
957994,0.159346972721,0.992371722918,0.745642512734
959196,0.159546906188,1.0393794172,0.805583364822
960398,0.159746839654,1.11677345365,0.912110952394
961600,0.15994677312,1.17943800497,1.00576920102
962802,0.160146706587,1.27022556059,1.11879730481
964004,0.160346640053,1.31135321818,1.17430149152
965206,0.16054657352,1.30626664139,1.17456543989
966408,0.160746506986,1.28222105934,1.14633498578
967610,0.160946440452,1.25344552404,1.10851084158
968812,0.161146373919,1.22444915865,1.07872497739
970014,0.161346307385,1.19360832786,1.04346428481
971216,0.161546240852,1.16819877734,1.01559660347
972418,0.161746174318,1.15798395031,0.996742014308
973620,0.161946107784,1.16485156448,0.992926029645
974822,0.162146041251,1.154568597,0.972787599597
976024,0.162345974717,1.14096750503,0.949646622302
977226,0.162545908184,1.13552337645,0.93650805183
978428,0.16274584165,1.13014034736,0.923378887358
979630,0.162945775116,1.12447255404,0.911117847707
980832,0.163145708583,1.13356933066,0.915304591257
982034,0.163345642049,1.1580569759,0.944398254217
983236,0.163545575516,1.22505016099,1.03189591749
984438,0.163745508982,1.33445199889,1.174095238
985640,0.163945442448,1.45335653702,1.31817572236
986842,0.164145375915,1.52458688027,1.40393363301
988044,0.164345309381,1.56618784258,1.44492789125
989246,0.164545242848,1.57878935855,1.44624332929
990448,0.164745176314,1.58144160114,1.44081471632
991650,0.16494510978,1.55599482601,1.40090412205
992852,0.165145043247,1.51888607955,1.33895396727
994054,0.165344976713,1.47873521764,1.28025703913
995256,0.16554491018,1.44571403872,1.23366266565
996458,0.165744843646,1.42998516864,1.21109821595
997660,0.165944777112,1.52523217348,1.32698419641
998862,0.166144710579,1.6695073148,1.51179143468
1000064,0.166344644045,1.74133555694,1.59655929915
1001266,0.166544577512,1.78934585742,1.62641194149
1002468,0.166744510978,1.81113240179,1.61493142367
1003670,0.166944444444,1.82929291908,1.60197141393
1004872,0.167144377911,1.88832995168,1.65772203456
1006074,0.167344311377,1.95792323111,1.74989488443
1007276,0.167544244844,2.02351015926,1.81992026232
1008478,0.16774417831,2.14356541841,1.94235854142
1009680,0.167944111776,2.31494673711,2.11346098478
1010882,0.168144045243,2.47909100626,2.30917599573
1012084,0.168343978709,2.5342245906,2.39296136303
1013286,0.168543912176,2.52613772953,2.38608288712
1014488,0.168743845642,2.51676199058,2.37778220322
1015690,0.168943779108,2.52344545965,2.37174619287
1016892,0.169143712575,2.48276445775,2.3067175777
1018094,0.169343646041,2.40610350964,2.19116323022
1019296,0.169543579508,2.33028286323,2.07927551081
1020498,0.169743512974,2.26119990012,1.98352110301
1021700,0.16994344644,2.23248217426,1.93614574518
1022902,0.170143379907,2.26092143093,1.93688769916
1024104,0.170343313373,2.28625334681,1.96598448606
1025306,0.17054324684,2.37159567066,2.09532301563
1026508,0.170743180306,2.42136071588,2.17880889659
1027710,0.170943113772,2.42453527492,2.19903669524
1028912,0.171143047239,2.453361681,2.24283728329
1030114,0.171342980705,2.45234842617,2.24225975995
1031316,0.171542914172,2.44876093963,2.21331656004
1032518,0.171742847638,2.44951159617,2.20174890869
1033720,0.171942781104,2.41825320477,2.1497165643
1034922,0.172142714571,2.41464474223,2.14648608695
1036124,0.172342648037,2.39472876191,2.13158726639
1037326,0.172542581504,2.4006105267,2.13268286346
1038528,0.17274251497,2.44133166963,2.15471398056
1039730,0.172942448436,2.49585793681,2.20346732166
1040932,0.173142381903,2.57355948624,2.27700741061
1042134,0.173342315369,2.68032986363,2.36368863986
1043336,0.173542248836,2.76923626607,2.43878915604
1044538,0.173742182302,2.81182723718,2.4596090443
1045740,0.173942115768,2.85957214692,2.45892818465
1046942,0.174142049235,2.90489571813,2.47167548474
1048144,0.174341982701,2.8947779226,2.43754510887
1049346,0.174541916168,2.85458455547,2.36281484707
1050548,0.174741849634,2.80106855517,2.27300335954
1051750,0.1749417831,2.72301374855,2.17674762752
1052952,0.175141716567,2.64944400871,2.09197041738
1054154,0.175341650033,2.62564923276,2.07186442432
1055356,0.1755415835,2.71025130637,2.18948376417
1056558,0.175741516966,2.83072242825,2.34174935131
1057760,0.175941450432,2.91790524803,2.430237275
1058962,0.176141383899,2.95132753016,2.48168453688
1060164,0.176341317365,2.8997861423,2.44432818238
1061366,0.176541250832,2.81206280764,2.38329355332
1062568,0.176741184298,2.7063426619,2.32011452485
1063770,0.176941117764,2.58023611802,2.19458515374
1064972,0.177141051231,2.44658773725,2.05783802058
1066174,0.177340984697,2.31294266258,1.92657263346
1067376,0.177540918164,2.22267639916,1.82322205642
1068578,0.17774085163,2.19123491766,1.77717976985
1069780,0.177940785096,2.16443896706,1.75184694252
1070982,0.178140718563,2.19639018557,1.80489779393
1072184,0.178340652029,2.26665986925,1.90055015165
1073386,0.178540585496,2.3152811413,1.99016897686
1074588,0.178740518962,2.34774046314,2.03277681056
1075790,0.178940452428,2.40524935522,2.11243129362
1076992,0.179140385895,2.55919769621,2.30887327632
1078194,0.179340319361,2.67787960227,2.4584626448
1079396,0.179540252828,2.83678228424,2.65979662805
1080598,0.179740186294,2.93204762186,2.79216037227
1081800,0.17994011976,2.88610747431,2.74326735519
1083002,0.180140053227,2.79075938213,2.63792936641
1084204,0.180339986693,2.69445328911,2.53869744414
1085406,0.18053992016,2.62995825374,2.48401002151
1086608,0.180739853626,2.57652260297,2.43035638472
1087810,0.180939787092,2.61706652154,2.48911552505
1089012,0.181139720559,2.83097871218,2.7677261621
1090214,0.181339654025,3.23289684055,3.27190007876
1091416,0.181539587492,3.26569854272,3.28366761955
1092618,0.181739520958,3.22853937435,3.22529552648
1093820,0.181939454424,3.14148342369,3.11397324515
1095022,0.182139387891,3.05919424946,2.98487043391
1096224,0.182339321357,2.9919694641,2.86156959164
1097426,0.182539254824,2.93682913613,2.78470674805
1098628,0.18273918829,2.9097839083,2.76259194495
1099830,0.182939121756,2.90921647724,2.80169198019
1101032,0.183139055223,2.80575499461,2.70307725375
1102234,0.183338988689,2.74643660029,2.62636427051
1103436,0.183538922156,2.67516775251,2.53209615111
1104638,0.183738855622,2.62655528284,2.47019574708
1105840,0.183938789088,2.58668770437,2.42573919395
1107042,0.184138722555,2.69153064178,2.555147454
1108244,0.184338656021,2.89560225056,2.81566178844
1109446,0.184538589488,3.11341452591,3.08839077966
1110648,0.184738522954,3.25206278636,3.25523959464
1111850,0.18493845642,3.52914789938,3.62786537022
1113052,0.185138389887,3.72125202726,3.85698144628
1114254,0.185338323353,3.61339817456,3.69648380047
1115456,0.18553825682,3.46039868673,3.47299485501
1116658,0.185738190286,3.40469158066,3.36750269899
1117860,0.185938123752,3.31940612361,3.23626613181
1119062,0.186138057219,3.26191449541,3.12790824631
1120264,0.186337990685,3.44736974954,3.34254697908
1121466,0.186537924152,3.41814499799,3.26100487611
1122668,0.186737857618,3.28349531809,3.07656629597
1123870,0.186937791084,3.08717682996,2.8521872289
1125072,0.187137724551,2.87726415369,2.62887138884
1126274,0.187337658017,2.7171107761,2.45078022527
1127476,0.187537591484,2.5514752155,2.27809182626
1128678,0.18773752495,2.39119468376,2.09524223285
1129880,0.187937458417,2.29908565396,1.9825568689
1131082,0.188137391883,2.28516018409,1.94535465544
1132284,0.188337325349,2.41950290696,2.10050992726
1133486,0.188537258816,2.48980533111,2.19072516603
1134688,0.188737192282,2.50028352065,2.2127429287
1135890,0.188937125749,2.4781685845,2.18534095011
1137092,0.189137059215,2.41799376935,2.10830315726
1138294,0.189336992681,2.34733849849,2.02150463043
1139496,0.189536926148,2.28550869306,1.95722577331
1140698,0.189736859614,2.2133356463,1.89320626764
1141900,0.189936793081,2.12192516156,1.83139395585
1143102,0.190136726547,2.06054403554,1.76580792375
1144304,0.190336660013,1.99571820643,1.69187204717
1145506,0.19053659348,1.96409570567,1.66052776412
1146708,0.190736526946,1.91669996158,1.61625021698
1147910,0.190936460413,1.87736364764,1.5655426656
1149112,0.191136393879,1.8660325149,1.53830673002
1150314,0.191336327345,1.88543611429,1.52712747764
1151516,0.191536260812,1.90624881753,1.52860672753
1152718,0.191736194278,1.98507290377,1.60438960878
1153920,0.191936127745,2.10467244625,1.71239077589
1155122,0.192136061211,2.22933041421,1.81382941246
1156324,0.192335994677,2.33572227342,1.91866284007
1157526,0.192535928144,2.43436747957,1.99576774085
1158728,0.19273586161,2.57095278732,2.13015335166
1159930,0.192935795077,2.60994319979,2.16040181338
1161132,0.193135728543,2.58453055817,2.11669062674
1162334,0.193335662009,2.58197519923,2.08519833658
1163536,0.193535595476,2.51021774376,2.02872740717
1164738,0.193735528942,2.43167968327,1.96634055394
1165940,0.193935462409,2.34514050779,1.89450233177
1167142,0.194135395875,2.28019559348,1.84731553186
1168344,0.194335329341,2.28351394054,1.88200816357
1169546,0.194535262808,2.22603696573,1.84269021425
1170748,0.194735196274,2.17817851713,1.79235736808
1171950,0.194935129741,2.14565225133,1.73837167637
1173152,0.195135063207,2.112086664,1.7073457327
1174354,0.195334996673,2.18695862975,1.79203375253
1175556,0.19553493014,2.3483569916,1.97324691404
1176758,0.195734863606,2.44718681405,2.11202035263
1177960,0.195934797073,2.43718343357,2.11826410493
1179162,0.196134730539,2.32292245087,1.99726171457
1180364,0.196334664005,2.19536318869,1.87869473614
1181566,0.196534597472,2.09835457002,1.76646177704
1182768,0.196734530938,2.03607573081,1.69047976991
1183970,0.196934464405,1.99898908374,1.65135569372
1185172,0.197134397871,1.97707641816,1.63721253295
1186374,0.197334331337,2.02104811774,1.67790197884
1187576,0.197534264804,2.06811602773,1.73990420318
1188778,0.19773419827,2.09153956101,1.7546850883
1189980,0.197934131737,2.11540966569,1.78887554696
1191182,0.198134065203,2.13053621098,1.8134325326
1192384,0.198333998669,2.12247282791,1.80417691365
1193586,0.198533932136,2.11195126428,1.78454484718
1194788,0.198733865602,2.12850561152,1.8067396121
1195990,0.198933799069,2.25475829292,1.97038346857
1197192,0.199133732535,2.44589023792,2.21185780995
1198394,0.199333666001,2.59663292825,2.39433595552
1199596,0.199533599468,2.70945511088,2.54368693475
1200798,0.199733532934,2.80310973777,2.66347043033
1202000,0.199933466401,2.83190046411,2.69669726033
1202401,0.200000166334,2.82605962237,2.6895742957
