1202,0.000199933466401,0.289397225056,0.0
2404,0.000399866932801,0.283698172163,0.0
3606,0.000599800399202,0.274854891277,0.0
4808,0.000799733865602,0.268829463515,0.0
6010,0.000999667332003,0.266591004962,0.0
7212,0.0011996007984,0.267393682122,0.0
8414,0.0013995342648,0.262359518602,0.0
9616,0.0015994677312,0.256675374699,0.0
10818,0.0017994011976,0.25263607836,0.0
12020,0.00199933466401,0.248529361068,0.0
13222,0.00219926813041,0.245490626023,0.0
14424,0.00239920159681,0.243743626115,0.0
15626,0.00259913506321,0.243086123699,0.0
16828,0.00279906852961,0.240233924124,0.0
18030,0.00299900199601,0.239227436531,0.0
19232,0.00319893546241,0.240996648608,0.0
20434,0.00339886892881,0.242922661288,0.0
21636,0.00359880239521,0.241477733984,0.0
22838,0.00379873586161,0.240847114704,0.0
24040,0.00399866932801,0.238999481424,0.0
25242,0.00419860279441,0.236368431774,0.0
26444,0.00439853626081,0.236065300771,0.0
27646,0.00459846972721,0.234366299148,0.0
28848,0.00479840319361,0.234663930457,0.0
30050,0.00499833666001,0.234843469478,0.0
31252,0.00519827012641,0.222616529226,0.0
32454,0.00539820359281,0.218208668102,0.0
33656,0.00559813705921,0.216832601907,0.0
34858,0.00579807052562,0.209378094141,0.0
36060,0.00599800399202,0.200465039195,0.0
37262,0.00619793745842,0.198922471677,0.0
38464,0.00639787092482,0.196677216376,0.0
39666,0.00659780439122,0.197554655459,0.0
40868,0.00679773785762,0.195052421394,0.0
42070,0.00699767132402,0.19189624643,0.0
43272,0.00719760479042,0.188870163165,0.0
44474,0.00739753825682,0.193587044246,0.0
45676,0.00759747172322,0.197669122576,0.0
46878,0.00779740518962,0.199481851487,0.0
48080,0.00799733865602,0.198737988171,0.0
49282,0.00819727212242,0.203787986387,0.0
50484,0.00839720558882,0.203437977643,0.0
51686,0.00859713905522,0.210170905548,0.0
52888,0.00879707252162,0.21634741233,0.0
54090,0.00899700598802,0.218379396886,0.0
55292,0.00919693945442,0.222357524823,0.0
56494,0.00939687292083,0.222395915605,0.0
57696,0.00959680638723,0.224261874029,0.0
58898,0.00979673985363,0.228526005675,0.0
