1202,0.000199933466401,0.114016480734,0.0231320856981
2404,0.000399866932801,0.11467172876,0.0246582297799
3606,0.000599800399202,0.114017866118,0.0263191326405
4808,0.000799733865602,0.112960253653,0.0276988526941
6010,0.000999667332003,0.111597992086,0.0287933041088
7212,0.0011996007984,0.109431355722,0.0293573523282
8414,0.0013995342648,0.110495500088,0.0304114128415
9616,0.0015994677312,0.111917289879,0.0314515111966
10818,0.0017994011976,0.11221556093,0.0322764000183
12020,0.00199933466401,0.111895109472,0.0323999732359
13222,0.00219926813041,0.110854304626,0.0320401650627
14424,0.00239920159681,0.10898616658,0.0314933417182
15626,0.00259913506321,0.108386818715,0.0311264550092
16828,0.00279906852961,0.110023475651,0.0311587731849
18030,0.00299900199601,0.110632043257,0.0314471243859
19232,0.00319893546241,0.110405363762,0.0316616955318
20434,0.00339886892881,0.109036728983,0.0319128766851
21636,0.00359880239521,0.107096810647,0.0318711235631
22838,0.00379873586161,0.105088030201,0.0314346560764
24040,0.00399866932801,0.106713856062,0.0320141606256
25242,0.00419860279441,0.107379661246,0.0323581746494
26444,0.00439853626081,0.107229698723,0.0322295017406
27646,0.00459846972721,0.1064590807,0.0316475243641
28848,0.00479840319361,0.104730896616,0.030765945408
30050,0.00499833666001,0.102171197488,0.0293762358732
31252,0.00519827012641,0.103736089205,0.0300827839303
32454,0.00539820359281,0.104511200818,0.0306732384271
33656,0.00559813705921,0.104596199787,0.0305623809136
34858,0.00579807052562,0.104328525938,0.0299121954362
36060,0.00599800399202,0.103577972649,0.02943173126
37262,0.00619793745842,0.101848184004,0.0290315999807
38464,0.00639787092482,0.102603503461,0.0301127688038
39666,0.00659780439122,0.103497854032,0.0306785893941
40868,0.00679773785762,0.103789933518,0.0305836269452
42070,0.00699767132402,0.103565218826,0.0302777996951
43272,0.00719760479042,0.102985215491,0.0297455878437
44474,0.00739753825682,0.101505568921,0.0289235643862
45676,0.00759747172322,0.101376674659,0.0286407800945
46878,0.00779740518962,0.103127728389,0.0287921870024
48080,0.00799733865602,0.103843495018,0.0287207980917
49282,0.00819727212242,0.10389182751,0.0284540737445
50484,0.00839720558882,0.103336334999,0.028030757748
51686,0.00859713905522,0.101952092377,0.0271827517046
52888,0.00879707252162,0.100451152127,0.0261062501324
54090,0.00899700598802,0.102582684831,0.0268793829324
55292,0.00919693945442,0.103473246082,0.0277955041925
56494,0.00939687292083,0.103636841565,0.028196428394
57696,0.00959680638723,0.103214959684,0.0282082557293
58898,0.00979673985363,0.101969110518,0.0277072437746
60100,0.00999667332003,0.0995283458208,0.0267790586265
61302,0.0101966067864,0.101605010597,0.0270809203337
62504,0.0103965402528,0.102604998277,0.0273695610414
63706,0.0105964737192,0.102970750802,0.0278496773555
64908,0.0107964071856,0.103012036591,0.0279679250182
66110,0.010996340652,0.102359371443,0.0276189138221
67312,0.0111962741184,0.100970511639,0.0269216593083
68514,0.0113962075848,0.102303851687,0.0270140319861
69716,0.0115961410512,0.104123943469,0.0271459566721
70918,0.0117960745176,0.104986152447,0.0271331741807
72120,0.011996007984,0.105183465424,0.0267916100795
73322,0.0121959414504,0.104890728338,0.02612873251
74524,0.0123958749168,0.103431993884,0.0257650583853
75726,0.0125958083832,0.103294452572,0.0263765893764
76928,0.0127957418496,0.105664029948,0.0273786868247
78130,0.012995675316,0.106638891408,0.028204752204
79332,0.0131956087824,0.107133781667,0.0287004175216
80534,0.0133955422488,0.106940915374,0.0289207425206
81736,0.0135954757152,0.105847043294,0.0285813686642
82938,0.0137954091816,0.104414183548,0.0281999334822
84140,0.013995342648,0.106730881671,0.0290625606838
85342,0.0141952761144,0.107762308103,0.0300730295833
86544,0.0143952095808,0.107960356562,0.030526016526
87746,0.0145951430472,0.107385864465,0.0304459579269
88948,0.0147950765136,0.105720994479,0.0300282556015
90150,0.01499500998,0.102669983146,0.0290154442871
91352,0.0151949434464,0.104347136022,0.0317029828919
92554,0.0153948769128,0.105241003697,0.0349320701925
93756,0.0155948103792,0.105334987719,0.0375835661763
94958,0.0157947438456,0.104593588703,0.038580146877
96160,0.015994677312,0.102974390157,0.0393724035765
97362,0.0161946107784,0.100525112054,0.0396058124728
98564,0.0163945442448,0.101029892234,0.0404652050156
99766,0.0165944777112,0.102549882458,0.0405125155442
100968,0.0167944111776,0.103111208392,0.0403100113574
102170,0.016994344644,0.102976349279,0.0396743554387
103372,0.0171942781104,0.102243968746,0.0389654634853
104574,0.0173942115768,0.100498094242,0.0377771031656
105776,0.0175941450432,0.10025782,0.0379402291041
106978,0.0177940785096,0.102327508617,0.0392404942555
108180,0.017994011976,0.103153814312,0.0394627214633
109382,0.0181939454424,0.103011712013,0.0395562941405
110584,0.0183938789088,0.102528457843,0.038594262073
111786,0.0185938123752,0.10141937594,0.0362657777432
112988,0.0187937458417,0.100056865203,0.0344383414831
114190,0.0189936793081,0.102192147453,0.0342372380729
115392,0.0191936127745,0.103149309477,0.0337640426496
116594,0.0193935462409,0.103403120238,0.0337417159849
117796,0.0195934797073,0.102827470566,0.033150159166
118998,0.0197934131737,0.101732851045,0.0325855106433
120200,0.0199933466401,0.0993239881639,0.0321913608458
121402,0.0201932801065,0.101522827489,0.033338591402
122604,0.0203932135729,0.103063588288,0.034310874449
123806,0.0205931470393,0.10366923578,0.0350764856977
125008,0.0207930805057,0.103601052802,0.0350480759995
126210,0.0209930139721,0.102711241236,0.0348731565556
127412,0.0211929474385,0.100591002679,0.0342858877606
128614,0.0213928809049,0.101225845951,0.0340877486332
129816,0.0215928143713,0.102749986727,0.0341240564774
131018,0.0217927478377,0.10349297247,0.033885280651
132220,0.0219926813041,0.10322700101,0.0331081344799
133422,0.0221926147705,0.102386078358,0.0320769266842
134624,0.0223925482369,0.100655425762,0.0313607376686
135826,0.0225924817033,0.100062902368,0.0313849106634
137028,0.0227924151697,0.101760544784,0.0325156569531
138230,0.0229923486361,0.102747804582,0.033053099393
139432,0.0231922821025,0.103232957389,0.0328907375777
140634,0.0233922155689,0.10301580461,0.0326140727254
141836,0.0235921490353,0.102129897736,0.0320399988829
143038,0.0237920825017,0.100238199731,0.0312280945547
144240,0.0239920159681,0.102692423099,0.0318378316299
145442,0.0241919494345,0.10456057505,0.0326738031497
146644,0.0243918829009,0.105230213991,0.0329565402419
147846,0.0245918163673,0.104971247074,0.0323418041973
149048,0.0247917498337,0.103659505368,0.0314662140438
150250,0.0249916833001,0.101003491463,0.0305662001191
151452,0.0251916167665,0.103171345356,0.0312208416093
152654,0.0253915502329,0.10425973841,0.0313002685014
153856,0.0255914836993,0.104080689475,0.0311452661421
155058,0.0257914171657,0.102720706766,0.0317103960643
156260,0.0259913506321,0.101237594096,0.0314215097419
157462,0.0261912840985,0.09913470182,0.030164074125
158664,0.0263912175649,0.0992718223042,0.0301846673603
159866,0.0265911510313,0.0998322620935,0.0308597004882
161068,0.0267910844977,0.099639359216,0.0316144106541
162270,0.0269910179641,0.0993009166182,0.0314252080946
163472,0.0271909514305,0.098627164397,0.0309292215923
164674,0.0273908848969,0.0975447202293,0.0298393717316
165876,0.0275908183633,0.0971671090021,0.0295047191871
167078,0.0277907518297,0.0986226638735,0.0291957183196
168280,0.0279906852961,0.0991525904688,0.0275359094556
169482,0.0281906187625,0.0993117455113,0.0269979453841
170684,0.0283905522289,0.0989584966949,0.0265132521393
171886,0.0285904856953,0.0984254602489,0.0258471552382
173088,0.0287904191617,0.0975695277345,0.0252633440759
174290,0.0289903526281,0.0996926517314,0.025281606703
175492,0.0291902860945,0.100909221046,0.0254310532972
176694,0.0293902195609,0.101620112202,0.0253491245053
177896,0.0295901530273,0.101680750549,0.0254632057283
179098,0.0297900864937,0.101188682816,0.0253603016434
180300,0.0299900199601,0.0997879163084,0.0248413451567
181502,0.0301899534265,0.101720701872,0.0251316746278
182704,0.0303898868929,0.102802034895,0.0252476845905
183906,0.0305898203593,0.103442771688,0.025029971286
185108,0.0307897538257,0.103600086255,0.024735412896
186310,0.0309896872921,0.102954183844,0.0246060925552
187512,0.0311896207585,0.101721725914,0.0243720511576
188714,0.0313895542249,0.102642088847,0.0246243226474
189916,0.0315894876913,0.104270595365,0.0247982330596
191118,0.0317894211577,0.105192313407,0.0245150120649
192320,0.0319893546241,0.105615759393,0.0243785651477
193522,0.0321892880905,0.104770916846,0.023547221813
194724,0.0323892215569,0.103310473554,0.0227092622672
195926,0.0325891550233,0.103092288636,0.0225603845321
197128,0.0327890884897,0.104773514289,0.0234109013635
198330,0.0329890219561,0.105542303216,0.0239486979059
199532,0.0331889554225,0.105742975409,0.0239343699744
200734,0.0333888888889,0.105414063894,0.0238037857554
201936,0.0335888223553,0.10436420507,0.0233895221475
203138,0.0337887558217,0.10321272016,0.0232615484802
204340,0.0339886892881,0.105517251782,0.0237953497852
205542,0.0341886227545,0.106681329346,0.0243639550911
206744,0.0343885562209,0.107136667881,0.0244854317136
207946,0.0345884896873,0.106912174919,0.0244893098519
209148,0.0347884231537,0.105750330945,0.0239438037343
210350,0.0349883566201,0.103628103685,0.0232261715333
211552,0.0351882900865,0.105648359363,0.0235346074673
212754,0.0353882235529,0.106793414485,0.0237116377859
213956,0.0355881570193,0.107052034287,0.0234790548666
215158,0.0357880904857,0.106616209481,0.0229209616148
216360,0.0359880239521,0.105440976856,0.0226863344922
217562,0.0361879574185,0.103196456631,0.0230407747104
218764,0.0363878908849,0.103715693324,0.023982176807
219966,0.0365878243513,0.105023290405,0.0246224523034
221168,0.0367877578177,0.105368611824,0.0249422543204
222370,0.0369876912841,0.105107790806,0.0251787087402
223572,0.0371876247505,0.10413492728,0.024949969709
224774,0.0373875582169,0.102398189944,0.0243534221438
225976,0.0375874916833,0.101795835339,0.0244199918769
227178,0.0377874251497,0.103211855867,0.0253339816134
228380,0.0379873586161,0.103771755254,0.0256822960345
229582,0.0381872920825,0.103726451191,0.0257860000752
230784,0.0383872255489,0.103143942098,0.0254614050255
231986,0.0385871590153,0.101884224258,0.0245885309348
233188,0.0387870924817,0.100357634224,0.0238447251542
234390,0.0389870259481,0.102366583879,0.0246308479563
235592,0.0391869594145,0.103291620102,0.0249265217128
236794,0.0393868928809,0.103525734035,0.0249694939624
237996,0.0395868263473,0.103062426466,0.0249827510097
239198,0.0397867598137,0.101982947773,0.0244685797438
240400,0.0399866932801,0.0998538615607,0.0241732587441
241602,0.0401866267465,0.101678225539,0.0251009638598
242804,0.0403865602129,0.102706073205,0.0258953290572
244006,0.0405864936793,0.103003667783,0.0265662219311
245208,0.0407864271457,0.102739592534,0.027100851946
246410,0.0409863606121,0.101379081169,0.0277550592326
247612,0.0411862940785,0.0992899429702,0.0282188824398
248814,0.0413862275449,0.099565361042,0.0298609748846
250016,0.0415861610113,0.100536619704,0.0316665481307
251218,0.0417860944777,0.100928920174,0.0321532842837
252420,0.0419860279441,0.100755718551,0.0318662973543
253622,0.0421859614105,0.0999315011554,0.0309831338869
254824,0.0423858948769,0.0986044601006,0.0298126458254
256026,0.0425858283433,0.0983503889134,0.0290227301743
257228,0.0427857618097,0.100283233592,0.0290878513069
258430,0.0429856952761,0.101428393302,0.0290385774831
259632,0.0431856287425,0.101908288405,0.0288033971721
260834,0.0433855622089,0.101655423278,0.0283501947696
262036,0.0435854956753,0.100562195889,0.0273851969055
263238,0.0437854291417,0.099101231834,0.0261699447181
264440,0.0439853626081,0.101196122643,0.02656198161
265642,0.0441852960745,0.102109806504,0.0268067688682
266844,0.0443852295409,0.102318436701,0.0269196064282
268046,0.0445851630073,0.101830942495,0.0265083888003
269248,0.0447850964737,0.100700792206,0.025736054123
270450,0.0449850299401,0.098479033661,0.0246479895275
271652,0.0451849634065,0.100584031857,0.0252748029482
272854,0.0453848968729,0.101770776639,0.0258315273917
274056,0.0455848303393,0.102080508279,0.0259183404288
275258,0.0457847638057,0.101766830434,0.0256398876305
276460,0.0459846972721,0.100791471091,0.0250802546703
277662,0.0461846307385,0.0988372477621,0.0244036656553
278864,0.0463845642049,0.0993906879203,0.0246657261874
280066,0.0465844976713,0.100873627981,0.0253667151954
281268,0.0467844311377,0.10159842142,0.0259124644136
282470,0.0469843646041,0.101538761495,0.0263092842767
283672,0.0471842980705,0.100339402565,0.0261518684324
284874,0.0473842315369,0.0984455526913,0.0260201751014
286076,0.0475841650033,0.0977747468657,0.0263660995172
287278,0.0477840984697,0.0995559267465,0.0278669662994
288480,0.0479840319361,0.100267749715,0.0286047875407
289682,0.0481839654025,0.10045371983,0.0288400646198
290884,0.0483838988689,0.100152262413,0.0284665445718
292086,0.0485838323353,0.0989654666776,0.0276054429159
293288,0.0487837658017,0.0972188624255,0.026552381743
294490,0.0489836992681,0.0996973602195,0.0273607611091
295692,0.0491836327345,0.100662024815,0.0279718117431
296894,0.0493835662009,0.100879293836,0.0284874757119
298096,0.0495834996673,0.100366000522,0.0290372741722
299298,0.0497834331337,0.0998252735831,0.0287964632365
300500,0.0499833666001,0.0978941204878,0.027798285789
301702,0.0501833000665,0.0996713699271,0.0279354444431
302904,0.0503832335329,0.101124514159,0.0281404765345
304106,0.0505831669993,0.101638935574,0.0280326751817
305308,0.0507831004657,0.101608219499,0.0277351443379
306510,0.0509830339321,0.100600554537,0.0274079501588
307712,0.0511829673985,0.0984034428859,0.0264030551523
308914,0.0513829008649,0.0986126603129,0.0268670133111
310116,0.0515828343313,0.0992886308597,0.0271082902277
311318,0.0517827677977,0.0989551529558,0.0281912428847
312520,0.0519827012641,0.0984941048362,0.0296118661325
313722,0.0521826347305,0.0980830335255,0.030100855349
314924,0.0523825681969,0.097232894852,0.0304331180209
316126,0.0525825016633,0.0966636859576,0.0315488995763
317328,0.0527824351297,0.0983356623153,0.0326558186451
318530,0.0529823685961,0.0992125982523,0.0335543721602
319732,0.0531823020625,0.0990718409214,0.0338937908905
320934,0.0533822355289,0.0981796090728,0.0342266406992
322136,0.0535821689953,0.0963349964509,0.0345047936679
323338,0.0537821024617,0.0948916939139,0.0337441759304
324540,0.0539820359281,0.0970292859987,0.0338515815269
325742,0.0541819693945,0.0980353864963,0.0342127835392
326944,0.0543819028609,0.0986070850871,0.0346251790981
328146,0.0545818363273,0.0986227844695,0.034731439316
329348,0.0547817697937,0.09811909146,0.0345097008455
330550,0.0549817032601,0.0965611343815,0.0338725723863
331752,0.0551816367265,0.0982607650778,0.0346999973956
332954,0.0553815701929,0.099254960581,0.0351019337343
334156,0.0555815036593,0.099518041452,0.0349820692506
335358,0.0557814371257,0.0993408431287,0.0346722952059
336560,0.0559813705921,0.0986247695879,0.0343912601876
337762,0.0561813040585,0.0970057283105,0.0335280878201
338964,0.056381237525,0.097565220261,0.0337728190004
340166,0.0565811709914,0.0990036233758,0.0343448365105
341368,0.0567811044578,0.0994964920986,0.0347562175518
342570,0.0569810379242,0.0992899852898,0.0351627754615
343772,0.0571809713906,0.0985108046916,0.0347689626037
344974,0.057380904857,0.0973747899621,0.033736038923
346176,0.0575808383234,0.0967550016617,0.0332274005715
347378,0.0577807717898,0.0981297035617,0.0333115827156
348580,0.0579807052562,0.0985833753216,0.033187824845
349782,0.0581806387226,0.0985569056782,0.0322467372028
350984,0.058380572189,0.0981096037861,0.0315304058744
352186,0.0585805056554,0.0973398999135,0.0309930571582
353388,0.0587804391218,0.0960037468569,0.030537247002
354590,0.0589803725882,0.0981286168692,0.0313734245974
355792,0.0591803060546,0.09911415943,0.0318359681785
356994,0.059380239521,0.0996440247703,0.0317602171151
358196,0.0595801729874,0.0996212432679,0.0309274394006
359398,0.0597801064538,0.0990587670937,0.0301518686237
360600,0.0599800399202,0.0972232088543,0.0293961992734
361802,0.0601799733866,0.0991003251319,0.0298525322449
363004,0.060379906853,0.100515234741,0.0302896924013
364206,0.0605798403194,0.101105183216,0.0308312735964
365408,0.0607797737858,0.100968150235,0.0310748618089
366610,0.0609797072522,0.100416828653,0.0308161416275
367812,0.0611796407186,0.0987122244931,0.0300965973575
369014,0.061379574185,0.0989213814392,0.0300090313835
370216,0.0615795076514,0.0999664826259,0.030454293683
371418,0.0617794411178,0.100219351686,0.0303457932058
372620,0.0619793745842,0.0995349365818,0.0301274472346
373822,0.0621793080506,0.098559780758,0.0299874477506
375024,0.062379241517,0.0965362416277,0.0293633221174
376226,0.0625791749834,0.0953040673462,0.0292847407687
377428,0.0627791084498,0.0957965258569,0.030537193977
378630,0.0629790419162,0.0962657884343,0.0311710433696
379832,0.0631789753826,0.0967914449725,0.0309191003105
381034,0.063378908849,0.0966739421568,0.0307495784398
382236,0.0635788423154,0.0956936182434,0.0302997108999
383438,0.0637787757818,0.0944009092447,0.0297744366328
384640,0.0639787092482,0.0967027049091,0.0301353067587
385842,0.0641786427146,0.0978098237457,0.0306806802263
387044,0.064378576181,0.0983373085312,0.0306842695437
388246,0.0645785096474,0.0982253088687,0.0306217048362
389448,0.0647784431138,0.097383010861,0.0299421327591
390650,0.0649783765802,0.0954682598842,0.0290925465512
391852,0.0651783100466,0.0970401669141,0.0293760310785
393054,0.065378243513,0.0982256745586,0.0297701595572
394256,0.0655781769794,0.0989910021849,0.0299904323074
395458,0.0657781104458,0.0993432137551,0.0297098463694
396660,0.0659780439122,0.0987905773017,0.0289648330681
397862,0.0661779773786,0.0974512393219,0.0282482863735
399064,0.066377910845,0.0982785867542,0.0282143730884
400266,0.0665778443114,0.0998511762759,0.0286739570237
401468,0.0667777777778,0.100350726415,0.0288687953649
402670,0.0669777112442,0.100151159402,0.0291861468223
403872,0.0671776447106,0.0995190943756,0.0291643252629
405074,0.067377578177,0.0982118140396,0.028680537609
406276,0.0675775116434,0.0977688661522,0.0282132655492
407478,0.0677774451098,0.0996804265749,0.0287021609363
408680,0.0679773785762,0.100578205347,0.0288471318895
409882,0.0681773120426,0.100807588451,0.0293225913389
411084,0.068377245509,0.100442182596,0.0295453493549
412286,0.0685771789754,0.0993283197777,0.0289740466846
413488,0.0687771124418,0.0976079295872,0.0281468532034
414690,0.0689770459082,0.100152089123,0.0289941427127
415892,0.0691769793746,0.101310566286,0.0293646997619
417094,0.069376912841,0.101777045956,0.029470654867
418296,0.0695768463074,0.101671072763,0.0290291867331
419498,0.0697767797738,0.100722269182,0.0282468711557
420700,0.0699767132402,0.0988234207286,0.0273577662174
421902,0.0701766467066,0.100532597166,0.0277899550492
423104,0.070376580173,0.101972683803,0.0280020783195
424306,0.0705765136394,0.102613539686,0.0276007152117
425508,0.0707764471058,0.102566255937,0.0266597197061
426710,0.0709763805722,0.101850065426,0.0255530590552
427912,0.0711763140386,0.100030025973,0.0247138190153
429114,0.071376247505,0.100388465716,0.0251521726895
430316,0.0715761809714,0.102080377274,0.0255652020815
431518,0.0717761144378,0.10273485686,0.0254885369681
432720,0.0719760479042,0.102508716274,0.0249851619829
433922,0.0721759813706,0.101742109068,0.0241156526289
435124,0.072375914837,0.100033438578,0.0232947126256
436326,0.0725758483034,0.0990624453848,0.0229150739661
437528,0.0727757817698,0.100760776243,0.0229082559352
438730,0.0729757152362,0.101286746945,0.0229994711322
439932,0.0731756487026,0.101110602549,0.0230188736265
441134,0.073375582169,0.10009313756,0.0229328347371
442336,0.0735755156354,0.0983646031409,0.0229402150259
443538,0.0737754491018,0.0959964740322,0.0225475045476
444740,0.0739753825682,0.0978945775684,0.0226008798859
445942,0.0741753160346,0.0987679133507,0.0227801685389
447144,0.074375249501,0.0988472313334,0.0226884040601
448346,0.0745751829674,0.0987749073543,0.0225869761136
449548,0.0747751164338,0.0978002508348,0.0223420197023
450750,0.0749750499002,0.0955630845585,0.0219875884143
451952,0.0751749833666,0.0971243526437,0.0215409090544
453154,0.075374916833,0.0984417859674,0.0216410645809
454356,0.0755748502994,0.0987342504879,0.0219730792939
455558,0.0757747837658,0.0984105679002,0.0220032852921
456760,0.0759747172322,0.0974173695828,0.0222234093804
457962,0.0761746506986,0.09580251811,0.0219052789717
459164,0.076374584165,0.0961518184921,0.0222234415403
460366,0.0765745176314,0.0975752479456,0.022778417958
461568,0.0767744510978,0.0981330253589,0.0232440217312
462770,0.0769743845642,0.0981785540257,0.0233607400086
463972,0.0771743180306,0.0977429319331,0.0232580851587
465174,0.077374251497,0.0965842118385,0.0228172253964
466376,0.0775741849634,0.0960880867713,0.0226406565881
467578,0.0777741184298,0.0980153516201,0.0230674535343
468780,0.0779740518962,0.0989562317745,0.0230544187618
469982,0.0781739853626,0.0992951219565,0.0230601670984
471184,0.078373918829,0.0989686255969,0.0231706737513
472386,0.0785738522954,0.0978658640729,0.0230563876314
473588,0.0787737857618,0.0958852954064,0.022933292013
474790,0.0789737192282,0.0981473363136,0.0233704870305
475992,0.0791736526946,0.0991542105774,0.0238492172378
477194,0.079373586161,0.099515264426,0.0243615552654
478396,0.0795735196274,0.0992917162699,0.0247207153876
479598,0.0797734530938,0.0984309787556,0.0248715582098
480800,0.0799733865602,0.0966126468426,0.0249104506718
482002,0.0801733200266,0.0981138658352,0.0261817587117
483204,0.080373253493,0.0991517627399,0.0272828187117
484406,0.0805731869594,0.0992026576896,0.0284477533577
485608,0.0807731204258,0.0987462890023,0.0291480192271
486810,0.0809730538922,0.0979191594892,0.0291156320481
488012,0.0811729873586,0.0965627532166,0.0287767272777
489214,0.081372920825,0.0973151922706,0.0288836412939
490416,0.0815728542914,0.09892798758,0.029059404795
491618,0.0817727877578,0.099716954225,0.0291694001028
492820,0.0819727212242,0.0997668337589,0.0290303670759
494022,0.0821726546906,0.0992678707157,0.0286953510902
495224,0.082372588157,0.0980573296611,0.0281193176255
496426,0.0825725216234,0.0973207559702,0.027739861976
497628,0.0827724550898,0.0989730959247,0.0283536016792
498830,0.0829723885562,0.0996344822616,0.0288742472098
500032,0.0831723220226,0.0997373877908,0.0288708320474
501234,0.083372255489,0.0990061139714,0.0285364678439
502436,0.0835721889554,0.0977897613143,0.0279298845836
503638,0.0837721224218,0.0959748050544,0.0274919281431
504840,0.0839720558882,0.0977602846861,0.0287500462695
506042,0.0841719893546,0.0984215480627,0.029714670216
507244,0.084371922821,0.0985510918502,0.030352013312
508446,0.0845718562874,0.098256082255,0.0303228907253
509648,0.0847717897538,0.0974881521914,0.0301525981603
510850,0.0849717232202,0.0959575806964,0.029454171537
512052,0.0851716566866,0.0973629233732,0.0300018655345
513254,0.085371590153,0.0986676153725,0.0304956736295
514456,0.0855715236194,0.0991558339853,0.0308198623277
515658,0.0857714570858,0.0989749931343,0.0304229507384
516860,0.0859713905522,0.0983276079233,0.0299414694052
518062,0.0861713240186,0.0967496360706,0.0292660545949
519264,0.086371257485,0.0967703766284,0.0294115121095
520466,0.0865711909514,0.0981220613274,0.0301787113842
521668,0.0867711244178,0.0986103507768,0.0305189886761
522870,0.0869710578842,0.0985806579597,0.0306383090384
524072,0.0871709913506,0.0979878683103,0.0304069273284
525274,0.087370924817,0.0965731826696,0.0301388971422
526476,0.0875708582834,0.0955894922061,0.0300746866567
527678,0.0877707917498,0.0972645083324,0.0307227108847
528880,0.0879707252162,0.0979198129434,0.0308649364071
530082,0.0881706586826,0.0981456059974,0.0307919155074
531284,0.088370592149,0.097699263824,0.0303356106949
532486,0.0885705256154,0.0969116644566,0.0295605505929
533688,0.0887704590818,0.095288929038,0.0285447360421
534890,0.0889703925482,0.097611282975,0.0288642670756
536092,0.0891703260146,0.0985949241114,0.0292697195648
537294,0.089370259481,0.0990151096655,0.0293700594227
538496,0.0895701929474,0.098820392829,0.0293365315479
539698,0.0897701264138,0.097907020231,0.028879774737
540900,0.0899700598802,0.0960792473617,0.0276333117035
542102,0.0901699933466,0.0977149305872,0.0279692689493
543304,0.090369926813,0.0989438327988,0.0279438513415
544506,0.0905698602794,0.0997919169582,0.02723891756
545708,0.0907697937458,0.100169056218,0.0264907203757
546910,0.0909697272122,0.100050714174,0.0256473311297
548112,0.0911696606786,0.0989588992684,0.0247591747736
549314,0.091369594145,0.09966006997,0.0250229372614
550516,0.0915695276114,0.101426381026,0.0259807499415
551718,0.0917694610778,0.102371232668,0.0264338074545
552920,0.0919693945442,0.102634246245,0.026269757615
554122,0.0921693280106,0.102201189898,0.0258789777666
555324,0.092369261477,0.101140499791,0.0248623243074
556526,0.0925691949434,0.100492063306,0.0243281494042
557728,0.0927691284098,0.102514660869,0.025164935693
558930,0.0929690618762,0.103368596983,0.0256514697219
560132,0.0931689953426,0.103678957494,0.0259628774983
561334,0.093368928809,0.103327265349,0.0257217237565
562536,0.0935688622754,0.102146543982,0.024972639219
563738,0.0937687957418,0.100039474345,0.0241832557029
564940,0.0939687292083,0.102745850897,0.025608481068
566142,0.0941686626747,0.1040365002,0.0264513060127
567344,0.0943685961411,0.104690770469,0.0267557109804
568546,0.0945685296075,0.104638151765,0.0268100275662
569748,0.0947684630739,0.10383402105,0.026365327052
570950,0.0949683965403,0.10156658712,0.0255047233334
572152,0.0951683300067,0.103181318203,0.0260593244809
573354,0.0953682634731,0.104630096399,0.0266589425554
574556,0.0955681969395,0.105298651768,0.0267435536019
575758,0.0957681304059,0.105392413782,0.0266752638037
576960,0.0959680638723,0.104780786541,0.0263620640585
578162,0.0961679973387,0.103156558121,0.0257242692068
579364,0.0963679308051,0.103498012456,0.0259550390748
580566,0.0965678642715,0.105335076956,0.0270939993245
581768,0.0967677977379,0.106201398196,0.027512146301
582970,0.0969677312043,0.106190046707,0.0273675649596
584172,0.0971676646707,0.105482498541,0.0269465152381
585374,0.0973675981371,0.103778645918,0.0261399875765
586576,0.0975675316035,0.10257481005,0.0253552603663
587778,0.0977674650699,0.104554959836,0.026796425496
588980,0.0979673985363,0.105439821799,0.0276644769528
590182,0.0981673320027,0.105471675488,0.0281642122032
591384,0.0983672654691,0.104777110248,0.0279177812424
592586,0.0985671989355,0.103277159089,0.0274287679154
593788,0.0987671324019,0.100627296948,0.0272539208238
594990,0.0989670658683,0.102842840427,0.02936597144
596192,0.0991669993347,0.103659590856,0.0313465281211
597394,0.0993669328011,0.103727660118,0.0316586921009
598596,0.0995668662675,0.103451752755,0.0316677808039
599798,0.0997667997339,0.102336523085,0.0314787865719
601000,0.0999667332003,0.100127810325,0.0305542304435
602202,0.100166666667,0.101680922997,0.0307475248756
603404,0.100366600133,0.103232936424,0.0309454024649
604606,0.100566533599,0.103806407344,0.031142567749
605808,0.100766467066,0.103582964809,0.0313119105194
607010,0.100966400532,0.102965166248,0.0306442933264
608212,0.101166333999,0.101174420627,0.0290478667278
609414,0.101366267465,0.101188361915,0.0281458138258
610616,0.101566200931,0.1021608472,0.0279850407503
611818,0.101766134398,0.102089206088,0.0273764880716
613020,0.101966067864,0.101619278114,0.0278767612986
614222,0.102166001331,0.100552819109,0.0281836734086
615424,0.102365934797,0.0987500585688,0.0280417740904
616626,0.102565868263,0.0974798330673,0.0288810951414
617828,0.10276580173,0.0990574987546,0.0302547133297
619030,0.102965735196,0.0996612836263,0.0307727153255
620232,0.103165668663,0.0998452393952,0.0306617359174
621434,0.103365602129,0.0994106315363,0.0301612194289
622636,0.103565535595,0.0985645266422,0.0292504148243
623838,0.103765469062,0.096860445026,0.0284197722401
625040,0.103965402528,0.0990758945398,0.0288485781313
626242,0.104165335995,0.100134979851,0.0292248052341
627444,0.104365269461,0.100422055529,0.0291748990964
628646,0.104565202927,0.100142914446,0.0291517953332
629848,0.104765136394,0.0992743915384,0.0281301462379
631050,0.10496506986,0.0975255878709,0.0268199896454
632252,0.105165003327,0.0989421119382,0.0270495485895
633454,0.105364936793,0.100129616225,0.0271824630654
634656,0.105564870259,0.100786584691,0.0272829249133
635858,0.105764803726,0.10086985732,0.0270299247577
637060,0.105964737192,0.10029727827,0.0266026015218
638262,0.106164670659,0.098839612454,0.0260898417559
639464,0.106364604125,0.0991262278476,0.0260594037153
640666,0.106564537591,0.100828963239,0.0265323862501
641868,0.106764471058,0.101514465825,0.0269420981528
643070,0.106964404524,0.101620537699,0.0268569021497
644272,0.107164337991,0.101123221126,0.0265262935831
645474,0.107364271457,0.0997800681895,0.0258518358636
646676,0.107564204923,0.0987992958427,0.0258412774098
647878,0.10776413839,0.10048500484,0.0270321074559
649080,0.107964071856,0.101072023303,0.0280925133218
650282,0.108164005323,0.101052486752,0.0286318202392
651484,0.108363938789,0.100755964204,0.0283520116476
652686,0.108563872255,0.0996878107858,0.0277120477679
653888,0.108763805722,0.0976218453857,0.0270033667557
655090,0.108963739188,0.0995750030084,0.0280875741831
656292,0.109163672655,0.100536192648,0.0288718589738
657494,0.109363606121,0.100964491028,0.0292119314753
658696,0.109563539587,0.100758183163,0.0292267216633
659898,0.109763473054,0.0997530315502,0.0287474201165
661100,0.10996340652,0.0978053389619,0.0275886783955
662302,0.110163339987,0.0990414849557,0.0277734019727
663504,0.110363273453,0.099817177841,0.0279700111661
664706,0.110563206919,0.0997736674524,0.0275591506548
665908,0.110763140386,0.099204232936,0.0272481946319
667110,0.110963073852,0.0975804405349,0.0275619368278
668312,0.111163007319,0.0951026093069,0.0272074931926
669514,0.111362940785,0.0948098191553,0.0276978424414
670716,0.111562874251,0.0961342925259,0.0280824194809
671918,0.111762807718,0.0967517472193,0.0281890219726
673120,0.111962741184,0.0968999028712,0.0278015593702
674322,0.112162674651,0.0966768218633,0.0270499849662
675524,0.112362608117,0.0957486564719,0.0259913013467
676726,0.112562541583,0.095365508378,0.0252052994621
677928,0.11276247505,0.0974914910952,0.0262577746051
679130,0.112962408516,0.0985027261751,0.0267494664196
680332,0.113162341983,0.0988834185057,0.0266353328166
681534,0.113362275449,0.0986935542541,0.0262500133698
682736,0.113562208916,0.0980447426142,0.0254538201756
683938,0.113762142382,0.0964640722654,0.0244231404852
685140,0.113962075848,0.0990200423309,0.0252167896794
686342,0.114162009315,0.100249338113,0.0258027169677
687544,0.114361942781,0.100444636048,0.0259788956216
688746,0.114561876248,0.100337589067,0.0254453428148
689948,0.114761809714,0.0995084603882,0.0249785341487
691150,0.11496174318,0.0977630353855,0.0244140371843
692352,0.115161676647,0.099061339057,0.025302549822
693554,0.115361610113,0.100360598237,0.0258400077379
694756,0.11556154358,0.100782338269,0.026345578298
695958,0.115761477046,0.100686379264,0.0264726583026
697160,0.115961410512,0.100230107119,0.0260737174338
698362,0.116161343979,0.0986693576367,0.0255338021309
699564,0.116361277445,0.0987495527163,0.0255444152953
700766,0.116561210912,0.100338629296,0.0260481179213
701968,0.116761144378,0.101105673056,0.0261775597903
703170,0.116961077844,0.101241455348,0.0261738668703
704372,0.117161011311,0.100804244899,0.0258746531669
705574,0.117360944777,0.099657267236,0.0251552206136
706776,0.117560878244,0.0985922507058,0.0248868022733
707978,0.11776081171,0.100241319864,0.0253221221262
709180,0.117960745176,0.100930972234,0.0257614565095
710382,0.118160678643,0.101300865931,0.0258089870983
711584,0.118360612109,0.101136189526,0.0259610000026
712786,0.118560545576,0.100225534723,0.0257882216877
713988,0.118760479042,0.0980714194926,0.0252145274818
715190,0.118960412508,0.100351098029,0.0256863673808
716392,0.119160345975,0.101211824871,0.0261075494277
717594,0.119360279441,0.101466331299,0.0265279545087
718796,0.119560212908,0.101491632607,0.0271453560205
719998,0.119760146374,0.100681196757,0.027040653249
721200,0.11996007984,0.0989003434338,0.026433437362
722402,0.120160013307,0.100015042172,0.0264906149468
723604,0.120359946773,0.101146992193,0.0268655363608
724806,0.12055988024,0.101879280266,0.0271469906365
726008,0.120759813706,0.10194124838,0.0274647553769
727210,0.120959747172,0.101567130641,0.0275995139656
728412,0.121159680639,0.100392106798,0.0273883010928
729614,0.121359614105,0.100752898135,0.0278483097811
730816,0.121559547572,0.102072883161,0.0289220340544
732018,0.121759481038,0.102809981086,0.0296233458869
733220,0.121959414504,0.102789910581,0.0299538244347
734422,0.122159347971,0.102059690299,0.0302545189176
735624,0.122359281437,0.100528812265,0.0306752301167
736826,0.122559214904,0.0991678848567,0.0318206043266
738028,0.12275914837,0.101058344566,0.0329396824153
739230,0.122959081836,0.102451588376,0.0335799940058
740432,0.123159015303,0.102405102251,0.034221583811
741634,0.123358948769,0.102066382921,0.0345747852876
742836,0.123558882236,0.101133579615,0.0342110671378
744038,0.123758815702,0.0991510796289,0.0327976851955
745240,0.123958749168,0.101279942236,0.032446373806
746442,0.124158682635,0.101981204775,0.0315369068931
747644,0.124358616101,0.102082040905,0.0307434528414
748846,0.124558549568,0.101565106981,0.0296643452815
750048,0.124758483034,0.100113539959,0.0295384086011
751250,0.1249584165,0.0982648757406,0.0294089308012
752452,0.125158349967,0.0992878582291,0.0297427329963
753654,0.125358283433,0.100395499156,0.0300748511005
754856,0.1255582169,0.100805555045,0.0301562721779
756058,0.125758150366,0.10070599171,0.0300992321295
757260,0.125958083832,0.100018145936,0.0298130072835
758462,0.126158017299,0.0984373352619,0.0289168333917
759664,0.126357950765,0.09819556765,0.0285270444606
760866,0.126557884232,0.0995719558687,0.0284870094627
762068,0.126757817698,0.0999175948048,0.0280887340883
763270,0.126957751164,0.0997895517812,0.027428269404
764472,0.127157684631,0.099023001331,0.0266755935755
765674,0.127357618097,0.097508307826,0.0256454980929
766876,0.127557551564,0.0963300427411,0.0252057993827
768078,0.12775748503,0.0984402932539,0.0257142808199
769280,0.127957418496,0.099482001273,0.0260390120875
770482,0.128157351963,0.0996206295408,0.025858943871
771684,0.128357285429,0.0992387975582,0.0254081034594
772886,0.128557218896,0.0980666989963,0.0249854752841
774088,0.128757152362,0.0957872966154,0.0244092490661
775290,0.128957085828,0.0976311844266,0.0248034617729
776492,0.129157019295,0.0984149362772,0.0247506598157
777694,0.129356952761,0.0986027677642,0.024636882218
778896,0.129556886228,0.0982086451084,0.0244821408238
780098,0.129756819694,0.0978764740855,0.0238311796438
781300,0.12995675316,0.0968843933628,0.022506670094
782502,0.130156686627,0.098340342852,0.0224850739668
783704,0.130356620093,0.0998153676123,0.0228042219142
784906,0.13055655356,0.100452413068,0.0228513897062
786108,0.130756487026,0.10059377015,0.0224068675955
787310,0.130956420492,0.100225188084,0.0220510917951
788512,0.131156353959,0.0989985572201,0.0215687098558
789714,0.131356287425,0.0991748283836,0.0217571147705
790916,0.131556220892,0.100702332685,0.0222023847863
792118,0.131756154358,0.10136412745,0.0224171438112
793320,0.131956087824,0.101620394426,0.022476098065
794522,0.132156021291,0.101158279066,0.0222959074583
795724,0.132355954757,0.100166772625,0.0223143848337
796926,0.132555888224,0.0991662662279,0.0222331452482
798128,0.13275582169,0.101112675211,0.0228365037974
799330,0.132955755156,0.102079030011,0.0232885498043
800532,0.133155688623,0.102453022655,0.023419381947
801734,0.133355622089,0.102085856869,0.0235009748215
802936,0.133555555556,0.101027233651,0.0232846519601
804138,0.133755489022,0.0986328409245,0.0228586630814
805340,0.133955422488,0.100712580772,0.0232078132865
806542,0.134155355955,0.101655726138,0.0234241983918
807744,0.134355289421,0.102066086144,0.0235809280629
808946,0.134555222888,0.102044950009,0.0238596388234
810148,0.134755156354,0.101343861983,0.024077859642
811350,0.13495508982,0.0997486800667,0.0241689234566
812552,0.135155023287,0.100827958724,0.0248143128279
813754,0.135354956753,0.102248974889,0.0251383547973
814956,0.13555489022,0.102497463525,0.025869085057
816158,0.135754823686,0.102410988619,0.0266908390354
817360,0.135954757152,0.102022403747,0.027535149349
818562,0.136154690619,0.100786020532,0.0279046418462
819764,0.136354624085,0.100973059568,0.0283404537631
820966,0.136554557552,0.102669648781,0.0291450768843
822168,0.136754491018,0.103577780441,0.0295398384434
823370,0.136954424484,0.103940322473,0.0296606237527
824572,0.137154357951,0.103434541546,0.0295554042062
825774,0.137354291417,0.102338526044,0.0290932801626
826976,0.137554224884,0.1011837947,0.0287018960062
828178,0.13775415835,0.103126351659,0.0295752621649
829380,0.137954091816,0.104310563634,0.029850113958
830582,0.138154025283,0.104734750107,0.0302050965764
831784,0.138353958749,0.104409631151,0.0301460789538
832986,0.138553892216,0.103501018402,0.0298294619102
834188,0.138753825682,0.101250760478,0.0290711840261
835390,0.138953759148,0.10327768895,0.0292107890061
836592,0.139153692615,0.104022370938,0.0292247893305
837794,0.139353626081,0.104143284347,0.0292923789223
838996,0.139553559548,0.103717991883,0.0294531478276
840198,0.139753493014,0.102539795624,0.0295562557109
841400,0.13995342648,0.100528073517,0.0290398108087
842602,0.140153359947,0.101077133065,0.0297210060009
843804,0.140353293413,0.101975468705,0.0301713931375
845006,0.14055322688,0.102260179711,0.0308559724626
846208,0.140753160346,0.10179854991,0.0319582398229
847410,0.140953093812,0.100819359455,0.032762887602
848612,0.141153027279,0.0989928352264,0.0322167840128
849814,0.141352960745,0.0988155748375,0.0317209310122
851016,0.141552894212,0.0999978636578,0.0318288948363
852218,0.141752827678,0.100103494141,0.031253350499
853420,0.141952761144,0.0998691766171,0.0305767994472
854622,0.142152694611,0.0993044637458,0.0298930404376
855824,0.142352628077,0.098136073482,0.0291215581245
857026,0.142552561544,0.0969783519884,0.0282652031104
858228,0.14275249501,0.09851617462,0.0279847875906
859430,0.142952428476,0.0991755723648,0.0276965481789
860632,0.143152361943,0.0992701381614,0.0272738759301
861834,0.143352295409,0.0988780038036,0.0267085871962
863036,0.143552228876,0.0979382123116,0.0259013583265
864238,0.143752162342,0.0959808262617,0.0249153786138
865440,0.143952095808,0.0977491321542,0.0246796528745
866642,0.144152029275,0.0986456884857,0.024158069472
867844,0.144351962741,0.0989513437498,0.0238702509944
869046,0.144551896208,0.0987912201731,0.0236660586491
870248,0.144751829674,0.0983064941004,0.0232058746407
871450,0.14495176314,0.0971691008539,0.0221805545939
872652,0.145151696607,0.0979772803481,0.0222851687148
873854,0.145351630073,0.0990593770701,0.0225836414462
875056,0.14555156354,0.0995106946623,0.0224476637048
876258,0.145751497006,0.0994720687292,0.022111966746
877460,0.145951430472,0.099045283312,0.0215407643824
878662,0.146151363939,0.0976636146345,0.0211290673585
879864,0.146351297405,0.0973895582744,0.021051312146
881066,0.146551230872,0.0983994799062,0.0212332943271
882268,0.146751164338,0.0988516960077,0.0214253043791
883470,0.146951097804,0.0988232756059,0.0215990180183
884672,0.147151031271,0.0984755439156,0.0215803277914
885874,0.147350964737,0.0977291669556,0.0211617592891
887076,0.147550898204,0.0969337796203,0.0207811254725
888278,0.14775083167,0.0985477488306,0.0213634141712
889480,0.147950765136,0.0994612242794,0.0216619142897
890682,0.148150698603,0.0998441629483,0.0219951933822
891884,0.148350632069,0.0997786151283,0.0220837817949
893086,0.148550565536,0.0993473346305,0.0216640844593
894288,0.148750499002,0.0978901343684,0.0210010957199
895490,0.148950432468,0.0997784675206,0.0215982594369
896692,0.149150365935,0.100822719482,0.0219559797519
897894,0.149350299401,0.101455757846,0.0219521709342
899096,0.149550232868,0.101521551866,0.0216675988242
900298,0.149750166334,0.100990493268,0.0211580888783
901500,0.1499500998,0.0997664472309,0.0202080352765
902702,0.150150033267,0.100765234522,0.0204298202857
903904,0.150349966733,0.10208902448,0.0209819864391
905106,0.1505499002,0.102710749955,0.0211786257089
906308,0.150749833666,0.102819657684,0.0211553603509
907510,0.150949767132,0.102313091722,0.0209268167214
908712,0.151149700599,0.101172744785,0.0203766251364
909914,0.151349634065,0.101091823403,0.0203489704185
911116,0.151549567532,0.102376675881,0.0210332442679
912318,0.151749500998,0.10291068119,0.0213985089325
913520,0.151949434464,0.103136165033,0.0217072337818
914722,0.152149367931,0.102732786303,0.0218681196811
915924,0.152349301397,0.101483578331,0.0216130867187
917126,0.152549234864,0.100574183106,0.0214945763008
918328,0.15274916833,0.102289178304,0.0224108818735
919530,0.152949101796,0.103079680679,0.0230753938367
920732,0.153149035263,0.103116309524,0.0234143230021
921934,0.153348968729,0.102638711649,0.0234767090597
923136,0.153548902196,0.101689592758,0.0234351727556
924338,0.153748835662,0.0996795128109,0.0234916277539
925540,0.153948769128,0.101175868267,0.0242953915233
926742,0.154148702595,0.101905980518,0.024853127875
927944,0.154348636061,0.102190561813,0.0251590224391
929146,0.154548569528,0.102124557938,0.0252507402782
930348,0.154748502994,0.101455428345,0.0248526085325
931550,0.15494843646,0.100146796153,0.0241464433678
932752,0.155148369927,0.100944889601,0.0242568186618
933954,0.155348303393,0.101970498509,0.0243626747922
935156,0.15554823686,0.10224989164,0.0242804802435
936358,0.155748170326,0.102083339296,0.0240563247529
937560,0.155948103792,0.101589537288,0.02386889753
938762,0.156148037259,0.100273698058,0.023610166193
939964,0.156347970725,0.100126617084,0.023351596172
941166,0.156547904192,0.101647509185,0.0236383345589
942368,0.156747837658,0.102397685405,0.0240210035755
943570,0.156947771124,0.102647791233,0.0239566305615
944772,0.157147704591,0.102409608258,0.0237433301854
945974,0.157347638057,0.101646093519,0.0236416618861
947176,0.157547571524,0.100416684087,0.0235985308448
948378,0.15774750499,0.102005990801,0.0245504975509
949580,0.157947438456,0.102707505496,0.0244412447963
950782,0.158147371923,0.102885146534,0.0242238774131
951984,0.158347305389,0.102382614436,0.0238589795775
953186,0.158547238856,0.101231371628,0.0246931187939
954388,0.158747172322,0.099256906307,0.025136879875
955590,0.158947105788,0.100682777569,0.0255319788663
956792,0.159147039255,0.101429297187,0.0257134457991
957994,0.159346972721,0.101631273522,0.0261619567848
959196,0.159546906188,0.101412292458,0.0263450544008
960398,0.159746839654,0.100583954492,0.0262077975269
961600,0.15994677312,0.0989333771543,0.0259174171744
962802,0.160146706587,0.0994030946209,0.0260526649046
964004,0.160346640053,0.100211058159,0.0261753312808
965206,0.16054657352,0.100484048391,0.026158786742
966408,0.160746506986,0.100407112304,0.0260668141416
967610,0.160946440452,0.0996562364104,0.0260506846796
968812,0.161146373919,0.0983364906615,0.0257129112959
970014,0.161346307385,0.0980967920741,0.0256148604984
971216,0.161546240852,0.0994500496464,0.026066010572
972418,0.161746174318,0.0999417337378,0.0263775731298
973620,0.161946107784,0.100076907032,0.0264328609561
974822,0.162146041251,0.099589941004,0.0263633873584
976024,0.162345974717,0.0984397632243,0.0263149319643
977226,0.162545908184,0.0969566334616,0.0265007859448
978428,0.16274584165,0.0983960645638,0.0273595297626
979630,0.162945775116,0.0989443576676,0.0280424295909
980832,0.163145708583,0.0988129433547,0.0285577671735
982034,0.163345642049,0.0986733849264,0.0285763565971
983236,0.163545575516,0.0980040398811,0.0282117250534
984438,0.163745508982,0.0963919729499,0.0278598286382
985640,0.163945442448,0.0983171759167,0.0276932152878
986842,0.164145375915,0.0993662158436,0.0277413719949
988044,0.164345309381,0.0998651743163,0.0274145802274
989246,0.164545242848,0.0999155583824,0.0271324943462
990448,0.164745176314,0.0992464844365,0.0267570044296
991650,0.16494510978,0.0980819429861,0.0261902089855
992852,0.165145043247,0.0987015937142,0.02600908208
994054,0.165344976713,0.0995441893742,0.0261264625203
995256,0.16554491018,0.0998069109908,0.0263561959929
996458,0.165744843646,0.0997443925167,0.0265956182044
997660,0.165944777112,0.0992408420125,0.0265087245451
998862,0.166144710579,0.0980763765701,0.0259371755281
1000064,0.166344644045,0.0976750756461,0.0259025126442
1001266,0.166544577512,0.0991713124062,0.0261764603761
1002468,0.166744510978,0.0998851446785,0.0260350036745
1003670,0.166944444444,0.100182973339,0.025982725451
1004872,0.167144377911,0.0995375350554,0.0253534703996
1006074,0.167344311377,0.0985146270753,0.0243175279024
1007276,0.167544244844,0.0970377223315,0.0236097598749
1008478,0.16774417831,0.098262844549,0.0244459066636
1009680,0.167944111776,0.098485498522,0.0250484893782
1010882,0.168144045243,0.0982783890604,0.025366930065
1012084,0.168343978709,0.0977389043855,0.025227158232
1013286,0.168543912176,0.0967548493582,0.0250274107244
1014488,0.168743845642,0.0947804242783,0.0242648750769
1015690,0.168943779108,0.0960363503278,0.0248436546872
1016892,0.169143712575,0.0967605172218,0.0254582866078
1018094,0.169343646041,0.0967554338374,0.0256893696741
1019296,0.169543579508,0.0965944914096,0.0254095538694
1020498,0.169743512974,0.0959890493302,0.0250122073713
1021700,0.16994344644,0.0947274520246,0.0245599242725
1022902,0.170143379907,0.0952033245284,0.0248463114695
1024104,0.170343313373,0.0961656572956,0.0254797247949
1025306,0.17054324684,0.0968668694978,0.0258897584023
1026508,0.170743180306,0.0971326994025,0.0256232174606
1027710,0.170943113772,0.0969423851215,0.0253294705168
1028912,0.171143047239,0.0959708935198,0.024997020547
1030114,0.171342980705,0.0959326371823,0.0252046284808
1031316,0.171542914172,0.0976855297039,0.0253403262359
1032518,0.171742847638,0.0986924441693,0.0255439898949
1033720,0.171942781104,0.0992981020589,0.0253018079059
1034922,0.172142714571,0.0989714202891,0.0250756603093
1036124,0.172342648037,0.0980373330627,0.0248050799189
1037326,0.172542581504,0.0969279440763,0.0245167110651
1038528,0.17274251497,0.0988369679216,0.0247374304227
1039730,0.172942448436,0.0998378496022,0.0248051210025
1040932,0.173142381903,0.100548178535,0.0247006054195
1042134,0.173342315369,0.100174954351,0.0245899152585
1043336,0.173542248836,0.0996412785965,0.024282572323
1044538,0.173742182302,0.0979186671262,0.0237109420222
1045740,0.173942115768,0.0998239062892,0.0240486685368
1046942,0.174142049235,0.100944711448,0.024334528396
1048144,0.174341982701,0.101571261406,0.0245335126633
1049346,0.174541916168,0.101543340187,0.024846431876
1050548,0.174741849634,0.100887592422,0.0250932416101
1051750,0.1749417831,0.0991896703961,0.0250298855586
1052952,0.175141716567,0.0999206674564,0.0258374357252
1054154,0.175341650033,0.101204409559,0.0265786752784
1055356,0.1755415835,0.101762856811,0.0267862470013
1056558,0.175741516966,0.101861534826,0.026685454389
1057760,0.175941450432,0.101335371469,0.0262324409398
1058962,0.176141383899,0.100096445161,0.0255555493039
1060164,0.176341317365,0.0997569429225,0.0253988750065
1061366,0.176541250832,0.101223340833,0.0258118972457
1062568,0.176741184298,0.101881387397,0.0259454109608
1063770,0.176941117764,0.102100390584,0.0257753942898
1064972,0.177141051231,0.101562068501,0.025223582032
1066174,0.177340984697,0.100610552926,0.0244092805639
1067376,0.177540918164,0.0996583184619,0.0240816254203
1068578,0.17774085163,0.101443252982,0.0247937557641
1069780,0.177940785096,0.102333204457,0.0254567064449
1070982,0.178140718563,0.102708266112,0.0254764663927
1072184,0.178340652029,0.102352045718,0.0252416899691
1073386,0.178540585496,0.101242587232,0.0249183230392
1074588,0.178740518962,0.0991810018669,0.0243765233618
1075790,0.178940452428,0.100846070085,0.0246402610047
1076992,0.179140385895,0.101596545522,0.0247465042237
1078194,0.179340319361,0.101555687446,0.0250238975401
1079396,0.179540252828,0.100974060377,0.0258369570935
1080598,0.179740186294,0.0995779096908,0.0266952722184
1081800,0.17994011976,0.0977138865104,0.0266440581645
1083002,0.180140053227,0.0978021536898,0.0274992173599
1084204,0.180339986693,0.0986135757357,0.0286131062291
1085406,0.18053992016,0.0989256899536,0.0299472842969
1086608,0.180739853626,0.0987606329669,0.0300292581105
1087810,0.180939787092,0.0982764523277,0.0299220755905
1089012,0.181139720559,0.0969797314786,0.0295482301042
1090214,0.181339654025,0.0965889561387,0.0297286687133
1091416,0.181539587492,0.0978956909957,0.0307025311064
1092618,0.181739520958,0.0985283047574,0.0311113352037
1093820,0.181939454424,0.0986495024558,0.0313135920303
1095022,0.182139387891,0.098158171426,0.0307147681883
1096224,0.182339321357,0.0972132469222,0.0296571740553
1097426,0.182539254824,0.0958644943151,0.0284739136459
1098628,0.18273918829,0.0977266856452,0.028483715394
1099830,0.182939121756,0.0987427453131,0.0285327868596
1101032,0.183139055223,0.0988878444281,0.0283852961344
1102234,0.183338988689,0.0986351931068,0.0277090583136
1103436,0.183538922156,0.0978489621713,0.0269235750671
1104638,0.183738855622,0.0959303112815,0.0262233271778
1105840,0.183938789088,0.0975225618738,0.0270061075634
1107042,0.184138722555,0.0983300616909,0.0272605819739
1108244,0.184338656021,0.0986854065346,0.0269377316826
1109446,0.184538589488,0.0985638000778,0.0262543750125
1110648,0.184738522954,0.0975613983542,0.0255025042396
1111850,0.18493845642,0.0958184039786,0.0247994380414
1113052,0.185138389887,0.0964984708744,0.0250890835252
1114254,0.185338323353,0.0975524168954,0.0256717405736
1115456,0.18553825682,0.0977120720277,0.0261969895279
1116658,0.185738190286,0.0974518937601,0.0265976024986
1117860,0.185938123752,0.0968168336517,0.0266995720889
1119062,0.186138057219,0.0954682638857,0.0261743944536
1120264,0.186337990685,0.0948428627016,0.025636527445
1121466,0.186537924152,0.0962871657994,0.0258398421866
1122668,0.186737857618,0.0968739266023,0.0258207517528
1123870,0.186937791084,0.0970371383676,0.0258553105004
1125072,0.187137724551,0.0967054394165,0.0254689232818
1126274,0.187337658017,0.0957145068271,0.0249506332267
1127476,0.187537591484,0.0943751820156,0.0245938366
1128678,0.18773752495,0.0963846477408,0.0251130613505
1129880,0.187937458417,0.0974381941295,0.0257210292367
1131082,0.188137391883,0.097576143762,0.0264172659927
1132284,0.188337325349,0.0971785203381,0.0268813766522
1133486,0.188537258816,0.0963782769163,0.0268300304681
1134688,0.188737192282,0.0944366336202,0.0260883657227
1135890,0.188937125749,0.0961068881206,0.0270520689028
1137092,0.189137059215,0.0970350169284,0.0279472305113
1138294,0.189336992681,0.0975241674228,0.0276471836817
1139496,0.189536926148,0.0973440562789,0.0272345489288
1140698,0.189736859614,0.0964979517167,0.0267105418834
1141900,0.189936793081,0.0949567061805,0.0262171301221
1143102,0.190136726547,0.095779012183,0.026773104707
1144304,0.190336660013,0.0973929529265,0.0275178632357
1145506,0.19053659348,0.0980033822164,0.0279347860179
1146708,0.190736526946,0.097823272982,0.0282247401475
1147910,0.190936460413,0.097078059902,0.0283025947738
1149112,0.191136393879,0.0956694971684,0.0281406732662
1150314,0.191336327345,0.09509108374,0.0282668169173
1151516,0.191536260812,0.0967532242009,0.0291345635271
1152718,0.191736194278,0.0973597671301,0.0294403828783
1153920,0.191936127745,0.0975889946254,0.0295678396616
1155122,0.192136061211,0.0975160174008,0.0293751462184
1156324,0.192335994677,0.0966728448683,0.0286547483018
1157526,0.192535928144,0.0954118761514,0.0273461340944
1158728,0.19273586161,0.0974977369709,0.0282889601905
1159930,0.192935795077,0.0981662701431,0.0288419556995
1161132,0.193135728543,0.0987787093188,0.0290074452759
1162334,0.193335662009,0.0987003830483,0.0290561014439
1163536,0.193535595476,0.0980764318076,0.0290018858587
1164738,0.193735528942,0.0962225050251,0.0284011883957
1165940,0.193935462409,0.097555344071,0.0289624235927
1167142,0.194135395875,0.0983196029512,0.0298258578308
1168344,0.194335329341,0.0984874629651,0.0299208911837
1169546,0.194535262808,0.0981172114722,0.0298923566875
1170748,0.194735196274,0.0968445447838,0.0301571089853
1171950,0.194935129741,0.0950799651222,0.0299764894681
1173152,0.195135063207,0.0954011740285,0.0304739907347
1174354,0.195334996673,0.0963306853848,0.0310843350303
1175556,0.19553493014,0.0971459532999,0.0309098182409
1176758,0.195734863606,0.0970637742501,0.030878318064
1177960,0.195934797073,0.0964054028675,0.0305881916549
1179162,0.196134730539,0.0950572331523,0.0300454166584
1180364,0.196334664005,0.0942783010847,0.0299607258863
1181566,0.196534597472,0.0954718379665,0.0303647223898
1182768,0.196734530938,0.0960536378298,0.0302533595305
1183970,0.196934464405,0.0963128736937,0.0297363474526
1185172,0.197134397871,0.0958179699115,0.0294738990251
1186374,0.197334331337,0.0946407405953,0.0292677897493
1187576,0.197534264804,0.0929142478725,0.0293057871175
1188778,0.19773419827,0.0947378209632,0.029403591996
1189980,0.197934131737,0.0955304663322,0.0296176858336
1191182,0.198134065203,0.0959137273718,0.0300952568262
1192384,0.198333998669,0.095773286745,0.0304112335831
1193586,0.198533932136,0.0952252316178,0.0312187428629
1194788,0.198733865602,0.0937443925224,0.0313682210888
1195990,0.198933799069,0.0959692445461,0.031384792433
1197192,0.199133732535,0.0976509509857,0.0313181749181
1198394,0.199333666001,0.0985335150128,0.0307959304515
1199596,0.199533599468,0.0986758813431,0.0301527470585
1200798,0.199733532934,0.0981200204104,0.0294851005794
1202000,0.199933466401,0.0965385169676,0.0287159828023
1202401,0.200000166334,0.0956054159575,0.0284396474826
