1202,0.000199933466401,0.487726623465,0.21701598753
2404,0.000399866932801,0.524383260702,0.249335102742
3606,0.000599800399202,0.560679320445,0.283230638317
4808,0.000799733865602,0.587977529353,0.312739232562
6010,0.000999667332003,0.608984807998,0.338854688401
7212,0.0011996007984,0.6244067063,0.361000315922
8414,0.0013995342648,0.641635776194,0.383649726158
9616,0.0015994677312,0.65831573029,0.404627006549
10818,0.0017994011976,0.668439740586,0.418889800983
12020,0.00199933466401,0.675199138327,0.429401341579
13222,0.00219926813041,0.682440874815,0.442186422591
14424,0.00239920159681,0.688904321549,0.456534173927
15626,0.00259913506321,0.697296230431,0.469286912724
16828,0.00279906852961,0.709651391074,0.48383326417
18030,0.00299900199601,0.743839650764,0.526665459829
19232,0.00319893546241,0.789698552958,0.582624104792
20434,0.00339886892881,0.815073248154,0.61802736389
21636,0.00359880239521,0.825435768792,0.634430917704
22838,0.00379873586161,0.826583719407,0.638854121319
24040,0.00399866932801,0.829892888054,0.639061007647
25242,0.00419860279441,0.828073222977,0.635143521676
26444,0.00439853626081,0.826738757551,0.630139377943
27646,0.00459846972721,0.822914004135,0.622745805203
28848,0.00479840319361,0.812891743223,0.606031588981
30050,0.00499833666001,0.800729178819,0.587620463849
31252,0.00519827012641,0.795914079172,0.571179344599
32454,0.00539820359281,0.787377136291,0.554763830776
33656,0.00559813705921,0.773124497535,0.535009177063
34858,0.00579807052562,0.753392543049,0.511193507023
36060,0.00599800399202,0.731847347283,0.486907044846
37262,0.00619793745842,0.711229222401,0.467662841705
38464,0.00639787092482,0.699717270235,0.453398381431
39666,0.00659780439122,0.688359301663,0.44263906261
40868,0.00679773785762,0.66939730127,0.420399425644
42070,0.00699767132402,0.651770579828,0.399518632428
43272,0.00719760479042,0.636481966676,0.383951337227
44474,0.00739753825682,0.619873062995,0.369127739134
45676,0.00759747172322,0.609635220515,0.358836642688
46878,0.00779740518962,0.605086110571,0.352442277572
48080,0.00799733865602,0.600704268259,0.348020237631
49282,0.00819727212242,0.597034536923,0.346737634402
50484,0.00839720558882,0.597300693974,0.351809299517
51686,0.00859713905522,0.594086018976,0.352147320198
52888,0.00879707252162,0.592882725522,0.356736040297
54090,0.00899700598802,0.610213948442,0.375180386779
55292,0.00919693945442,0.622871583339,0.389539812574
56494,0.00939687292083,0.629122346604,0.396388336033
57696,0.00959680638723,0.632628797097,0.401227583395
58898,0.00979673985363,0.632725727681,0.401967928355
60100,0.00999667332003,0.63098208802,0.403824979191
61302,0.0101966067864,0.636858787597,0.405166617698
62504,0.0103965402528,0.645716008521,0.414467516542
63706,0.0105964737192,0.651460107664,0.421753932196
64908,0.0107964071856,0.65671112876,0.427765879812
66110,0.010996340652,0.656188013275,0.427507353521
67312,0.0111962741184,0.648752784739,0.421496395594
68514,0.0113962075848,0.643756023829,0.415528614771
69716,0.0115961410512,0.642668000346,0.413236713107
70918,0.0117960745176,0.641441692879,0.410768695345
72120,0.011996007984,0.64393608247,0.412665847453
73322,0.0121959414504,0.647017220646,0.418370771581
74524,0.0123958749168,0.655053601032,0.429974678918
75726,0.0125958083832,0.658386239544,0.432092889349
76928,0.0127957418496,0.660337504091,0.427886915993
78130,0.012995675316,0.662027602977,0.425318574116
79332,0.0131956087824,0.661319747859,0.422069051163
80534,0.0133955422488,0.659285578463,0.417715981696
81736,0.0135954757152,0.658038956567,0.415908152457
82938,0.0137954091816,0.658884800344,0.416504747094
84140,0.013995342648,0.672038972256,0.426382278607
85342,0.0141952761144,0.690350407547,0.442551327362
86544,0.0143952095808,0.71304996985,0.465840256537
87746,0.0145951430472,0.741655335823,0.496732450694
88948,0.0147950765136,0.770123796066,0.528141032786
90150,0.01499500998,0.80703336937,0.571289002156
91352,0.0151949434464,0.872642222514,0.643785610241
92554,0.0153948769128,0.947346123017,0.733447044518
93756,0.0155948103792,0.992539376101,0.782847065797
94958,0.0157947438456,1.01821704349,0.815127792394
96160,0.015994677312,1.04257404534,0.850766318533
97362,0.0161946107784,1.04764901757,0.862414676037
98564,0.0163945442448,1.03607804569,0.84724401198
99766,0.0165944777112,1.02037004069,0.823158653469
100968,0.0167944111776,1.00158877142,0.802490031486
102170,0.016994344644,0.983780617125,0.78294922926
103372,0.0171942781104,0.963929003181,0.759320205671
104574,0.0173942115768,0.943256708864,0.736153497923
105776,0.0175941450432,0.936776334837,0.730606112957
106978,0.0177940785096,0.943399997941,0.734981712034
108180,0.017994011976,0.938665875524,0.727334497369
109382,0.0181939454424,0.924585599958,0.706929781075
110584,0.0183938789088,0.898117549542,0.671887157218
111786,0.0185938123752,0.864587452501,0.633950161634
112988,0.0187937458417,0.83590021059,0.603335263014
114190,0.0189936793081,0.820556632197,0.582236165057
115392,0.0191936127745,0.809867968491,0.568570583099
116594,0.0193935462409,0.807990943793,0.567777892944
117796,0.0195934797073,0.809004477995,0.56920914384
118998,0.0197934131737,0.814285464381,0.574887777612
120200,0.0199933466401,0.818469668638,0.586367639064
121402,0.0201932801065,0.822008749928,0.592241854903
122604,0.0203932135729,0.820437085047,0.59391736374
123806,0.0205931470393,0.817139980741,0.601562565728
125008,0.0207930805057,0.811247312375,0.597796048064
126210,0.0209930139721,0.805428779108,0.594783610228
127412,0.0211929474385,0.802049882377,0.596150515586
128614,0.0213928809049,0.801124681557,0.598402137326
129816,0.0215928143713,0.806009272531,0.603218635134
131018,0.0217927478377,0.807032949163,0.603623751958
132220,0.0219926813041,0.803846747862,0.599811206731
133422,0.0221926147705,0.807994486975,0.602585069845
134624,0.0223925482369,0.808122312719,0.601866594421
135826,0.0225924817033,0.807697141881,0.602685161618
137028,0.0227924151697,0.814937400309,0.608474968102
138230,0.0229923486361,0.817307784627,0.610947963427
139432,0.0231922821025,0.818607890262,0.612079256187
140634,0.0233922155689,0.82596960907,0.621125492219
141836,0.0235921490353,0.83910838804,0.639648838847
143038,0.0237920825017,0.850653678061,0.656526315988
144240,0.0239920159681,0.854836755452,0.660509372024
145442,0.0241919494345,0.854666781614,0.655075479725
146644,0.0243918829009,0.850366516368,0.650429940357
147846,0.0245918163673,0.840179497952,0.645076166465
149048,0.0247917498337,0.836679308856,0.647718384631
150250,0.0249916833001,0.843258642774,0.658680235308
151452,0.0251916167665,0.853968089735,0.666547352972
152654,0.0253915502329,0.860313857124,0.671738067327
153856,0.0255914836993,0.868843801891,0.682092510762
155058,0.0257914171657,0.88389857441,0.700875842726
156260,0.0259913506321,0.890347273893,0.712852458542
157462,0.0261912840985,0.89661301212,0.726978455253
158664,0.0263912175649,0.89823537154,0.733057162561
159866,0.0265911510313,0.902910380459,0.744262203824
161068,0.0267910844977,0.905784166861,0.746398286379
162270,0.0269910179641,0.901915546258,0.740028301836
163472,0.0271909514305,0.877485721755,0.712556614559
164674,0.0273908848969,0.850967999778,0.679456296347
165876,0.0275908183633,0.812584857123,0.63302293955
167078,0.0277907518297,0.777855748398,0.592988558966
168280,0.0279906852961,0.77044876876,0.58791551564
169482,0.0281906187625,0.759935637827,0.579320131635
170684,0.0283905522289,0.7418554265,0.560418928107
171886,0.0285904856953,0.717196372463,0.533386352094
173088,0.0287904191617,0.684925677665,0.49902925897
174290,0.0289903526281,0.652922211901,0.45910598284
175492,0.0291902860945,0.626348332647,0.426753562265
176694,0.0293902195609,0.610137683318,0.408047027485
177896,0.0295901530273,0.595830984368,0.39158338236
179098,0.0297900864937,0.582711395998,0.37988831109
180300,0.0299900199601,0.570076049178,0.369794560494
181502,0.0301899534265,0.565136514304,0.363405155764
182704,0.0303898868929,0.562817877284,0.361978199777
183906,0.0305898203593,0.559848902175,0.359350145331
185108,0.0307897538257,0.555869434467,0.356169572866
186310,0.0309896872921,0.557076400581,0.360217406495
187512,0.0311896207585,0.557717838282,0.364985308404
188714,0.0313895542249,0.552620082937,0.358269505075
189916,0.0315894876913,0.544961900902,0.347750942914
191118,0.0317894211577,0.538986729673,0.339460099114
192320,0.0319893546241,0.534381992535,0.334345445006
193522,0.0321892880905,0.528708063155,0.327815913255
194724,0.0323892215569,0.519367961953,0.318002606552
195926,0.0325891550233,0.512277653346,0.308925586297
197128,0.0327890884897,0.513631191461,0.309808363114
198330,0.0329890219561,0.519342443647,0.318592104679
199532,0.0331889554225,0.522398858963,0.323485221773
200734,0.0333888888889,0.526135435539,0.330286573897
201936,0.0335888223553,0.529656846608,0.338278450647
203138,0.0337887558217,0.533404793842,0.343933809395
204340,0.0339886892881,0.540063081981,0.352928439559
205542,0.0341886227545,0.548172990298,0.364724121325
206744,0.0343885562209,0.552759042405,0.372569942123
207946,0.0345884896873,0.557004166563,0.381472423277
209148,0.0347884231537,0.562562800869,0.392727475918
210350,0.0349883566201,0.568981398107,0.403778992849
211552,0.0351882900865,0.575813402146,0.409600236102
212754,0.0353882235529,0.581044016627,0.413474975878
213956,0.0355881570193,0.583600700667,0.415578201764
215158,0.0357880904857,0.583996813851,0.415653836492
216360,0.0359880239521,0.587447431789,0.421305925432
217562,0.0361879574185,0.597589964126,0.438282162767
218764,0.0363878908849,0.601405179027,0.44223541124
219966,0.0365878243513,0.60194441525,0.439208932212
221168,0.0367877578177,0.602300177892,0.437018923687
222370,0.0369876912841,0.603935885244,0.436302102819
223572,0.0371876247505,0.602572130714,0.436627120888
224774,0.0373875582169,0.600428522426,0.436335623498
225976,0.0375874916833,0.600970659999,0.43747542996
227178,0.0377874251497,0.601536901944,0.435978510449
228380,0.0379873586161,0.599410835067,0.431714411808
229582,0.0381872920825,0.597953809311,0.429227828851
230784,0.0383872255489,0.593360947641,0.424931082054
231986,0.0385871590153,0.586397974072,0.418521168324
233188,0.0387870924817,0.578294726404,0.410941818197
234390,0.0389870259481,0.574830236821,0.403832262662
235592,0.0391869594145,0.571213318972,0.399434074867
236794,0.0393868928809,0.568459334192,0.397669333035
237996,0.0395868263473,0.565129916805,0.396945461563
239198,0.0397867598137,0.566329982061,0.403083723226
240400,0.0399866932801,0.565339154962,0.407168925765
241602,0.0401866267465,0.567872102037,0.410090215503
242804,0.0403865602129,0.571619308967,0.414600496533
244006,0.0405864936793,0.581254347514,0.427654823196
245208,0.0407864271457,0.595574294921,0.448698727183
246410,0.0409863606121,0.613228962445,0.475558216858
247612,0.0411862940785,0.628033202624,0.502437516085
248814,0.0413862275449,0.652837058047,0.542765229818
250016,0.0415861610113,0.662902789322,0.560971899473
251218,0.0417860944777,0.655456931199,0.551515156109
252420,0.0419860279441,0.638700398747,0.528735388497
253622,0.0421859614105,0.621539231487,0.507665366582
254824,0.0423858948769,0.604957476922,0.483535427976
256026,0.0425858283433,0.590148732247,0.461961479982
257228,0.0427857618097,0.579570512304,0.442545020797
258430,0.0429856952761,0.569571046554,0.425417056496
259632,0.0431856287425,0.560523551035,0.410837480124
260834,0.0433855622089,0.550001189663,0.396489208731
262036,0.0435854956753,0.539198780959,0.379264961476
263238,0.0437854291417,0.528367003014,0.365020028177
264440,0.0439853626081,0.5235629175,0.353142645333
265642,0.0441852960745,0.518171880431,0.341920926764
266844,0.0443852295409,0.515439600129,0.336149925785
268046,0.0445851630073,0.508781450062,0.328061651612
269248,0.0447850964737,0.504193745104,0.322074877192
270450,0.0449850299401,0.495106466221,0.311057175275
271652,0.0451849634065,0.495046476567,0.303733132573
272854,0.0453848968729,0.494562040918,0.300062052657
274056,0.0455848303393,0.49666406711,0.300364430945
275258,0.0457847638057,0.499353578261,0.302843783165
276460,0.0459846972721,0.504583568078,0.308651482258
277662,0.0461846307385,0.510589528999,0.316561407783
278864,0.0463845642049,0.519420807959,0.324898932714
280066,0.0465844976713,0.529512658967,0.334779281139
281268,0.0467844311377,0.537369866031,0.343468177889
282470,0.0469843646041,0.545187337079,0.354187601937
283672,0.0471842980705,0.55507120636,0.368766171013
284874,0.0473842315369,0.571778772552,0.38699721039
286076,0.0475841650033,0.593642937109,0.413046156423
287278,0.0477840984697,0.629891625833,0.452739925284
288480,0.0479840319361,0.650414852436,0.47507627889
289682,0.0481839654025,0.658775633627,0.48236606429
290884,0.0483838988689,0.662530643173,0.484124653629
292086,0.0485838323353,0.662470532878,0.481549192374
293288,0.0487837658017,0.665917782786,0.481409030713
294490,0.0489836992681,0.674967774163,0.484936035966
295692,0.0491836327345,0.68894407502,0.494383453905
296894,0.0493835662009,0.6972998878,0.498403992412
298096,0.0495834996673,0.701668336664,0.499271194952
299298,0.0497834331337,0.701397720305,0.494926194523
300500,0.0499833666001,0.690091691512,0.479564058818
301702,0.0501833000665,0.686068526608,0.467073470402
302904,0.0503832335329,0.682257733967,0.454898517528
304106,0.0505831669993,0.681760805874,0.447736214116
305308,0.0507831004657,0.692022036385,0.453971160278
306510,0.0509830339321,0.701202968221,0.461443838064
307712,0.0511829673985,0.719978049499,0.484985761128
308914,0.0513829008649,0.766513330775,0.537913545327
310116,0.0515828343313,0.806135934955,0.581334250795
311318,0.0517827677977,0.841027168767,0.624695847249
312520,0.0519827012641,0.874091645446,0.670547916412
313722,0.0521826347305,0.889958898009,0.692314669294
314924,0.0523825681969,0.892174409149,0.702558128208
316126,0.0525825016633,0.892574794055,0.716561432858
317328,0.0527824351297,0.899045850562,0.724475463327
318530,0.0529823685961,0.898386515821,0.727268003625
319732,0.0531823020625,0.897951621931,0.73154740148
320934,0.0533822355289,0.896292233309,0.740462914802
322136,0.0535821689953,0.893874138606,0.750825268827
323338,0.0537821024617,0.884716375243,0.748402084358
324540,0.0539820359281,0.876712368948,0.742523254764
325742,0.0541819693945,0.870063093103,0.737916376279
326944,0.0543819028609,0.859406549378,0.729672461039
328146,0.0545818363273,0.843317066225,0.715902778541
329348,0.0547817697937,0.823127106188,0.698010080608
330550,0.0549817032601,0.799986293783,0.679560875795
331752,0.0551816367265,0.786912417551,0.664382347112
332954,0.0553815701929,0.770894107944,0.643017128272
334156,0.0555815036593,0.754392523843,0.620761293094
335358,0.0557814371257,0.738219011409,0.59897586824
336560,0.0559813705921,0.722876790384,0.580755782318
337762,0.0561813040585,0.713148550974,0.569706740804
338964,0.056381237525,0.713299875994,0.566815206504
340166,0.0565811709914,0.720183314664,0.575898017083
341368,0.0567811044578,0.73276363336,0.594367094767
342570,0.0569810379242,0.744918658795,0.612340932927
343772,0.0571809713906,0.746427712029,0.615727628634
344974,0.057380904857,0.744867758358,0.615417673183
346176,0.0575808383234,0.750468709244,0.622626290284
347378,0.0577807717898,0.760076775399,0.631977091146
348580,0.0579807052562,0.754264417241,0.622834243141
349782,0.0581806387226,0.74628939744,0.613064693512
350984,0.058380572189,0.73863641243,0.603335097014
352186,0.0585805056554,0.730411583534,0.591607608005
353388,0.0587804391218,0.724049880838,0.582857836049
354590,0.0589803725882,0.726623027022,0.580595649359
355792,0.0591803060546,0.728578523694,0.577009128499
356994,0.059380239521,0.723307982957,0.56454189656
358196,0.0595801729874,0.718632476964,0.556938743618
359398,0.0597801064538,0.713598791382,0.55073335512
360600,0.0599800399202,0.711348264088,0.550768277046
361802,0.0601799733866,0.70931887927,0.544829098737
363004,0.060379906853,0.69881805562,0.528051649678
364206,0.0605798403194,0.687518430552,0.510190610184
365408,0.0607797737858,0.678370279279,0.496236246903
366610,0.0609797072522,0.673501253906,0.48731752343
367812,0.0611796407186,0.671832089985,0.486848501112
369014,0.061379574185,0.681211923128,0.49737120576
370216,0.0615795076514,0.696335356998,0.514360358051
371418,0.0617794411178,0.707212081377,0.528537391945
372620,0.0619793745842,0.727514319647,0.556864767282
373822,0.0621793080506,0.755225186823,0.598330481925
375024,0.062379241517,0.770478312783,0.621920753333
376226,0.0625791749834,0.801123315787,0.666883255662
377428,0.0627791084498,0.840649701671,0.722282213962
378630,0.0629790419162,0.843944377914,0.725071109496
379832,0.0631789753826,0.82184407715,0.694173427463
381034,0.063378908849,0.798691703219,0.661201230358
382236,0.0635788423154,0.77756164585,0.631309582218
383438,0.0637787757818,0.757471005685,0.60457252689
384640,0.0639787092482,0.742861162774,0.578125371868
385842,0.0641786427146,0.728732273201,0.554893467046
387044,0.064378576181,0.714571312965,0.532078721164
388246,0.0645785096474,0.698085232631,0.50814817559
389448,0.0647784431138,0.680056309958,0.482080232278
390650,0.0649783765802,0.661370816751,0.457304840664
391852,0.0651783100466,0.653461049659,0.437510956889
393054,0.065378243513,0.647276013354,0.425198788005
394256,0.0655781769794,0.639916903187,0.410986610916
395458,0.0657781104458,0.631774379925,0.399362987742
396660,0.0659780439122,0.623977587469,0.393517651853
397862,0.0661779773786,0.616774039533,0.386673321934
399064,0.066377910845,0.611883982776,0.382609910721
400266,0.0665778443114,0.614105244833,0.384369147837
401468,0.0667777777778,0.619973675659,0.39093757828
402670,0.0669777112442,0.623752976022,0.395166491854
403872,0.0671776447106,0.625335469882,0.39895176459
405074,0.067377578177,0.624045495535,0.401577166263
406276,0.0675775116434,0.622266457876,0.404616096629
407478,0.0677774451098,0.623392361551,0.408926518375
408680,0.0679773785762,0.624040397034,0.414606518393
409882,0.0681773120426,0.636088185375,0.439490905389
411084,0.068377245509,0.637681716439,0.451034864522
412286,0.0685771789754,0.629176561978,0.446185548233
413488,0.0687771124418,0.615972883907,0.436954418876
414690,0.0689770459082,0.609657173609,0.427568368791
415892,0.0691769793746,0.605574990594,0.417762060404
417094,0.069376912841,0.603171796851,0.414080275152
418296,0.0695768463074,0.597836765193,0.407582381276
419498,0.0697767797738,0.592714870178,0.402611490276
420700,0.0699767132402,0.589081032776,0.401068967807
421902,0.0701766467066,0.588588728779,0.402212815705
423104,0.070376580173,0.590326105793,0.405286941633
424306,0.0705765136394,0.59293779255,0.407838476647
425508,0.0707764471058,0.596982036376,0.414230166339
426710,0.0709763805722,0.606208133709,0.428847258372
427912,0.0711763140386,0.614434151408,0.445007037392
429114,0.071376247505,0.625015926638,0.459728069905
430316,0.0715761809714,0.628246455946,0.461240575127
431518,0.0717761144378,0.628040117795,0.463462827391
432720,0.0719760479042,0.627867731878,0.46645121732
433922,0.0721759813706,0.626667343002,0.464788719026
435124,0.072375914837,0.624282009495,0.463371591427
436326,0.0725758483034,0.618524926781,0.455648438827
437528,0.0727757817698,0.617692556497,0.449953029173
438730,0.0729757152362,0.616515291415,0.444762516099
439932,0.0731756487026,0.616831286218,0.442352803983
441134,0.073375582169,0.619909898356,0.443913823393
442336,0.0735755156354,0.614779980081,0.437954547761
443538,0.0737754491018,0.603051991472,0.424504723512
444740,0.0739753825682,0.598094552034,0.413248318772
445942,0.0741753160346,0.594244508217,0.405649311677
447144,0.074375249501,0.588611584769,0.397784370049
448346,0.0745751829674,0.584958462635,0.391180459329
449548,0.0747751164338,0.573232620212,0.37934577225
450750,0.0749750499002,0.55849448803,0.36401635259
451952,0.0751749833666,0.544479667061,0.345907965115
453154,0.075374916833,0.53039986401,0.330256592848
454356,0.0755748502994,0.522803730683,0.322937028367
455558,0.0757747837658,0.51142547169,0.31508593117
456760,0.0759747172322,0.494983769388,0.302309107652
457962,0.0761746506986,0.48339621176,0.291128786655
459164,0.076374584165,0.47805316688,0.285201140953
460366,0.0765745176314,0.472757682281,0.278482280635
461568,0.0767744510978,0.46804947526,0.273019410263
462770,0.0769743845642,0.463422087172,0.268421981042
463972,0.0771743180306,0.45608963621,0.262220538254
465174,0.077374251497,0.446616383292,0.254758475583
466376,0.0775741849634,0.438678981348,0.249109504373
467578,0.0777741184298,0.435825366353,0.246079852842
468780,0.0779740518962,0.43419672437,0.24473544054
469982,0.0781739853626,0.432229416503,0.244794728783
471184,0.078373918829,0.429097236065,0.243352003702
472386,0.0785738522954,0.425156221288,0.240658452868
473588,0.0787737857618,0.422694425406,0.240731406371
474790,0.0789737192282,0.427230102508,0.241471993358
475992,0.0791736526946,0.432235842322,0.240947428008
477194,0.079373586161,0.436004299769,0.243681353116
478396,0.0795735196274,0.438817983138,0.247090871248
479598,0.0797734530938,0.441154221981,0.251794279897
480800,0.0799733865602,0.444067899086,0.258248116637
482002,0.0801733200266,0.453408101956,0.266605572551
483204,0.080373253493,0.466163142102,0.278862444563
484406,0.0805731869594,0.481035879778,0.295328928386
485608,0.0807731204258,0.495133519936,0.310716913539
486810,0.0809730538922,0.502966197912,0.320161965246
488012,0.0811729873586,0.506687170382,0.325903233217
489214,0.081372920825,0.511261558638,0.329543429829
490416,0.0815728542914,0.516728198425,0.333940482189
491618,0.0817727877578,0.521006727557,0.338103057859
492820,0.0819727212242,0.524914460494,0.342455774041
494022,0.0821726546906,0.526907065113,0.345964334441
495224,0.082372588157,0.527836647277,0.349224102537
496426,0.0825725216234,0.530598520469,0.353623447992
497628,0.0827724550898,0.538253259273,0.359798410872
498830,0.0829723885562,0.542844664611,0.364457595032
500032,0.0831723220226,0.548003402223,0.368523222558
501234,0.083372255489,0.551698590643,0.372774011673
502436,0.0835721889554,0.553197104174,0.37570363187
503638,0.0837721224218,0.554825218765,0.379223142336
504840,0.0839720558882,0.559317732619,0.37977515634
506042,0.0841719893546,0.563081533175,0.381369617865
507244,0.084371922821,0.566462823276,0.382662550214
508446,0.0845718562874,0.569352887532,0.385748789976
509648,0.0847717897538,0.572081620093,0.387620807968
510850,0.0849717232202,0.571221039096,0.387239154842
512052,0.0851716566866,0.574340743002,0.386793254975
513254,0.085371590153,0.577709698302,0.3860570191
514456,0.0855715236194,0.579490731425,0.384485852901
515658,0.0857714570858,0.584426850726,0.387214182551
516860,0.0859713905522,0.590343984981,0.392009279071
518062,0.0861713240186,0.591975714867,0.394096842532
519264,0.086371257485,0.596736413083,0.396919877341
520466,0.0865711909514,0.601940003404,0.399749055526
521668,0.0867711244178,0.60710642149,0.400657575199
522870,0.0869710578842,0.612462383022,0.405930672137
524072,0.0871709913506,0.616927461395,0.410867449869
525274,0.087370924817,0.618875657671,0.414209606682
526476,0.0875708582834,0.620009765416,0.416552870315
527678,0.0877707917498,0.625826736335,0.420089026346
528880,0.0879707252162,0.6287533944,0.420088372666
530082,0.0881706586826,0.630247219914,0.419749568639
531284,0.088370592149,0.631108692658,0.417586785157
532486,0.0885705256154,0.634688997805,0.418565890247
533688,0.0887704590818,0.639688806624,0.42399293088
534890,0.0889703925482,0.650840666027,0.427919932982
536092,0.0891703260146,0.662510013825,0.436857342067
537294,0.089370259481,0.673118838232,0.446714551902
538496,0.0895701929474,0.681505939971,0.456015123236
539698,0.0897701264138,0.682248650442,0.458538337877
540900,0.0899700598802,0.674744803927,0.452597150348
542102,0.0901699933466,0.669551151582,0.4430793481
543304,0.090369926813,0.664901668537,0.436737381228
544506,0.0905698602794,0.656611499763,0.423887079397
545708,0.0907697937458,0.643680334729,0.408214475306
546910,0.0909697272122,0.633081690535,0.393986793581
548112,0.0911696606786,0.625170047471,0.387186339091
549314,0.091369594145,0.620817755276,0.381409644981
550516,0.0915695276114,0.617242158659,0.375352111352
551718,0.0917694610778,0.613529137336,0.368054130095
552920,0.0919693945442,0.606849460103,0.359824597616
554122,0.0921693280106,0.59672886313,0.34927809633
555324,0.092369261477,0.586828286451,0.339093234243
556526,0.0925691949434,0.577236257221,0.33063048761
557728,0.0927691284098,0.572827062459,0.324634386042
558930,0.0929690618762,0.573536240234,0.324114996816
560132,0.0931689953426,0.578675082729,0.32837201249
561334,0.093368928809,0.580597267059,0.33062040394
562536,0.0935688622754,0.582552818392,0.335039889081
563738,0.0937687957418,0.583420302816,0.339964258898
564940,0.0939687292083,0.588839938312,0.344327671014
566142,0.0941686626747,0.59016320042,0.344849368775
567344,0.0943685961411,0.591331643917,0.345826208139
568546,0.0945685296075,0.594780251707,0.349808104382
569748,0.0947684630739,0.596283926808,0.353699160589
570950,0.0949683965403,0.596363104221,0.35608997576
572152,0.0951683300067,0.601072984336,0.36063791479
573354,0.0953682634731,0.599950078717,0.357554357325
574556,0.0955681969395,0.596225963347,0.351617875762
575758,0.0957681304059,0.589140563017,0.343304076479
576960,0.0959680638723,0.580442843314,0.334102050914
578162,0.0961679973387,0.571746905139,0.326511964185
579364,0.0963679308051,0.570267004243,0.32354312445
580566,0.0965678642715,0.571753528842,0.323108713397
581768,0.0967677977379,0.572211296317,0.320580704777
582970,0.0969677312043,0.57173981122,0.319114246473
584172,0.0971676646707,0.571739791427,0.318260323616
585374,0.0973675981371,0.573268768974,0.324494927286
586576,0.0975675316035,0.580351088202,0.331460024218
587778,0.0977674650699,0.593756366068,0.34243125494
588980,0.0979673985363,0.607920586312,0.355849281769
590182,0.0981673320027,0.624707987447,0.373953224589
591384,0.0983672654691,0.643309514754,0.395815358808
592586,0.0985671989355,0.657573939458,0.414195238682
593788,0.0987671324019,0.676054259899,0.437846371851
594990,0.0989670658683,0.707539614737,0.472686694079
596192,0.0991669993347,0.743349728597,0.514548696896
597394,0.0993669328011,0.758258797584,0.532922191687
598596,0.0995668662675,0.763624476662,0.544237881299
599798,0.0997667997339,0.768275146479,0.557104068287
601000,0.0999667332003,0.77264733665,0.569559546421
602202,0.100166666667,0.779210417201,0.580727729875
603404,0.100366600133,0.788583582222,0.596265817894
604606,0.100566533599,0.798738288842,0.612460743776
605808,0.100766467066,0.813474027691,0.636392859318
607010,0.100966400532,0.827794608174,0.660387562886
608212,0.101166333999,0.836956643176,0.68171240867
609414,0.101366267465,0.845202781739,0.700189134484
610616,0.101566200931,0.859419598064,0.725235465911
611818,0.101766134398,0.89901229296,0.78786555143
613020,0.101966067864,0.914198292112,0.817051388238
614222,0.102166001331,0.905796210247,0.812820781974
615424,0.102365934797,0.895034483004,0.802952241122
616626,0.102565868263,0.888264669204,0.795526695657
617828,0.10276580173,0.87372435337,0.774316813701
619030,0.102965735196,0.851934141372,0.746597867621
620232,0.103165668663,0.826216702209,0.717729774391
621434,0.103365602129,0.79663865036,0.68730302731
622636,0.103565535595,0.766867998666,0.654136578245
623838,0.103765469062,0.733012068868,0.619611877889
625040,0.103965402528,0.701168427568,0.578012243926
626242,0.104165335995,0.669202712054,0.53725753842
627444,0.104365269461,0.63785815207,0.498332539007
628646,0.104565202927,0.603635813789,0.454778305241
629848,0.104765136394,0.575130172535,0.421070454275
631050,0.10496506986,0.554540582178,0.401628713602
632252,0.105165003327,0.539465203026,0.381465839776
633454,0.105364936793,0.526145518421,0.363313825585
634656,0.105564870259,0.514215310228,0.34773825449
635858,0.105764803726,0.50316784541,0.334167167766
637060,0.105964737192,0.493196635167,0.323427992656
638262,0.106164670659,0.485144839573,0.315840005257
639464,0.106364604125,0.483232516988,0.311126947669
640666,0.106564537591,0.484476394705,0.307342902768
641868,0.106764471058,0.488418226722,0.309709044727
643070,0.106964404524,0.49240067002,0.314787023836
644272,0.107164337991,0.494169557093,0.318392198814
645474,0.107364271457,0.497010489334,0.32599978899
646676,0.107564204923,0.503202663278,0.336115522579
647878,0.10776413839,0.514613703644,0.349526136495
649080,0.107964071856,0.528585275081,0.368801370994
650282,0.108164005323,0.5364914803,0.379694913825
651484,0.108363938789,0.542421194746,0.38735521611
652686,0.108563872255,0.548623097978,0.39839229762
653888,0.108763805722,0.572584434037,0.438952802602
655090,0.108963739188,0.606516538994,0.484379008768
656292,0.109163672655,0.623148898213,0.504960824709
657494,0.109363606121,0.631512715623,0.51400979364
658696,0.109563539587,0.632456495673,0.514656334186
659898,0.109763473054,0.631356134456,0.512712709615
661100,0.10996340652,0.632281243921,0.518114456903
662302,0.110163339987,0.638041763957,0.524188277056
663504,0.110363273453,0.646681669586,0.533906565937
664706,0.110563206919,0.654360542255,0.543975637798
665908,0.110763140386,0.664659793696,0.557595104627
667110,0.110963073852,0.681400068371,0.582910603021
668312,0.111163007319,0.6987466774,0.606484983236
669514,0.111362940785,0.708579398191,0.619396826422
670716,0.111562874251,0.71109701921,0.61757951849
671918,0.111762807718,0.709906750628,0.611645015639
673120,0.111962741184,0.707179625576,0.605721779456
674322,0.112162674651,0.699323484389,0.594228050905
675524,0.112362608117,0.685678488361,0.574861618441
676726,0.112562541583,0.671926365969,0.556462011215
677928,0.11276247505,0.662932602976,0.539048861979
679130,0.112962408516,0.657028577829,0.524896370854
680332,0.113162341983,0.647114461445,0.50723599877
681534,0.113362275449,0.634749454028,0.490189110819
682736,0.113562208916,0.620346745821,0.473389755715
683938,0.113762142382,0.608590868254,0.462422642628
685140,0.113962075848,0.603303711164,0.453787573003
686342,0.114162009315,0.596851681916,0.445729348793
687544,0.114361942781,0.592082702362,0.436999966971
688746,0.114561876248,0.58582601693,0.426188140066
689948,0.114761809714,0.577074317597,0.415179765992
691150,0.11496174318,0.5687698921,0.405234531922
692352,0.115161676647,0.566105139936,0.396198061326
693554,0.115361610113,0.563859361741,0.389771893368
694756,0.11556154358,0.559203773471,0.381008578521
695958,0.115761477046,0.559214482939,0.377441034335
697160,0.115961410512,0.55491288997,0.369311225175
698362,0.116161343979,0.55064679552,0.363035794225
699564,0.116361277445,0.551071577846,0.359380445528
700766,0.116561210912,0.552478808049,0.355414934617
701968,0.116761144378,0.552040162804,0.351864757313
703170,0.116961077844,0.548682966423,0.347394637914
704372,0.117161011311,0.547392488746,0.345832912711
705574,0.117360944777,0.544541787791,0.342877643492
706776,0.117560878244,0.541435321304,0.339645874022
707978,0.11776081171,0.542103262084,0.336703700848
709180,0.117960745176,0.541605987025,0.333432707772
710382,0.118160678643,0.54101785265,0.328793680213
711584,0.118360612109,0.538957117869,0.325172542717
712786,0.118560545576,0.535750190145,0.321625092784
713988,0.118760479042,0.531175023968,0.319584535079
715190,0.118960412508,0.535691404228,0.323043816038
716392,0.119160345975,0.544161260401,0.332329127873
717594,0.119360279441,0.555103472912,0.344278014854
718796,0.119560212908,0.573584412161,0.367778031879
719998,0.119760146374,0.585032608948,0.38269493306
721200,0.11996007984,0.586421744805,0.385952964069
722402,0.120160013307,0.587637384606,0.385500057918
723604,0.120359946773,0.5877072094,0.382259374407
724806,0.12055988024,0.588391795138,0.381550399129
726008,0.120759813706,0.591400073389,0.385217678438
727210,0.120959747172,0.594076206735,0.38983376844
728412,0.121159680639,0.596854317325,0.395134008699
729614,0.121359614105,0.604066749572,0.402889456903
730816,0.121559547572,0.619622554261,0.419316937636
732018,0.121759481038,0.635658647489,0.43665356932
733220,0.121959414504,0.651200676954,0.457241980896
734422,0.122159347971,0.667121585375,0.480066574819
735624,0.122359281437,0.692080415223,0.516249555448
736826,0.122559214904,0.732875050885,0.571232385932
738028,0.12275914837,0.765181369528,0.607560834328
739230,0.122959081836,0.824975072474,0.679891642074
740432,0.123159015303,0.858257725149,0.727794311763
741634,0.123358948769,0.883931653552,0.764655728612
742836,0.123558882236,0.898305258117,0.786666303651
744038,0.123758815702,0.90264307809,0.797056667514
745240,0.123958749168,0.905102359324,0.802633190216
746442,0.124158682635,0.909961647958,0.8099908996
747644,0.124358616101,0.926064131847,0.830782656863
748846,0.124558549568,0.951861199175,0.867576136293
750048,0.124758483034,0.985457611569,0.920640738114
751250,0.1249584165,0.983842746528,0.925723474598
752452,0.125158349967,0.968974856327,0.905117393502
753654,0.125358283433,0.949370254066,0.877895114811
754856,0.1255582169,0.92837621454,0.848793100259
756058,0.125758150366,0.909621479088,0.821113387962
757260,0.125958083832,0.889561747244,0.793451971105
758462,0.126158017299,0.857871970243,0.750529264814
759664,0.126357950765,0.832013564553,0.714171901962
760866,0.126557884232,0.807881664597,0.677107301193
762068,0.126757817698,0.78681311783,0.643642775724
763270,0.126957751164,0.771265425732,0.620766280906
764472,0.127157684631,0.764353173079,0.609057178591
765674,0.127357618097,0.762187972846,0.604921360663
766876,0.127557551564,0.753857943315,0.594699792888
768078,0.12775748503,0.751124579036,0.585247251733
769280,0.127957418496,0.749961592414,0.577300345154
770482,0.128157351963,0.747624692209,0.571581965593
771684,0.128357285429,0.743742433828,0.564859429669
772886,0.128557218896,0.729922716937,0.548214705501
774088,0.128757152362,0.709639894147,0.527217883362
775290,0.128957085828,0.692651771637,0.503780449552
776492,0.129157019295,0.675970640548,0.482596578423
777694,0.129356952761,0.657529935635,0.4617268822
778896,0.129556886228,0.639971187298,0.440356294705
780098,0.129756819694,0.620414581126,0.416711614528
781300,0.12995675316,0.595952753525,0.384756809357
782502,0.130156686627,0.573485005835,0.358204127929
783704,0.130356620093,0.558015665707,0.340343279404
784906,0.13055655356,0.544462760344,0.324525632912
786108,0.130756487026,0.528350620687,0.3063621566
787310,0.130956420492,0.512753238106,0.289768816397
788512,0.131156353959,0.500752259719,0.277686837504
789714,0.131356287425,0.493569204186,0.268137129776
790916,0.131556220892,0.490968734953,0.262228209601
792118,0.131756154358,0.489713978075,0.25929556805
793320,0.131956087824,0.487959555262,0.256443346307
794522,0.132156021291,0.484122632895,0.252730994445
795724,0.132355954757,0.480031189096,0.248097875667
796926,0.132555888224,0.474946651966,0.244890403153
798128,0.13275582169,0.476450921273,0.242474338527
799330,0.132955755156,0.476532521646,0.240682014381
800532,0.133155688623,0.477386254736,0.241008954133
801734,0.133355622089,0.480006572686,0.243914506986
802936,0.133555555556,0.482438165483,0.248013278479
804138,0.133755489022,0.484558950627,0.253951149366
805340,0.133955422488,0.493706988568,0.259143173335
806542,0.134155355955,0.49791550494,0.262678741999
807744,0.134355289421,0.502558596316,0.266813586411
808946,0.134555222888,0.507086119341,0.271774739714
810148,0.134755156354,0.510421208525,0.275527189602
811350,0.13495508982,0.510139404185,0.277082568576
812552,0.135155023287,0.516011236526,0.282520078006
813754,0.135354956753,0.526450074475,0.292754021016
814956,0.13555489022,0.536101760654,0.304380854141
816158,0.135754823686,0.545771496079,0.31669606865
817360,0.135954757152,0.554345586444,0.328642140935
818562,0.136154690619,0.557134424046,0.335180032579
819764,0.136354624085,0.556589036556,0.334521840652
820966,0.136554557552,0.558569092164,0.333706815836
822168,0.136754491018,0.560075118828,0.332957596107
823370,0.136954424484,0.559540503437,0.330859412788
824572,0.137154357951,0.556799955489,0.328833315061
825774,0.137354291417,0.55135662976,0.322960346439
826976,0.137554224884,0.547692543302,0.31886040076
828178,0.13775415835,0.552101441941,0.316536825431
829380,0.137954091816,0.553348300597,0.314115670057
830582,0.138154025283,0.551769742341,0.311173531972
831784,0.138353958749,0.55135852631,0.30880616703
832986,0.138553892216,0.54816499258,0.304793528704
834188,0.138753825682,0.542922569003,0.300415959338
835390,0.138953759148,0.546877229097,0.298267514795
836592,0.139153692615,0.552628947294,0.3042603162
837794,0.139353626081,0.557820249063,0.312309139452
838996,0.139553559548,0.563275366807,0.320794153303
840198,0.139753493014,0.570581117784,0.334348457733
841400,0.13995342648,0.579916958681,0.350654253476
842602,0.140153359947,0.593258840675,0.366855911429
843804,0.140353293413,0.607333220687,0.38167202611
845006,0.14055322688,0.629800668646,0.41189813143
846208,0.140753160346,0.651586977169,0.444480561191
847410,0.140953093812,0.664656441192,0.467722497942
848612,0.141153027279,0.671300867681,0.480585078176
849814,0.141352960745,0.670397381213,0.480356845097
851016,0.141552894212,0.667374833073,0.474242723122
852218,0.141752827678,0.663642528701,0.468819731783
853420,0.141952761144,0.661421716592,0.466166258545
854622,0.142152694611,0.653409066553,0.458060937184
855824,0.142352628077,0.637280650524,0.441792238453
857026,0.142552561544,0.618485320541,0.42303431295
858228,0.14275249501,0.606848331915,0.408419372976
859430,0.142952428476,0.595007468815,0.396304759638
860632,0.143152361943,0.583218152495,0.384120483804
861834,0.143352295409,0.572510012056,0.372407345809
863036,0.143552228876,0.561409793002,0.363583361531
864238,0.143752162342,0.549330918257,0.353992916487
865440,0.143952095808,0.543756013657,0.345591065668
866642,0.144152029275,0.536614785906,0.338676915386
867844,0.144351962741,0.530582686476,0.334031381403
869046,0.144551896208,0.523359457287,0.328864398174
870248,0.144751829674,0.515363124126,0.323246964471
871450,0.14495176314,0.507090789806,0.319118549383
872652,0.145151696607,0.500201139725,0.31635933311
873854,0.145351630073,0.497198149888,0.315066077959
875056,0.14555156354,0.495835676308,0.312951507299
876258,0.145751497006,0.491657976519,0.309760043378
877460,0.145951430472,0.487294912222,0.307710108744
878662,0.146151363939,0.481844518611,0.305756943546
879864,0.146351297405,0.480359516333,0.307553588318
881066,0.146551230872,0.481145582277,0.308730743441
882268,0.146751164338,0.480223885772,0.309072561652
883470,0.146951097804,0.479410110279,0.31016710803
884672,0.147151031271,0.476445826464,0.308761694452
885874,0.147350964737,0.471055642001,0.304814151258
887076,0.147550898204,0.46380633241,0.296627767048
888278,0.14775083167,0.458369286687,0.288812236266
889480,0.147950765136,0.454160620421,0.282706856659
890682,0.148150698603,0.450562238991,0.277814199786
891884,0.148350632069,0.446976689448,0.273791981203
893086,0.148550565536,0.44235175734,0.268521909239
894288,0.148750499002,0.435292810061,0.261730742724
895490,0.148950432468,0.43026145638,0.252680600501
896692,0.149150365935,0.426403829349,0.245045848201
897894,0.149350299401,0.42217927487,0.237333398265
899096,0.149550232868,0.417617289806,0.230588970202
900298,0.149750166334,0.413433019976,0.224847726838
901500,0.1499500998,0.409665434149,0.220687880503
902702,0.150150033267,0.409407794491,0.217392346999
903904,0.150349966733,0.411177655075,0.21639174481
905106,0.1505499002,0.413219733228,0.216618391906
906308,0.150749833666,0.414680236039,0.217317020746
907510,0.150949767132,0.415894065005,0.21842087055
908712,0.151149700599,0.41764336718,0.219743800806
909914,0.151349634065,0.422053831266,0.222141918269
911116,0.151549567532,0.428839464902,0.225821313581
912318,0.151749500998,0.435350793245,0.230118283181
913520,0.151949434464,0.441321617291,0.236104965254
914722,0.152149367931,0.448702161959,0.245492182709
915924,0.152349301397,0.458241379048,0.257402461064
917126,0.152549234864,0.466221837581,0.26781749897
918328,0.15274916833,0.474878080083,0.276442384377
919530,0.152949101796,0.484548661188,0.286179192714
920732,0.153149035263,0.491825461361,0.294460520513
921934,0.153348968729,0.500335722476,0.305463125958
923136,0.153548902196,0.514133438557,0.32347678928
924338,0.153748835662,0.522196143089,0.336736846343
925540,0.153948769128,0.528507604012,0.342255552593
926742,0.154148702595,0.533966722375,0.348062000354
927944,0.154348636061,0.536215125322,0.350864451519
929146,0.154548569528,0.533400888832,0.348731194285
930348,0.154748502994,0.527433974331,0.343423435414
931550,0.15494843646,0.522320383785,0.340351193927
932752,0.155148369927,0.521284332112,0.338624365123
933954,0.155348303393,0.515883716654,0.332176705614
935156,0.15554823686,0.509682633253,0.326401677201
936358,0.155748170326,0.505723571019,0.321519147687
937560,0.155948103792,0.502844903818,0.319742251281
938762,0.156148037259,0.500601594673,0.319295596244
939964,0.156347970725,0.498015728454,0.317615454637
941166,0.156547904192,0.498457538161,0.316882745316
942368,0.156747837658,0.497636209478,0.31510276545
943570,0.156947771124,0.498816241363,0.315058275565
944772,0.157147704591,0.500664949102,0.316509242413
945974,0.157347638057,0.502499277982,0.319115648557
947176,0.157547571524,0.504880030647,0.323324033559
948378,0.15774750499,0.51576805588,0.3358636705
949580,0.157947438456,0.524954536372,0.344223524634
950782,0.158147371923,0.529598366879,0.347887445277
951984,0.158347305389,0.538287384564,0.356848233893
953186,0.158547238856,0.559199817525,0.384413825949
954388,0.158747172322,0.565106861268,0.395190657167
955590,0.158947105788,0.570310861286,0.39940799583
956792,0.159147039255,0.571955813748,0.400119541094
957994,0.159346972721,0.570559087801,0.397573129648
959196,0.159546906188,0.572963275504,0.401383065056
960398,0.159746839654,0.5752959753,0.405480235003
961600,0.15994677312,0.575936255597,0.406459846011
962802,0.160146706587,0.577100434381,0.404326961216
964004,0.160346640053,0.578011265668,0.401387484303
965206,0.16054657352,0.576404768977,0.396069056893
966408,0.160746506986,0.57338498613,0.388708585718
967610,0.160946440452,0.570054956103,0.381760363347
968812,0.161146373919,0.566017239214,0.374952606735
970014,0.161346307385,0.561787587416,0.367816512194
971216,0.161546240852,0.560660620199,0.363558987553
972418,0.161746174318,0.559168032851,0.359457307563
973620,0.161946107784,0.554560387237,0.353717466354
974822,0.162146041251,0.556833028062,0.35581241284
976024,0.162345974717,0.560737768737,0.358507453731
977226,0.162545908184,0.566425363407,0.364587519894
978428,0.16274584165,0.577261100301,0.37417790848
979630,0.162945775116,0.586798271735,0.385023723084
980832,0.163145708583,0.594331832484,0.394644713141
982034,0.163345642049,0.596960194709,0.397917044201
983236,0.163545575516,0.594332590297,0.396356753246
984438,0.163745508982,0.589452286241,0.393632541813
985640,0.163945442448,0.591263986637,0.390438103969
986842,0.164145375915,0.589334594885,0.385941179425
988044,0.164345309381,0.585773906122,0.380976794582
989246,0.164545242848,0.580370916628,0.375471001209
990448,0.164745176314,0.575435499323,0.37123854848
991650,0.16494510978,0.570369821047,0.366022266802
992852,0.165145043247,0.570083957292,0.363936033582
994054,0.165344976713,0.573102504195,0.36506110188
995256,0.16554491018,0.574414597464,0.366699676316
996458,0.165744843646,0.574943463583,0.365257283699
997660,0.165944777112,0.572348766591,0.363518908564
998862,0.166144710579,0.569908646361,0.362059766185
1000064,0.166344644045,0.566477184864,0.361990919031
1001266,0.166544577512,0.565629558053,0.360569349341
1002468,0.166744510978,0.566736826693,0.358502586885
1003670,0.166944444444,0.567543854104,0.359209344925
1004872,0.167144377911,0.571213778314,0.36396188969
1006074,0.167344311377,0.578171180714,0.372360742289
1007276,0.167544244844,0.588771929788,0.386800529251
1008478,0.16774417831,0.606384548897,0.40648453321
1009680,0.167944111776,0.622792869477,0.426624300211
1010882,0.168144045243,0.636505145501,0.442756295719
1012084,0.168343978709,0.64287191212,0.448981998316
1013286,0.168543912176,0.640489323424,0.447414424432
1014488,0.168743845642,0.63676643022,0.445357084866
1015690,0.168943779108,0.641958335115,0.4481937303
1016892,0.169143712575,0.646954075906,0.452189353123
1018094,0.169343646041,0.64775071064,0.451343048781
1019296,0.169543579508,0.644842454282,0.447695794926
1020498,0.169743512974,0.641483174303,0.444244057971
1021700,0.16994344644,0.633683590897,0.437266330889
1022902,0.170143379907,0.626917661113,0.429427621733
1024104,0.170343313373,0.621755118633,0.42034349505
1025306,0.17054324684,0.615094891733,0.408353038238
1026508,0.170743180306,0.606137155368,0.396952841392
1027710,0.170943113772,0.597027787464,0.385523243835
1028912,0.171143047239,0.586880078114,0.374158172308
1030114,0.171342980705,0.575057198147,0.360071975388
1031316,0.171542914172,0.565349638237,0.347176456202
1032518,0.171742847638,0.561003755323,0.341738859559
1033720,0.171942781104,0.557462758293,0.338558429
1034922,0.172142714571,0.554947255999,0.3386347738
1036124,0.172342648037,0.550235851821,0.335269889401
1037326,0.172542581504,0.542677490216,0.327515889402
1038528,0.17274251497,0.53674954921,0.318017379631
1039730,0.172942448436,0.532884212938,0.311962521365
1040932,0.173142381903,0.528200262273,0.304228614096
1042134,0.173342315369,0.521201122606,0.294483796603
1043336,0.173542248836,0.517806919424,0.288525754413
1044538,0.173742182302,0.511448263413,0.283093757734
1045740,0.173942115768,0.513242982175,0.282869131653
1046942,0.174142049235,0.516040814436,0.285348174675
1048144,0.174341982701,0.517507865692,0.287272782911
1049346,0.174541916168,0.521586990283,0.293386868745
1050548,0.174741849634,0.52983590767,0.306080267966
1051750,0.1749417831,0.543797013251,0.327503953056
1052952,0.175141716567,0.550947784102,0.336800306722
1054154,0.175341650033,0.551932205343,0.336897837172
1055356,0.1755415835,0.548668607731,0.333154172585
1056558,0.175741516966,0.541901942158,0.323929275822
1057760,0.175941450432,0.534822783964,0.316014584394
1058962,0.176141383899,0.530414773851,0.311112257362
1060164,0.176341317365,0.527081195567,0.307545785815
1061366,0.176541250832,0.527636564888,0.305953658926
1062568,0.176741184298,0.527569838554,0.304204357578
1063770,0.176941117764,0.527370679104,0.302381230183
1064972,0.177141051231,0.527510561,0.303846341013
1066174,0.177340984697,0.529299142884,0.307027255069
1067376,0.177540918164,0.533185562004,0.311540555703
1068578,0.17774085163,0.543937659353,0.321682877757
1069780,0.177940785096,0.553337908364,0.330234509844
1070982,0.178140718563,0.560939687138,0.335888125407
1072184,0.178340652029,0.568258992383,0.344602393144
1073386,0.178540585496,0.576679552126,0.355908386543
1074588,0.178740518962,0.585657999586,0.369748454359
1075790,0.178940452428,0.605914806025,0.392134492743
1076992,0.179140385895,0.625873628854,0.416629226783
1078194,0.179340319361,0.652761259309,0.450683595274
1079396,0.179540252828,0.682791357248,0.495024365133
1080598,0.179740186294,0.704106610059,0.525715169128
1081800,0.17994011976,0.729119984395,0.560133562269
1083002,0.180140053227,0.745607989839,0.580829509195
1084204,0.180339986693,0.75630058203,0.596156359839
1085406,0.18053992016,0.763122699811,0.609662269595
1086608,0.180739853626,0.764620534057,0.612071053053
1087810,0.180939787092,0.765540433632,0.613860262831
1089012,0.181139720559,0.760355937965,0.614103899512
1090214,0.181339654025,0.757549552372,0.613475006523
1091416,0.181539587492,0.756295481464,0.612890888189
1092618,0.181739520958,0.751171531525,0.608146210157
1093820,0.181939454424,0.737443830395,0.596712931732
1095022,0.182139387891,0.723552235178,0.579723247956
1096224,0.182339321357,0.708101132578,0.563220490632
1097426,0.182539254824,0.694866372646,0.550992057712
1098628,0.18273918829,0.687460827236,0.541147297742
1099830,0.182939121756,0.680345527913,0.5320251386
1101032,0.183139055223,0.673046578017,0.5233251265
1102234,0.183338988689,0.670272060077,0.520147016881
1103436,0.183538922156,0.671828150821,0.524141882746
1104638,0.183738855622,0.675291377581,0.533235674264
1105840,0.183938789088,0.680029932778,0.537088254921
1107042,0.184138722555,0.681695523142,0.538043259189
1108244,0.184338656021,0.682304759898,0.538784736842
1109446,0.184538589488,0.685224563069,0.54254418947
1110648,0.184738522954,0.688983506257,0.54711702608
1111850,0.18493845642,0.694259371963,0.554145926427
1113052,0.185138389887,0.705824822501,0.568023401189
1114254,0.185338323353,0.719384875861,0.58566442814
1115456,0.18553825682,0.739166276466,0.610662469099
1116658,0.185738190286,0.747771418469,0.617284827719
1117860,0.185938123752,0.747273671376,0.610814032685
1119062,0.186138057219,0.742610004425,0.599158546461
1120264,0.186337990685,0.735721604157,0.584666154793
1121466,0.186537924152,0.732461942492,0.574243756673
1122668,0.186737857618,0.734401483156,0.569897718827
1123870,0.186937791084,0.73902398277,0.568739680699
1125072,0.187137724551,0.738436976792,0.56277962772
1126274,0.187337658017,0.738671517665,0.558686763501
1127476,0.187537591484,0.7400574491,0.559679174488
1128678,0.18773752495,0.750360224106,0.56429935895
1129880,0.187937458417,0.756884360229,0.567125579068
1131082,0.188137391883,0.758493305693,0.565532025923
1132284,0.188337325349,0.758621118569,0.563042738612
1133486,0.188537258816,0.756130453589,0.558744485116
1134688,0.188737192282,0.748666743147,0.552183327331
1135890,0.188937125749,0.742871734777,0.541366746995
1137092,0.189137059215,0.737574405682,0.534562523896
1138294,0.189336992681,0.731716329833,0.528097365216
1139496,0.189536926148,0.724994999939,0.522034914178
1140698,0.189736859614,0.719461980223,0.517616185583
1141900,0.189936793081,0.714543279475,0.511205833346
1143102,0.190136726547,0.712168675585,0.504819766218
1144304,0.190336660013,0.711256441102,0.501536360149
1145506,0.19053659348,0.710125523576,0.499382019957
1146708,0.190736526946,0.711868509591,0.502930387252
1147910,0.190936460413,0.717015960976,0.513111446915
1149112,0.191136393879,0.71789973809,0.518818992741
1150314,0.191336327345,0.714905692756,0.51897034859
1151516,0.191536260812,0.712940025737,0.515261976232
1152718,0.191736194278,0.714423343514,0.516146113273
1153920,0.191936127745,0.707801611322,0.509227443951
1155122,0.192136061211,0.697693992026,0.498829008487
1156324,0.192335994677,0.685671093286,0.486363769965
1157526,0.192535928144,0.679247178812,0.480954612963
1158728,0.19273586161,0.682206878927,0.479533501939
1159930,0.192935795077,0.688368973518,0.482014417712
1161132,0.193135728543,0.695981471914,0.491729304381
1162334,0.193335662009,0.706726657596,0.505864383799
1163536,0.193535595476,0.720945846375,0.523851023918
1164738,0.193735528942,0.728608005984,0.534325505378
1165940,0.193935462409,0.740481602271,0.544255625205
1167142,0.194135395875,0.750332559042,0.554676200267
1168344,0.194335329341,0.750168482311,0.559120676678
1169546,0.194535262808,0.752220466302,0.565798322651
1170748,0.194735196274,0.76513513894,0.58626872969
1171950,0.194935129741,0.774285351342,0.602803450953
1173152,0.195135063207,0.777138972701,0.610371406493
1174354,0.195334996673,0.780462719948,0.6171674939
1175556,0.19553493014,0.783261735145,0.621885933719
1176758,0.195734863606,0.78070166724,0.617253951271
1177960,0.195934797073,0.775216107772,0.609899193593
1179162,0.196134730539,0.768754206965,0.603256046265
1180364,0.196334664005,0.766266377452,0.599719573935
1181566,0.196534597472,0.772099145556,0.598505046141
1182768,0.196734530938,0.781555113363,0.601288990789
1183970,0.196934464405,0.790834394824,0.604694003472
1185172,0.197134397871,0.800387962291,0.613913706457
1186374,0.197334331337,0.811283959907,0.627498899776
1187576,0.197534264804,0.824102723405,0.64346996844
1188778,0.19773419827,0.836340062317,0.652759777579
1189980,0.197934131737,0.848698456216,0.662871605495
1191182,0.198134065203,0.855822665723,0.670240800602
1192384,0.198333998669,0.857990867329,0.674225602324
1193586,0.198533932136,0.86318446632,0.680908776266
1194788,0.198733865602,0.855009621637,0.672790963538
1195990,0.198933799069,0.842692538208,0.654350481778
1197192,0.199133732535,0.83006790788,0.633835669598
1198394,0.199333666001,0.814391281399,0.608998074712
1199596,0.199533599468,0.79490825001,0.583370489056
1200798,0.199733532934,0.774694270674,0.558276672762
1202000,0.199933466401,0.752017724,0.530914508504
1202401,0.200000166334,0.744558878274,0.52255793562
