1202,0.000199933466401,0.00659041641205,0.00113564212,-0.0120634289048,0.305179369721,0.175225889898,0.27153090434
2404,0.000399866932801,0.00666049555821,0.0158906044627,-0.0116196117616,0.27450304152,0.178385155611,0.238114865952
3606,0.000599800399202,-0.00944826506026,0.0177177176602,-0.0233707227064,0.233420372303,0.172726667988,0.205073511969
4808,0.000799733865602,-0.0251758218437,0.0111113696547,-0.0350002367994,0.197737138951,0.16288324107,0.180522163314
6010,0.000999667332003,-0.0331517380167,0.00246562334545,-0.0446160431523,0.171348356077,0.151445736391,0.163206002387
7212,0.0011996007984,-0.038283047554,-0.00368417074687,-0.0535682432769,0.149827663139,0.142036363516,0.147039330687
8414,0.0013995342648,-0.0395359563876,-0.00746211902105,-0.0573482130483,0.132814280001,0.135938477999,0.130996946088
9616,0.0015994677312,-0.037667821664,-0.011105986946,-0.0554286355317,0.121363729933,0.131838965858,0.120045262623
10818,0.0017994011976,-0.0335376139934,-0.0155655788942,-0.0483816720957,0.113985486593,0.125154477719,0.11343004478
12020,0.00199933466401,-0.0265427732944,-0.0205939355818,-0.039901268174,0.108450588853,0.116769776997,0.10886511259
13222,0.00219926813041,-0.0208510758311,-0.0243424103235,-0.0337409760534,0.102431559184,0.108364581335,0.102696933684
14424,0.00239920159681,-0.010580250783,-0.0263552334022,-0.0211356795593,0.101753130322,0.102135567511,0.105151642906
15626,0.00259913506321,0.00179907648646,-0.0226794684169,-0.0101140109695,0.10331652069,0.0974478094586,0.109040496794
16828,0.00279906852961,0.0151606244671,-0.0176015121371,0.00479393326344,0.108016021622,0.0972868159687,0.120663722089
18030,0.00299900199601,0.0271962821015,-0.00561312209058,0.0193095433039,0.111200577048,0.107640483104,0.127314727576
19232,0.00319893546241,0.0313575991108,-0.000409224426714,0.0234117211087,0.107308548913,0.111668565125,0.124969795874
20434,0.00339886892881,0.0290555528019,-0.00500061826499,0.020459935775,0.106497571801,0.103761195481,0.121168937713
21636,0.00359880239521,0.0311043401201,-0.0104823575511,0.0157599435875,0.10226344529,0.0968887266774,0.116427458992
22838,0.00379873586161,0.027603114215,-0.0130394877142,0.0139630885048,0.0959408934084,0.0921352513898,0.116766785025
24040,0.00399866932801,0.0224930302459,-0.0126328106871,0.0111296068543,0.0869642313256,0.0900940136435,0.116487503656
25242,0.00419860279441,0.0200401028738,-0.00789340309656,0.0103388657427,0.0839983127725,0.0910443158274,0.11289191311
26444,0.00439853626081,0.0190361623954,-0.00393086921494,0.00594572975706,0.0829725279443,0.0922466026816,0.106463819623
27646,0.00459846972721,0.0217995592239,-0.00161866848506,0.00300325149869,0.0839708190851,0.0919634181502,0.101715977776
28848,0.00479840319361,0.0219067495397,-0.000531681940492,0.00373288446834,0.0833127832223,0.0914614127345,0.100664546772
30050,0.00499833666001,0.0183487984549,-0.00184799238732,0.00241473444702,0.0814510371899,0.0886556115098,0.099035860762
31252,0.00519827012641,0.0131871433215,-0.0085310222419,0.00129225775946,0.0738315646391,0.0791192655555,0.0943499237884
32454,0.00539820359281,0.0092045570726,-0.0143723317705,0.00120595978317,0.0710104350223,0.0722066834689,0.0966968982784
33656,0.00559813705921,0.00841895821109,-0.016034153758,0.00272453972435,0.0735252593739,0.0708589755138,0.105330309211
34858,0.00579807052562,0.0107220543922,-0.0165447616694,0.00578166752494,0.0788792045626,0.0729290010533,0.113737232413
36060,0.00599800399202,0.0146633015752,-0.0178369987558,0.0063003500587,0.0840158041436,0.076574068753,0.12210329235
37262,0.00619793745842,0.0182258120248,-0.0149581767142,-0.00107729595612,0.0866345825046,0.0808753034905,0.114111878311
38464,0.00639787092482,0.0238245286321,-0.0111040543902,-0.00806010721977,0.0893789114231,0.081891574536,0.100886005235
39666,0.00659780439122,0.0232935887097,-0.00934292203073,-0.0116084036322,0.0908515243906,0.0792158979232,0.095645945958
40868,0.00679773785762,0.0206314766296,-0.0137360603737,-0.0144925323503,0.086589428721,0.0780845370783,0.0965784736695
42070,0.00699767132402,0.0201560656435,-0.0139741092675,-0.0170294399266,0.0815266751633,0.0781520591788,0.0950561647501
43272,0.00719760479042,0.0203388745511,-0.0143640330851,-0.0166233402418,0.081158163166,0.076309803423,0.0939486251732
44474,0.00739753825682,0.020890167636,-0.0133716905438,-0.0144175773123,0.0803665770426,0.0753731474591,0.0931864705809
45676,0.00759747172322,0.0250041936556,-0.0101309225439,-0.0110292009036,0.0806319371739,0.0748111320069,0.0906945190489
46878,0.00779740518962,0.0288217399267,-0.0070761207608,-0.00874021226443,0.0833849851072,0.0750482463214,0.0871996660397
48080,0.00799733865602,0.032924794346,-0.00140747514088,-0.00638906137182,0.0861774619883,0.0778917208877,0.0845137326886
