859,0.000142880904857,0.00774642973222,0.00303044531895,7.73096779663,3.0243965259
1718,0.000285761809714,0.00840523821528,0.00385651451735,8.3884612927,3.84881688359
2577,0.000428642714571,0.00932261670888,0.00496056698301,9.30400869149,4.9506656517
3436,0.000571523619428,0.0108150067708,0.00682271191377,10.7934199309,6.80909372631
4295,0.000714404524285,0.0124129038631,0.00874408152544,12.3881276079,8.7266282689
5154,0.000857285429142,0.0141311092618,0.0109903752817,14.1029034549,10.9684384049
6013,0.001000166334,0.0162310690174,0.013744168973,16.198671674,13.716735502
6872,0.00114304723886,0.0173283292475,0.0151631306604,17.293741764,15.1328649305
7731,0.00128592814371,0.0178208054803,0.0157729026019,17.7852350102,15.7414197623
8590,0.00142880904857,0.0182926211669,0.0162310673339,18.256108949,16.1986699939
9449,0.00157168995343,0.0184365341671,0.0163286488965,18.3997346977,16.296056783
10308,0.00171457085828,0.0184370954425,0.0162656935905,18.4002948528,16.2332271362
11167,0.00185745176314,0.0185108774475,0.0162250609003,18.4739295883,16.1926755492
12026,0.002000332668,0.0186873859595,0.0163448198332,18.6500857879,16.3121954423
12885,0.00214321357285,0.0188569082937,0.0163872457628,18.8192697542,16.3545366894
13744,0.00228609447771,0.0192316504612,0.0168131731191,19.1932639334,16.7796138914
14603,0.00242897538257,0.0195844743052,0.0172837718181,19.5453835381,17.2492732716
15462,0.00257185628743,0.0204074663052,0.0184336927323,20.3667328395,18.3968989345
16321,0.00271473719228,0.0211340451564,0.0194195839053,21.0918614336,19.3808222608
17180,0.00285761809714,0.0218797124822,0.0200749345229,21.8360404014,20.0348647934
18039,0.003000499002,0.022774733165,0.0210575778122,22.7292746157,21.0155467187
18898,0.00314337990685,0.0241688046288,0.022439250133,24.1205635018,22.3944612105
19757,0.00328626081171,0.0259467801004,0.0242991785958,25.8949901202,24.2506772413
20616,0.00342914171657,0.0285042036446,0.0271060518523,28.4473090265,27.0519479564
21475,0.00357202262142,0.0308008093444,0.0296968248124,30.7393306831,29.637549713
22334,0.00371490352628,0.0318836167704,0.0309237489661,31.8199768167,30.8620249163
23193,0.00385778443114,0.0328220569838,0.0317139823136,32.756543896,31.6506809517
24052,0.00400066533599,0.0334266678468,0.0323485371833,33.3599479509,32.2839692448
24911,0.00414354624085,0.034096791079,0.0331201868893,34.0287336118,33.0540787318
25770,0.00428642714571,0.0349291015597,0.0337352353544,34.8593827941,33.6678995553
26629,0.00442930805057,0.036345414442,0.0348093047996,36.2728687046,34.7398251493
27488,0.00457218895542,0.036389852652,0.0348544210278,36.3172182156,34.7848513252
28347,0.00471506986028,0.0358982174145,0.0342979650189,35.8265642859,34.2295060069
29206,0.00485795076514,0.0350010824315,0.0331418353861,34.9312199915,33.075684018
30065,0.00500083166999,0.0337006664508,0.0316017162722,33.6333996515,31.5386389942
30924,0.00514371257485,0.0325860161143,0.0303045943096,32.5209741659,30.2441060974
31783,0.00528659347971,0.0330110345443,0.0306096903669,32.9451442557,30.5485931806
32642,0.00542947438456,0.0332691087291,0.0311405304145,33.2027033225,31.0783736672
33501,0.00557235528942,0.0332576180299,0.0315359994767,33.1912355588,31.47305337
34360,0.00571523619428,0.0326301999852,0.0309477621403,32.5650698455,30.88599016
35219,0.00585811709914,0.0311407473637,0.0296377127206,31.0785901833,29.5785556094
36078,0.00600099800399,0.0295705595087,0.0281964296077,29.5115364359,28.1401493091
36937,0.00614387890885,0.027779697733,0.0263141065022,27.7242492345,26.2615833355
37796,0.00628675981371,0.0263821031286,0.0247977431228,26.3294442401,24.7482466296
38655,0.00642964071856,0.0253627494767,0.0237693744878,25.3121252263,23.7219306265
39514,0.00657252162342,0.0247914944396,0.0234411661346,24.7420104188,23.3943773799
40373,0.00671540252828,0.02367245413,0.0224131527119,23.6252037226,22.3684158801
41232,0.00685828343313,0.0223796888754,0.0211466873736,22.3350188377,21.1044784168
42091,0.00700116433799,0.0212128878572,0.0198501642352,21.1705467637,19.8105431489
42950,0.00714404524285,0.0202417309755,0.0187079305449,20.2013283189,18.6705893662
43809,0.0072869261477,0.0195917330032,0.0178961956348,19.5526277477,17.8604746854
44668,0.00742980705256,0.0188416818279,0.0168368342038,18.8040736806,16.8032277483
45527,0.00757268795742,0.0183303207383,0.0160031026143,18.2937332717,15.9711602937
46386,0.00771556886228,0.0179777543999,0.0153354962306,17.9418706586,15.3048864576
47245,0.00785844976713,0.0179421259575,0.0151133335204,17.9063133308,15.083167186
48104,0.00800133067199,0.0182782272787,0.0152978792019,18.2417437911,15.2673445129
48963,0.00814421157685,0.0193877322591,0.0160784195299,19.3490341907,16.0463268762
49822,0.0082870924817,0.0214788763691,0.0179130234765,21.4360043603,17.8772689387
50681,0.00842997338656,0.0239458653579,0.020340941063,23.8980692195,20.3003403822
51540,0.00857285429142,0.0261951696583,0.0225858230825,26.1428838906,22.5407415993
52399,0.00871573519627,0.0279705868589,0.024484168772,27.9147573442,24.4352981756
53258,0.00885861610113,0.0288716935434,0.0255650544539,28.8140654125,25.5140264011
54117,0.00900149700599,0.0292154948325,0.026158319285,29.1571804716,26.1061070708
54976,0.00914437791084,0.0293598150536,0.0264036266293,29.3012126284,26.3509247798
55835,0.0092872588157,0.0299955303448,0.0266783298727,29.9356590267,26.6250797133
56694,0.00943013972056,0.0304989831182,0.026949215952,30.4381069044,26.8954251018
57553,0.00957302062542,0.030795678032,0.0272905923702,30.7342096128,27.2361201299
58412,0.00971590153027,0.0305085903222,0.0271666929465,30.4476949323,27.1124680105
59271,0.00985878243513,0.0301144455251,0.0268182963526,30.0543368514,26.7647668189
60130,0.01000166334,0.0296418598484,0.0263024687927,29.5826944595,26.249968855
60989,0.0101445442448,0.0296656644292,0.0260464971805,29.6064515262,25.9945081641
61848,0.0102874251497,0.0298786345823,0.0261157330417,29.8189965892,26.06360583
62707,0.0104303060546,0.0301774981747,0.0261754243521,30.1172636474,26.1231779961
63566,0.0105731869594,0.0310810007996,0.0268833018741,31.0189628739,26.8296425889
64425,0.0107160678643,0.031367796113,0.0269040853461,31.3051857416,26.8503845769
65284,0.0108589487691,0.0321455579735,0.02697900721,32.0813951831,26.9251568963
66143,0.011001829674,0.0326115977364,0.0273611778375,32.546504727,27.3065647081
67002,0.0111447105788,0.0317282897558,0.0267058037505,31.6649598361,26.652498753
67861,0.0112875914837,0.0304290836056,0.0255616765331,30.3683469117,25.5106552227
68720,0.0114304723886,0.0295398631859,0.024907131844,29.4809013832,24.85741701
69579,0.0115733532934,0.0302297818272,0.0255428476723,30.1694429414,25.4918639444
70438,0.0117162341983,0.0319769165351,0.0267453625611,31.9130903544,26.6919786039
71297,0.0118591151031,0.0329840556006,0.0276661977438,32.9182191623,27.6109757922
72156,0.012001996008,0.0346850599308,0.0293848444585,34.6158282742,29.3261920743
73015,0.0121448769128,0.0388403622059,0.0341328648417,38.7628365328,34.064735371
73874,0.0122877578177,0.0422848249448,0.0383603464684,42.2004240966,38.2837789106
74733,0.0124306387226,0.0442662629472,0.0408759149233,44.177907133,40.7943262707
75592,0.0125735196274,0.0448412504266,0.0419816726126,44.7517469328,41.8978768589
76451,0.0127164005323,0.0443690583777,0.0417337816873,44.280497383,41.6504807259
77310,0.0128592814371,0.0434882682628,0.0408818081985,43.4014653322,40.8002077829
78169,0.013002162342,0.0425887503685,0.0391767842493,42.5037428828,39.0985870751
79028,0.0131450432468,0.0411080592783,0.0375780620996,41.0260072638,37.5030559877
79887,0.0132879241517,0.0396884852558,0.0361324718609,39.6092667223,36.0603511586
80746,0.0134308050566,0.0385454089814,0.0348741764029,38.4684720373,34.8045672683
81605,0.0135736859614,0.0374717053518,0.0333762877071,37.3969115288,33.3096683703
82464,0.0137165668663,0.0365884265359,0.0321744997007,36.5153957444,32.1102791424
83323,0.0138594477711,0.0365618321137,0.031704437175,36.4888544049,31.6411548653
84182,0.014002328676,0.0362974492808,0.0317823172358,36.2249992822,31.7188794769
85041,0.0141452095808,0.036483081269,0.0325400493355,36.4102607475,32.4750991372
85900,0.0142880904857,0.0379944988263,0.0343733483138,37.9186615033,34.3047388361
86759,0.0144309713906,0.038328386675,0.0352703575112,38.2518829092,35.199957596
87618,0.0145738522954,0.0379651055595,0.0349897075738,37.8893269057,34.9198678382
88477,0.0147167332003,0.0377238573431,0.0344301460935,37.6485602226,34.361423247
89336,0.0148596141051,0.0367980771174,0.0333806197113,36.7246278616,33.3139917278
90195,0.01500249501,0.034969088528,0.031206252811,34.8992899482,31.1439648813
91054,0.0151453759148,0.033395038682,0.0291693012333,33.3283819182,29.1110790751
91913,0.0152882568197,0.0324749905431,0.0280902254383,32.4101702027,28.034157124
92772,0.0154311377246,0.0323325774944,0.0278248096558,32.2680414116,27.7692711136
93631,0.0155740186294,0.0339238389469,0.0297589288587,33.8561266935,29.6995297991
94490,0.0157168995343,0.034565880492,0.0303805401796,34.4968867186,30.3199003788
95349,0.0158597804391,0.0345287059614,0.0304078049299,34.4597863886,30.3471107085
96208,0.016002661344,0.0346932924402,0.0309232087438,34.6240443515,30.8614857722
97067,0.0161455422488,0.0349988661923,0.0317801410824,34.9290081759,31.7167076671
97926,0.0162884231537,0.0346118073169,0.0316324490652,34.5427218731,31.5693104443
98785,0.0164313040585,0.0338334901356,0.0308469033567,33.7659582191,30.7853326914
99644,0.0165741849634,0.0329394850423,0.0295153184365,32.8737375672,29.4564056253
100503,0.0167170658683,0.0324167297398,0.0282345484485,32.3520256885,28.1781920644
101362,0.0168599467731,0.0324527637336,0.0278354636707,32.3879877581,27.779903863
102221,0.017002827678,0.0338162271184,0.0289499525214,33.7487296591,28.8921681851
103080,0.0171457085828,0.0369774189678,0.0324260388067,36.9036117443,32.3613161743
103939,0.0172885894877,0.0395890052074,0.0354739729381,39.509985237,35.4031666049
104798,0.0174314703925,0.0434374625529,0.0397824309988,43.3507610308,39.7030249489
105657,0.0175743512974,0.0449071137164,0.0414301779526,44.8174787589,41.3474829866
106516,0.0177172322023,0.045098306904,0.0417820534161,45.0082903234,41.6986561039
107375,0.0178601131071,0.0444294515548,0.0413731410013,44.3407700148,41.2905598816
108234,0.018002994012,0.0445383542348,0.0417785162364,44.4494553242,41.6951259844
109093,0.0181458749168,0.0449714947785,0.0427695703829,44.8817313159,42.6842019789
109952,0.0182887558217,0.0436012643272,0.0418088367671,43.5142358555,41.7253859951
110811,0.0184316367265,0.0421749879912,0.0404914009778,42.0908063784,40.4105798182
111670,0.0185745176314,0.0411684747409,0.0392840794408,41.0863021366,39.2056681046
112529,0.0187173985363,0.041329833612,0.0391965818803,41.2473389341,39.1183451899
113388,0.0188602794411,0.0434128665131,0.0414516286315,43.326214085,41.3688908498
114247,0.019003160346,0.0452106463986,0.043794723992,45.1204055874,43.7073093733
115106,0.0191460412508,0.0456675156871,0.0443550070989,45.5763629612,44.2664741506
115965,0.0192889221557,0.0450425514802,0.0436105235205,44.9526461879,43.5234765674
116824,0.0194318030605,0.0443711586299,0.0428679393442,44.282593443,42.782374595
117683,0.0195746839654,0.0454770349611,0.043555773017,45.3862624363,43.4688353463
118542,0.0197175648703,0.0471418386667,0.0459573798581,47.0477431803,45.8656485609
119401,0.0198604457751,0.0480786781866,0.0477206167567,47.9827127611,47.6253660246
120260,0.02000332668,0.0483586406603,0.0486849232463,48.2621164275,48.5877477508
121119,0.0201462075848,0.0479586392879,0.0477984840592,47.862913461,47.7030779034
121978,0.0202890884897,0.0464419574451,0.0458049971721,46.3492589272,45.713570032
122837,0.0204319693945,0.0452849795585,0.0444505774363,45.1945903778,44.3618537289
123696,0.0205748502994,0.045104870338,0.0440692442476,45.0148406567,43.9812816842
124555,0.0207177312043,0.0451483996308,0.0443974794475,45.0582830646,44.308861724
125414,0.0208606121091,0.0449006619705,0.0443087292021,44.8110398908,44.2202886248
126273,0.021003493014,0.0453548411449,0.0453441314261,45.2643125199,45.2536241778
127132,0.0211463739188,0.0457153039976,0.0463714978349,45.6240558858,46.278939955
127991,0.0212892548237,0.0458731467838,0.0470688366492,45.7815836166,46.9748868754
128850,0.0214321357285,0.0461600064372,0.0476467649131,46.0678706958,47.5516615899
129709,0.0215750166334,0.0453816565698,0.0462076238738,45.291074421,46.1153930877
130568,0.0217178975383,0.044283695257,0.044797451545,44.1953046477,44.7080354741
131427,0.0218607784431,0.0439587245831,0.0442632043529,43.8709826179,44.1748546436
132286,0.022003659348,0.0457891529052,0.0463697560376,45.6977573904,46.2772016343
133145,0.0221465402528,0.0475693018824,0.0495061601294,47.4743531761,49.4073454385
134004,0.0222894211577,0.0491472768753,0.0527449268474,49.0491785183,52.6396475523
134863,0.0224323020625,0.0490341162672,0.0548312541731,48.9362437797,54.721810552
135722,0.0225751829674,0.0471200889682,0.0541232534545,47.0260368944,54.0152230085
136581,0.0227180638723,0.0440053948389,0.051325577527,43.9175597195,51.2231312645
137440,0.0228609447771,0.0410380704478,0.0479025242276,40.9561581315,47.8069104068
138299,0.023003825682,0.0389171054769,0.0448564368904,38.8394266237,44.7669030843
139158,0.0231467065868,0.0372778424937,0.0424681735641,37.2034356225,42.3834067506
140017,0.0232895874917,0.0352784852927,0.039814070711,35.2080691544,39.734601508
140876,0.0234324683965,0.0333195065025,0.0371142059496,33.2530005015,37.0401256982
141735,0.0235753493014,0.0318336501313,0.0348764281145,31.7701099115,34.8068144855
142594,0.0237182302063,0.0309349143285,0.0329762207445,30.8731679925,32.9103999446
143453,0.0238611111111,0.0300357175224,0.0319372520694,29.9757659904,31.8735050593
144312,0.024003992016,0.0289593660744,0.0305235892285,28.9015629485,30.4626639007
145171,0.0241468729208,0.0280886258803,0.0292587439867,28.0325607588,29.2003433001
146030,0.0242897538257,0.0268877447764,0.0276508064856,26.8340766232,27.595615255
146889,0.0244326347305,0.0255667488509,0.0257965094298,25.5157174161,25.745019391
147748,0.0245755156354,0.024296332279,0.0240128151218,24.2478366058,23.9648853511
148607,0.0247183965403,0.0233676640996,0.0224289726324,23.3210220555,22.384204224
149466,0.0248612774451,0.0230489567672,0.0214760747239,23.0029508655,21.4332083073
150325,0.02500415835,0.02359410655,0.0217518364912,23.5470125249,21.7084196519
151184,0.0251470392548,0.0252635800035,0.0233340864708,25.2131536961,23.2875114479
152043,0.0252899201597,0.0277074972028,0.0255240180478,27.6521928171,25.473071904
152902,0.0254328010645,0.0297220011009,0.0273576679556,29.6626757494,27.3030618319
153761,0.0255756819694,0.030557168861,0.0284054513647,30.4961765079,28.348753857
154620,0.0257185628743,0.0305516788716,0.0287625096071,30.4906974767,28.7050994083
155479,0.0258614437791,0.0302072895275,0.0287235538635,30.1469955365,28.6662214207
156338,0.026004324684,0.0294407596768,0.0282387486876,29.3819956854,28.1823839197
157197,0.0261472055888,0.0285309136414,0.0276273203323,28.47396571,27.5721759804
158056,0.0262900864937,0.0280025574728,0.0271994211866,27.9466641445,27.1451309248
158915,0.0264329673985,0.0273225989344,0.0268105973788,27.2680628088,26.7570832124
159774,0.0265758483034,0.0273248880741,0.0270877170746,27.2703473793,27.033649775
160633,0.0267187292083,0.0260707336263,0.0258596618693,26.0186962338,25.8080457778
161492,0.0268616101131,0.0250245414236,0.0243926522146,24.9745922391,24.343964286
162351,0.027004491018,0.0242370272852,0.0233185496178,24.1886499852,23.2720056066
163210,0.0271473719228,0.0233187769815,0.0223194453731,23.2722325164,22.2748955819
164069,0.0272902528277,0.0226544761567,0.0215655356591,22.6092576414,21.5224906777
164928,0.0274331337325,0.0226215229284,0.0212947863102,22.576370188,21.2522817467
165787,0.0275760146374,0.0225826846431,0.0210114847022,22.5376094243,20.969545611
166646,0.0277188955422,0.022575430572,0.020722066753,22.5303698323,20.6807053423
167505,0.0278617764471,0.0222522586226,0.0202966647214,22.2078429367,20.2561524165
168364,0.028004657352,0.0221560835093,0.0199040024897,22.1118597898,19.8642739418
169223,0.0281475382568,0.0223172727261,0.0197634670197,22.2727272716,19.7240189817
170082,0.0282904191617,0.0221280371831,0.0196297716282,22.0838694442,19.5905904473
170941,0.0284333000665,0.0218656625957,0.019435154398,21.8220185585,19.3963616747
171800,0.0285761809714,0.0211452719844,0.0187870977055,21.1030658527,18.7495985085
172659,0.0287190618762,0.0204334633071,0.0179760557335,20.3926779512,17.9401753827
173518,0.0288619427811,0.0198685025115,0.0171672524413,19.8288448219,17.1329864683
174377,0.029004823686,0.0195589227624,0.0167424931764,19.5198829964,16.7090750263
175236,0.0291477045908,0.0198346363576,0.0171026606959,19.7950462651,17.0685236486
176095,0.0292905854957,0.0210414790264,0.0186284435551,20.9994800663,18.591261033
176954,0.0294334664005,0.0228671243326,0.0211768074288,22.8214813699,21.1345383521
177813,0.0295763473054,0.0243513989783,0.0229748147136,24.3027933915,22.9289568
178672,0.0297192282102,0.0254786441112,0.0243294415167,25.4277885341,24.2808797571
179531,0.0298621091151,0.0262757564532,0.024984561387,26.2233098336,24.934692003
180390,0.03000499002,0.0279669559933,0.0265124108382,27.9111337258,26.4594918545
181249,0.0301478709248,0.0292151968545,0.0279684208262,29.1568830883,27.912595635
182108,0.0302907518297,0.0293813062217,0.0280050354403,29.3226608999,27.949137166
182967,0.0304336327345,0.0289120918103,0.027414355536,28.8543830442,27.3596362635
183826,0.0305765136394,0.0284714787221,0.0269388631145,28.4146494232,26.8850929286
184685,0.0307193945442,0.0279949821042,0.026633514244,27.9391038964,26.580353537
185544,0.0308622754491,0.0273457678638,0.0258654304121,27.2911854928,25.8138028065
186403,0.031005156354,0.0261645521936,0.0246541478911,26.1123275385,24.604938015
187262,0.0311480372588,0.0248756512833,0.0234151520061,24.8259992848,23.3684151757
188121,0.0312909181637,0.0238210921165,0.0221254294128,23.7735450265,22.081266879
188980,0.0314337990685,0.023434066554,0.0212983689995,23.3872919701,21.2558572849
189839,0.0315766799734,0.0229962833768,0.0206917725067,22.9503826116,20.6504715636
190698,0.0317195608782,0.0226896605189,0.0203151972578,22.6443717753,20.2746479619
191557,0.0318624417831,0.0232780153754,0.0210230798715,23.2315522709,20.9811176363
192416,0.032005322688,0.0239906858093,0.0219740696831,23.9428002089,21.9302092646
193275,0.0321482035928,0.0242546814447,0.0226514012303,24.2062689069,22.6061888526
194134,0.0322910844977,0.0242877481433,0.0227753978128,24.2392696041,22.7299379369
194993,0.0324339654025,0.0240340642066,0.0224269482542,23.9860920225,22.3821838864
195852,0.0325768463074,0.0237268314723,0.0218683159873,23.6794725272,21.824666654
196711,0.0327197272122,0.0234583191604,0.02134769261,23.4114961681,21.3050824451
197570,0.0328626081171,0.0232884817928,0.0209809727527,23.2419977972,20.9390945636
198429,0.033005489022,0.0229645007142,0.0206969658126,22.9186633875,20.6556545036
199288,0.0331483699268,0.0228898508343,0.0206553887573,22.8441625092,20.6141604365
200147,0.0332912508317,0.0234554910371,0.0210519932825,23.4086736897,21.0099733358
201006,0.0334341317365,0.0243815652398,0.0216267065855,24.3328994409,21.5835395065
201865,0.0335770126414,0.0252671854312,0.0226354509653,25.2167519274,22.5902704245
202724,0.0337198935462,0.0269668399966,0.0244188558021,26.9130139687,24.370115571
203583,0.0338627744511,0.0281325132373,0.0256786886515,28.0763605162,25.627433784
204442,0.034005655356,0.0287974790746,0.0261992468254,28.7399990765,26.1469529195
205301,0.0341485362608,0.0301582037827,0.0274114935749,30.0980077671,27.3567800149
206160,0.0342914171657,0.0330189757884,0.0305751011736,32.9530696491,30.5140730276
207019,0.0344342980705,0.0350884636738,0.0330248540973,35.0184268202,32.9589362249
207878,0.0345771789754,0.035921329384,0.0335680948025,35.8496301238,33.5010926173
208737,0.0347200598802,0.0357858803057,0.0332687101139,35.7144514029,33.2023055029
209596,0.0348629407851,0.0359003584477,0.0331838454327,35.8287010456,33.1176102122
210455,0.03500582169,0.0379970000584,0.0355300341495,37.9211577429,35.4591159176
211314,0.0351487025948,0.0414477695115,0.039555335019,41.3650394327,39.4763822545
212173,0.0352915834997,0.0426718319417,0.0417819160415,42.5866586244,41.6985190035
213032,0.0354344644045,0.0420029645667,0.0419542114002,41.9191263141,41.8704704592
213891,0.0355773453094,0.0403683905897,0.0408110922932,40.2878149598,40.7296330272
214750,0.0357202262142,0.0386409919935,0.038944495912,38.563864265,38.8667623872
215609,0.0358631071191,0.0371313804185,0.0371114308778,37.0572658867,37.0373561655
216468,0.036005988024,0.0365224014279,0.035971907787,36.4495024231,35.9001075719
217327,0.0361488689288,0.0382224641803,0.0378413159869,38.1461718366,37.765784418
218186,0.0362917498337,0.0395620590881,0.0394354779914,39.4830929023,39.3567644625
219045,0.0364346307385,0.0414581305322,0.0411561584891,41.3753797726,41.0740104682
219904,0.0365775116434,0.0429402140273,0.0423011335745,42.8545050173,42.2167001742
220763,0.0367203925482,0.0436474178808,0.0430697887406,43.5602972862,42.9838210984
221622,0.0368632734531,0.0451106046577,0.0448339500818,45.0205635306,44.7444611595
222481,0.037006154358,0.0470879960432,0.0485637470873,46.9940080271,48.4668134603
223340,0.0371490352628,0.0465081557969,0.048632900561,46.4153251466,48.5358289032
224199,0.0372919161677,0.0462159859266,0.0482359971278,46.1237384497,48.1397176924
225058,0.0374347970725,0.0464965383965,0.0487548439234,46.4037309346,48.6575288657
225917,0.0375776779774,0.045574628364,0.0474333405674,45.4836610419,47.3386632409
226776,0.0377205588822,0.0446524806439,0.0462934754244,44.563353936,46.2010732779
227635,0.0378634397871,0.0436474462574,0.0448198214839,43.5603256062,44.7303607624
228494,0.0380063206919,0.0415997521724,0.0426291366617,41.5167187349,42.5440485646
229353,0.0381492015968,0.0400169116568,0.040482899237,39.9370375816,40.4020950469
230212,0.0382920825017,0.0398150280982,0.0399020346724,39.7355569842,39.8223898927
231071,0.0384349634065,0.0400704107297,0.039574842798,39.99042987,39.4958510958
231930,0.0385778443114,0.0428173684952,0.0416658473427,42.7319046858,41.5826819787
232789,0.0387207252162,0.0433127378346,0.0427000542787,43.226285264,42.6148246295
233648,0.0388636061211,0.0416707981188,0.0411903388646,41.5876228731,41.1081226194
234507,0.0390064870259,0.0421971763873,0.0410312136769,42.1129504864,40.9493150468
235366,0.0391493679308,0.0423691314751,0.0410472686333,42.2845623504,40.9653379574
236225,0.0392922488357,0.0415580269198,0.0395310583074,41.4750767662,39.4521539994
237084,0.0394351297405,0.0405978612054,0.038321039816,40.5168275503,38.2445507146
237943,0.0395780106454,0.039410279982,0.0371634981055,39.3316167485,37.0893194666
238802,0.0397208915502,0.0382696013352,0.0358986197711,38.1932149053,35.8269658395
239661,0.0398637724551,0.0375186557226,0.0351849168115,37.4437681862,35.1146874366
240520,0.0400066533599,0.0367363442219,0.0340197253017,36.6630181855,33.9518216583
241379,0.0401495342648,0.035346711724,0.0328668434884,35.2761594051,32.8012410063
242238,0.0402924151697,0.0340968248053,0.0316543487069,34.0287672708,31.5911663741
243097,0.0404352960745,0.0336855163853,0.0310295676461,33.6182798256,30.9676323813
243956,0.0405781769794,0.0334257877262,0.0308976900454,33.359069587,30.8360180093
244815,0.0407210578842,0.0345767406608,0.0323022867861,34.5077252104,32.2378111638
245674,0.0408639387891,0.0347918038302,0.0326540719032,34.722359112,32.588894115
246533,0.0410068196939,0.0341150611782,0.031987438433,34.0469672437,31.9235912505
247392,0.0411497005988,0.0332891563381,0.0312135231183,33.2227109163,31.1512206769
248251,0.0412925815037,0.0326599242613,0.0309708458956,32.5947347917,30.9090278399
249110,0.0414354624085,0.032286966702,0.0310239907369,32.2225216587,30.9620666037
249969,0.0415783433134,0.0314737753217,0.0304829367885,31.4109534148,30.4220926033
250828,0.0417212242182,0.0317945843713,0.0307665981111,31.7311221271,30.7051877356
251687,0.0418641051231,0.0314616857424,0.0304576194454,31.3988879664,30.3968257938
252546,0.0420069860279,0.0311969812123,0.0300490228147,31.1347117887,29.9890447253
253405,0.0421498669328,0.0308098824376,0.029632445261,30.7483856662,29.5732986637
254264,0.0422927478377,0.0305440815946,0.0292835952871,30.4831153639,29.2251449971
255123,0.0424356287425,0.0303839496191,0.0288728010976,30.3233030131,28.8151707561
255982,0.0425785096474,0.0297115881925,0.0280987701412,29.6522836252,28.0426847716
256841,0.0427213905522,0.0288128638671,0.0270179726369,28.7553531608,26.9640445479
257700,0.0428642714571,0.0280051121821,0.0261506895531,27.9492137545,26.0984925679
258559,0.0430071523619,0.0271397561725,0.0252464422444,27.0855850025,25.1960501441
259418,0.0431500332668,0.0259698749835,0.0239281088804,25.9180389057,23.880348184
260277,0.0432929141717,0.0257665409877,0.0234300969087,25.7151107662,23.3833302482
261136,0.0434357950765,0.0253423317037,0.0229396494122,25.2917482073,22.8938616888
261995,0.0435786759814,0.0251594498563,0.0231389616402,25.1092313935,23.092776088
262854,0.0437215568862,0.0253696392127,0.0234574512564,25.3190012102,23.4106299964
263713,0.0438644377911,0.0251793302821,0.0233381926715,25.1290721379,23.2916094526
264572,0.0440073186959,0.0245067027103,0.0226982386134,24.457787136,22.6529327479
265431,0.0441501996008,0.0238905187771,0.0220699999367,23.8428331109,22.0259480406
266290,0.0442930805057,0.0234379056961,0.0217519549591,23.3911234492,21.7085378834
267149,0.0444359614105,0.0223724658409,0.0206413449246,22.3278102204,20.6001446354
268008,0.0445788423154,0.0213147126974,0.019491986476,21.2721683607,19.4530803154
268867,0.0447217232202,0.0210001583361,0.0185793318589,20.9582418524,18.5422473641
269726,0.0448646041251,0.0207857109216,0.018093180637,20.7442224767,18.057066504
270585,0.0450074850299,0.0210367369494,0.0182969454282,20.9947474545,18.2604245791
271444,0.0451503659348,0.0209394365348,0.0183446263969,20.8976412523,18.3080103761
272303,0.0452932468397,0.0207596668242,0.0183189079932,20.7182303635,18.2823433066
273162,0.0454361277445,0.0204994331378,0.0182100966573,20.4585161056,18.1737491589
274021,0.0455790086494,0.020323971967,0.0180658856205,20.2834051566,18.0298259686
274880,0.0457218895542,0.0201637270687,0.0178869603503,20.1234801085,17.8512578347
275739,0.0458647704591,0.0201347960581,0.0177117840732,20.0946068444,17.6764312108
276598,0.0460076513639,0.0203437210604,0.0178054958775,20.3031148308,17.7699559656
277457,0.0461505322688,0.0206850875212,0.0181310961571,20.6437999214,18.0949063445
278316,0.0462934131737,0.0212119209749,0.0186551646043,21.1695818112,18.6179287468
279175,0.0464362940785,0.0225272367619,0.0200466457536,22.4822722175,20.0066324886
280034,0.0465791749834,0.023785269675,0.0213500456306,23.7377940868,21.307430769
280893,0.0467220558882,0.0241505118891,0.0218134145152,24.1023072745,21.7698747657
281752,0.0468649367931,0.0243716393134,0.021901200412,24.3229933267,21.8574854412
282611,0.0470078176979,0.0246667385302,0.0217852855191,24.6175035231,21.7418019153
283470,0.0471506986028,0.0251073193705,0.0218993803802,25.0572049606,21.8556690421
284329,0.0472935795077,0.0254935037093,0.0224930082816,25.4426184724,22.4481120575
285188,0.0474364604125,0.0260897140637,0.0231937841186,26.0376387862,23.1474891403
286047,0.0475793413174,0.0264662040569,0.0234948176433,26.4133773023,23.4479217997
286906,0.0477222222222,0.0263530429452,0.0232626384649,26.3004420611,23.2162060528
287765,0.0478651031271,0.0265109242409,0.0232190877861,26.4580082244,23.1727423015
288624,0.0480079840319,0.0282007647134,0.0253738360354,28.1444757619,25.3231896561
289483,0.0481508649368,0.0295900996044,0.0269641564402,29.5310375294,26.9103357687
290342,0.0482937458417,0.0304919146698,0.0281839143174,30.4310525647,28.1276589994
291201,0.0484366267465,0.031234486489,0.0289020309534,31.1721422046,28.8443422689
292060,0.0485795076514,0.0311600388701,0.0289204153836,31.0978431837,28.8626900036
292919,0.0487223885562,0.0304821347716,0.0282807180964,30.4212921872,28.2242695572
293778,0.0488652694611,0.0298689200295,0.0275651367212,29.8093014267,27.5101164882
294637,0.0490081503659,0.0299382511468,0.0273593136928,29.8784941585,27.3047042842
295496,0.0491510312708,0.0304463498388,0.0273337252746,30.3855786815,27.2791669407
296355,0.0492939121756,0.0305335020584,0.0272087745576,30.4725569445,27.1544656264
297214,0.0494367930805,0.030369560462,0.0271801086996,30.3089425769,27.1258569857
298073,0.0495796739854,0.0305603474732,0.0275262067227,30.4993487756,27.4712641943
298932,0.0497225548902,0.030739209452,0.0279915675733,30.6778537446,27.9356961809
299791,0.0498654357951,0.0301972335506,0.0276979943257,30.1369596314,27.6427089079
300650,0.0500083166999,0.0297377294443,0.0272324946842,29.6783726989,27.1781384074
301509,0.0501511976048,0.0295385407329,0.0269720474707,29.4795815698,26.9182110486
302368,0.0502940785096,0.0288904767468,0.0264241888416,28.8328111245,26.3714459497
303227,0.0504369594145,0.0283955934068,0.0257814334167,28.3389155756,25.7299734697
304086,0.0505798403194,0.0281407450051,0.0252394108562,28.0845758534,25.1890327906
304945,0.0507227212242,0.0278380434839,0.0247057716391,27.7824785268,24.6564587216
305804,0.0508656021291,0.0280228880109,0.0245711412873,27.9669541027,24.5220970931
306663,0.0510084830339,0.0290599322328,0.0255222977015,29.001928376,25.4713549915
307522,0.0511513639388,0.0301526564132,0.0269378040621,30.0924714703,26.8840359901
308381,0.0512942448436,0.0312990089346,0.0283909528729,31.2365358629,28.3342843043
309240,0.0514371257485,0.0333644957564,0.030489333624,33.2978999565,30.4284766706
310099,0.0515800066534,0.0358782713532,0.0329737715577,35.8066580371,32.9079556464
310958,0.0517228875582,0.038695773601,0.0366503747583,38.6185365279,36.5772203176
311817,0.0518657684631,0.0421071357979,0.041458347753,42.0230896187,41.3755965598
312676,0.0520086493679,0.0453197415569,0.0454330505477,45.2292829909,45.342365816
313535,0.0521515302728,0.0453499980954,0.0456018447341,45.2594791371,45.5108230879
314394,0.0522944111776,0.0447383656697,0.0444940712878,44.6490675347,44.4052607663
315253,0.0524372920825,0.043195832304,0.0424837243759,43.1096130778,42.3989265229
316112,0.0525801729874,0.0417645903192,0.0406798821973,41.6812278635,40.5986848277
316971,0.0527230538922,0.0409143576362,0.0395188073907,40.8326922517,39.4399275356
317830,0.0528659347971,0.0419420687421,0.0403077333819,41.8583520381,40.2272788242
318689,0.0530088157019,0.0427117943237,0.0415969646731,42.6265412412,41.5139367995
319548,0.0531516966068,0.0425167633075,0.0417970942721,42.4318995085,41.7136669382
320407,0.0532945775116,0.0434361056371,0.0432202824776,43.3494068234,43.1340144487
321266,0.0534374584165,0.044451965618,0.0447544546435,44.3632391398,44.6651243947
322125,0.0535803393214,0.0454410513459,0.0460344988667,45.3503506446,45.9426136394
322984,0.0537232202262,0.0501230476957,0.0513725586485,50.0230016923,51.2700186113
323843,0.0538661011311,0.0537011008628,0.0560698452946,53.5939130367,55.9579294357
324702,0.0540089820359,0.0521375164707,0.0550169020841,52.0334495716,54.9070879083
325561,0.0541518629408,0.048885225932,0.0517539187703,48.7876506307,51.6506175353
326420,0.0542947438456,0.0469620035944,0.0490778950809,46.8682670603,48.9799352105
327279,0.0544376247505,0.0450465050409,0.0472846714846,44.9565918572,47.1902909028
328138,0.0545805056554,0.0430205172615,0.044843730437,42.9346479656,44.754221993
328997,0.0547233865602,0.0416394797104,0.0430626529568,41.5563669764,42.9766995577
329856,0.0548662674651,0.0405477682992,0.0418888460831,40.46683463,41.8052356119
330715,0.0550091483699,0.0403319903697,0.0418719513125,40.2514873949,41.7883745634
331574,0.0551520292748,0.039441005525,0.0417472550922,39.3622809631,41.6639272377
332433,0.0552949101796,0.0377373852849,0.0399791315899,37.6620611626,39.8993329241
333292,0.0554377910845,0.0360628239541,0.037879920316,35.9908422696,37.8043116926
334151,0.0555806719894,0.0347122226457,0.0364314734034,34.6429367722,36.3587558916
335010,0.0557235528942,0.0329426794348,0.0345218078906,32.8769255836,34.4529020864
335869,0.0558664337991,0.0313805415326,0.0329103149168,31.3179057211,32.8446256654
336728,0.0560093147039,0.0310789949704,0.0322172202728,31.0169610483,32.1529144439
337587,0.0561521956088,0.0310005946873,0.0320651781121,30.9387172528,32.0011757605
338446,0.0562950765136,0.0313947968216,0.0325366244222,31.3321325565,32.4716810601
339305,0.0564379574185,0.031094503076,0.0325952281698,31.0324381996,32.5301678342
340164,0.0565808383234,0.0299990122913,0.0315428970565,29.9391340233,31.4799371822
341023,0.0567237192282,0.0290057158663,0.0301408321439,28.9478202259,30.0806708022
341882,0.0568666001331,0.0282326323313,0.0286094518603,28.1762797717,28.552347166
342741,0.0570094810379,0.0279515782091,0.0278289358103,27.8957866358,27.7733890323
343600,0.0571523619428,0.0276379270893,0.0273771247408,27.5827615662,27.3224797813
344459,0.0572952428476,0.0271620147852,0.0268251470377,27.1077991868,26.77160383
345318,0.0574381237525,0.0261071706125,0.0257260557942,26.0550604916,25.6747063814
346177,0.0575810046574,0.0255286726825,0.0247798758198,25.477717248,24.7304149898
347036,0.0577238855622,0.0248482702253,0.0240010622653,24.7986728795,23.9531559534
347895,0.0578667664671,0.0239418112533,0.0228777783206,23.8940232069,22.8321140924
348754,0.0580096473719,0.0230672580537,0.0220077765273,23.0212156225,21.9638488296
349613,0.0581525282768,0.0229962156487,0.0219493561357,22.9503150186,21.9055450456
350472,0.0582954091816,0.0229680718867,0.0219432106418,22.9222274318,21.8994118182
351331,0.0584382900865,0.022957142818,0.0218552004973,22.9113201776,21.8115773426
352190,0.0585811709914,0.0230672504539,0.0220120901809,23.0212080378,21.9681538732
353049,0.0587240518962,0.0235255397841,0.0226219676963,23.4785826188,22.5768140682
353908,0.0588669328011,0.022845394982,0.0221287820156,22.7997953913,22.08461279
354767,0.0590098137059,0.021662137961,0.0211126185378,21.6189001607,21.0704775827
355626,0.0591526946108,0.0205740264435,0.0198721033176,20.5329605224,19.8324384407
356485,0.0592955755156,0.019395023724,0.0185331353979,19.3563111018,18.4961431117
357344,0.0594384564205,0.0182233127534,0.0171239519614,18.1869388757,17.0897724165
358203,0.0595813373253,0.0172860017495,0.0158875186088,17.251498752,15.8558069948
359062,0.0597242182302,0.0163656543826,0.0147933379006,16.3329884058,14.76381028
359921,0.0598670991351,0.0156312285422,0.0137709645724,15.6000284852,13.7434776172
360780,0.0600099800399,0.0150510903101,0.0129527400501,15.0210482137,12.9268862776
361639,0.0601528609448,0.0146469144202,0.0124093012566,14.6176790621,12.3845321922
362498,0.0602957418496,0.0144496684599,0.0122143333509,14.4208268063,12.189953444
363357,0.0604386227545,0.0146839781674,0.0126467258303,14.6546688297,12.6214828646
364216,0.0605815036593,0.0147761631085,0.0128205752297,14.7466697689,12.7949852592
365075,0.0607243845642,0.0150144045743,0.0131476186954,14.9844357029,13.1213759435
365934,0.0608672654691,0.0153529943202,0.0135560564897,15.322349621,13.5289984927
366793,0.0610101463739,0.0156655958646,0.0137818076858,15.6343272102,13.7542990877
367652,0.0611530272788,0.0159750705834,0.0140698822845,15.9431842149,14.0417986871
368511,0.0612959081836,0.0162423230032,0.0143330201557,16.2099031968,14.304411333
369370,0.0614387890885,0.016711520539,0.0148511852438,16.6781642105,14.8215421595
370229,0.0615816699933,0.0176037557788,0.0158528848357,17.5686185417,15.821242351
371088,0.0617245508982,0.0182618594553,0.016499514567,18.225408638,16.4665814042
371947,0.0618674318031,0.0188608245953,0.0171260185023,18.8231782388,17.0918348327
372806,0.0620103127079,0.0193867456489,0.0177554874561,19.3480495498,17.7200473614
373665,0.0621531936128,0.0196906901292,0.0181345338106,19.6513873545,18.0983371363
374524,0.0622960745176,0.0198250234901,0.018293765913,19.7854525849,18.2572514102
375383,0.0624389554225,0.0200226874857,0.0184122838419,19.9827220416,18.3755327764
376242,0.0625818363273,0.0203999602915,0.018617397091,20.3592418079,18.5802366177
377101,0.0627247172322,0.0212045622991,0.0192823035944,21.1622378235,19.2438159625
377960,0.0628675981371,0.022275163564,0.0203474000603,22.2307021597,20.3067864873
378819,0.0630104790419,0.023583084838,0.0218147626714,23.5360128124,21.771220231
379678,0.0631533599468,0.0246679387981,0.0226612260936,24.6187013953,22.6159941054
380537,0.0632962408516,0.0259508080748,0.0237588624453,25.8990100547,23.7114395662
381396,0.0634391217565,0.0278125182686,0.0258556582139,27.75700426,25.8040501137
382255,0.0635820026613,0.0305072331332,0.0289218427402,30.4463404523,28.8641145111
383114,0.0637248835662,0.0338471089275,0.0327366427473,33.7795498278,32.671300147
383973,0.0638677644711,0.0365968189076,0.0350376426039,36.5237713649,34.9677071895
384832,0.0640106453759,0.0376017093025,0.0358437025478,37.5266559905,35.7721582313
385691,0.0641535262808,0.0391459550596,0.037027581242,39.0678194207,36.9536738942
386550,0.0642964071856,0.0426216541027,0.040507225148,42.5365809409,40.4263724032
387409,0.0644392880905,0.0496871874328,0.0476242193071,49.58801141,47.5291609851
388268,0.0645821689953,0.0562317569267,0.054742303937,56.1195178909,54.6330378613
389127,0.0647250499002,0.0602176792476,0.0584917235981,60.097484279,58.3749736508
389986,0.0648679308051,0.0624340308162,0.0606518928839,62.3094119922,60.5308312214
390845,0.0650108117099,0.0637426151311,0.0618217207053,63.6153843624,61.6983240572
391704,0.0651536926148,0.0657058336711,0.0645194305379,65.5746843025,64.3906492395
392563,0.0652965735196,0.0661242256255,0.0660984258605,65.9922411432,65.9664928747
393422,0.0654394544245,0.0664042582926,0.0676879857141,66.2717148629,67.5528799542
394281,0.0655823353293,0.0652445522568,0.0679410781814,65.1143236095,67.8054672469
395140,0.0657252162342,0.0626507175445,0.0656546253737,62.5256662121,65.5235782173
395999,0.0658680971391,0.0602406278433,0.0633330251109,60.1203870692,63.2066118871
396858,0.0660109780439,0.0564721623106,0.0595864512383,56.3594434237,59.4675162059
397717,0.0661538589488,0.0521680466699,0.0549521232961,52.0639188322,54.8424384192
398576,0.0662967398536,0.0482099377395,0.050245517985,48.1137103188,50.1452275299
399435,0.0664396207585,0.0444009797306,0.0453718466028,44.3123550206,45.2812840348
400294,0.0665825016633,0.0434723221291,0.0431833785296,43.385551027,43.0971841613
401153,0.0667253825682,0.04580460065,0.0460565561602,45.7131743014,45.9646269064
402012,0.0668682634731,0.0462903702427,0.0479446824233,46.1979742941,47.8489844544
402871,0.0670111443779,0.0445739845032,0.0466316791915,44.4850144743,46.5386019875
403730,0.0671540252828,0.0434313698851,0.0452327852676,43.344680524,45.142500267
404589,0.0672969061876,0.0428755974782,0.0441170727138,42.7900174434,44.0290146845
405448,0.0674397870925,0.0432291544912,0.0446335481232,43.1428687537,44.5444592048
406307,0.0675826679973,0.0434852917113,0.0459682858943,43.3984947218,45.8765328287
407166,0.0677255489022,0.0410977140512,0.0440225462785,41.0156826858,43.9346769247
408025,0.0678684298071,0.0381800381595,0.0410592445849,38.1038304985,40.9772900049
408884,0.0680113107119,0.0356370489789,0.0376206508853,35.5659171446,37.5455597658
409743,0.0681541916168,0.034458583879,0.0356088011142,34.3898042705,35.5377256629
410602,0.0682970725216,0.0333052975448,0.033843416995,33.238819905,33.7758652645
411461,0.0684399534265,0.0319487570241,0.0319925434877,31.88498705,31.9286861154
412320,0.0685828343313,0.0316075303337,0.0313321843032,31.5444414507,31.2696450132
413179,0.0687257152362,0.0311740254534,0.0304345358368,31.1118018497,30.3737882603
414038,0.0688685961411,0.0314083064127,0.0305953591705,31.3456151824,30.5342905893
414897,0.0690114770459,0.0310097591106,0.0300943879342,30.9478633839,30.0343192956
415756,0.0691543579508,0.030565047776,0.0297681677468,30.5040396966,29.7087502463
416615,0.0692972388556,0.0307240854982,0.0306634846143,30.6627599782,30.6022800542
417474,0.0694401197605,0.029978572726,0.0303058118031,29.9187352555,30.2453211607
418333,0.0695830006653,0.0289696075464,0.0292716774173,28.9117839784,29.2132509154
419192,0.0697258815702,0.0281575353565,0.0283803884065,28.1013326912,28.3237409247
420051,0.069868762475,0.0277647966529,0.0278562028669,27.7093778972,27.8006016636
420910,0.0700116433799,0.027960078908,0.028056704829,27.9042703673,28.0007034222
421769,0.0701545242848,0.0286448410594,0.0287097181267,28.587665728,28.6524133001
422628,0.0702974051896,0.0283837714562,0.0286987869803,28.3271172218,28.6415039724
423487,0.0704402860945,0.0292748205514,0.0298287705804,29.2163877758,29.7692321161
424346,0.0705831669993,0.0293508297946,0.0297077234117,29.292245304,29.6484265586
425205,0.0707260479042,0.0291882649823,0.0292969439805,29.1300049723,29.2384670464
426064,0.070868928809,0.0291890566855,0.0289244777537,29.1307950953,28.8667442652
426923,0.0710118097139,0.0308196888738,0.0304851890991,30.7581725287,30.4243404182
427782,0.0711546906188,0.0320705804151,0.032172512244,32.0065672805,32.1082956527
428641,0.0712975715236,0.033114465858,0.0339854472007,33.0483691198,33.9176119767
429500,0.0714404524285,0.0340145905824,0.0355027729693,33.946697188,35.431909151
430359,0.0715833333333,0.0343896488402,0.0364267591415,34.3210068266,36.3540510394
431218,0.0717262142382,0.0329385269018,0.035166127828,32.8727813391,35.0959359561
432077,0.071869095143,0.0311443024776,0.0329328297262,31.0821382012,32.8670955351
432936,0.0720119760479,0.0299600855094,0.0315529748167,29.9002849395,31.4899948271
433795,0.0721548569528,0.0311529375482,0.0326483837638,31.0907560361,32.5832173292
434654,0.0722977378576,0.0305971111056,0.0323327295644,30.5360390275,32.268193178
435513,0.0724406187625,0.0294822612979,0.0311307798216,29.423414469,31.0686425365
436372,0.0725834996673,0.0280712083886,0.0296064336259,28.0151780325,29.547338948
437231,0.0727263805722,0.0268053280235,0.0279657289701,26.7518243747,27.9099091518
438090,0.072869261477,0.0257860429429,0.0266238771669,25.7345737953,26.5707356955
438949,0.0730121423819,0.0246525094947,0.0253397856984,24.603302889,25.2892072838
439808,0.0731550232868,0.0240598187675,0.0242120314693,24.0117951771,24.1637040612
440667,0.0732979041916,0.0236189327711,0.0240058465462,23.5717891927,23.9579306848
441526,0.0734407850965,0.0228972074584,0.0232923445123,22.8515044495,23.2458528067
442385,0.0735836660013,0.0224261093423,0.0226109102265,22.381346649,22.5657786692
443244,0.0737265469062,0.0223277259324,0.0224459648852,22.2831596132,22.4011625601
444103,0.073869427811,0.02341780533,0.0236957545888,23.3710632036,23.6484576735
444962,0.0740123087159,0.0238445650092,0.0243027534173,23.7969710671,24.2542449274
445821,0.0741551896208,0.0236642706977,0.0239802238834,23.6170366244,23.932359165
446680,0.0742980705256,0.0232156208706,0.0233364660465,23.169282306,23.2898862739
447539,0.0744409514305,0.0224643078367,0.0223674223942,22.4194688989,22.3227768405
448398,0.0745838323353,0.0218720944344,0.021460050698,21.8284375593,21.4172162655
449257,0.0747267132402,0.02094580151,0.0202282910693,20.903993523,20.1879152388
450116,0.074869594145,0.0201208499267,0.0189628298962,20.0806885496,18.9249799364
450975,0.0750124750499,0.019368093557,0.0178566690645,19.3294346876,17.8210270105
451834,0.0751553559548,0.0190591251914,0.0172017082238,19.0210830254,17.1673734769
452693,0.0752982368596,0.0191450129986,0.0170542826065,19.1067993998,17.0202421223
453552,0.0754411177645,0.0190812881336,0.0170610226266,19.0432017302,17.0269686892
454411,0.0755839986693,0.0189583243737,0.0169338372772,18.9204834069,16.9000372028
455270,0.0757268795742,0.0188034327802,0.0166555446186,18.7659009782,16.6223000186
456129,0.075869760479,0.0187615222262,0.0163607436072,18.724074078,16.3280874323
456988,0.0760126413839,0.0187446317176,0.0160079609525,18.7072172831,15.9760089346
457847,0.0761555222888,0.0187193602772,0.0159227938848,18.6819962846,15.891011861
458706,0.0762984031936,0.0186202815713,0.0157036159818,18.5831153406,15.6722714389
459565,0.0764412840985,0.0184362780312,0.0154442333624,18.3994790731,15.4134065494
460424,0.0765841650033,0.0182978659338,0.0151979752596,18.2613432473,15.1676399796
461283,0.0767270459082,0.0186397608815,0.0153512635465,18.60255577,15.3206223019
462142,0.076869926813,0.0194791828164,0.0162128243385,19.440302212,16.1804634117
463001,0.0770128077179,0.0202101243444,0.0169499525369,20.1697847748,16.9161202963
463860,0.0771556886228,0.0211627722675,0.0179517132618,21.1205312051,17.9158814988
464719,0.0772985695276,0.0227773138474,0.0200800035226,22.7318501471,20.0399236753
465578,0.0774414504325,0.0244801641243,0.0225784026433,24.4313015212,22.5333359714
466437,0.0775843313373,0.0254276051721,0.0242196757229,25.3768514692,24.1713330568
467296,0.0777272122422,0.0257904541081,0.024833143703,25.7389761558,24.7835765499
468155,0.077870093147,0.0262957141002,0.0255245421868,26.243227645,25.4735949968
469014,0.0780129740519,0.0267082089368,0.026031402673,26.6548991385,25.9794437854
469873,0.0781558549568,0.0269628374245,0.026235163118,26.9090193858,26.182797523
470732,0.0782987358616,0.0277659331429,0.0270969431301,27.7105121186,27.0428574153
471591,0.0784416167665,0.0277721913153,0.0269808464744,27.7167577997,26.9269924894
472450,0.0785844976713,0.027923303214,0.0267712281224,27.8675680778,26.7177925373
473309,0.0787273785762,0.0281579190214,0.0267929800776,28.1017155902,26.7395010754
474168,0.078870259481,0.0283484459856,0.0268302326755,28.2918622611,26.7766793168
475027,0.0790131403859,0.0285602373609,0.0269351062409,28.5032308991,26.8813435538
475886,0.0791560212908,0.0289101811686,0.0272924384579,28.8524762161,27.2379625328
476745,0.0792989021956,0.0302503511747,0.0287780929579,30.1899712323,28.7206516545
477604,0.0794417831005,0.0322103123484,0.0311048704803,32.1460203078,31.0427849105
478463,0.0795846640053,0.0329951740743,0.0322546544054,32.9293154434,32.1902738577
479322,0.0797275449102,0.0329850547948,0.0322810741692,32.9192163621,32.2166408875
480181,0.079870425815,0.0324946267603,0.0320048365968,32.4297672258,31.9409546874
481040,0.0800133067199,0.0318564382063,0.0311378084647,31.7928525013,31.0756571504
481899,0.0801561876248,0.0319046206413,0.0308190446243,31.8409387638,30.7575295652
482758,0.0802990685296,0.0317545564053,0.0305017107062,31.6911740572,30.4408290481
483617,0.0804419494345,0.0314016648244,0.0299932407284,31.3389868507,29.9333739804
484476,0.0805848303393,0.0306388040388,0.0290030927276,30.5776487413,28.9452023229
485335,0.0807277112442,0.0304499782742,0.028566323791,30.3891998745,28.5093051806
486194,0.080870592149,0.030475208171,0.0283320896858,30.4143794121,28.2755386086
487053,0.0810134730539,0.0313281555621,0.0292959932319,31.2656243135,29.2375181955
487912,0.0811563539587,0.0317317606468,0.0296924798934,31.6684237992,29.6332134664
488771,0.0812992348636,0.0321272481419,0.0300297864745,32.0631218981,29.969846781
489630,0.0814421157685,0.0326564018087,0.0303828312922,32.59121937,30.3221869184
490489,0.0815849966733,0.0326350520556,0.0302891980537,32.5699122311,30.2287405725
491348,0.0817278775782,0.0331553857972,0.0305347301015,33.0892073825,30.4737825365
492207,0.081870758483,0.0359088726835,0.0332291361093,35.837198287,33.1628104883
493066,0.0820136393879,0.0402945913357,0.0384615709698,40.2141630097,38.384801367
493925,0.0821565202927,0.0431848520649,0.0418329135425,43.0986547554,41.7494147131
494784,0.0822994011976,0.0463015657394,0.0454010028146,46.2091474445,45.3103820505
495643,0.0824422821025,0.0489680496023,0.0490355148259,48.8703089843,48.9376395468
496502,0.0825851630073,0.0501597870351,0.050665034997,50.0596676997,50.5639071826
497361,0.0827280439122,0.0508504462739,0.0511438375727,50.7489483772,51.0417540646
498220,0.082870924817,0.050949543801,0.0510898141041,50.8478481048,50.9878384273
499079,0.0830138057219,0.049217411435,0.0498357447769,49.1191730888,49.7362722325
499938,0.0831566866267,0.046314301923,0.0469493928072,46.2218582066,46.8556814443
500797,0.0832995675316,0.0444430497411,0.0448123475219,44.354341059,44.7229017185
501656,0.0834424484365,0.0421463194044,0.0428750686197,42.0621950144,42.7894896404
502515,0.0835853293413,0.0392019212041,0.0401899431828,39.1236738564,40.1097237353
503374,0.0837282102462,0.0366284009447,0.0375683515264,36.5552903639,37.4933647968
504233,0.083871091151,0.0355950820311,0.0363015975767,35.5240339632,36.2291392981
505092,0.0840139720559,0.0337750375437,0.034291673242,33.7076222991,34.2232267884
505951,0.0841568529607,0.0331021142661,0.0334188720037,33.0360421818,33.3521676684
506810,0.0842997338656,0.0321998072268,0.0325780305016,32.1355361545,32.5130044926
507669,0.0844426147705,0.0318405871528,0.0320797098916,31.7770330867,32.0156785345
508528,0.0845854956753,0.0347282581788,0.0363988876227,34.6589402982,36.3262351524
509387,0.0847283765802,0.0365329998391,0.0391969601663,36.4600796797,39.1187227209
510246,0.084871257485,0.0360728258483,0.0384715045148,36.0008241999,38.3947150847
511105,0.0850141383899,0.0348136930644,0.0367359042884,34.7442046551,36.6625791302
511964,0.0851570192947,0.0339078749234,0.0349134622576,33.8401945344,34.8437747081
512823,0.0852999001996,0.0333991652109,0.0336723080132,33.3325002105,33.6050978176
513682,0.0854427811045,0.0323326348595,0.0319976468543,32.2680986622,31.9337792957
514541,0.0855856620093,0.0310742247347,0.0300154135671,31.0122003341,29.955502562
515400,0.0857285429142,0.0305472957249,0.0290904854337,30.4863230787,29.0324205925
516259,0.085871423819,0.0302804737184,0.0282966992443,30.2200336511,28.2402188067
517118,0.0860143047239,0.0303831181605,0.0276894117197,30.3224732141,27.6341434328
517977,0.0861571856287,0.0298311843812,0.0268475619915,29.771641099,26.7939740434
518836,0.0863000665336,0.0295280064177,0.0262752085976,29.4690682811,26.2227630714
519695,0.0864429474385,0.0295789872467,0.0261218602179,29.519947352,26.0697207764
520554,0.0865858283433,0.0295978113387,0.0259493786793,29.538733871,25.8975835122
521413,0.0867287092482,0.0296247120654,0.0256441258524,29.5655809036,25.5929399724
522272,0.086871590153,0.0299328776299,0.0254585789151,29.8731313671,25.4077633883
523131,0.0870144710579,0.0303324533509,0.0256137026413,30.2719095318,25.5625774863
523990,0.0871573519627,0.0308991061516,0.026174644018,30.837431289,26.1223992195
524849,0.0873002328676,0.0321608023532,0.0276967024096,32.0966091349,27.6414195705
525708,0.0874431137725,0.0337664430661,0.029588959788,33.6990449761,29.529899988
526567,0.0875859946773,0.0364421916414,0.0326060383102,36.3694527359,32.5409563975
527426,0.0877288755822,0.037990762413,0.0343975439256,37.9149325479,34.3288861533
528285,0.087871756487,0.0391295014886,0.0355218806291,39.0513986912,35.4509786717
529144,0.0880146373919,0.0428090325331,0.0393233245877,42.7235853624,39.2448349179
530003,0.0881575182967,0.0477462077963,0.044911251436,47.6509059843,44.8216082196
530862,0.0883003992016,0.0492012026499,0.0467471351341,49.1029966566,46.6538274792
531721,0.0884432801065,0.0499284013904,0.047214867178,49.8287439026,47.1206259261
532580,0.0885861610113,0.0493073976482,0.046474274971,49.2089796888,46.3815119471
533439,0.0887290419162,0.0484813998903,0.0450876994343,48.384630629,44.9977040263
534298,0.088871922821,0.0498049581914,0.0458101041248,49.7055470972,45.7186667912
535157,0.0890148037259,0.0503228684979,0.0465030763403,50.2224236506,46.4102558287
536016,0.0891576846307,0.0501326759966,0.0462245617849,50.0326107751,46.1322971905
536875,0.0893005655356,0.052690240983,0.0489951658439,52.5850708413,48.8973711017
537734,0.0894434464405,0.0531971672832,0.0503962703086,53.0909853126,50.2956789507
538593,0.0895863273453,0.0519748710274,0.0501062188022,51.8711287699,50.0062063895
539452,0.0897292082502,0.0496017552485,0.0480616464262,49.502749749,47.9657149962
540311,0.089872089155,0.0472101090701,0.0458549388185,47.1158773154,45.7634119945
541170,0.0900149700599,0.0458884127183,0.0438275273262,45.7968190801,43.7400472318
542029,0.0901578509647,0.04562003117,0.0427186207426,45.5289732236,42.6333540345
542888,0.0903007318696,0.0462649724969,0.0431636854305,46.1726272424,43.0775303697
543747,0.0904436127745,0.0479053807694,0.0447512519635,47.8097612469,44.6619281073
544606,0.0905864936793,0.0504938385429,0.0478485498725,50.393052438,47.7530437849
545465,0.0907293745842,0.0517948568321,0.050542459019,51.6914738843,50.4415758673
546324,0.090872255489,0.0525182754886,0.0526819024016,52.4134485914,52.5767489038
547183,0.0910151363939,0.0502105942064,0.0516071618642,50.1103734595,51.5041535571
548042,0.0911580172987,0.0466416141354,0.0482244182554,46.5485171012,48.1281619316
548901,0.0913008982036,0.0433681287012,0.044470951081,43.2815655701,44.3821867076
549760,0.0914437791084,0.0410178880467,0.0413227254388,40.9360160147,41.2402449489
550619,0.0915866600133,0.0401241780055,0.0397043249031,40.0440898258,39.6250747536
551478,0.0917295409182,0.0395601357552,0.0388958671478,39.4811734084,38.8182306865
552337,0.091872421823,0.0415121668541,0.0410880135254,41.4293082376,41.0060015224
553196,0.0920153027279,0.0419564991868,0.041845686607,41.8727536794,41.7621622824
554055,0.0921581836327,0.0407345477847,0.0411981626269,40.6532413021,41.1159307654
554914,0.0923010645376,0.0391487680663,0.0395818126409,39.0706268126,39.5028070268
555773,0.0924439454424,0.0377689167799,0.0381649024693,37.6935297205,38.0887250192
556632,0.0925868263473,0.0362189879129,0.0364801048588,36.1466945238,36.4072902782
557491,0.0927297072522,0.034676770723,0.0346375099316,34.6075556117,34.5683731852
558350,0.092872588157,0.0329227825996,0.0326190641527,32.8570684627,32.5539562403
559209,0.0930154690619,0.0313730996675,0.0308878378532,31.3104787101,30.8261854822
560068,0.0931583499667,0.0312159632239,0.030401860959,31.153655912,30.3411786018
560927,0.0933012308716,0.0346084696853,0.0343340919599,34.5393909035,34.2655608382
561786,0.0934441117764,0.0360521097064,0.0360256899667,35.9801494076,35.9537824019
562645,0.0935869926813,0.0355463822073,0.0360053573198,35.4754313446,35.9334903391
563504,0.0937298735862,0.0348007151189,0.0359066365703,34.7312526137,35.834966637
564363,0.093872754491,0.0336683125957,0.0349298839035,33.6011103749,34.8601635764
565222,0.0940156353959,0.0334124843625,0.0346833572743,33.3457927769,34.6141290162
566081,0.0941585163007,0.03417629088,0.0360974776123,34.1080747306,36.0254267588
566940,0.0943013972056,0.0345916535745,0.0373156672426,34.5226083578,37.2411848728
567799,0.0944442781104,0.0341702545001,0.0370822156275,34.1020503993,37.008199229
568658,0.0945871590153,0.0330831789622,0.036287584053,33.0171446729,36.2151537456
569517,0.0947300399202,0.0319092047428,0.0348902613792,31.8455137154,34.8206201389
570376,0.094872920825,0.030328491986,0.0329442010463,30.2679560739,32.8784441579
571235,0.0950158017299,0.0295526503699,0.0319983145291,29.4936630438,31.9344456378
572094,0.0951586826347,0.0283602685908,0.0309924732016,28.3036612683,30.9306119777
572953,0.0953015635396,0.0268590895464,0.0291513895757,26.8054785893,29.0932031693
573812,0.0954444444444,0.0254044097045,0.0272479307566,25.3537022999,27.1935436692
574671,0.0955873253493,0.0242826217985,0.0256334582803,24.2341534915,25.5822936929
575530,0.0957302062542,0.0230846136924,0.0240800774181,23.0385366191,24.0320133913
576389,0.095873087159,0.0221367750547,0.0227595186798,22.0925898749,22.7140904988
577248,0.0960159680639,0.021518009974,0.0217302376663,21.4750598543,21.6868639384
578107,0.0961588489687,0.0208766693747,0.0208651352513,20.834999376,20.8234882748
578966,0.0963017298736,0.0204350670415,0.0202681196466,20.3942784846,20.2276643179
579825,0.0964446107784,0.0199640664565,0.0198523208208,19.9242180204,19.8126954299
580684,0.0965874916833,0.0199628125562,0.0197221673867,19.922966623,19.6828017831
581543,0.0967303725882,0.0202368662758,0.0194529416408,20.1964733291,19.414113414
582402,0.096873253493,0.0206114718162,0.0194648946057,20.5703311539,19.4260425207
583261,0.0970161343979,0.0205062891472,0.0194491764398,20.4653584304,19.4103557283
584120,0.0971590153027,0.0201675844005,0.0191201093729,20.127329741,19.0819454819
584979,0.0973018962076,0.0199934925555,0.0190037002575,19.9535853848,18.96576872
585838,0.0974447771124,0.0205715421286,0.0193220356004,20.5304811663,19.2834686631
586697,0.0975876580173,0.0215141528946,0.0203710294858,21.4712104736,20.3303687484
587556,0.0977305389222,0.0216394811727,0.020762335828,21.5962885955,20.72089404
588415,0.097873419827,0.0215854103862,0.0208907458731,21.5423257347,20.8490477775
589274,0.0980163007319,0.0214959571904,0.0210833857834,21.4530510882,21.041303177
590133,0.0981591816367,0.0210195417882,0.0208343223479,20.977586615,20.7927368741
590992,0.0983020625416,0.0205702963729,0.02045753904,20.5292378971,20.4167056287
591851,0.0984449434464,0.0202305769915,0.0201367859645,20.1901965983,20.096592779
592710,0.0985878243513,0.0202354635616,0.0200512775151,20.1950734147,20.011255005
593569,0.0987307052562,0.0212683257858,0.0214086473708,21.2258740377,21.3659155397
594428,0.098873586161,0.0232463435382,0.0245887373546,23.1999436509,24.5396580385
595287,0.0990164670659,0.023385386015,0.0252811990145,23.3387085978,25.2307375395
596146,0.0991593479707,0.0233275517956,0.0253301800574,23.280989816,25.2796208158
597005,0.0993022288756,0.0234326278929,0.0253260205914,23.3858561805,25.2754696521
597864,0.0994451097804,0.023173925146,0.0250133867965,23.1276698064,24.9634598767
598723,0.0995879906853,0.022790136929,0.02447632796,22.7446476337,24.427473014
599582,0.0997308715902,0.0223454596998,0.0239998023153,22.3008579839,23.9518985182
600441,0.099873752495,0.0219819107318,0.0236470278382,21.9380346625,23.5998281818
601300,0.1000166334,0.0216460757588,0.023121320931,21.6028700187,23.0751705898
602159,0.100159514305,0.0215590931814,0.0229036233282,21.5160610593,22.8579075132
603018,0.10030239521,0.0216293806307,0.0226236851309,21.5862082142,22.5785280747
603877,0.100445276114,0.021956443022,0.0227734542985,21.9126177865,22.7279983019
604736,0.100588157019,0.0218449708802,0.0227702723996,21.8013681439,22.7248227541
605595,0.100731037924,0.0213334748079,0.0224640484005,21.2908930219,22.4192099806
606454,0.100873918829,0.0206768451223,0.0217671223225,20.6355739743,21.7236749726
607313,0.101016799734,0.02100698775,0.022146446957,20.9650576347,22.102242472
608172,0.101159680639,0.0241719634076,0.0264045577845,24.1237159757,26.3518540764
609031,0.101302561544,0.0252126779205,0.027738750835,25.1623532141,27.6833840669
609890,0.101445442448,0.0253033970269,0.0279667342218,25.2528912444,27.910912397
610749,0.101588323353,0.0250413454478,0.02762135797,24.9913627224,27.5662255189
611608,0.101731204258,0.0246263973635,0.0271550609474,24.5772428777,27.1008592289
612467,0.101874085163,0.0243915658951,0.0267884264863,24.3428801348,26.7349565732
613326,0.102016966068,0.0246632891559,0.0267243701848,24.6140610339,26.6710281285
614185,0.102159846973,0.0254673495183,0.0273022196766,25.4165164853,27.2477242281
615044,0.102302727878,0.0263198559256,0.0280308286848,26.267321283,27.974878927
615903,0.102445608782,0.0269380003321,0.0286500850188,26.8842318684,28.5928992203
616762,0.102588489687,0.0270366556857,0.0284728211433,26.9826903051,28.415989165
617621,0.102731370592,0.0272164890416,0.0282233705263,27.1621647122,28.1670364534
618480,0.102874251497,0.0271075531817,0.0277535616647,27.0534462891,27.698165334
619339,0.103017132402,0.0269894753463,0.0270946485815,26.935604138,27.0405674466
620198,0.103160013307,0.0267244787331,0.0263669145556,26.6711364602,26.3142859837
621057,0.103302894212,0.0267183480522,0.0258413091653,26.6650180162,25.7897297059
621916,0.103445775116,0.0266715540868,0.0254875691601,26.6183174519,25.4366957685
622775,0.103588656021,0.0263690447745,0.0249583057501,26.3164119506,24.9084887726
623634,0.103731536926,0.0261317999716,0.0243906577376,26.0796406902,24.34197379
624493,0.103874417831,0.0266946140679,0.0248643907011,26.6413314051,24.8147611787
625352,0.104017298736,0.0266421830901,0.024911771724,26.58900508,24.8620476288
626211,0.104160179641,0.0266085763852,0.02477190575,26.5554654543,24.7224608283
627070,0.104303060546,0.0279710875819,0.0262567877317,27.9152570677,26.2043789738
627929,0.10444594145,0.0281556597313,0.0269779080872,28.0994608097,26.9240599673
628788,0.104588822355,0.0272554825861,0.0263348259926,27.2010804252,26.2822614696
629647,0.10473170326,0.0262778981547,0.0251556786497,26.2254472602,25.1054677143
630506,0.104874584165,0.0257045487966,0.0244490989006,25.653242312,24.400298304
631365,0.10501746507,0.0249523638184,0.0237175435787,24.902558701,23.6702031723
632224,0.105160345975,0.0246434041809,0.0231372137611,24.5942157494,23.0910316977
633083,0.10530322688,0.0247049396363,0.0229157408392,24.6556283795,22.8700008376
633942,0.105446107784,0.0255769595964,0.0239605915509,25.5259077809,23.9127660189
634801,0.105588988689,0.0264541486901,0.0250117729881,26.4013459981,24.9618492895
635660,0.105731869594,0.0270350214189,0.0258073415115,26.9810593003,25.7558298518
636519,0.105874750499,0.0273083743231,0.0263594083422,27.25386659,26.3067947527
637378,0.106017631404,0.0271734554953,0.0263556460088,27.1192170612,26.3030399289
638237,0.106160512309,0.027184348697,0.0263014941509,27.13008852,26.2489961586
639096,0.106303393214,0.0274195423505,0.0266613718913,27.364812725,26.6081555802
639955,0.106446274118,0.0281227983176,0.0278035235017,28.0666649877,27.7480274468
640814,0.106589155023,0.0295458283218,0.0296221206144,29.4868546126,29.5629946251
641673,0.106732035928,0.0303375052667,0.0306612222611,30.276951364,30.6000222166
642532,0.106874916833,0.0302811500302,0.0304586104282,30.2207086129,30.3978147986
643391,0.107017797738,0.0297738940629,0.0295961175351,29.7144651326,29.5370434482
644250,0.107160678643,0.0293028625699,0.0284904238226,29.2443738223,28.4335567092
645109,0.107303559548,0.0291926674989,0.0281807828799,29.1343987015,28.1245338123
645968,0.107446440452,0.029887761126,0.0286777981594,29.8281049161,28.6205570454
646827,0.107589321357,0.0304890681797,0.0292539039208,30.4282117561,29.1955128951
647686,0.107732202262,0.030457942885,0.0289914456644,30.3971485878,28.9335785074
648545,0.107875083167,0.0297448140219,0.0282205370202,29.6854431357,28.164208603
649404,0.108017964072,0.0287100422801,0.0270240624243,28.6527368065,26.9701221799
650263,0.108160844977,0.028449205527,0.0262995235643,28.3924206856,26.2470295053
651122,0.108303725882,0.0277000408917,0.0253039594415,27.6447513889,25.2534525364
651981,0.108446606786,0.0268771450951,0.0240401923769,26.8234980989,23.9922079609
652840,0.108589487691,0.0262695640243,0.0231629122876,26.2171297648,23.1166789297
653699,0.108732368596,0.0260553303244,0.0230127953902,26.0033236771,22.9668616668
654558,0.108875249501,0.0259537003455,0.0230827456336,25.9018965524,23.036672289
655417,0.109018130406,0.0268337258468,0.0240939511252,26.7801655158,24.0458594064
656276,0.109161011311,0.029591716295,0.0271027170958,29.532650993,27.048619856
657135,0.109303892216,0.0305486554576,0.0285196683537,30.4876800974,28.462742868
657994,0.10944677312,0.0303407411835,0.0284098616652,30.2801808219,28.3531553544
658853,0.109589654025,0.0293753050652,0.027693145482,29.3166717218,27.6378697425
659712,0.10973253493,0.0286643191737,0.0273894547999,28.6071049637,27.3347852294
660571,0.109875415835,0.0283782098317,0.0272024480847,28.3215666983,27.1481517811
661430,0.11001829674,0.0275355179709,0.0265032698541,27.4805568571,26.4503691158
662289,0.110161177645,0.0270190485685,0.0262258126613,26.9651183319,26.1734657299
663148,0.11030405855,0.0273226695363,0.02661729344,27.2681332697,26.5641651098
664007,0.110446939454,0.0286642723228,0.0279565447897,28.6070582063,27.9007433031
664866,0.110589820359,0.0282586358443,0.0278972703356,28.2022313815,27.8415871613
665725,0.110732701264,0.027070779368,0.0271066227864,27.0167458762,27.0525177509
666584,0.110875582169,0.0256472375857,0.025983781002,25.5960454947,25.9319171677
667443,0.111018463074,0.0243866838968,0.0246092054538,24.3380078811,24.5600852832
668302,0.111161343979,0.023822080963,0.0241469085384,23.7745318992,24.0987111161
669161,0.111304224884,0.0238859453403,0.0248308146244,23.8382688026,24.7812521201
670020,0.111447105788,0.0235439013382,0.0246668553176,23.4969075232,24.6176200775
670879,0.111589986693,0.0233678197013,0.0243081265046,23.3211773466,24.2596072901
671738,0.111732867598,0.023347098012,0.0239086795055,23.300497018,23.8609575903
672597,0.111875748503,0.0234453815828,0.0237169285531,23.398584414,23.6695893744
673456,0.112018629408,0.0239528142121,0.0241807446343,23.9050042037,24.132479675
674315,0.112161510313,0.0241740935226,0.024555367197,24.1258418389,24.5063544881
675174,0.112304391218,0.0242810547279,0.0246418580837,24.2325895488,24.5926727382
676033,0.112447272122,0.0240665241344,0.0246431798696,24.0184871601,24.5939918859
676892,0.112590153027,0.0234199969793,0.0242181172023,23.3732504783,24.169777647
677751,0.112733033932,0.0226419146363,0.0234614654974,22.596721194,23.414636225
678610,0.112875914837,0.0217192682824,0.0224408106073,21.6759164495,22.3960185701
679469,0.113018795742,0.0209819303236,0.0215226955472,20.9400502232,21.479736075
680328,0.113161676647,0.0204600625231,0.0209506738284,20.4192240749,20.9088561161
681187,0.113304557552,0.0198872678663,0.0202739055363,19.8475727209,20.2334386589
682046,0.113447438456,0.0190957750629,0.019372440366,19.0576597434,19.3337728203
682905,0.113590319361,0.018298306602,0.0183975576516,18.2617830359,18.3608359796
683764,0.113733200266,0.0176528419817,0.0176070870276,17.6176067681,17.5719431414
684623,0.113876081171,0.0172843965857,0.0171274055444,17.2498967921,17.0932191062
685482,0.114018962076,0.0170086568782,0.0168187927538,16.9747074633,16.7852223092
686341,0.114161842981,0.0169722765677,0.0168247805893,16.9383997681,16.7911981929
687200,0.114304723886,0.0165857907011,0.0164388221814,16.5526853304,16.4060101611
688059,0.11444760479,0.0162710297314,0.0159458292709,16.2385526261,15.9140012684
688918,0.114590485695,0.0159958774117,0.0156393395691,15.9639495127,15.6081233225
689777,0.1147333666,0.0157872617802,0.0152147177296,15.7557502797,15.1843490316
690636,0.114876247505,0.0157720374784,0.0149162168011,15.7405563657,14.8864439133
691495,0.11501912841,0.0161589040537,0.0152622327314,16.1266507522,15.231769193
692354,0.115162009315,0.0167758339644,0.0159392786084,16.7423492658,15.907463681
693213,0.11530489022,0.0177245109351,0.0170387452251,17.6891326697,17.0047357536
694072,0.115447771124,0.0181381599579,0.0175958063734,18.1019560458,17.5606850034
694931,0.115590652029,0.0186605831971,0.0181045213227,18.6233365241,18.0683845536
695790,0.115733532934,0.0189191518825,0.0182953770079,18.8813891043,18.2588592893
696649,0.115876413839,0.0196777167637,0.0189869665744,19.6384398839,18.9490684375
697508,0.116019294744,0.02005652346,0.0195702483097,20.0164904791,19.5311859378
698367,0.116162175649,0.020107423126,0.0197513639984,20.0672885489,19.7119401182
699226,0.116305056554,0.0200568785731,0.0196848904717,20.0168448834,19.6455992731
700085,0.116447937458,0.0203397071372,0.0198860618749,20.2991089193,19.8463691366
700944,0.116590818363,0.0210863674418,0.0204607291137,21.044278884,20.419889335
701803,0.116733699268,0.0217736936912,0.0212742987893,21.7302332248,21.2318351191
702662,0.116876580173,0.022244748952,0.0218545246247,22.2003482555,21.8109028191
703521,0.117019461078,0.0228193242256,0.0225214832834,22.7737766722,22.4765302229
704380,0.117162341983,0.0238435490498,0.0234303555172,23.7959571355,23.3835883405
705239,0.117305222888,0.0248457728551,0.0246447803858,24.7961804941,24.5955892073
706098,0.117448103792,0.0258544431803,0.0254515315241,25.8028375052,25.400730064
706957,0.117590984697,0.0266947852614,0.0262465846609,26.6415022569,26.1941962684
707816,0.117733865602,0.0271088667723,0.026803499999,27.0547572578,26.749999999
708675,0.117876746507,0.0270604566379,0.0270221324244,27.0064437504,26.9681960323
709534,0.118019627412,0.0269666249864,0.0269778128017,26.9127993877,26.9239648719
710393,0.118162508317,0.026932471544,0.0268324420919,26.8787141157,26.7788843232
711252,0.118305389222,0.0267965209795,0.0265665877916,26.7430349097,26.5135606702
712111,0.118448270126,0.0265321840072,0.0261136656579,26.4792255561,26.0615425728
712970,0.118591151031,0.026691582153,0.0258614027366,26.6383055419,25.8097831703
713829,0.118734031936,0.0278333770351,0.0269919640486,27.7778213923,26.9380878728
714688,0.118876912841,0.0298368076556,0.0291420943919,29.7772531493,29.0839265389
715547,0.119019793746,0.0314623738445,0.0312571833018,31.3995746951,31.1947937144
716406,0.119162674651,0.0322446467141,0.0321133357227,32.1802861418,32.0492372482
717265,0.119305555556,0.0327511041085,0.0321848745524,32.6857326432,32.1206332858
718124,0.11944843646,0.0335365563952,0.0321491114588,33.4696171609,32.0849415757
718983,0.119591317365,0.0345125390119,0.0325098568884,34.4436517085,32.4449669545
719842,0.11973419827,0.0352595019439,0.0328953233188,35.1891236965,32.8296639909
720701,0.119877079175,0.0350767291446,0.0327340923454,35.0067157132,32.6687548358
721560,0.12001996008,0.0333725357953,0.0311656129664,33.3059239474,31.1034061541
722419,0.120162840985,0.0311888154012,0.0288999072549,31.1265622766,28.8422228093
723278,0.12030572189,0.0291884261101,0.0266930340723,29.1301657785,26.6397545632
724137,0.120448602794,0.0278091540976,0.0248377469575,27.7536468039,24.7881706163
724996,0.120591483699,0.0268536538862,0.023661769188,26.8000537787,23.6145401078
725855,0.120734364604,0.0253714474879,0.0224022845168,25.3208058761,22.3575693781
726714,0.120877245509,0.0245341768467,0.0213704655787,24.4852064338,21.3278099588
727573,0.121020126414,0.0241599209328,0.0208056535405,24.1116975377,20.7641252899
728432,0.121163007319,0.0242706427229,0.0205469065251,24.2221983263,20.5058947356
729291,0.121305888224,0.0246546097695,0.0209847750559,24.6053989716,20.9428892773
730150,0.121448769128,0.0248096031992,0.0213869777066,24.7600830331,21.3442891283
731009,0.121591650033,0.0245732564389,0.0211800714491,24.5242080228,21.1377958574
731868,0.121734530938,0.0244200428838,0.0210771534351,24.3713002832,21.0350832685
732727,0.121877411843,0.0249123433219,0.0216395532425,24.8626180857,21.5963605214
733586,0.122020292748,0.0255330090146,0.0223568010396,25.4820449248,22.3121766863
734445,0.122163173653,0.0263200036829,0.0231873554858,26.2674687454,23.1410733392
735304,0.122306054558,0.0268467753421,0.0239252573351,26.7931889641,23.8775023304
736163,0.122448935462,0.0272158908318,0.0245562162875,27.1615676964,24.5072018837
737022,0.122591816367,0.0271900210958,0.0244104061136,27.1357495967,24.3616827481
737881,0.122734697272,0.0278604738388,0.0251881991309,27.8048641106,25.1379232844
738740,0.122877578177,0.028625082952,0.026495121209,28.5679470579,26.4422367356
739599,0.123020459082,0.0284806323281,0.0267114944262,28.4237847586,26.6581780701
740458,0.123163339987,0.0288669508612,0.0274287591373,28.8093321968,27.3740111151
741317,0.123306220892,0.0285630674107,0.0277162011448,28.5060553001,27.660879386
742176,0.123449101796,0.0289479274828,0.0282258744492,28.8901471884,28.1695353784
743035,0.123591982701,0.0288596957076,0.0287165215304,28.8020915245,28.6592031241
743894,0.123734863606,0.0275073519945,0.0276694786372,27.4524471003,27.6142501369
744753,0.123877744511,0.0256469197946,0.0256966565766,25.5957283379,25.6453658449
745612,0.124020625416,0.0241157322629,0.0237448166669,24.0675970688,23.6974218232
746471,0.124163506321,0.0229151475017,0.0222291052398,22.8694086844,22.1847357683
747330,0.124306387226,0.0229171749617,0.021874211583,22.8714320975,21.830550482
748189,0.12444926813,0.0235604810556,0.0223875072658,23.5134541473,22.3428216226
749048,0.124592149035,0.0236987639363,0.0223321420684,23.6514610143,22.2875669346
749907,0.12473502994,0.0241505583729,0.0222107674733,24.1023536656,22.166434604
750766,0.124877910845,0.0249898242272,0.0227926042489,24.9399443385,22.7471100288
751625,0.12502079175,0.0257782772667,0.0233446363418,25.7268236195,23.2980402613
752484,0.125163672655,0.0267191441245,0.0241027426154,26.6658124995,24.0546333487
753343,0.12530655356,0.0298398141456,0.0266825202483,29.7802536383,26.6292617249
754202,0.125449434464,0.036335907586,0.0341462422662,36.2633808244,34.078086094
755061,0.125592315369,0.0424462693296,0.0423932798363,42.3615462372,42.3086625113
755920,0.125735196274,0.0470128380149,0.0484068524285,46.9190000149,48.3102319646
756779,0.125878077179,0.0484513244466,0.0509157817393,48.3546152162,50.8141534324
757638,0.126020958084,0.0477079457793,0.0503636237553,47.6127203386,50.2630975602
758497,0.126163838989,0.0459040644779,0.0485113033311,45.8124395987,48.4144743823
759356,0.126306719894,0.0437624036374,0.0458389255094,43.6750535304,45.7474306481
760215,0.126449600798,0.0424406958678,0.0439403124967,42.3559839,43.8526072821
761074,0.126592481703,0.0413080194986,0.0425262633345,41.2255683618,42.4413805734
761933,0.126735362608,0.0393963819782,0.0402816092682,39.3177464852,40.2012068545
762792,0.126878243513,0.0374259874589,0.0375857500744,37.3512848891,37.5107286172
763651,0.127021124418,0.0361021252826,0.0354922686799,36.0300651523,35.4214258282
764510,0.127164005323,0.0362359077648,0.0348156850306,36.1635806036,34.7461926453
765369,0.127306886228,0.0365700745076,0.0348732527544,36.4970803469,34.8036454635
766228,0.127449767132,0.0366403919661,0.0346372349864,36.5672574512,34.5680987888
767087,0.127592648037,0.0369420880097,0.0350330597226,36.8683513071,34.9631334557
767946,0.127735528942,0.0367438822588,0.0352050877754,36.6705411764,35.1348181391
768805,0.127878409847,0.0367277108358,0.035075246453,36.6544020317,35.005235981
769664,0.128021290752,0.0358831035013,0.0340559471532,35.8114805402,33.9879712108
770523,0.128164171657,0.035554499527,0.0330965355582,35.4835324621,33.0304746089
771382,0.128307052562,0.0350170909937,0.0324689402064,34.9471966005,32.4041319425
772241,0.128449933466,0.0344503807641,0.032126256032,34.381617529,32.0621317685
773100,0.128592814371,0.0337112844137,0.0316347895705,33.6439964208,31.5716462779
773959,0.128735695276,0.0322793204517,0.030344440261,32.2148906704,30.283872516
774818,0.128878576181,0.0305870495594,0.0287349475093,30.5259975643,28.6775923246
775677,0.129021457086,0.0290329039026,0.0269911903573,28.9749539946,26.9373157258
776536,0.129164337991,0.0276975452809,0.0252828123212,27.6422607594,25.2323476259
777395,0.129307218896,0.0262681735551,0.0236000288791,26.215742071,23.552923033
778254,0.1294500998,0.0255053484501,0.0227240244412,25.4544395709,22.678667107
779113,0.129592980705,0.0249557995913,0.0221686233606,24.9059876161,22.1243746114
779972,0.12973586161,0.0244435153473,0.0215631005583,24.3947258955,21.5200604374
780831,0.129878742515,0.0238683955283,0.0209467169485,23.8207540203,20.9049071342
781690,0.13002162342,0.0231686856064,0.0201467865487,23.1224407249,20.1065734018
782549,0.130164504325,0.0224661770506,0.0193623675424,22.4213343818,19.3237201022
783408,0.13030738523,0.0219630883937,0.0187732686861,21.919249894,18.7357970919
784267,0.130450266134,0.0217353329143,0.0185562228373,21.6919490163,18.5191844683
785126,0.130593147039,0.0219892223103,0.0187838737224,21.945331647,18.7463809605
785985,0.130736027944,0.0222678935855,0.0189167907379,22.2234466921,18.8790326725
786844,0.130878908849,0.0226454868025,0.0192174210896,22.6002862301,19.1790629637
787703,0.131021789754,0.0238838711213,0.0204819980164,23.8361987239,20.4411157849
788562,0.131164670659,0.0246181867675,0.0215822332887,24.5690486701,21.5391549788
789421,0.131307551564,0.0251967435909,0.0224378125009,25.1464506895,22.393026448
790280,0.131450432468,0.026080399803,0.0236124304294,26.0283431168,23.5652998298
791139,0.131593313373,0.0280282414337,0.0258139867483,27.97229684,25.7624618246
791998,0.131736194278,0.0292133623888,0.0274829930988,29.1550522842,27.4281368252
792857,0.131879075183,0.0294041354036,0.0279059017247,29.3454445146,27.8502013221
793716,0.132021956088,0.0290191407061,0.0277360143051,28.9612182695,27.6806529991
794575,0.132164836993,0.0285414877152,0.027392273334,28.4845186779,27.3375981377
795434,0.132307717898,0.0287732429034,0.0275046565568,28.7158112808,27.4497570427
796293,0.132450598802,0.0304640611892,0.0292505990992,30.4032546798,29.1922146699
797152,0.132593479707,0.0310499760878,0.0299581344461,30.9880000877,29.8983377705
798011,0.132736360612,0.0318241386741,0.0307240670285,31.7606174392,30.6627415454
798870,0.132879241517,0.0321022041736,0.0311273682742,32.0381279178,31.0652377986
799729,0.133022122422,0.0316538166789,0.0307825228879,31.5906354081,30.7210807264
800588,0.133165003327,0.0312210813966,0.0301506137378,31.1587638689,30.090432872
801447,0.133307884232,0.0307494229565,0.0294409105243,30.6880468627,29.3821462318
802306,0.133450765136,0.0308404190599,0.0290078929556,30.7788613372,28.9499929696
803165,0.133593646041,0.0309254534666,0.0288568505959,30.8637260146,28.7992520917
804024,0.133736526946,0.031621613451,0.0295385190209,31.5584964581,29.4795599011
804883,0.133879407851,0.0346367071436,0.0329128326082,34.5675719996,32.8471383316
805742,0.134022288756,0.0364099940189,0.0357089313948,36.3373193802,35.6376560827
806601,0.134165169661,0.0373775730395,0.0375305682289,37.3029671053,37.4556569151
807460,0.134308050566,0.0375438177561,0.0381745425368,37.4688799961,38.0983458452
808319,0.13445093147,0.0374991562634,0.0381468022454,37.4243076481,38.0706609235
809178,0.134593812375,0.0376109458966,0.037869495784,37.5358741483,37.7939079681
810037,0.13473669328,0.0378102915758,0.0376039525291,37.734821932,37.5288947396
810896,0.134879574185,0.0388512935386,0.0382554136638,38.7737460465,38.1790555527
811755,0.13502245509,0.0397676177008,0.0388238545067,39.6882412184,38.7463617832
812614,0.135165335995,0.0396246265446,0.038477904642,39.5455354736,38.4011024371
813473,0.1353082169,0.039186110788,0.037753730639,39.107894998,37.6783738913
814332,0.135451097804,0.0387842115508,0.0372172150642,38.7067979549,37.1429292058
815191,0.135593978709,0.039820228671,0.0385175788405,39.7407471767,38.4406974456
816050,0.135736859614,0.0403057040256,0.0393464987949,40.2252535186,39.2679628691
816909,0.135879740519,0.0405236767334,0.0403413171188,40.4427911511,40.2607955278
817768,0.136022621424,0.0398829569249,0.040637686251,39.8033502244,40.5565731048
818627,0.136165502329,0.0393625011126,0.0405411114344,39.2839332461,40.4601910523
819486,0.136308383234,0.0389427285301,0.0397960162615,38.864998533,39.7165830954
820345,0.136451264138,0.0394502256344,0.0394536148746,39.3714826691,39.3748651443
821204,0.136594145043,0.0403348739206,0.0391730284793,40.2543651902,39.0948388017
822063,0.136737025948,0.0411364160977,0.0398074288753,41.0543074828,39.7279729295
822922,0.136879906853,0.0408492397586,0.0395127732539,40.7677043499,39.433905443
823781,0.137022787758,0.0405820122994,0.0391057555253,40.5010102788,39.0277001251
824640,0.137165668663,0.0395904967339,0.0384925338092,39.5114737863,38.4157024044
825499,0.137308549568,0.0383198803994,0.0374625241317,38.2433936122,37.3877486344
826358,0.137451430472,0.0384488832972,0.0376700876847,38.3721390192,37.594897889
827217,0.137594311377,0.0386011039404,0.0383849704157,38.5240558288,38.3083537082
828076,0.137737192282,0.0382282332669,0.0378609853612,38.1519294081,37.7854145321
828935,0.137880073187,0.0372535388681,0.0368237697398,37.1791805071,36.7502692014
829794,0.138022954092,0.0357863028112,0.0353595586175,35.7148730651,35.2889806562
830653,0.138165834997,0.0345314373999,0.0338578668243,34.4625123751,33.7902862518
831512,0.138308715902,0.0338091539235,0.0327729162588,33.7416705824,32.7075012563
832371,0.138451596806,0.0331226621369,0.0321515061144,33.0565490389,32.0873314515
833230,0.138594477711,0.0320217912777,0.0311757346265,31.9578755267,31.1135076112
834089,0.138737358616,0.0308955635458,0.0298813558002,30.8338957543,29.8217123755
834948,0.138880239521,0.0308075151257,0.0296847727409,30.7460230796,29.6255216975
835807,0.139023120426,0.0301259838018,0.0289148109077,30.0658520976,28.8570967142
836666,0.139166001331,0.0293975733067,0.0279786931066,29.3388955156,27.9228474118
837525,0.139308882236,0.0285262891045,0.0270984963588,28.4693504037,27.0444075437
838384,0.13945176314,0.0277836759113,0.0263765925617,27.7282194724,26.3239446724
839243,0.139594644045,0.0277312096988,0.0260912797125,27.6758579829,26.0392013098
840102,0.13973752495,0.0282982356429,0.0266145985812,28.2417521386,26.5614756299
840961,0.139880405855,0.0294548554704,0.0278801164565,29.3960633437,27.8244675214
841820,0.14002328676,0.0295978935911,0.028280106107,29.5388159592,28.2236587894
842679,0.140166167665,0.0293455020213,0.0281025563247,29.286928165,28.0464633979
843538,0.14030904857,0.029270246137,0.0280836447526,29.211822492,28.0275895735
844397,0.140451929474,0.0294420391136,0.0278807350957,29.3832725684,27.8250849259
845256,0.140594810379,0.0295908375534,0.0277003472008,29.5317740054,27.6450570866
846115,0.140737691284,0.0294659646763,0.0275570368128,29.4071503755,27.5020327473
846974,0.140880572189,0.0291597778859,0.0273428702714,29.1015747365,27.288293684
847833,0.141023453094,0.0286982343417,0.0270547558184,28.6409524369,27.0007543098
848692,0.141166333999,0.0279401339961,0.0265338788526,27.8843652655,26.4809170186
849551,0.141309214904,0.0267999198711,0.0255415091896,26.746427017,25.4905281333
850410,0.141452095808,0.0255413454163,0.0243328949727,25.4903646869,24.2843263201
851269,0.141594976713,0.0243090393474,0.022807948781,24.2605183107,22.7624239331
852128,0.141737857618,0.0235031335655,0.0217752291092,23.4562211232,21.731765578
852987,0.141880738523,0.0226568299605,0.0208198610322,22.611606747,20.7783044234
853846,0.142023619428,0.0221298639197,0.0200847944633,22.0856925347,20.0447050532
854705,0.142166500333,0.0230165845096,0.0207009557238,22.9706432232,20.6596364509
855564,0.142309381238,0.0248387902729,0.0228575441697,24.7892118492,22.811920329
856423,0.142452262142,0.0265653140251,0.0250301991652,26.5122894462,24.9802386878
857282,0.142595143047,0.0289554677528,0.028163131407,28.897672408,28.1069175719
858141,0.142738023952,0.0301287722733,0.0302568504907,30.0686350033,30.1964575756
858858,0.142857285429,0.0301144812672,0.0303736781443,30.0543725222,30.3130520402
