859,0.000142880904857,0.0,0.0
1718,0.000285761809714,0.000755872432257,0.00148119664378
2577,0.000428642714571,0.0100913781357,0.0171661941621
3436,0.000571523619428,0.0607314989988,0.0940271671505
4295,0.000714404524285,0.108503520115,0.166277014424
5154,0.000857285429142,0.167182156364,0.24468028773
6013,0.001000166334,0.244501501109,0.351103962987
6872,0.00114304723886,0.277882591024,0.388446435474
7731,0.00128592814371,0.300819150199,0.408127686734
8590,0.00142880904857,0.332901291431,0.441346214541
9449,0.00157168995343,0.346443514361,0.456984499728
10308,0.00171457085828,0.353570710631,0.462582495871
11167,0.00185745176314,0.36401451718,0.469413962115
12026,0.002000332668,0.372682982019,0.468832612878
12885,0.00214321357285,0.380767376194,0.469390961544
13744,0.00228609447771,0.398322611277,0.48553360513
14603,0.00242897538257,0.402854275678,0.487070120874
15462,0.00257185628743,0.416819721924,0.503849783083
16321,0.00271473719228,0.431977383602,0.526874499892
17180,0.00285761809714,0.457739547291,0.540501767367
18039,0.003000499002,0.489694703529,0.58854287186
18898,0.00314337990685,0.529938344637,0.6379126583
19757,0.00328626081171,0.586704363102,0.713989939698
20616,0.00342914171657,0.667977907156,0.833258139955
21475,0.00357202262142,0.734908843684,0.937181411934
22334,0.00371490352628,0.74585395867,0.989130116843
23193,0.00385778443114,0.782683970263,1.04744100985
24052,0.00400066533599,0.815333064919,1.08981928984
24911,0.00414354624085,0.844158744425,1.09894492857
25770,0.00428642714571,0.879363038181,1.06959101222
26629,0.00442930805057,0.955720028699,1.11664774563
27488,0.00457218895542,0.923087308139,1.08229801595
28347,0.00471506986028,0.892926819148,1.05169329042
29206,0.00485795076514,0.889692479056,1.0223733172
30065,0.00500083166999,0.868923917473,0.986911936995
30924,0.00514371257485,0.849795179472,0.965439667831
31783,0.00528659347971,0.910008184099,1.03785122666
32642,0.00542947438456,0.953481643226,1.09013323533
33501,0.00557235528942,0.943248308168,1.07540998776
34360,0.00571523619428,0.917713740781,1.03532883468
35219,0.00585811709914,0.869390486816,0.971893659165
36078,0.00600099800399,0.836840943727,0.925912216782
36937,0.00614387890885,0.781348376945,0.866526413234
37796,0.00628675981371,0.757912226696,0.829850895704
38655,0.00642964071856,0.719105139943,0.788970011003
39514,0.00657252162342,0.682301517719,0.771046817067
40373,0.00671540252828,0.635110942321,0.733781135858
41232,0.00685828343313,0.578921074086,0.675085612854
42091,0.00700116433799,0.532697823605,0.614027352397
42950,0.00714404524285,0.482622478732,0.556439288538
43809,0.0072869261477,0.429066514027,0.499030292944
44668,0.00742980705256,0.384355292627,0.449701264517
45527,0.00757268795742,0.359862609996,0.419359125672
46386,0.00771556886228,0.338654511976,0.391087592384
47245,0.00785844976713,0.335434324127,0.390067154253
48104,0.00800133067199,0.344146775938,0.411047856034
48963,0.00814421157685,0.383832858565,0.455433213113
49822,0.0082870924817,0.441823367596,0.529417980575
50681,0.00842997338656,0.510485132398,0.612295726507
51540,0.00857285429142,0.573800663177,0.678418776006
52399,0.00871573519627,0.650358272569,0.752767469039
53258,0.00885861610113,0.696153464656,0.794296083937
54117,0.00900149700599,0.719107868893,0.821407982701
54976,0.00914437791084,0.7411971629,0.848371126607
55835,0.0092872588157,0.795207113757,0.88650333437
56694,0.00943013972056,0.831356366038,0.923816602149
57553,0.00957302062542,0.862062147436,0.958361616424
58412,0.00971590153027,0.873763670939,0.965418344402
59271,0.00985878243513,0.881048049483,0.964256562053
60130,0.01000166334,0.884447201744,0.968011178571
60989,0.0101445442448,0.920923171262,0.99465241822
61848,0.0102874251497,0.941171673375,1.0224711845
62707,0.0104303060546,0.945294362515,1.02194923797
63566,0.0105731869594,0.948279778804,1.01866117997
64425,0.0107160678643,0.944839222602,0.993501065641
65284,0.0108589487691,0.963486242512,0.976727786564
66143,0.011001829674,0.985924244704,0.993393311472
67002,0.0111447105788,0.95815076992,0.977370473126
67861,0.0112875914837,0.886744160283,0.910508165915
68720,0.0114304723886,0.835025594655,0.852978494707
69579,0.0115733532934,0.849141725814,0.864207392452
70438,0.0117162341983,0.909115154014,0.93824214215
71297,0.0118591151031,0.937454995442,0.980837402364
72156,0.012001996008,0.998273436989,1.04786329104
73015,0.0121448769128,1.12699380416,1.20238522474
73874,0.0122877578177,1.21881246883,1.32226366111
74733,0.0124306387226,1.28781231866,1.41429988584
75592,0.0125735196274,1.32531548168,1.46786648844
76451,0.0127164005323,1.32797964081,1.46660277789
77310,0.0128592814371,1.31523354742,1.4207998691
78169,0.013002162342,1.30936610381,1.37434953466
79028,0.0131450432468,1.27222387543,1.32239610991
79887,0.0132879241517,1.23384377934,1.27805067931
80746,0.0134308050566,1.20912556619,1.22986377015
81605,0.0135736859614,1.1854673972,1.18315437412
82464,0.0137165668663,1.15721460547,1.14634499606
83323,0.0138594477711,1.13795419356,1.12987964279
84182,0.014002328676,1.0951881191,1.12572853849
85041,0.0141452095808,1.07250868652,1.11694785317
85900,0.0142880904857,1.13396566833,1.19236952643
86759,0.0144309713906,1.13076061907,1.20785672326
87618,0.0145738522954,1.08439428561,1.15837761681
88477,0.0147167332003,1.03448333818,1.11867112795
89336,0.0148596141051,0.958980231044,1.03264964499
90195,0.01500249501,0.881695815894,0.910135172557
91054,0.0151453759148,0.822737235272,0.822981606473
91913,0.0152882568197,0.779846311468,0.765983295084
92772,0.0154311377246,0.761676996376,0.733288803654
93631,0.0155740186294,0.765071526739,0.749189195773
94490,0.0157168995343,0.781035399327,0.732863562529
95349,0.0158597804391,0.786590267632,0.720355211877
96208,0.016002661344,0.809384820081,0.73757439738
97067,0.0161455422488,0.83253279066,0.78975305205
97926,0.0162884231537,0.834781905679,0.79879063204
98785,0.0164313040585,0.831282386357,0.798298472435
99644,0.0165741849634,0.811861436613,0.762635037518
100503,0.0167170658683,0.79722159687,0.733776494964
101362,0.0168599467731,0.798205996464,0.730453869982
102221,0.017002827678,0.821405705869,0.74978202325
103080,0.0171457085828,0.914467098443,0.856217101028
103939,0.0172885894877,0.963964468552,0.918247225457
104798,0.0174314703925,1.06463052144,1.05821028161
105657,0.0175743512974,1.07942309275,1.08588083359
106516,0.0177172322023,1.08686311004,1.10419393039
107375,0.0178601131071,1.09395327069,1.11431590689
108234,0.018002994012,1.11574332096,1.14111922938
109093,0.0181458749168,1.12195174867,1.17594486917
109952,0.0182887558217,1.07478961264,1.14067276078
110811,0.0184316367265,1.01855856919,1.10670853582
111670,0.0185745176314,0.994272167623,1.06420579423
112529,0.0187173985363,1.02938875078,1.10344558349
113388,0.0188602794411,1.15755586895,1.23716249201
114247,0.019003160346,1.26605618237,1.33519511476
115106,0.0191460412508,1.36027915542,1.40722002884
115965,0.0192889221557,1.3653318085,1.39994650052
116824,0.0194318030605,1.37353958654,1.39178995429
117683,0.0195746839654,1.47340229618,1.49397599649
118542,0.0197175648703,1.55811507445,1.63765017476
119401,0.0198604457751,1.60297170807,1.72170984602
120260,0.02000332668,1.62550776188,1.78088635641
121119,0.0201462075848,1.60658520376,1.74532263221
121978,0.0202890884897,1.55673028172,1.67036435071
122837,0.0204319693945,1.53234897495,1.60774862617
123696,0.0205748502994,1.52261812993,1.58372253828
124555,0.0207177312043,1.51167660584,1.55408111016
125414,0.0208606121091,1.51390356285,1.50735077228
126273,0.021003493014,1.50559382034,1.48882324901
127132,0.0211463739188,1.48330553696,1.45141010349
127991,0.0212892548237,1.45958305138,1.39269415605
128850,0.0214321357285,1.44996051665,1.37954203087
129709,0.0215750166334,1.42768764234,1.32746802885
130568,0.0217178975383,1.38621322715,1.28061617355
131427,0.0218607784431,1.37675967237,1.27510784384
132286,0.022003659348,1.44219875122,1.36019033855
133145,0.0221465402528,1.47386198656,1.43043784943
134004,0.0222894211577,1.45304022556,1.55361024437
134863,0.0224323020625,1.40769488768,1.63601352214
135722,0.0225751829674,1.35510749184,1.58396274688
136581,0.0227180638723,1.28206512875,1.4952823979
137440,0.0228609447771,1.20472768318,1.40610615449
138299,0.023003825682,1.14571417149,1.32674908476
139158,0.0231467065868,1.06766363703,1.22576315112
140017,0.0232895874917,0.994101465114,1.1467143439
140876,0.0234324683965,0.933850884841,1.08764848601
141735,0.0235753493014,0.900891842506,1.01155190253
142594,0.0237182302063,0.904602119668,0.997560667719
143453,0.0238611111111,0.889401604836,0.992093205265
144312,0.024003992016,0.842185992021,0.941477051652
145171,0.0241468729208,0.823050650808,0.907455248776
146030,0.0242897538257,0.783563370287,0.838005694434
146889,0.0244326347305,0.730124427766,0.774764536931
147748,0.0245755156354,0.675577088221,0.724516673433
148607,0.0247183965403,0.63450425888,0.682747473148
149466,0.0248612774451,0.612755642966,0.655289416115
150325,0.02500415835,0.624147452189,0.684886023641
151184,0.0251470392548,0.69801241521,0.783748267031
152043,0.0252899201597,0.811497463725,0.930581161188
152902,0.0254328010645,0.90696154829,1.045141227
153761,0.0255756819694,0.958714114294,1.09578970325
154620,0.0257185628743,0.958421558455,1.08962503244
155479,0.0258614437791,0.949513502887,1.07327756135
156338,0.026004324684,0.928608820198,1.02759909343
157197,0.0261472055888,0.893245371209,0.99527805406
158056,0.0262900864937,0.852821143282,0.945011992337
158915,0.0264329673985,0.777229387845,0.871397049699
159774,0.0265758483034,0.739191509208,0.859229431154
160633,0.0267187292083,0.655643452058,0.777673160696
161492,0.0268616101131,0.615076357663,0.733320080876
162351,0.027004491018,0.585348101779,0.699579742939
163210,0.0271473719228,0.549346533058,0.667209922235
164069,0.0272902528277,0.531218572509,0.65840797362
164928,0.0274331337325,0.541160660623,0.671629024141
165787,0.0275760146374,0.520816908652,0.638333698215
166646,0.0277188955422,0.505284578957,0.604379754472
167505,0.0278617764471,0.48435783535,0.577207821096
168364,0.028004657352,0.475710981614,0.558939568586
169223,0.0281475382568,0.499818698827,0.565475483523
170082,0.0282904191617,0.501588120951,0.56894827774
170941,0.0284333000665,0.500905035378,0.567956024523
171800,0.0285761809714,0.477497762116,0.545615785975
172659,0.0287190618762,0.448726253607,0.518186456545
173518,0.0288619427811,0.427041886171,0.490054456851
174377,0.029004823686,0.405003376591,0.468645319039
175236,0.0291477045908,0.394013040045,0.463043065413
176095,0.0292905854957,0.402494788661,0.464859514291
176954,0.0294334664005,0.431185605999,0.490292664987
177813,0.0295763473054,0.485770629525,0.535418407666
178672,0.0297192282102,0.532300634004,0.580675891831
179531,0.0298621091151,0.566987654201,0.612962500639
180390,0.03000499002,0.598126791955,0.670398527218
181249,0.0301478709248,0.627208729752,0.717766791202
182108,0.0302907518297,0.638177920457,0.730674736341
182967,0.0304336327345,0.635994261504,0.72177919928
183826,0.0305765136394,0.636762220115,0.736965273846
184685,0.0307193945442,0.634833168801,0.748925743567
185544,0.0308622754491,0.626904194472,0.736441712189
186403,0.031005156354,0.591881749674,0.686492564318
187262,0.0311480372588,0.546025253182,0.633965494173
188121,0.0312909181637,0.503622191693,0.572649009642
188980,0.0314337990685,0.496535378171,0.54062755015
189839,0.0315766799734,0.488184652056,0.515370422063
190698,0.0317195608782,0.48257011592,0.497450277857
191557,0.0318624417831,0.494944631364,0.507938094882
192416,0.032005322688,0.510081997355,0.529304050739
193275,0.0321482035928,0.511208759873,0.55227349315
194134,0.0322910844977,0.516205665226,0.562455260207
194993,0.0324339654025,0.517900618719,0.557594151911
195852,0.0325768463074,0.514038850342,0.547702302322
196711,0.0327197272122,0.494973154071,0.519289747669
197570,0.0328626081171,0.480987279218,0.497583155938
198429,0.033005489022,0.4563586301,0.477153597082
199288,0.0331483699268,0.439219548623,0.453535715435
200147,0.0332912508317,0.444844718585,0.450523282833
201006,0.0334341317365,0.465295479634,0.482253426152
201865,0.0335770126414,0.47757112146,0.501029477204
202724,0.0337198935462,0.520403507074,0.546567193954
203583,0.0338627744511,0.530939919654,0.562103617005
204442,0.034005655356,0.537253593014,0.555934407347
205301,0.0341485362608,0.553989944308,0.562428819392
206160,0.0342914171657,0.611542667197,0.638333200498
207019,0.0344342980705,0.679057103876,0.721556665738
207878,0.0345771789754,0.717454753054,0.758296476486
208737,0.0347200598802,0.716386733325,0.764983792544
209596,0.0348629407851,0.728399055127,0.766597466644
210455,0.03500582169,0.750069597716,0.800776443827
211314,0.0351487025948,0.789466376178,0.856557707668
212173,0.0352915834997,0.8178471943,0.889562265425
213032,0.0354344644045,0.819886874549,0.88658744886
213891,0.0355773453094,0.798332659613,0.879933869195
214750,0.0357202262142,0.785330337307,0.865996732011
215609,0.0358631071191,0.766169903708,0.852763849236
216468,0.036005988024,0.770632715872,0.86583878896
217327,0.0361488689288,0.820087803498,0.95314376604
218186,0.0362917498337,0.861866404573,1.03703519202
219045,0.0364346307385,0.937797608705,1.10815399778
219904,0.0365775116434,0.993891966436,1.15059708613
220763,0.0367203925482,1.03087476409,1.17667777435
221622,0.0368632734531,1.02367887714,1.21454867323
222481,0.037006154358,1.02999988274,1.28869013481
223340,0.0371490352628,1.01065304299,1.2730043515
224199,0.0372919161677,1.02258125826,1.23583222633
225058,0.0374347970725,1.03335595178,1.20272669355
225917,0.0375776779774,1.00559476175,1.15575558246
226776,0.0377205588822,0.970676498905,1.12632533307
227635,0.0378634397871,0.959499943873,1.11452802997
228494,0.0380063206919,0.906010360077,1.05761201912
229353,0.0381492015968,0.872658247635,0.99448519409
230212,0.0382920825017,0.90303514543,0.998802365331
231071,0.0384349634065,0.910050676579,0.98902473954
231930,0.0385778443114,1.02679588663,1.09703842611
232789,0.0387207252162,1.03886801663,1.1210578349
233648,0.0388636061211,1.02613217736,1.0823526989
234507,0.0390064870259,1.09113947522,1.13899092919
235366,0.0391493679308,1.1386048203,1.1940742226
236225,0.0392922488357,1.16214504696,1.19381971545
237084,0.0394351297405,1.17862484747,1.1856844481
237943,0.0395780106454,1.18365625055,1.16196345129
238802,0.0397208915502,1.16988582336,1.12139352336
239661,0.0398637724551,1.16414557573,1.107492728
240520,0.0400066533599,1.14317880004,1.08201731938
241379,0.0401495342648,1.08600839937,1.01772259075
242238,0.0402924151697,1.02191999844,0.949453871256
243097,0.0404352960745,0.98781643278,0.936823761978
243956,0.0405781769794,0.935635795516,0.943242831029
244815,0.0407210578842,0.970516594257,0.991374035845
245674,0.0408639387891,1.00262794568,1.00464427918
246533,0.0410068196939,1.01878760345,1.00786856084
247392,0.0411497005988,1.02224362415,1.00354675087
248251,0.0412925815037,0.993900898556,1.00436334196
249110,0.0414354624085,0.985400406773,1.03315187655
249969,0.0415783433134,0.941421377427,1.01265028714
250828,0.0417212242182,0.9190492976,1.00026308682
251687,0.0418641051231,0.87678772185,0.958348718843
252546,0.0420069860279,0.875508336589,0.947955944809
253405,0.0421498669328,0.869787000804,0.941008043001
254264,0.0422927478377,0.883609453262,0.960755237834
255123,0.0424356287425,0.894459278799,0.966306619896
255982,0.0425785096474,0.888280358003,0.953919480352
256841,0.0427213905522,0.866942942593,0.924352682099
257700,0.0428642714571,0.847231040187,0.901871306348
258559,0.0430071523619,0.817830836167,0.858569438213
259418,0.0431500332668,0.752389640998,0.770353702602
260277,0.0432929141717,0.729330144642,0.730393264005
261136,0.0434357950765,0.706528678915,0.718195696011
261995,0.0435786759814,0.703843449674,0.756094727717
262854,0.0437215568862,0.73348113232,0.802572709939
263713,0.0438644377911,0.746277769869,0.810318462012
264572,0.0440073186959,0.734996972389,0.787847884284
265431,0.0441501996008,0.733854281135,0.779917854979
266290,0.0442930805057,0.73070511459,0.797103694451
267149,0.0444359614105,0.662819967624,0.728409234566
268008,0.0445788423154,0.600597382618,0.67720423526
268867,0.0447217232202,0.569022103967,0.637969076669
269726,0.0448646041251,0.537973692444,0.606819909703
270585,0.0450074850299,0.54721257002,0.617249570869
271444,0.0451503659348,0.528009271906,0.602257139597
272303,0.0452932468397,0.50945536053,0.579248970727
273162,0.0454361277445,0.501257495344,0.556724502469
274021,0.0455790086494,0.504680425354,0.553445487719
274880,0.0457218895542,0.489880297952,0.532347045176
275739,0.0458647704591,0.4728803036,0.50880741329
276598,0.0460076513639,0.462582871164,0.50358931578
277457,0.0461505322688,0.463575111485,0.510730602922
278316,0.0462934131737,0.476578308406,0.520517470883
279175,0.0464362940785,0.528492103222,0.588265486655
280034,0.0465791749834,0.565102248215,0.620557793823
280893,0.0467220558882,0.57456604578,0.626394957719
281752,0.0468649367931,0.581792053352,0.625120721984
282611,0.0470078176979,0.587105791735,0.619091951664
283470,0.0471506986028,0.6033258013,0.630264463327
284329,0.0472935795077,0.623812620486,0.67611286476
285188,0.0474364604125,0.638779766127,0.71860995555
286047,0.0475793413174,0.654774627047,0.741516497242
286906,0.0477222222222,0.650492762014,0.736883230447
287765,0.0478651031271,0.648363318759,0.712554881442
288624,0.0480079840319,0.645241086206,0.732665629348
289483,0.0481508649368,0.637454797671,0.752112505739
290342,0.0482937458417,0.650882793992,0.77062363475
291201,0.0484366267465,0.662680560372,0.790668170382
292060,0.0485795076514,0.651831672675,0.777440208894
292919,0.0487223885562,0.627912900783,0.745061281169
293778,0.0488652694611,0.618128947455,0.726976873743
294637,0.0490081503659,0.65050791525,0.746185181456
295496,0.0491510312708,0.680948663705,0.73990210574
296355,0.0492939121756,0.682870726085,0.714603539815
297214,0.0494367930805,0.682205179253,0.709334376188
298073,0.0495796739854,0.704218054613,0.750492027024
298932,0.0497225548902,0.710006773432,0.778598883324
299791,0.0498654357951,0.706654586971,0.78342960013
300650,0.0500083166999,0.713654909299,0.803708390141
301509,0.0501511976048,0.738889564644,0.840014979021
302368,0.0502940785096,0.744575959228,0.856650974841
303227,0.0504369594145,0.741770730407,0.856351387097
304086,0.0505798403194,0.735556695649,0.858680171077
304945,0.0507227212242,0.726153807841,0.829489658093
305804,0.0508656021291,0.741875267707,0.808006071795
306663,0.0510084830339,0.770826467526,0.821529710564
307522,0.0511513639388,0.797960435661,0.838210122164
308381,0.0512942448436,0.834495709068,0.869366531925
309240,0.0514371257485,0.862431492532,0.894113185664
310099,0.0515800066534,0.902132589322,0.957725759353
310958,0.0517228875582,0.979345534748,1.07028720534
311817,0.0518657684631,1.06618678607,1.20046117377
312676,0.0520086493679,1.15884287104,1.30588521105
313535,0.0521515302728,1.15516684118,1.28180210019
314394,0.0522944111776,1.12429355586,1.22239823426
315253,0.0524372920825,1.06828913306,1.14043745905
316112,0.0525801729874,1.01273072226,1.06159149279
316971,0.0527230538922,0.970545856262,1.00670277575
317830,0.0528659347971,0.994540679802,1.02610156433
318689,0.0530088157019,0.936252255626,0.978407521939
319548,0.0531516966068,0.866321075496,0.92521610147
320407,0.0532945775116,0.835812428191,0.908344492444
321266,0.0534374584165,0.821990796756,0.92399476414
322125,0.0535803393214,0.800556162606,0.907279793388
322984,0.0537232202262,0.779652645277,0.858998954464
323843,0.0538661011311,0.860119741229,0.9464028154
324702,0.0540089820359,0.845662892692,0.921841226766
325561,0.0541518629408,0.812551873383,0.878921753403
326420,0.0542947438456,0.79320822349,0.867180157345
327279,0.0544376247505,0.75697250184,0.873535397049
328138,0.0545805056554,0.741085924703,0.867521765479
328997,0.0547233865602,0.733446579128,0.875849664784
329856,0.0548662674651,0.734253586307,0.899745319141
330715,0.0550091483699,0.750852449637,0.957472660002
331574,0.0551520292748,0.726532453421,0.979924917392
332433,0.0552949101796,0.729484001613,0.959368398182
333292,0.0554377910845,0.743230446753,0.953221421464
334151,0.0555806719894,0.747855720989,0.937615541073
335010,0.0557235528942,0.734203013589,0.895185254203
335869,0.0558664337991,0.701097943559,0.858037885726
336728,0.0560093147039,0.719617649048,0.871218808808
337587,0.0561521956088,0.728882543072,0.880721464435
338446,0.0562950765136,0.743512891715,0.907436299046
339305,0.0564379574185,0.688673541246,0.859175849771
340164,0.0565808383234,0.640949304978,0.806092140682
341023,0.0567237192282,0.620293372778,0.764895717125
341882,0.0568666001331,0.623885399356,0.732241457397
342741,0.0570094810379,0.642205653903,0.733715758122
343600,0.0571523619428,0.660290070104,0.752210921945
344459,0.0572952428476,0.671200294898,0.77555152514
345318,0.0574381237525,0.637693547985,0.757400934572
346177,0.0575810046574,0.626688853712,0.740877298649
347036,0.0577238855622,0.618438741722,0.720771927651
347895,0.0578667664671,0.594488390089,0.676557591177
348754,0.0580096473719,0.581341012494,0.669130524355
349613,0.0581525282768,0.599139015661,0.680039603846
350472,0.0582954091816,0.599064463724,0.66896787813
351331,0.0584382900865,0.597619394273,0.668460774595
352190,0.0585811709914,0.608742420591,0.692070075292
353049,0.0587240518962,0.638509048803,0.738516084277
353908,0.0588669328011,0.606036700939,0.715147002071
354767,0.0590098137059,0.557793746496,0.672600142073
355626,0.0591526946108,0.520030273943,0.631359957307
356485,0.0592955755156,0.479180114439,0.585000092366
357344,0.0594384564205,0.43243851066,0.538898820679
358203,0.0595813373253,0.384895340065,0.49150408999
359062,0.0597242182302,0.342988302824,0.450382715606
359921,0.0598670991351,0.3171754534,0.408992539908
360780,0.0600099800399,0.293428692716,0.373327543771
361639,0.0601528609448,0.279522040594,0.355540006887
362498,0.0602957418496,0.274350110734,0.349550955553
363357,0.0604386227545,0.281818038153,0.35654095976
364216,0.0605815036593,0.277986607585,0.3584761033
365075,0.0607243845642,0.286141364903,0.369670964133
365934,0.0608672654691,0.292189698614,0.379430600593
366793,0.0610101463739,0.303868099446,0.383645332488
367652,0.0611530272788,0.316782482634,0.394951582063
368511,0.0612959081836,0.321850257076,0.395422585979
369370,0.0614387890885,0.333721290479,0.399370799581
370229,0.0615816699933,0.367406930174,0.441645508581
371088,0.0617245508982,0.388482878895,0.466884292344
371947,0.0618674318031,0.407393634506,0.495062746194
372806,0.0620103127079,0.429132534307,0.522696295171
373665,0.0621531936128,0.446103112673,0.533395459654
374524,0.0622960745176,0.449590680783,0.536009715365
375383,0.0624389554225,0.456212799313,0.536807817312
376242,0.0625818363273,0.4583815589,0.529958410356
377101,0.0627247172322,0.462743741045,0.525685972424
377960,0.0628675981371,0.483434840347,0.543141749888
378819,0.0630104790419,0.526929376586,0.580459405054
379678,0.0631533599468,0.561369845358,0.596608007858
380537,0.0632962408516,0.608315782399,0.627405630612
381396,0.0634391217565,0.690584959782,0.711730437613
382255,0.0635820026613,0.808237264408,0.841963703058
383114,0.0637248835662,0.923995530632,0.992799932933
383973,0.0638677644711,0.991369776588,1.06310938754
384832,0.0640106453759,0.991702147894,1.05696943432
385691,0.0641535262808,1.04626410235,1.09339679579
386550,0.0642964071856,1.14425990915,1.1990190445
387409,0.0644392880905,1.28777909367,1.36201425186
388268,0.0645821689953,1.44217089725,1.54138278693
389127,0.0647250499002,1.54440842083,1.63416027183
389986,0.0648679308051,1.60311629668,1.70839149751
390845,0.0650108117099,1.65601864327,1.76894850171
391704,0.0651536926148,1.73712335694,1.86865667717
392563,0.0652965735196,1.79928516126,2.02065360391
393422,0.0654394544245,1.86270159951,2.16566328933
394281,0.0655823353293,1.86189866038,2.23591322762
395140,0.0657252162342,1.79073953302,2.22435696439
395999,0.0658680971391,1.77514250167,2.2627585067
396858,0.0660109780439,1.73874983422,2.20577087604
397717,0.0661538589488,1.65371331937,2.0839892657
398576,0.0662967398536,1.54929555419,1.93670308387
399435,0.0664396207585,1.41223809237,1.74806817436
400294,0.0665825016633,1.40691710655,1.67614676622
401153,0.0667253825682,1.47039527401,1.77764573615
402012,0.0668682634731,1.43559889801,1.79296739588
402871,0.0670111443779,1.33922061109,1.66305804332
403730,0.0671540252828,1.28926167805,1.53975605084
404589,0.0672969061876,1.31649506613,1.51012079964
405448,0.0674397870925,1.29534303822,1.49365733034
406307,0.0675826679973,1.28906425712,1.51979224861
407166,0.0677255489022,1.19516139631,1.46650876904
408025,0.0678684298071,1.10888226835,1.39195526984
408884,0.0680113107119,1.04271889859,1.28805249771
409743,0.0681541916168,1.02011279849,1.20711268147
410602,0.0682970725216,1.00693952731,1.10637203037
411461,0.0684399534265,0.976197367161,1.02252775947
412320,0.0685828343313,0.986839904298,1.00221717144
413179,0.0687257152362,0.960060278795,0.975108676348
414038,0.0688685961411,0.939853410593,0.973940459388
414897,0.0690114770459,0.919141735491,0.953000836506
415756,0.0691543579508,0.913294819319,0.962163629056
416615,0.0692972388556,0.922984743603,0.998505274408
417474,0.0694401197605,0.910252160835,0.994845857015
418333,0.0695830006653,0.885559994859,0.974295540207
419192,0.0697258815702,0.867156610952,0.956562332464
420051,0.069868762475,0.852945960733,0.941259937954
420910,0.0700116433799,0.843238369441,0.933036323492
421769,0.0701545242848,0.871117400238,0.956808659292
422628,0.0702974051896,0.842429319182,0.937453376012
423487,0.0704402860945,0.871726918757,0.977127097226
424346,0.0705831669993,0.845650257332,0.940469134427
425205,0.0707260479042,0.83888719668,0.919060627283
426064,0.070868928809,0.856753028056,0.914681123805
426923,0.0710118097139,0.938661673794,0.995500036829
427782,0.0711546906188,0.961577053282,1.04850345189
428641,0.0712975715236,0.985975587601,1.10491116748
429500,0.0714404524285,0.983951466216,1.12275011254
430359,0.0715833333333,0.982172093702,1.13551179627
431218,0.0717262142382,0.915964674408,1.06395644651
432077,0.071869095143,0.840918369289,0.970394570188
432936,0.0720119760479,0.788267953834,0.923213861245
433795,0.0721548569528,0.825260903277,0.963180594975
434654,0.0722977378576,0.815354152268,0.953632431782
435513,0.0724406187625,0.809255384041,0.93240107087
436372,0.0725834996673,0.777288246035,0.904283165494
437231,0.0727263805722,0.744935320981,0.861247270109
438090,0.072869261477,0.721799858034,0.824392471255
438949,0.0730121423819,0.689513683464,0.772834938085
439808,0.0731550232868,0.666936614514,0.727975443293
440667,0.0732979041916,0.6376514335,0.697978344625
441526,0.0734407850965,0.604845120248,0.676224404502
442385,0.0735836660013,0.5813958825,0.660724787282
443244,0.0737265469062,0.572910032519,0.651641736731
444103,0.073869427811,0.603505414952,0.687185905611
444962,0.0740123087159,0.610567089597,0.697466726299
445821,0.0741551896208,0.60142683086,0.683750862755
446680,0.0742980705256,0.58375482052,0.651829573038
447539,0.0744409514305,0.556415217207,0.621841402856
448398,0.0745838323353,0.534724799849,0.59715130315
449257,0.0747267132402,0.487138160629,0.541881488175
450116,0.074869594145,0.448357132055,0.496051383943
450975,0.0750124750499,0.411900406684,0.454599533289
451834,0.0751553559548,0.392529728009,0.42554496178
452693,0.0752982368596,0.379025374888,0.405112406816
453552,0.0754411177645,0.364812412042,0.388370580186
454411,0.0755839986693,0.357800865482,0.376983741846
455270,0.0757268795742,0.346411264945,0.366292038251
456129,0.075869760479,0.346713075317,0.365589277146
456988,0.0760126413839,0.343799972301,0.367184951071
457847,0.0761555222888,0.335491960951,0.37345280293
458706,0.0762984031936,0.331942057774,0.373210457835
459565,0.0764412840985,0.321946499824,0.368610076776
460424,0.0765841650033,0.315732109932,0.366761814556
461283,0.0767270459082,0.336772710006,0.39880199601
462142,0.076869926813,0.384371849511,0.469202528547
463001,0.0770128077179,0.406149429507,0.498590830968
463860,0.0771556886228,0.424415081699,0.523246158907
464719,0.0772985695276,0.473694732222,0.589351650441
465578,0.0774414504325,0.519047320773,0.648574117356
466437,0.0775843313373,0.557276415285,0.707307109088
467296,0.0777272122422,0.58225962605,0.735751252934
468155,0.077870093147,0.616048497502,0.774096951117
469014,0.0780129740519,0.652095723486,0.807783232253
469873,0.0781558549568,0.676750303973,0.812588796333
470732,0.0782987358616,0.727487934331,0.855340620343
471591,0.0784416167665,0.735891006085,0.847637822442
472450,0.0785844976713,0.751790818263,0.845757840219
473309,0.0787273785762,0.765353246986,0.854715469227
474168,0.078870259481,0.780417832878,0.864606895546
475027,0.0790131403859,0.784602130217,0.869428347448
475886,0.0791560212908,0.788655975583,0.874811542869
476745,0.0792989021956,0.83566572675,0.930246343539
477604,0.0794417831005,0.922733850944,1.02858006797
478463,0.0795846640053,0.955661152932,1.09619485864
479322,0.0797275449102,0.964990479779,1.12243279804
480181,0.079870425815,0.966452155804,1.13058079067
481040,0.0800133067199,0.968525051662,1.13211705207
481899,0.0801561876248,0.999458844625,1.178888864
482758,0.0802990685296,1.005607945,1.20057227469
483617,0.0804419494345,1.01351978442,1.206136094
484476,0.0805848303393,0.996466480377,1.1874918543
485335,0.0807277112442,1.01939856236,1.22333818647
486194,0.080870592149,1.04086636093,1.26493225034
487053,0.0810134730539,1.12677346966,1.36432468645
487912,0.0811563539587,1.17816801358,1.41755008834
488771,0.0812992348636,1.22198041927,1.45124147025
489630,0.0814421157685,1.24735554648,1.46055981393
490489,0.0815849966733,1.24549539338,1.43618079578
491348,0.0817278775782,1.24466156817,1.40345309114
492207,0.081870758483,1.34161876123,1.4503391859
493066,0.0820136393879,1.54443655115,1.65480676797
493925,0.0821565202927,1.65808821808,1.7336829479
494784,0.0822994011976,1.76928790551,1.79593851388
495643,0.0824422821025,1.89659869061,1.93199319882
496502,0.0825851630073,2.03351262087,2.08464768887
497361,0.0827280439122,2.12573633039,2.19900018232
498220,0.082870924817,2.14819997277,2.22499645093
499079,0.0830138057219,2.08214106717,2.16084396501
499938,0.0831566866267,1.9549223885,2.01487159859
500797,0.0832995675316,1.84900335217,1.89157762971
501656,0.0834424484365,1.71077792865,1.7454958857
502515,0.0835853293413,1.54703886572,1.59554435551
503374,0.0837282102462,1.38203646246,1.44903672785
504233,0.083871091151,1.28474479977,1.34286322149
505092,0.0840139720559,1.12023632333,1.17441278931
505951,0.0841568529607,1.04856831809,1.11182906354
506810,0.0842997338656,1.00453564562,1.06291835645
507669,0.0844426147705,0.966742267572,1.01606840668
508528,0.0845854956753,0.969454557503,1.05757938406
509387,0.0847283765802,0.994139893466,1.13373415607
510246,0.084871257485,0.948432591372,1.09078059867
511105,0.0850141383899,0.9081239872,1.05056019875
511964,0.0851570192947,0.87202633524,1.00354359692
512823,0.0852999001996,0.855641662601,0.974315118909
513682,0.0854427811045,0.831318151539,0.923318377873
514541,0.0855856620093,0.794601664787,0.858131763719
515400,0.0857285429142,0.782599790865,0.828364137133
516259,0.085871423819,0.760547664093,0.799539872121
517118,0.0860143047239,0.734823732011,0.764524016762
517977,0.0861571856287,0.686675722707,0.698620543972
518836,0.0863000665336,0.654384144696,0.664703172543
519695,0.0864429474385,0.64319451146,0.656570107249
520554,0.0865858283433,0.630155701993,0.653599066604
521413,0.0867287092482,0.617193565045,0.624873235805
522272,0.086871590153,0.628211183606,0.617483965889
523131,0.0870144710579,0.648185636179,0.625831603639
523990,0.0871573519627,0.674159149191,0.677981687693
524849,0.0873002328676,0.709087265542,0.75699134909
525708,0.0874431137725,0.753224395091,0.829729047579
526567,0.0875859946773,0.834321169101,0.937021846015
527426,0.0877288755822,0.848179653197,0.962105987795
528285,0.087871756487,0.866797062718,0.962015175626
529144,0.0880146373919,0.947419801336,1.01982787816
530003,0.0881575182967,1.0669775755,1.18343202886
530862,0.0883003992016,1.10061265096,1.24103796957
531721,0.0884432801065,1.13636722578,1.27641542194
532580,0.0885861610113,1.12141515177,1.27843972015
533439,0.0887290419162,1.13476524953,1.27563125832
534298,0.088871922821,1.23152759925,1.36574892666
535157,0.0890148037259,1.32208067636,1.47727100984
536016,0.0891576846307,1.3830617314,1.52236873506
536875,0.0893005655356,1.53943827426,1.62894631426
537734,0.0894434464405,1.55979307864,1.68723455072
538593,0.0895863273453,1.53329342726,1.70397993018
539452,0.0897292082502,1.48198502972,1.65927815044
540311,0.089872089155,1.4422095177,1.60474519147
541170,0.0900149700599,1.41698607326,1.56483363618
542029,0.0901578509647,1.41406548113,1.54657071389
542888,0.0903007318696,1.40364625527,1.54030684643
543747,0.0904436127745,1.42457790752,1.59065520955
544606,0.0905864936793,1.45275796257,1.64060911192
545465,0.0907293745842,1.42533076594,1.63397379946
546324,0.090872255489,1.35703644209,1.64908020951
547183,0.0910151363939,1.27885316703,1.57209495053
548042,0.0911580172987,1.21724241614,1.49720407762
548901,0.0913008982036,1.15323639097,1.40707867179
549760,0.0914437791084,1.11275593824,1.32493832096
550619,0.0915866600133,1.12706429563,1.30254086348
551478,0.0917295409182,1.12840877736,1.29789705774
552337,0.091872421823,1.2357346835,1.41339384324
553196,0.0920153027279,1.20819018037,1.40330498177
554055,0.0921581836327,1.13781880406,1.3505604661
554914,0.0923010645376,1.09351815032,1.28959864042
555773,0.0924439454424,1.06016578261,1.24851410532
556632,0.0925868263473,1.03462209845,1.21215208474
557491,0.0927297072522,1.01415672441,1.17131346057
558350,0.092872588157,0.970615532313,1.10167702478
559209,0.0930154690619,0.914996733517,1.0309449987
560068,0.0931583499667,0.86857215164,0.993625573182
560927,0.0933012308716,0.900246995857,1.01652416375
561786,0.0934441117764,0.875439064296,0.974278532019
562645,0.0935869926813,0.827931817121,0.917798515933
563504,0.0937298735862,0.780009760433,0.88857455973
564363,0.093872754491,0.742626036875,0.851518554328
565222,0.0940156353959,0.770946795458,0.861261151938
566081,0.0941585163007,0.788142506966,0.86857104073
566940,0.0943013972056,0.778004531712,0.86279963386
567799,0.0944442781104,0.775894443269,0.86880424061
568658,0.0945871590153,0.764940502991,0.861106072617
569517,0.0947300399202,0.764469435777,0.857925753797
570376,0.094872920825,0.744382454604,0.828725615049
571235,0.0950158017299,0.698673690741,0.794671939789
572094,0.0951586826347,0.661139175366,0.770005771307
572953,0.0953015635396,0.630750702843,0.750461097748
573812,0.0954444444444,0.598359977923,0.722254719758
574671,0.0955873253493,0.56963414222,0.693938677173
575530,0.0957302062542,0.526137273165,0.650800572359
576389,0.095873087159,0.498064238803,0.619394918907
577248,0.0960159680639,0.482081080141,0.580887819336
578107,0.0961588489687,0.453686156553,0.553761742049
578966,0.0963017298736,0.432827721281,0.527051564405
579825,0.0964446107784,0.411330503234,0.51022106953
580684,0.0965874916833,0.408432095761,0.509200632747
581543,0.0967303725882,0.417500757161,0.508103507975
582402,0.096873253493,0.441214492609,0.528319850274
583261,0.0970161343979,0.435200641485,0.521039276338
584120,0.0971590153027,0.405001147725,0.486046662675
584979,0.0973018962076,0.381500912858,0.465733001784
585838,0.0974447771124,0.366738913146,0.455924033473
586697,0.0975876580173,0.370776683734,0.473292168859
587556,0.0977305389222,0.360390381338,0.468425081214
588415,0.097873419827,0.359560365353,0.47331956232
589274,0.0980163007319,0.362730153245,0.475773331908
590133,0.0981591816367,0.354509607231,0.461996834527
590992,0.0983020625416,0.345524032742,0.448144281333
591851,0.0984449434464,0.332165803437,0.430522705111
592710,0.0985878243513,0.336637315531,0.415080092076
593569,0.0987307052562,0.359094546028,0.441773758995
594428,0.098873586161,0.444729530059,0.565833946218
595287,0.0990164670659,0.464024670073,0.607317800178
596146,0.0991593479707,0.484326135561,0.634691350038
597005,0.0993022288756,0.522881866512,0.675757641739
597864,0.0994451097804,0.532545344659,0.688942295405
598723,0.0995879906853,0.522913197533,0.684078294238
599582,0.0997308715902,0.521036673654,0.681530332098
600441,0.099873752495,0.533339768172,0.693690610477
601300,0.1000166334,0.551886337002,0.714927174446
602159,0.100159514305,0.560314374395,0.732201519447
603018,0.10030239521,0.559266788409,0.731043081244
603877,0.100445276114,0.568987934012,0.728249774157
604736,0.100588157019,0.558920074602,0.728075879797
605595,0.100731037924,0.524452809914,0.703238255198
606454,0.100873918829,0.482279646785,0.660025045128
607313,0.101016799734,0.47553770038,0.669150664609
608172,0.101159680639,0.567811592883,0.80987666099
609031,0.101302561544,0.581347772446,0.815915570964
609890,0.101445442448,0.587536497669,0.819285623272
610749,0.101588323353,0.587606703181,0.795590797773
611608,0.101731204258,0.589771010583,0.792470747101
612467,0.101874085163,0.589144243326,0.806861880051
613326,0.102016966068,0.615555270318,0.812635861184
614185,0.102159846973,0.614508418223,0.762943591608
615044,0.102302727878,0.59549116581,0.735465763445
615903,0.102445608782,0.602079268039,0.730505395819
616762,0.102588489687,0.612964683383,0.745828677205
617621,0.102731370592,0.6566925357,0.771657989884
618480,0.102874251497,0.675143746157,0.776744240528
619339,0.103017132402,0.695237105848,0.777582609964
620198,0.103160013307,0.700384533176,0.768469755444
621057,0.103302894212,0.708676078054,0.764123044736
621916,0.103445775116,0.715355089796,0.748502992624
622775,0.103588656021,0.700213538398,0.731146459189
623634,0.103731536926,0.681860699408,0.708487462616
624493,0.103874417831,0.678749123543,0.716438872209
625352,0.104017298736,0.663327677129,0.713087016755
626211,0.104160179641,0.666395890484,0.716498608252
627070,0.104303060546,0.716181754701,0.77311916159
627929,0.10444594145,0.722990284923,0.790847510993
628788,0.104588822355,0.703442543329,0.765849335979
629647,0.10473170326,0.678883794859,0.735936144414
630506,0.104874584165,0.670408875338,0.726360517137
631365,0.10501746507,0.641647052924,0.700310961229
632224,0.105160345975,0.646090038763,0.697717811832
633083,0.10530322688,0.654155267959,0.707665788221
633942,0.105446107784,0.673161644888,0.736924662738
634801,0.105588988689,0.686773496221,0.762611164436
635660,0.105731869594,0.682250184356,0.795370782106
636519,0.105874750499,0.684240561253,0.802726169443
637378,0.106017631404,0.676402137722,0.797073762706
638237,0.106160512309,0.682148216267,0.803753261014
639096,0.106303393214,0.696820833967,0.835740254308
639955,0.106446274118,0.731460947522,0.903796653108
640814,0.106589155023,0.793227000916,0.983952963015
641673,0.106732035928,0.817687415789,1.03192530486
642532,0.106874916833,0.821576653039,1.03247504766
643391,0.107017797738,0.823258884152,1.0271546666
644250,0.107160678643,0.816428385962,1.00811570197
645109,0.107303559548,0.812952719629,1.00049204352
645968,0.107446440452,0.845147264108,0.995553464644
646827,0.107589321357,0.885202700981,1.02855756218
647686,0.107732202262,0.904073717025,1.03607470171
648545,0.107875083167,0.903950408833,1.00459120088
649404,0.108017964072,0.878425565051,0.970010193735
650263,0.108160844977,0.904242976598,0.983902860346
651122,0.108303725882,0.886925391586,0.960460137214
651981,0.108446606786,0.852609964541,0.915640221251
652840,0.108589487691,0.815878160609,0.877509787469
653699,0.108732368596,0.80999371919,0.86158765971
654558,0.108875249501,0.790463722839,0.842006954405
655417,0.109018130406,0.787110734033,0.840719353677
656276,0.109161011311,0.845043435839,0.88472512317
657135,0.109303892216,0.857475468741,0.899315787144
657994,0.10944677312,0.840333667523,0.876725227551
658853,0.109589654025,0.80706299037,0.837865535902
659712,0.10973253493,0.786478802999,0.816183813292
660571,0.109875415835,0.764650019189,0.788203058547
661430,0.11001829674,0.716700648317,0.752542183834
662289,0.110161177645,0.707295736471,0.775947420244
663148,0.11030405855,0.741102634367,0.806531115609
664007,0.110446939454,0.811816468925,0.854716752054
664866,0.110589820359,0.808899363838,0.855875619316
665725,0.110732701264,0.781589874333,0.842109569935
666584,0.110875582169,0.739886066351,0.821198286045
667443,0.111018463074,0.687563754815,0.762287889064
668302,0.111161343979,0.615295665203,0.713665680453
669161,0.111304224884,0.578274273102,0.700358106271
670020,0.111447105788,0.560694577473,0.675590720177
670879,0.111589986693,0.566452784818,0.666647461767
671738,0.111732867598,0.56784699792,0.651316400383
672597,0.111875748503,0.567116037666,0.62116776153
673456,0.112018629408,0.578457938071,0.627534431992
674315,0.112161510313,0.557628490312,0.610979407464
675174,0.112304391218,0.554807832401,0.609287633445
676033,0.112447272122,0.548054449594,0.610040951954
676892,0.112590153027,0.532881803171,0.606410236169
677751,0.112733033932,0.511264165675,0.597098712494
678610,0.112875914837,0.472868081476,0.57566865106
679469,0.113018795742,0.446464918902,0.557498492384
680328,0.113161676647,0.444972434009,0.562898748893
681187,0.113304557552,0.421645789284,0.54130868853
682046,0.113447438456,0.3901360252,0.503754777369
682905,0.113590319361,0.359912656728,0.473794895484
683764,0.113733200266,0.344778655525,0.453209493373
684623,0.113876081171,0.346300407087,0.445332262399
685482,0.114018962076,0.337869988718,0.432541798773
686341,0.114161842981,0.3293666216,0.427756424299
687200,0.114304723886,0.313752225508,0.411958084445
688059,0.11444760479,0.296628878123,0.391774342864
688918,0.114590485695,0.285214548308,0.37756136831
689777,0.1147333666,0.276986436006,0.364075742382
690636,0.114876247505,0.272015628281,0.352467391585
691495,0.11501912841,0.283724398497,0.375629510794
692354,0.115162009315,0.305004801105,0.404344042652
693213,0.11530489022,0.341279148477,0.437810688991
694072,0.115447771124,0.345477609798,0.447462759989
694931,0.115590652029,0.353704375606,0.451715545568
695790,0.115733532934,0.356861511166,0.448506708117
696649,0.115876413839,0.396497739759,0.482644853669
697508,0.116019294744,0.416390829439,0.498288539905
698367,0.116162175649,0.419062347422,0.499441625069
699226,0.116305056554,0.410575671602,0.492284056887
700085,0.116447937458,0.421175485331,0.503793265056
700944,0.116590818363,0.440444019964,0.520830658031
701803,0.116733699268,0.457765101091,0.549579648843
702662,0.116876580173,0.478208640243,0.586177477225
703521,0.117019461078,0.507409786335,0.627154880074
704380,0.117162341983,0.559216530871,0.668649073477
705239,0.117305222888,0.591347435682,0.698582115542
706098,0.117448103792,0.616848742714,0.704326929318
706957,0.117590984697,0.62809771415,0.712166128073
707816,0.117733865602,0.625302768086,0.717738686865
708675,0.117876746507,0.612115951029,0.719724028573
709534,0.118019627412,0.61909437098,0.719966865706
710393,0.118162508317,0.63736550637,0.733458888746
711252,0.118305389222,0.638677764143,0.729138384957
712111,0.118448270126,0.633659423921,0.711205923038
712970,0.118591151031,0.636811096456,0.700175882362
713829,0.118734031936,0.665857155537,0.723600903805
714688,0.118876912841,0.71202152845,0.761510153897
715547,0.119019793746,0.755149317872,0.789536668402
716406,0.119162674651,0.766671482979,0.801903785165
717265,0.119305555556,0.769863954174,0.790305292815
718124,0.11944843646,0.787365573199,0.79646814378
718983,0.119591317365,0.812554634148,0.809622301806
719842,0.11973419827,0.80759742315,0.81376745082
720701,0.119877079175,0.776602695957,0.818465909282
721560,0.12001996008,0.731428584694,0.777278291125
722419,0.120162840985,0.678271022518,0.712680944906
723278,0.12030572189,0.629360185192,0.660107283161
724137,0.120448602794,0.592360771536,0.621361677678
724996,0.120591483699,0.57477216818,0.596179194359
725855,0.120734364604,0.516893114541,0.548867076417
726714,0.120877245509,0.488660622224,0.52694870448
727573,0.121020126414,0.487349914861,0.527824754101
728432,0.121163007319,0.515815702649,0.558198355491
729291,0.121305888224,0.560014934315,0.613791254344
730150,0.121448769128,0.588075180797,0.655979433749
731009,0.121591650033,0.584180770094,0.654937458282
731868,0.121734530938,0.576054577031,0.644307672717
732727,0.121877411843,0.592473332846,0.662748471731
733586,0.122020292748,0.622093439741,0.695022814079
734445,0.122163173653,0.648017629272,0.740857106034
735304,0.122306054558,0.645988567311,0.76235186066
736163,0.122448935462,0.641802604971,0.76840048655
737022,0.122591816367,0.629161975315,0.716664856777
737881,0.122734697272,0.648200974463,0.708731061019
738740,0.122877578177,0.696868052819,0.763981631128
739599,0.123020459082,0.706269725981,0.773307673891
740458,0.123163339987,0.732778753094,0.793175607526
741317,0.123306220892,0.733890235993,0.798489342704
742176,0.123449101796,0.7637784787,0.837095471892
743035,0.123591982701,0.774740369224,0.871107011812
743894,0.123734863606,0.719509326174,0.805380762151
744753,0.123877744511,0.642918401114,0.723639172813
745612,0.124020625416,0.586740006432,0.659999550365
746471,0.124163506321,0.519082979099,0.592119341681
747330,0.124306387226,0.505853706783,0.590674948924
748189,0.12444926813,0.507398773007,0.604946865746
749048,0.124592149035,0.50015441538,0.608448496494
749907,0.12473502994,0.503648400505,0.626579040442
750766,0.124877910845,0.528194477759,0.661176884817
751625,0.12502079175,0.55156915153,0.684316305739
752484,0.125163672655,0.566703211832,0.688697558475
753343,0.12530655356,0.636396587615,0.737989465243
754202,0.125449434464,0.752425740781,0.846357736559
755061,0.125592315369,0.833033505622,0.942032842994
755920,0.125735196274,0.905016656187,1.04577710999
756779,0.125878077179,0.920887155264,1.09437973337
757638,0.126020958084,0.929985852348,1.09775585383
758497,0.126163838989,0.922844880323,1.08771441176
759356,0.126306719894,0.918072509324,1.05711706865
760215,0.126449600798,0.928248961089,1.03806307354
761074,0.126592481703,0.936477168986,1.03927515434
761933,0.126735362608,0.929336826024,1.02376940244
762792,0.126878243513,0.908625330481,0.999688813318
763651,0.127021124418,0.878561879413,0.966743878589
764510,0.127164005323,0.897121165054,0.972582191365
765369,0.127306886228,0.895104145761,0.979416308477
766228,0.127449767132,0.891274525439,1.00260197679
767087,0.127592648037,0.905876787675,1.03943049076
767946,0.127735528942,0.919438248399,1.05202384754
768805,0.127878409847,0.931856374313,1.05108644043
769664,0.128021290752,0.902991504965,1.01232976348
770523,0.128164171657,0.894611251149,0.988254064026
771382,0.128307052562,0.876828138142,0.976533846824
772241,0.128449933466,0.871616676023,0.987300554402
773100,0.128592814371,0.881303865653,0.988209069262
773959,0.128735695276,0.863703757075,0.951933481156
774818,0.128878576181,0.822807156791,0.908008124908
775677,0.129021457086,0.783315681729,0.859324006341
776536,0.129164337991,0.72439091955,0.78761930296
777395,0.129307218896,0.667109881805,0.706731742357
778254,0.1294500998,0.64071112487,0.674132868336
779113,0.129592980705,0.614360834435,0.655028854625
779972,0.12973586161,0.595733929572,0.649305305143
780831,0.129878742515,0.583177962632,0.640748740228
781690,0.13002162342,0.564636297983,0.621644817962
782549,0.130164504325,0.542182211744,0.593953049519
783408,0.13030738523,0.519241023176,0.569079179195
784267,0.130450266134,0.498218857607,0.554595206642
785126,0.130593147039,0.483424781032,0.539023354061
785985,0.130736027944,0.484486345277,0.523862832003
786844,0.130878908849,0.491633691297,0.519777679449
787703,0.131021789754,0.518858502362,0.545375593904
788562,0.131164670659,0.519074518014,0.568292081689
789421,0.131307551564,0.52654571234,0.589386771263
790280,0.131450432468,0.533408228617,0.614513615645
791139,0.131593313373,0.593147978238,0.689156765157
791998,0.131736194278,0.645723813773,0.771147376147
792857,0.131879075183,0.665789495403,0.795064154782
793716,0.132021956088,0.66324034744,0.809213485202
794575,0.132164836993,0.6537990267,0.817353770457
795434,0.132307717898,0.649696549817,0.823829680831
796293,0.132450598802,0.698487098363,0.868705999452
797152,0.132593479707,0.70582500973,0.872368089567
798011,0.132736360612,0.751118170846,0.915043500592
798870,0.132879241517,0.760097767654,0.927968683735
799729,0.133022122422,0.752108375648,0.91906058987
800588,0.133165003327,0.739703807677,0.905401602933
801447,0.133307884232,0.720762102133,0.882696043492
802306,0.133450765136,0.731428582,0.871762135463
803165,0.133593646041,0.717122980538,0.843802716309
804024,0.133736526946,0.730240585327,0.832331505623
804883,0.133879407851,0.779758146371,0.862747099802
805742,0.134022288756,0.819442644544,0.929097725245
806601,0.134165169661,0.864108974576,1.00706790959
807460,0.134308050566,0.880410382383,1.04981865999
808319,0.13445093147,0.879741409141,1.03842774589
809178,0.134593812375,0.903042656477,1.04889513214
810037,0.13473669328,0.95233120403,1.09154547376
810896,0.134879574185,1.03603130034,1.17573877845
811755,0.13502245509,1.12581437285,1.25609211363
812614,0.135165335995,1.1549531404,1.25472541565
813473,0.1353082169,1.15152020584,1.22740401157
814332,0.135451097804,1.14710186639,1.19164107078
815191,0.135593978709,1.2168166036,1.2716131901
816050,0.135736859614,1.24903733695,1.31757043293
816909,0.135879740519,1.21420838141,1.3554003542
817768,0.136022621424,1.16319955253,1.35560994179
818627,0.136165502329,1.11589882595,1.31768754386
819486,0.136308383234,1.07129592039,1.22819156795
820345,0.136451264138,1.06784477211,1.17896937862
821204,0.136594145043,1.10477433083,1.1856949643
822063,0.136737025948,1.12447236087,1.21218172113
822922,0.136879906853,1.09699346539,1.18922358408
823781,0.137022787758,1.06309091769,1.13233943533
824640,0.137165668663,1.02979445426,1.1046403026
825499,0.137308549568,1.00300822426,1.09152738107
826358,0.137451430472,1.00535579023,1.13246705934
827217,0.137594311377,0.996848955052,1.15962696357
828076,0.137737192282,1.02112948994,1.1756344037
828935,0.137880073187,1.02153134594,1.16425464019
829794,0.138022954092,0.997148679406,1.11620285897
830653,0.138165834997,0.977188354834,1.08921552902
831512,0.138308715902,0.976178818437,1.05984612488
832371,0.138451596806,0.960275196898,1.03761877863
833230,0.138594477711,0.921434410195,0.982719893529
834089,0.138737358616,0.878941930003,0.92708294732
834948,0.138880239521,0.856821329378,0.898952501055
835807,0.139023120426,0.820039638605,0.856515224585
836666,0.139166001331,0.811336826144,0.819963915202
837525,0.139308882236,0.790231175574,0.782017331067
838384,0.13945176314,0.759715246407,0.751708054446
839243,0.139594644045,0.745841030993,0.719242541089
840102,0.13973752495,0.732404040483,0.714468107165
840961,0.139880405855,0.74676106556,0.744897241837
841820,0.14002328676,0.75493076182,0.760408356997
842679,0.140166167665,0.753251229093,0.757726510734
843538,0.14030904857,0.755394775154,0.759881899631
844397,0.140451929474,0.775056873228,0.765602339483
845256,0.140594810379,0.791424181849,0.781426554012
846115,0.140737691284,0.796636543809,0.795211474817
846974,0.140880572189,0.803090165849,0.814190547214
847833,0.141023453094,0.803235658507,0.827282854893
848692,0.141166333999,0.786762857987,0.819230551872
849551,0.141309214904,0.738349685767,0.783176208249
850410,0.141452095808,0.693081103356,0.751180121961
851269,0.141594976713,0.642822054403,0.693811725197
852128,0.141737857618,0.612474024038,0.662399288793
852987,0.141880738523,0.582871515379,0.625513229269
853846,0.142023619428,0.545378378932,0.576280053872
854705,0.142166500333,0.553954288189,0.57016083945
855564,0.142309381238,0.570807081196,0.607677302172
856423,0.142452262142,0.603430690513,0.665359910352
857282,0.142595143047,0.657557486907,0.751734241742
858141,0.142738023952,0.657814395552,0.802164488818
858858,0.142857285429,0.652395418672,0.807943578386
