859,0.000142880904857,0.719633375169,0.345311095634
1718,0.000285761809714,0.662145567969,0.308798631188
2577,0.000428642714571,0.585785602713,0.268889227106
3436,0.000571523619428,0.539129830314,0.268744651729
4295,0.000714404524285,0.481720095176,0.263070959694
5154,0.000857285429142,0.42264257069,0.254096902062
6013,0.001000166334,0.363369423186,0.23371081941
6872,0.00114304723886,0.281349630977,0.181122411702
7731,0.00128592814371,0.23083575807,0.152923438588
8590,0.00142880904857,0.200199503529,0.136009325261
9449,0.00157168995343,0.170795840463,0.119105564757
10308,0.00171457085828,0.156541970906,0.112523308937
11167,0.00185745176314,0.153681991217,0.113537569246
12026,0.002000332668,0.157901787488,0.130286721348
12885,0.00214321357285,0.161290486367,0.134595775148
13744,0.00228609447771,0.17037256966,0.149816098901
14603,0.00242897538257,0.194617991611,0.181874082606
15462,0.00257185628743,0.201585275267,0.191439391291
16321,0.00271473719228,0.184967112395,0.16990975652
17180,0.00285761809714,0.202671143533,0.190751366074
18039,0.003000499002,0.228672942439,0.233586557187
18898,0.00314337990685,0.248012950314,0.253403469014
19757,0.00328626081171,0.265522996628,0.277136261246
20616,0.00342914171657,0.262600103372,0.281384328452
21475,0.00357202262142,0.21155844735,0.231188560465
22334,0.00371490352628,0.170296713305,0.20073973447
23193,0.00385778443114,0.156938431232,0.191776400415
24052,0.00400066533599,0.153356235575,0.211787862867
24911,0.00414354624085,0.163219943807,0.251882898673
25770,0.00428642714571,0.140111269555,0.259612626936
26629,0.00442930805057,0.144497888628,0.231142575435
27488,0.00457218895542,0.0989592174295,0.194904137111
28347,0.00471506986028,0.0812600867572,0.18819986303
29206,0.00485795076514,0.0555301898799,0.17323286876
30065,0.00500083166999,0.0447879783796,0.163102883001
30924,0.00514371257485,0.0568558597191,0.164983619393
31783,0.00528659347971,0.0924006249468,0.17067619038
32642,0.00542947438456,0.0997659474696,0.167750284466
33501,0.00557235528942,0.0951039087913,0.174757801331
34360,0.00571523619428,0.0683089069839,0.156783133139
35219,0.00585811709914,0.0360373090077,0.148200233331
36078,0.00600099800399,0.0317847212144,0.162590914445
36937,0.00614387890885,0.0377471707298,0.160470079437
37796,0.00628675981371,0.0549065989176,0.163735320115
38655,0.00642964071856,0.0892379535971,0.18160035663
39514,0.00657252162342,0.0828543782768,0.154282854964
40373,0.00671540252828,0.0831246340881,0.14076409811
41232,0.00685828343313,0.0901173895744,0.144788643783
42091,0.00700116433799,0.0977381184062,0.1548183752
42950,0.00714404524285,0.119978444444,0.167229521772
43809,0.0072869261477,0.117367105184,0.153858914962
44668,0.00742980705256,0.121801348739,0.145985925034
45527,0.00757268795742,0.136181410868,0.151001882097
46386,0.00771556886228,0.16055678462,0.168686011699
47245,0.00785844976713,0.191607178659,0.198061950194
48104,0.00800133067199,0.231835983459,0.230919222867
48963,0.00814421157685,0.278641072419,0.278001204611
49822,0.0082870924817,0.30408033187,0.291655762664
50681,0.00842997338656,0.30202522433,0.270428365803
51540,0.00857285429142,0.259154682791,0.219577262407
52399,0.00871573519627,0.194136260516,0.171162163394
53258,0.00885861610113,0.153680339252,0.152080995208
54117,0.00900149700599,0.134590456107,0.156247337189
54976,0.00914437791084,0.135528886119,0.169453695635
55835,0.0092872588157,0.145971521876,0.171922369327
56694,0.00943013972056,0.137455190919,0.162948674577
57553,0.00957302062542,0.11544678621,0.149849222764
58412,0.00971590153027,0.10397655415,0.145251593273
59271,0.00985878243513,0.102783583682,0.152041793119
60130,0.01000166334,0.111425160546,0.153712331888
60989,0.0101445442448,0.134513466424,0.163073469771
61848,0.0102874251497,0.15850173748,0.183824320693
62707,0.0104303060546,0.19056192924,0.222364303362
63566,0.0105731869594,0.207463800598,0.235893185798
64425,0.0107160678643,0.185535606361,0.222999773033
65284,0.0108589487691,0.211129775633,0.254894605811
66143,0.011001829674,0.131814353921,0.17645054122
67002,0.0111447105788,0.0918388970724,0.155438727036
67861,0.0112875914837,0.102869676258,0.170584289584
68720,0.0114304723886,0.135278284768,0.213629993216
69579,0.0115733532934,0.170265419002,0.232881116742
70438,0.0117162341983,0.196776493731,0.210541386985
71297,0.0118591151031,0.196921696064,0.21221331
72156,0.012001996008,0.252294766798,0.26090544806
73015,0.0121448769128,0.349770691797,0.365134809146
73874,0.0122877578177,0.283799394334,0.288058120171
74733,0.0124306387226,0.208844289449,0.231643414295
75592,0.0125735196274,0.137414780342,0.197252899451
76451,0.0127164005323,0.116878565052,0.201393312526
77310,0.0128592814371,0.131531931198,0.23509842074
78169,0.013002162342,0.124323890545,0.236423792616
79028,0.0131450432468,0.0994872568857,0.219042315776
79887,0.0132879241517,0.101923668634,0.225493819763
80746,0.0134308050566,0.0717325957674,0.194655288516
81605,0.0135736859614,0.0694411902026,0.183226489451
82464,0.0137165668663,0.0910425409619,0.188290528389
83323,0.0138594477711,0.117410734231,0.190848006859
84182,0.014002328676,0.123727823647,0.180738273866
85041,0.0141452095808,0.14474235947,0.214630669105
85900,0.0142880904857,0.184976944784,0.249396294007
86759,0.0144309713906,0.180914472044,0.261368644897
87618,0.0145738522954,0.202096839056,0.304297711518
88477,0.0147167332003,0.200669726088,0.295593684714
89336,0.0148596141051,0.143505720006,0.256017775562
90195,0.01500249501,0.0947645647005,0.230460504439
91054,0.0151453759148,0.0993661204033,0.199478881992
91913,0.0152882568197,0.120001601779,0.208966197202
92772,0.0154311377246,0.18233292216,0.26564684304
93631,0.0155740186294,0.200333235369,0.267934480206
94490,0.0157168995343,0.138398168853,0.214705788603
95349,0.0158597804391,0.112620396128,0.20108176145
96208,0.016002661344,0.119360835963,0.195568563943
97067,0.0161455422488,0.110163153722,0.184847274072
97926,0.0162884231537,0.101005996487,0.185635145273
98785,0.0164313040585,0.106676999753,0.202193314618
99644,0.0165741849634,0.129434513727,0.222859869123
100503,0.0167170658683,0.148876261821,0.22105267693
101362,0.0168599467731,0.187854649852,0.252393211747
102221,0.017002827678,0.261659576102,0.331026097209
103080,0.0171457085828,0.25818938043,0.303253265233
103939,0.0172885894877,0.255939181607,0.311960058293
104798,0.0174314703925,0.234512665351,0.290026643832
105657,0.0175743512974,0.150836811872,0.208225923026
106516,0.0177172322023,0.106101855479,0.179695872191
107375,0.0178601131071,0.0928545255961,0.164760451588
108234,0.018002994012,0.136213230235,0.202907587951
109093,0.0181458749168,0.11167843288,0.177192335312
109952,0.0182887558217,0.0752506817043,0.15313530292
110811,0.0184316367265,0.0945040841595,0.165189142967
111670,0.0185745176314,0.106288630682,0.191145135157
112529,0.0187173985363,0.13529362262,0.206710698803
113388,0.0188602794411,0.195841297124,0.273564198671
114247,0.019003160346,0.138838359873,0.225022661201
115106,0.0191460412508,0.151431571174,0.238567875066
115965,0.0192889221557,0.133121196189,0.239266303018
116824,0.0194318030605,0.159290822379,0.267113077886
117683,0.0195746839654,0.172748671082,0.270512375976
118542,0.0197175648703,0.169725774326,0.242746397358
119401,0.0198604457751,0.145995966184,0.232454915255
120260,0.02000332668,0.147767096471,0.252338951724
121119,0.0201462075848,0.132145359375,0.247451635481
121978,0.0202890884897,0.107480740438,0.24316163423
122837,0.0204319693945,0.109119425788,0.251629830354
123696,0.0205748502994,0.134684724542,0.284194472545
124555,0.0207177312043,0.117389151798,0.255294853914
125414,0.0208606121091,0.111121745854,0.223736786035
126273,0.021003493014,0.157089839,0.275051842921
127132,0.0211463739188,0.161611889522,0.251621210969
127991,0.0212892548237,0.178882984022,0.264206329775
128850,0.0214321357285,0.167605900931,0.248153645768
129709,0.0215750166334,0.132030234716,0.216408911324
130568,0.0217178975383,0.131690826655,0.226445535034
131427,0.0218607784431,0.168975168936,0.269885311194
132286,0.022003659348,0.205341138609,0.305157058219
133145,0.0221465402528,0.168577717868,0.273289789004
134004,0.0222894211577,0.161172285531,0.271425501993
134863,0.0224323020625,0.0828582909275,0.208074379337
135722,0.0225751829674,0.0363457417252,0.189853441018
136581,0.0227180638723,0.0269493955022,0.193733085723
137440,0.0228609447771,0.0598636244502,0.213089131073
138299,0.023003825682,0.117951171178,0.245606723691
139158,0.0231467065868,0.12603091207,0.241675670159
140017,0.0232895874917,0.107359718329,0.235997596794
140876,0.0234324683965,0.116944016957,0.237669185701
141735,0.0235753493014,0.137795151111,0.246343645043
142594,0.0237182302063,0.148901761179,0.226954745821
143453,0.0238611111111,0.123777718108,0.185156071475
144312,0.024003992016,0.132333342481,0.162869994787
145171,0.0241468729208,0.134687308727,0.155773014367
146030,0.0242897538257,0.12849620336,0.167146855774
146889,0.0244326347305,0.124025282089,0.167468801603
147748,0.0245755156354,0.133886361209,0.177777558907
148607,0.0247183965403,0.158437314482,0.190429954838
149466,0.0248612774451,0.195235844163,0.211596204956
150325,0.02500415835,0.258343090564,0.261260248307
151184,0.0251470392548,0.280449657265,0.274987543064
152043,0.0252899201597,0.271075645699,0.25072579084
152902,0.0254328010645,0.224388274486,0.194015856608
153761,0.0255756819694,0.186044042247,0.169080733291
154620,0.0257185628743,0.167340345586,0.171486402571
155479,0.0258614437791,0.153645858445,0.166079982543
156338,0.026004324684,0.146067227275,0.184476446238
157197,0.0261472055888,0.160268170792,0.2104012848
158056,0.0262900864937,0.179380167509,0.234639557664
158915,0.0264329673985,0.157031063428,0.207480648676
159774,0.0265758483034,0.155765757366,0.188280593739
160633,0.0267187292083,0.123333782843,0.177507710783
161492,0.0268616101131,0.121167861239,0.171521860121
162351,0.027004491018,0.115029427864,0.162322245076
163210,0.0271473719228,0.121416010728,0.167067923759
164069,0.0272902528277,0.151895012273,0.190453884112
164928,0.0274331337325,0.189820883808,0.22052478956
165787,0.0275760146374,0.195223078222,0.222986757833
166646,0.0277188955422,0.182902486996,0.206836606187
167505,0.0278617764471,0.174829266294,0.20522854953
168364,0.028004657352,0.174213787931,0.198502971265
169223,0.0281475382568,0.147479128995,0.160221630825
170082,0.0282904191617,0.128662821897,0.148008795006
170941,0.0284333000665,0.12531449086,0.148554885504
171800,0.0285761809714,0.125893376977,0.152484943074
172659,0.0287190618762,0.136531348581,0.1599744474
173518,0.0288619427811,0.148856040972,0.163460261951
174377,0.029004823686,0.174837532188,0.184605695528
175236,0.0291477045908,0.20190355338,0.21258212383
176095,0.0292905854957,0.231265670893,0.238760931801
176954,0.0294334664005,0.211073926543,0.206856378168
177813,0.0295763473054,0.20438962541,0.199816399283
178672,0.0297192282102,0.202701176094,0.21654656977
179531,0.0298621091151,0.219965517181,0.247586386516
180390,0.03000499002,0.244888490996,0.278986670588
181249,0.0301478709248,0.176544687689,0.208521399663
182108,0.0302907518297,0.113892619589,0.15218136128
182967,0.0304336327345,0.0902434846363,0.147194876399
183826,0.0305765136394,0.095696773507,0.153183681808
184685,0.0307193945442,0.096295169284,0.170283011597
185544,0.0308622754491,0.0933355253217,0.182459501853
186403,0.031005156354,0.0699539637188,0.178149576527
187262,0.0311480372588,0.0715198256189,0.180695264521
188121,0.0312909181637,0.0770459943468,0.179738363097
188980,0.0314337990685,0.0979015187456,0.183895629776
189839,0.0315766799734,0.106781105584,0.184830343103
190698,0.0317195608782,0.11911484829,0.195866907703
191557,0.0318624417831,0.161832720722,0.220192814649
192416,0.032005322688,0.148171012643,0.187432183724
193275,0.0321482035928,0.135639211718,0.175275204153
194134,0.0322910844977,0.106927829803,0.146332224899
194993,0.0324339654025,0.103769249727,0.140320011087
195852,0.0325768463074,0.111100306328,0.141812616033
196711,0.0327197272122,0.126016780056,0.158908556092
197570,0.0328626081171,0.135082184552,0.17308476087
198429,0.033005489022,0.142089139432,0.195114183474
199288,0.0331483699268,0.160852096758,0.216404892531
200147,0.0332912508317,0.177286318346,0.230377121399
201006,0.0334341317365,0.180010896533,0.208733131699
201865,0.0335770126414,0.167562426172,0.196725185728
202724,0.0337198935462,0.204380959006,0.239383793003
203583,0.0338627744511,0.192189809419,0.22979786543
204442,0.034005655356,0.192869008764,0.232441444088
205301,0.0341485362608,0.266500654183,0.330134784119
206160,0.0342914171657,0.254077446314,0.311847860688
207019,0.0344342980705,0.19473227011,0.230074272449
207878,0.0345771789754,0.161977326483,0.195703096789
208737,0.0347200598802,0.144563365516,0.19591763058
209596,0.0348629407851,0.1689080322,0.243089231564
210455,0.03500582169,0.268515632205,0.38492122615
211314,0.0351487025948,0.202730288483,0.28731604225
212173,0.0352915834997,0.0903714742579,0.17952186402
213032,0.0354344644045,0.0528854072036,0.151243517755
213891,0.0355773453094,0.0512103759812,0.152616367039
214750,0.0357202262142,0.0701905846806,0.166992586368
215609,0.0358631071191,0.0876457217439,0.185521653592
216468,0.036005988024,0.14069971149,0.22315933263
217327,0.0361488689288,0.173231220001,0.252921465842
218186,0.0362917498337,0.176884931237,0.253201924406
219045,0.0364346307385,0.192659724423,0.254138617746
219904,0.0365775116434,0.175626852891,0.245072814274
220763,0.0367203925482,0.152237665692,0.25460873638
221622,0.0368632734531,0.211696325792,0.309758175564
222481,0.037006154358,0.132776530552,0.223356980718
223340,0.0371490352628,0.101534974898,0.22433304763
224199,0.0372919161677,0.158299571154,0.306877812609
225058,0.0374347970725,0.127451769226,0.256447925136
225917,0.0375776779774,0.128445702192,0.231427712419
226776,0.0377205588822,0.132954904074,0.230545691243
227635,0.0378634397871,0.112006200222,0.216424072493
228494,0.0380063206919,0.097001565668,0.22150214968
229353,0.0381492015968,0.136581959704,0.264718227106
230212,0.0382920825017,0.180126914758,0.299881440262
231071,0.0384349634065,0.255336962085,0.374826425105
231930,0.0385778443114,0.266398428472,0.387628856609
232789,0.0387207252162,0.12781202199,0.259597634987
233648,0.0388636061211,0.0984094527867,0.260484975903
234507,0.0390064870259,0.157184327424,0.273709692424
235366,0.0391493679308,0.125565726318,0.265790827343
236225,0.0392922488357,0.0988466741121,0.2343463552
237084,0.0394351297405,0.0646296369526,0.194088685122
237943,0.0395780106454,0.0711047133629,0.186776712491
238802,0.0397208915502,0.0989069048652,0.200241895251
239661,0.0398637724551,0.10917864882,0.201505245651
240520,0.0400066533599,0.0974568463321,0.180352839205
241379,0.0401495342648,0.0811154661501,0.183383204664
242238,0.0402924151697,0.116635939626,0.210064094444
243097,0.0404352960745,0.152990562495,0.226520470629
243956,0.0405781769794,0.179306642197,0.242251743475
244815,0.0407210578842,0.189520173298,0.249657926069
245674,0.0408639387891,0.122905261571,0.174292728486
246533,0.0410068196939,0.111485945969,0.171467769439
247392,0.0411497005988,0.0992471983836,0.157273393547
248251,0.0412925815037,0.121201994495,0.18312930154
249110,0.0414354624085,0.145444229986,0.210256456891
249969,0.0415783433134,0.165110065996,0.241489646553
250828,0.0417212242182,0.193723356657,0.259484425439
251687,0.0418641051231,0.145567757113,0.205551257421
252546,0.0420069860279,0.140441314528,0.197705002697
253405,0.0421498669328,0.130984202947,0.187042331723
254264,0.0422927478377,0.13434963278,0.178739435851
255123,0.0424356287425,0.139490725355,0.167263546461
255982,0.0425785096474,0.129754748711,0.167058718706
256841,0.0427213905522,0.12599470035,0.170867338862
257700,0.0428642714571,0.126048550011,0.166905664103
258559,0.0430071523619,0.126837735828,0.174488568037
259418,0.0431500332668,0.144257735688,0.208541748856
260277,0.0432929141717,0.15303565638,0.217773424677
261136,0.0434357950765,0.12530000635,0.186995449733
261995,0.0435786759814,0.133907883037,0.175401574816
262854,0.0437215568862,0.133978467421,0.166195381548
263713,0.0438644377911,0.113971188851,0.151294557776
264572,0.0440073186959,0.104065666076,0.16111911988
265431,0.0441501996008,0.106451617324,0.177461631371
266290,0.0442930805057,0.116208721475,0.175516798576
267149,0.0444359614105,0.119306769218,0.172470040917
268008,0.0445788423154,0.144448424007,0.190927320781
268867,0.0447217232202,0.16596876896,0.191528808775
269726,0.0448646041251,0.163604969087,0.175530317434
270585,0.0450074850299,0.174761488239,0.189879005186
271444,0.0451503659348,0.15197383637,0.169674590614
272303,0.0452932468397,0.136555346579,0.15374452873
273162,0.0454361277445,0.119589319962,0.143171400046
274021,0.0455790086494,0.126954216723,0.145348297216
274880,0.0457218895542,0.144327334614,0.160671821995
275739,0.0458647704591,0.158881498351,0.173401892741
276598,0.0460076513639,0.163989895082,0.174643006413
277457,0.0461505322688,0.162978384665,0.172922910034
278316,0.0462934131737,0.170626514807,0.186567445524
279175,0.0464362940785,0.18076026263,0.184422392419
280034,0.0465791749834,0.141804248971,0.148783720083
280893,0.0467220558882,0.120457336338,0.146950357559
281752,0.0468649367931,0.132006500573,0.16405070437
282611,0.0470078176979,0.132008170955,0.151207211643
283470,0.0471506986028,0.130502565399,0.156780971293
284329,0.0472935795077,0.128504964856,0.159802870771
285188,0.0474364604125,0.134882462518,0.167413167818
286047,0.0475793413174,0.121384808764,0.158529694868
286906,0.0477222222222,0.122998884601,0.167608977242
287765,0.0478651031271,0.166367641812,0.227334930955
288624,0.0480079840319,0.223887445273,0.303310731301
289483,0.0481508649368,0.183238832873,0.247297842391
290342,0.0482937458417,0.180459924673,0.249295166444
291201,0.0484366267465,0.150419140936,0.198070296599
292060,0.0485795076514,0.118310572504,0.171401949738
292919,0.0487223885562,0.10738915638,0.169537989263
293778,0.0488652694611,0.11773346977,0.179602929479
294637,0.0490081503659,0.145023397367,0.202198921575
295496,0.0491510312708,0.147416794124,0.207159099886
296355,0.0492939121756,0.130896090639,0.180697112846
297214,0.0494367930805,0.127797080294,0.195439721725
298073,0.0495796739854,0.153538171155,0.223159054316
298932,0.0497225548902,0.119094279328,0.169663960203
299791,0.0498654357951,0.109515626868,0.163803965808
300650,0.0500083166999,0.118112638369,0.170868509286
301509,0.0501511976048,0.113051215817,0.15993406825
302368,0.0502940785096,0.102654735409,0.164130520739
303227,0.0504369594145,0.122123250838,0.164062395605
304086,0.0505798403194,0.131522270066,0.167496426309
304945,0.0507227212242,0.1464325023,0.180398625596
305804,0.0508656021291,0.178042004273,0.212223136467
306663,0.0510084830339,0.206495133388,0.24885425984
307522,0.0511513639388,0.20746935666,0.246597258982
308381,0.0512942448436,0.253274069937,0.315852414094
309240,0.0514371257485,0.26885893303,0.326015639892
310099,0.0515800066534,0.265739668883,0.313943820027
310958,0.0517228875582,0.235229937514,0.28465485876
311817,0.0518657684631,0.283122963805,0.347899880407
312676,0.0520086493679,0.201623508844,0.226076521728
313535,0.0521515302728,0.159643412948,0.199690914719
314394,0.0522944111776,0.14826716578,0.210375728896
315253,0.0524372920825,0.135409970533,0.23481192557
316112,0.0525801729874,0.153979563722,0.269820113137
316971,0.0527230538922,0.16432398179,0.275693776968
317830,0.0528659347971,0.211889327564,0.309514210487
318689,0.0530088157019,0.169521688899,0.258538457674
319548,0.0531516966068,0.166443180288,0.265973787246
320407,0.0532945775116,0.224875604435,0.362813307101
321266,0.0534374584165,0.204845812045,0.315581852801
322125,0.0535803393214,0.288583780815,0.426005661117
322984,0.0537232202262,0.298115492437,0.420901358065
323843,0.0538661011311,0.180896594545,0.307042228825
324702,0.0540089820359,0.055067809179,0.22324969039
325561,0.0541518629408,0.041941342748,0.238971473457
326420,0.0542947438456,0.0840259849658,0.227514431448
327279,0.0544376247505,0.0739333954514,0.200344940564
328138,0.0545805056554,0.0726841968862,0.198046463818
328997,0.0547233865602,0.0811742275057,0.177127322486
329856,0.0548662674651,0.0785168084733,0.164670807743
330715,0.0550091483699,0.0930400511623,0.177116040881
331574,0.0551520292748,0.0536560843896,0.179898542325
332433,0.0552949101796,0.0399437975125,0.183483642593
333292,0.0554377910845,0.0502116241145,0.177339066239
334151,0.0555806719894,0.0492346444248,0.177325350024
335010,0.0557235528942,0.0593473270501,0.190189937574
335869,0.0558664337991,0.082613115321,0.216310133127
336728,0.0560093147039,0.134808514971,0.236118880209
337587,0.0561521956088,0.156801004693,0.219650055521
338446,0.0562950765136,0.180643128167,0.257241460762
339305,0.0564379574185,0.123539199956,0.204373498958
340164,0.0565808383234,0.109966793036,0.18547576888
341023,0.0567237192282,0.130760671647,0.188728473995
341882,0.0568666001331,0.144687294166,0.202297265385
342741,0.0570094810379,0.159942807794,0.213044951154
343600,0.0571523619428,0.12344014634,0.17368333552
344459,0.0572952428476,0.0929342318777,0.149235948667
345318,0.0574381237525,0.0770834639062,0.149782616663
346177,0.0575810046574,0.0749820481145,0.137704536335
347036,0.0577238855622,0.06183328314,0.134644749197
347895,0.0578667664671,0.072080877928,0.14814847131
348754,0.0580096473719,0.0885943789409,0.16011417349
349613,0.0581525282768,0.122115320353,0.176435793407
350472,0.0582954091816,0.132524613411,0.180561164277
351331,0.0584382900865,0.134552484434,0.170393795265
352190,0.0585811709914,0.138847453848,0.169113504533
353049,0.0587240518962,0.126523350023,0.143140999166
353908,0.0588669328011,0.0895611677946,0.119069285262
354767,0.0590098137059,0.069612751223,0.121391783579
355626,0.0591526946108,0.0711718513342,0.11751800467
356485,0.0592955755156,0.0699153279476,0.11721824354
357344,0.0594384564205,0.0801832690024,0.113584190688
358203,0.0595813373253,0.0971506838358,0.114992348445
359062,0.0597242182302,0.103224442211,0.116584892793
359921,0.0598670991351,0.110396852635,0.115738867162
360780,0.0600099800399,0.11793577713,0.117976041263
361639,0.0601528609448,0.131367123116,0.127724677875
362498,0.0602957418496,0.145192583889,0.140021334518
363357,0.0604386227545,0.14799399417,0.147012218593
364216,0.0605815036593,0.142673123781,0.130048246088
365075,0.0607243845642,0.152821553778,0.138292314894
365934,0.0608672654691,0.159241851207,0.146359821408
366793,0.0610101463739,0.164460234597,0.151734674056
367652,0.0611530272788,0.166688155054,0.156606336596
368511,0.0612959081836,0.174558447407,0.16099833603
369370,0.0614387890885,0.180006519388,0.164684416459
370229,0.0615816699933,0.191711541257,0.168860352689
371088,0.0617245508982,0.173363678667,0.154466949925
371947,0.0618674318031,0.162862742291,0.143307613901
372806,0.0620103127079,0.148658368851,0.136710741896
373665,0.0621531936128,0.145862172747,0.148896993754
374524,0.0622960745176,0.158648620198,0.175191064394
375383,0.0624389554225,0.180113681965,0.206094959991
376242,0.0625818363273,0.203706194229,0.227942915359
377101,0.0627247172322,0.220668944729,0.234827104481
377960,0.0628675981371,0.198533330578,0.201634155845
378819,0.0630104790419,0.189966987034,0.196954141289
379678,0.0631533599468,0.189463276144,0.193653630912
380537,0.0632962408516,0.213676779321,0.222583452274
381396,0.0634391217565,0.232885170772,0.246902256502
382255,0.0635820026613,0.272990176423,0.298364050131
383114,0.0637248835662,0.276798093901,0.296677655891
383973,0.0638677644711,0.223692505043,0.233947904605
384832,0.0640106453759,0.185937992047,0.212545066832
385691,0.0641535262808,0.208196415575,0.246342022224
386550,0.0642964071856,0.31480447722,0.359046613845
387409,0.0644392880905,0.394295151225,0.42895445414
388268,0.0645821689953,0.297005433271,0.333323418697
389127,0.0647250499002,0.239420066454,0.316438425734
389986,0.0648679308051,0.193395151081,0.318785672871
390845,0.0650108117099,0.214230030517,0.372483636783
391704,0.0651536926148,0.143974797159,0.310670551198
392563,0.0652965735196,0.07603435221,0.254392704025
393422,0.0654394544245,0.0693702318653,0.25894384289
394281,0.0655823353293,0.0270701307478,0.262248129157
395140,0.0657252162342,0.0356218595822,0.23412700321
395999,0.0658680971391,0.0100418393659,0.207047293293
396858,0.0660109780439,-0.019584775934,0.205500552872
397717,0.0661538589488,0.000128485759859,0.218953538839
398576,0.0662967398536,0.047403590598,0.258996861122
399435,0.0664396207585,0.0557189570723,0.262706920546
400294,0.0665825016633,0.154556625199,0.297709473002
401153,0.0667253825682,0.200243835975,0.27839649749
402012,0.0668682634731,0.142595240829,0.23518294301
402871,0.0670111443779,0.130802094382,0.255762315866
403730,0.0671540252828,0.130573366242,0.264957951442
404589,0.0672969061876,0.137826753536,0.285094626329
405448,0.0674397870925,0.186314332927,0.331655934399
406307,0.0675826679973,0.0677998030234,0.208781181137
407166,0.0677255489022,0.0385650146212,0.179876484309
408025,0.0678684298071,0.0417669474881,0.203639214822
408884,0.0680113107119,0.0732353368298,0.220370077202
409743,0.0681541916168,0.132925058267,0.271324082462
410602,0.0682970725216,0.105889362605,0.231947521189
411461,0.0684399534265,0.135773273169,0.249543714309
412320,0.0685828343313,0.173392523144,0.265337135908
413179,0.0687257152362,0.181265132301,0.274112453017
414038,0.0688685961411,0.150986426387,0.242427682413
414897,0.0690114770459,0.116179201297,0.213988534204
415756,0.0691543579508,0.0935879691071,0.182579281245
416615,0.0692972388556,0.103518938791,0.202492730701
417474,0.0694401197605,0.0695112585274,0.185233755868
418333,0.0695830006653,0.0702760325733,0.172996024076
419192,0.0697258815702,0.0897850743928,0.178171343586
420051,0.069868762475,0.125676956876,0.197765204649
420910,0.0700116433799,0.143131812408,0.205439577628
421769,0.0701545242848,0.140093789925,0.191548487313
422628,0.0702974051896,0.124106012111,0.184974607283
423487,0.0704402860945,0.144575246155,0.197688305676
424346,0.0705831669993,0.131170819875,0.186724927175
425205,0.0707260479042,0.131565094851,0.198508859779
426064,0.070868928809,0.160560511078,0.22751745689
426923,0.0710118097139,0.226835968367,0.308665947558
427782,0.0711546906188,0.195776881221,0.279185987801
428641,0.0712975715236,0.185218089983,0.293773685805
429500,0.0714404524285,0.149230802626,0.266378714151
430359,0.0715833333333,0.100807562554,0.18308853211
431218,0.0717262142382,0.0640465936426,0.166276097337
432077,0.071869095143,0.0650006564496,0.176191394952
432936,0.0720119760479,0.0883263449069,0.189988806215
433795,0.0721548569528,0.126935895328,0.182336223921
434654,0.0722977378576,0.0742687327156,0.125757485299
435513,0.0724406187625,0.0634114598671,0.12926244132
436372,0.0725834996673,0.0688174468792,0.132941003625
437231,0.0727263805722,0.0789081716034,0.129339674138
438090,0.072869261477,0.0975525034374,0.134967819437
438949,0.0730121423819,0.103591162828,0.159079639065
439808,0.0731550232868,0.135447488069,0.168422128039
440667,0.0732979041916,0.144515177324,0.194856196581
441526,0.0734407850965,0.146115764847,0.191477278533
442385,0.0735836660013,0.167013520666,0.20016892754
443244,0.0737265469062,0.193657243728,0.226256663929
444103,0.073869427811,0.212087102658,0.231189559825
444962,0.0740123087159,0.161317528456,0.172368677114
445821,0.0741551896208,0.135911638622,0.153407988032
446680,0.0742980705256,0.121743915096,0.149850111499
447539,0.0744409514305,0.114693848562,0.150596506747
448398,0.0745838323353,0.125340768034,0.148355530616
449257,0.0747267132402,0.128818470175,0.16214011581
450116,0.074869594145,0.143117199824,0.170869699069
450975,0.0750124750499,0.161696645288,0.184672320569
451834,0.0751553559548,0.18466146165,0.204256945699
452693,0.0752982368596,0.176125425355,0.196185499711
453552,0.0754411177645,0.149110853281,0.161709909012
454411,0.0755839986693,0.146863843875,0.156023142648
455270,0.0757268795742,0.145551087841,0.152546019228
456129,0.075869760479,0.140527412653,0.142166641254
456988,0.0760126413839,0.135285396259,0.133301381465
457847,0.0761555222888,0.133422806605,0.129680208975
458706,0.0762984031936,0.135618965289,0.132675919166
459565,0.0764412840985,0.142925354113,0.145732611343
460424,0.0765841650033,0.156911923933,0.163015778736
461283,0.0767270459082,0.176499000862,0.177254435518
462142,0.076869926813,0.188635812446,0.187850555549
463001,0.0770128077179,0.198244636003,0.201436504631
463860,0.0771556886228,0.218896806091,0.227533772054
464719,0.0772985695276,0.224268152123,0.24309246887
465578,0.0774414504325,0.186635952156,0.220425373479
466437,0.0775843313373,0.142945458666,0.175649514478
467296,0.0777272122422,0.130622252456,0.162035770816
468155,0.077870093147,0.122845210668,0.155093051339
469014,0.0780129740519,0.108566025717,0.136683185024
469873,0.0781558549568,0.114473609266,0.144776224965
470732,0.0782987358616,0.127758950292,0.164336620611
471591,0.0784416167665,0.114628033579,0.155686882754
472450,0.0785844976713,0.123713678852,0.15977957944
473309,0.0787273785762,0.121838254198,0.156491964644
474168,0.078870259481,0.131072895092,0.159964044347
475027,0.0790131403859,0.154300002372,0.178136743853
475886,0.0791560212908,0.167268926022,0.188403865418
476745,0.0792989021956,0.19056430722,0.220097331038
477604,0.0794417831005,0.203349040387,0.223037301277
478463,0.0795846640053,0.155865476234,0.177091973329
479322,0.0797275449102,0.138444488397,0.175929364057
480181,0.079870425815,0.117809046309,0.173223151767
481040,0.0800133067199,0.12816023793,0.181174482914
481899,0.0801561876248,0.144894172464,0.190650234711
482758,0.0802990685296,0.137847011347,0.18461633902
483617,0.0804419494345,0.12636456967,0.182872676866
484476,0.0805848303393,0.120884509707,0.196002069473
485335,0.0807277112442,0.138784359507,0.208827839032
486194,0.080870592149,0.137786949237,0.209242773843
487053,0.0810134730539,0.118189543481,0.181082894779
487912,0.0811563539587,0.108914279103,0.150423430593
488771,0.0812992348636,0.128572122691,0.175953159943
489630,0.0814421157685,0.124819557582,0.174250999434
490489,0.0815849966733,0.122375325267,0.176919706003
491348,0.0817278775782,0.170762567693,0.222842968987
492207,0.081870758483,0.257924220115,0.314907795507
493066,0.0820136393879,0.228542079555,0.278598569641
493925,0.0821565202927,0.232480266734,0.291977270835
494784,0.0822994011976,0.276871331332,0.353582857206
495643,0.0824422821025,0.183557030567,0.251651651803
496502,0.0825851630073,0.151667983423,0.258469318219
497361,0.0827280439122,0.114898442375,0.226996557593
498220,0.082870924817,0.0866474727172,0.176940524129
499079,0.0830138057219,0.0403755751539,0.148344231073
499938,0.0831566866267,0.0416613192447,0.149957602189
500797,0.0832995675316,0.0836617411797,0.172424387051
501656,0.0834424484365,0.0539731908884,0.147171680236
502515,0.0835853293413,0.0582052503698,0.162599157809
503374,0.0837282102462,0.0902137585819,0.179960686296
504233,0.083871091151,0.119133816729,0.181722461885
505092,0.0840139720559,0.119176975197,0.183041074511
505951,0.0841568529607,0.110569878757,0.153268481735
506810,0.0842997338656,0.0957033048296,0.157143698532
507669,0.0844426147705,0.157920417749,0.220066237107
508528,0.0845854956753,0.237774228689,0.326948927041
509387,0.0847283765802,0.203598964236,0.292110375138
510246,0.084871257485,0.172759982285,0.274201351551
511105,0.0850141383899,0.168950795483,0.258605621654
511964,0.0851570192947,0.184536062058,0.237937222936
512823,0.0852999001996,0.176248510959,0.235054204775
513682,0.0854427811045,0.139297969559,0.209895352993
514541,0.0855856620093,0.148197582424,0.209758121771
515400,0.0857285429142,0.19418902073,0.25330355241
516259,0.085871423819,0.219397959206,0.279153337042
517118,0.0860143047239,0.204780122787,0.256184626115
517977,0.0861571856287,0.166017620527,0.233043397114
518836,0.0863000665336,0.173922477637,0.234324073244
519695,0.0864429474385,0.170741590309,0.221310007662
520554,0.0865858283433,0.159364042489,0.199988068999
521413,0.0867287092482,0.15110804325,0.170502140238
522272,0.086871590153,0.158274015604,0.158879036201
523131,0.0870144710579,0.165019479461,0.169585538761
523990,0.0871573519627,0.183996286754,0.193767765986
524849,0.0873002328676,0.226103523695,0.231367753309
525708,0.0874431137725,0.246093946021,0.264042756707
526567,0.0875859946773,0.235415584547,0.241869777935
527426,0.0877288755822,0.20576584361,0.229418619266
528285,0.087871756487,0.223722128015,0.278368852506
529144,0.0880146373919,0.316290697474,0.387574462524
530003,0.0881575182967,0.25793675337,0.318928362234
530862,0.0883003992016,0.166493013845,0.257852853769
531721,0.0884432801065,0.155273265079,0.259678333618
532580,0.0885861610113,0.118868442243,0.240600250255
533439,0.0887290419162,0.0985535730712,0.225163952512
534298,0.088871922821,0.180916844347,0.282550714301
535157,0.0890148037259,0.16634529902,0.284866538836
536016,0.0891576846307,0.184044835473,0.329028578475
536875,0.0893005655356,0.222550227368,0.370257766832
537734,0.0894434464405,0.132088209557,0.278026351034
538593,0.0895863273453,0.0644061368185,0.206422195033
539452,0.0897292082502,0.0567022482956,0.192646792791
540311,0.089872089155,0.0773856158888,0.217098781525
541170,0.0900149700599,0.140682092902,0.241003501823
542029,0.0901578509647,0.186024484366,0.277771956097
542888,0.0903007318696,0.216565071924,0.332441799996
543747,0.0904436127745,0.234866862499,0.375711762961
544606,0.0905864936793,0.20523769917,0.335522717398
545465,0.0907293745842,0.152994487091,0.31232690328
546324,0.090872255489,0.134398480297,0.264347166936
547183,0.0910151363939,0.0208048817336,0.16462635179
548042,0.0911580172987,0.0040156318335,0.169738705242
548901,0.0913008982036,0.0248673845806,0.170720977312
549760,0.0914437791084,0.0607644571135,0.175945815785
550619,0.0915866600133,0.0967552284559,0.205659828437
551478,0.0917295409182,0.0862482719586,0.177804685457
552337,0.091872421823,0.142644844841,0.267003216544
553196,0.0920153027279,0.0814634587748,0.211713741704
554055,0.0921581836327,0.0387727292439,0.183049062108
554914,0.0923010645376,0.0320229071579,0.165780406378
555773,0.0924439454424,0.0392627867031,0.163930365976
556632,0.0925868263473,0.0323086599944,0.157172407533
557491,0.0927297072522,0.0380663168435,0.15356193282
558350,0.092872588157,0.0438883522195,0.157233633019
559209,0.0930154690619,0.0713531355224,0.182429891915
560068,0.0931583499667,0.176791145854,0.264044908825
560927,0.0933012308716,0.253272845781,0.391390200737
561786,0.0934441117764,0.139860011355,0.227309258579
562645,0.0935869926813,0.0938062575174,0.190100998088
563504,0.0937298735862,0.081452199164,0.162290956474
564363,0.093872754491,0.0985741446777,0.159623629342
565222,0.0940156353959,0.114473365781,0.166759581491
566081,0.0941585163007,0.169319245309,0.249773646355
566940,0.0943013972056,0.110883881063,0.198206039411
567799,0.0944442781104,0.096747270566,0.206222997016
568658,0.0945871590153,0.0795715255,0.201918002995
569517,0.0947300399202,0.0819595626548,0.178435625926
570376,0.094872920825,0.0734428382047,0.169416555528
571235,0.0950158017299,0.115286841138,0.180422156728
572094,0.0951586826347,0.0865093089887,0.174722853081
572953,0.0953015635396,0.0903122465584,0.174421628156
573812,0.0954444444444,0.0942510009576,0.174995265131
574671,0.0955873253493,0.0941182672208,0.160836241078
575530,0.0957302062542,0.0880616017981,0.160037356484
576389,0.095873087159,0.109940619089,0.162167626239
577248,0.0960159680639,0.129969721044,0.166551774086
578107,0.0961588489687,0.143044579746,0.172581848947
578966,0.0963017298736,0.160523964657,0.178511475395
579825,0.0964446107784,0.182470351957,0.193100805926
580684,0.0965874916833,0.207694087737,0.213630867561
581543,0.0967303725882,0.216779814609,0.201393022586
582402,0.096873253493,0.218136566361,0.197577842466
583261,0.0970161343979,0.211278034172,0.204337713204
584120,0.0971590153027,0.219048226828,0.227915557576
584979,0.0973018962076,0.238722016676,0.265010436975
585838,0.0974447771124,0.256940293823,0.28477623237
586697,0.0975876580173,0.227602893939,0.245041883795
587556,0.0977305389222,0.178476982259,0.196990174553
588415,0.097873419827,0.162098287846,0.182164961093
589274,0.0980163007319,0.124151489383,0.150540470522
590133,0.0981591816367,0.0995505517144,0.130029142619
590992,0.0983020625416,0.10757026122,0.127094087843
591851,0.0984449434464,0.132345564259,0.14570103071
592710,0.0985878243513,0.16360213311,0.188980166877
593569,0.0987307052562,0.182426893818,0.220502617535
594428,0.098873586161,0.162293233953,0.216335585022
595287,0.0990164670659,0.130390902758,0.184251227419
596146,0.0991593479707,0.139741280761,0.194935087537
597005,0.0993022288756,0.124461986946,0.165465510248
597864,0.0994451097804,0.118896208202,0.159381216645
598723,0.0995879906853,0.122056334913,0.16259629607
599582,0.0997308715902,0.121192487137,0.165033874266
600441,0.099873752495,0.116579941294,0.169768984762
601300,0.1000166334,0.127119388717,0.179212323554
602159,0.100159514305,0.139421423312,0.191073936546
603018,0.10030239521,0.137020225429,0.177030355488
603877,0.100445276114,0.125048766747,0.15208405433
604736,0.100588157019,0.109370755311,0.133905512179
605595,0.100731037924,0.0936127366906,0.132784951207
606454,0.100873918829,0.102708442479,0.148781799739
607313,0.101016799734,0.166712580118,0.214556993389
608172,0.101159680639,0.189393039958,0.236126472709
609031,0.101302561544,0.143826043031,0.17408199866
609890,0.101445442448,0.119511262056,0.148666592796
610749,0.101588323353,0.112083519132,0.167466406416
611608,0.101731204258,0.122338870159,0.200253015248
612467,0.101874085163,0.145418018795,0.224657586615
613326,0.102016966068,0.187380251904,0.268028423305
614185,0.102159846973,0.219097664704,0.289751230354
615044,0.102302727878,0.214456676344,0.277687752803
615903,0.102445608782,0.168230216683,0.256504360322
616762,0.102588489687,0.13393725861,0.211440431505
617621,0.102731370592,0.137795457492,0.185656938362
618480,0.102874251497,0.135005877027,0.176755369147
619339,0.103017132402,0.139494442724,0.182479718683
620198,0.103160013307,0.137741697992,0.188795720942
621057,0.103302894212,0.134998758347,0.184520857957
621916,0.103445775116,0.114317109736,0.164456957241
622775,0.103588656021,0.116021806837,0.167491238335
623634,0.103731536926,0.132750344074,0.180739635567
624493,0.103874417831,0.159066778855,0.201977130851
625352,0.104017298736,0.140804712454,0.170984150534
626211,0.104160179641,0.143784993797,0.169292647801
627070,0.104303060546,0.16803178647,0.189164774551
627929,0.10444594145,0.114400042152,0.139932662484
628788,0.104588822355,0.0944337421207,0.140004978159
629647,0.10473170326,0.110230769607,0.138890820925
630506,0.104874584165,0.122671885347,0.137956409339
631365,0.10501746507,0.131144602476,0.151242706109
632224,0.105160345975,0.154139048965,0.166430782329
633083,0.10530322688,0.190483354273,0.192103392604
633942,0.105446107784,0.226370254152,0.227898783218
634801,0.105588988689,0.217898541071,0.210408314626
635660,0.105731869594,0.207025466321,0.207555588225
636519,0.105874750499,0.179386439032,0.181733621659
637378,0.106017631404,0.16452037663,0.167355281712
638237,0.106160512309,0.170535134975,0.168648443803
639096,0.106303393214,0.17624510303,0.174862699177
639955,0.106446274118,0.196063571698,0.213745961061
640814,0.106589155023,0.202005210531,0.236972437588
641673,0.106732035928,0.145253456173,0.213107734959
642532,0.106874916833,0.104096745963,0.191816260957
643391,0.107017797738,0.0930759059546,0.182875641803
644250,0.107160678643,0.119218641503,0.188003677495
645109,0.107303559548,0.141963404332,0.215732108661
645968,0.107446440452,0.152645623266,0.230887102771
646827,0.107589321357,0.120135772062,0.181374414195
647686,0.107732202262,0.105022484834,0.16256375002
648545,0.107875083167,0.0902221869282,0.179890904993
649404,0.108017964072,0.0908077115839,0.182036202645
650263,0.108160844977,0.112607327456,0.19982406564
651122,0.108303725882,0.112065203231,0.199735601783
651981,0.108446606786,0.125134275975,0.202935370266
652840,0.108589487691,0.126030699598,0.189821571257
653699,0.108732368596,0.135731424026,0.187325456246
654558,0.108875249501,0.169605574951,0.211432325677
655417,0.109018130406,0.225247404356,0.248936282487
656276,0.109161011311,0.232815219479,0.239872898394
657135,0.109303892216,0.155456688696,0.183735657838
657994,0.10944677312,0.128156907346,0.187621092476
658853,0.109589654025,0.118748827674,0.209670356611
659712,0.10973253493,0.124173928219,0.23874887067
660571,0.109875415835,0.106263659314,0.200371480719
661430,0.11001829674,0.0863406142603,0.172825289309
662289,0.110161177645,0.106918388794,0.184745636985
663148,0.11030405855,0.144439351258,0.201484373174
664007,0.110446939454,0.1435974951,0.174093314959
664866,0.110589820359,0.095621438501,0.138813745335
665725,0.110732701264,0.0762543826309,0.152582537219
666584,0.110875582169,0.085784186614,0.173783579615
667443,0.111018463074,0.116823819508,0.203212002129
668302,0.111161343979,0.17953510229,0.257051384748
669161,0.111304224884,0.16443110484,0.227748489677
670020,0.111447105788,0.161185785063,0.211390756879
670879,0.111589986693,0.183090640031,0.225856145727
671738,0.111732867598,0.19399321279,0.23350907145
672597,0.111875748503,0.204798696022,0.240618149066
673456,0.112018629408,0.205335257634,0.225446341091
674315,0.112161510313,0.187493789243,0.202358845091
675174,0.112304391218,0.168269959716,0.182783344227
676033,0.112447272122,0.139997242193,0.157961538784
676892,0.112590153027,0.129656095108,0.153158757118
677751,0.112733033932,0.126560671538,0.15340676945
678610,0.112875914837,0.130158402346,0.158519217604
679469,0.113018795742,0.120289952355,0.146276324143
680328,0.113161676647,0.110652611272,0.134234948588
681187,0.113304557552,0.107375292858,0.128217823237
682046,0.113447438456,0.0985461863163,0.119503608098
682905,0.113590319361,0.0986612795783,0.11410895769
683764,0.113733200266,0.103159796423,0.114903221631
684623,0.113876081171,0.116885571185,0.127046603041
685482,0.114018962076,0.134995953324,0.141753124856
686341,0.114161842981,0.1368474216,0.134160926012
687200,0.114304723886,0.13440521515,0.136432270303
688059,0.11444760479,0.141498089696,0.144576511072
688918,0.114590485695,0.139261655315,0.146057392065
689777,0.1147333666,0.145675257386,0.14384481542
690636,0.114876247505,0.160465806274,0.14918077484
691495,0.11501912841,0.177065534907,0.163065719568
692354,0.115162009315,0.181340854214,0.163139435211
693213,0.11530489022,0.182565720053,0.16021677396
694072,0.115447771124,0.1690810579,0.151285515822
694931,0.115590652029,0.1678623649,0.152687226423
695790,0.115733532934,0.146255214137,0.141230596639
696649,0.115876413839,0.154453853938,0.151532818967
697508,0.116019294744,0.143314191452,0.152329847333
698367,0.116162175649,0.137811720469,0.164102201984
699226,0.116305056554,0.157174574595,0.193010086106
700085,0.116447937458,0.183147915725,0.225641655429
700944,0.116590818363,0.192470932373,0.224790152953
701803,0.116733699268,0.174495251255,0.203811940827
702662,0.116876580173,0.171757636334,0.197777012303
703521,0.117019461078,0.183578779273,0.207289885807
704380,0.117162341983,0.202102953353,0.224137068192
705239,0.117305222888,0.171200586281,0.182206549392
706098,0.117448103792,0.172850679564,0.176416363843
706957,0.117590984697,0.147524191946,0.148057754133
707816,0.117733865602,0.133840903377,0.13940070504
708675,0.117876746507,0.125207121164,0.136239551917
709534,0.118019627412,0.127952467619,0.141390489828
710393,0.118162508317,0.142783428913,0.148663120231
711252,0.118305389222,0.148611454837,0.157190111707
712111,0.118448270126,0.167116309393,0.184746336307
712970,0.118591151031,0.19796286765,0.21501393065
713829,0.118734031936,0.23744987569,0.245774743258
714688,0.118876912841,0.284861195966,0.302853416277
715547,0.119019793746,0.238927472776,0.2726245296
716406,0.119162674651,0.234009890734,0.271342458604
717265,0.119305555556,0.238678910037,0.287168288163
718124,0.11944843646,0.231303633453,0.278136150387
718983,0.119591317365,0.197578315549,0.225689987563
719842,0.11973419827,0.193841005055,0.217882918522
720701,0.119877079175,0.135178161963,0.188685845952
721560,0.12001996008,0.0773079930009,0.158752646643
722419,0.120162840985,0.0701970992651,0.161641233927
723278,0.12030572189,0.0870484960638,0.172092791949
724137,0.120448602794,0.103753592144,0.169214654803
724996,0.120591483699,0.0992303257519,0.160905907433
725855,0.120734364604,0.0922635462373,0.161260999725
726714,0.120877245509,0.118019549388,0.169375709178
727573,0.121020126414,0.130894280447,0.168198990344
728432,0.121163007319,0.147575904553,0.168069318788
729291,0.121305888224,0.152711713542,0.171187986334
730150,0.121448769128,0.149331535704,0.174092799899
731009,0.121591650033,0.146382870398,0.169278766778
731868,0.121734530938,0.161462589338,0.180836644678
732727,0.121877411843,0.186228050387,0.200636290536
733586,0.122020292748,0.187660995553,0.20408455315
734445,0.122163173653,0.177286086039,0.193000526857
735304,0.122306054558,0.162470021967,0.177847474624
736163,0.122448935462,0.145130674357,0.183659962491
737022,0.122591816367,0.140016976674,0.204196693534
737881,0.122734697272,0.12781556468,0.194689595249
738740,0.122877578177,0.0930726570077,0.156912441265
739599,0.123020459082,0.0818963351823,0.154175591752
740458,0.123163339987,0.0826637672952,0.154335243218
741317,0.123306220892,0.0518048692807,0.146291986457
742176,0.123449101796,0.0767659473599,0.144799175715
743035,0.123591982701,0.0701603426911,0.138507079746
743894,0.123734863606,0.0531518611136,0.141674520988
744753,0.123877744511,0.0639307870835,0.161074478842
745612,0.124020625416,0.0884176920143,0.177341027506
746471,0.124163506321,0.113953519579,0.184447839326
747330,0.124306387226,0.166436041608,0.198744463736
748189,0.12444926813,0.188318151189,0.211344385869
749048,0.124592149035,0.192140495538,0.212149444965
749907,0.12473502994,0.202332429918,0.200870140202
750766,0.124877910845,0.212453881838,0.198902335827
751625,0.12502079175,0.214871439879,0.208134275364
752484,0.125163672655,0.2457590272,0.256942840616
753343,0.12530655356,0.367079493647,0.393782773204
754202,0.125449434464,0.334595750306,0.345748466414
755061,0.125592315369,0.314572166164,0.373874090438
755920,0.125735196274,0.212529237419,0.270821055739
756779,0.125878077179,0.132308703465,0.195018477978
757638,0.126020958084,0.0724467111727,0.16621622275
758497,0.126163838989,0.0543670887855,0.16806439444
759356,0.126306719894,0.0617980579952,0.182776620563
760215,0.126449600798,0.0872491800634,0.218676740014
761074,0.126592481703,0.0802507233919,0.215789076768
761933,0.126735362608,0.0817727588241,0.212333384341
762792,0.126878243513,0.124952792478,0.241447636476
763651,0.127021124418,0.190452300124,0.302574511424
764510,0.127164005323,0.231119428666,0.335457860249
765369,0.127306886228,0.172061762419,0.258496803292
766228,0.127449767132,0.130053761285,0.212322822361
767087,0.127592648037,0.135284408829,0.214899586328
767946,0.127735528942,0.113848896426,0.19933851714
768805,0.127878409847,0.152253306133,0.22467258697
769664,0.128021290752,0.151596052844,0.245092154959
770523,0.128164171657,0.143009296772,0.22463773146
771382,0.128307052562,0.124571922345,0.203142227462
772241,0.128449933466,0.102269583701,0.184519907541
773100,0.128592814371,0.0677357165575,0.146019254888
773959,0.128735695276,0.0576425042993,0.153802448926
774818,0.128878576181,0.0630132073261,0.16794391799
775677,0.129021457086,0.0848797218569,0.174179221465
776536,0.129164337991,0.105902829495,0.181154172988
777395,0.129307218896,0.107076122499,0.192892496449
778254,0.1294500998,0.128217664373,0.201523616471
779113,0.129592980705,0.118079994315,0.178199837307
779972,0.12973586161,0.123084173146,0.164743520921
780831,0.129878742515,0.122769402219,0.160377956757
781690,0.13002162342,0.113735224643,0.149432051248
782549,0.130164504325,0.116164890384,0.149888396196
783408,0.13030738523,0.130229750797,0.159170340661
784267,0.130450266134,0.140992107672,0.177507940058
785126,0.130593147039,0.148824523493,0.182153878256
785985,0.130736027944,0.145588768819,0.178017843172
786844,0.130878908849,0.166861704425,0.205620825956
787703,0.131021789754,0.181334970729,0.215408315095
788562,0.131164670659,0.152921743619,0.181034030361
789421,0.131307551564,0.150014865643,0.182583382247
790280,0.131450432468,0.186744736632,0.221144352763
791139,0.131593313373,0.188862213364,0.205784792529
791998,0.131736194278,0.144290248503,0.150931801269
792857,0.131879075183,0.121739248207,0.147287283366
793716,0.132021956088,0.125399529611,0.165416225629
794575,0.132164836993,0.153201206299,0.204409346195
795434,0.132307717898,0.212971899446,0.267018689715
796293,0.132450598802,0.209371760708,0.252120710548
797152,0.132593479707,0.165989035707,0.202405406824
798011,0.132736360612,0.17562692605,0.203374308042
798870,0.132879241517,0.166346351752,0.19781651641
799729,0.133022122422,0.161269867907,0.212690812057
800588,0.133165003327,0.170209811714,0.222343455127
801447,0.133307884232,0.181077908383,0.243948686337
802306,0.133450765136,0.201436414785,0.272515823554
803165,0.133593646041,0.176155977459,0.231317612614
804024,0.133736526946,0.212874772036,0.266926082934
804883,0.133879407851,0.199068572869,0.242014094411
805742,0.134022288756,0.147722560722,0.199943161393
806601,0.134165169661,0.126229073623,0.194399419979
807460,0.134308050566,0.12162287885,0.188260545268
808319,0.13445093147,0.123489918467,0.195122957375
809178,0.134593812375,0.124239000043,0.195534700647
810037,0.13473669328,0.120377978106,0.192955809382
810896,0.134879574185,0.120322935324,0.20619792162
811755,0.13502245509,0.116672115431,0.194316741627
812614,0.135165335995,0.0902463454882,0.182297885118
813473,0.1353082169,0.109791223094,0.214411584017
814332,0.135451097804,0.0966981996386,0.212925522293
815191,0.135593978709,0.125415747697,0.220609280145
816050,0.135736859614,0.118517261862,0.201383520488
816909,0.135879740519,0.120247677293,0.222380194861
817768,0.136022621424,0.0939442141984,0.232438227884
818627,0.136165502329,0.119650244052,0.266292604001
819486,0.136308383234,0.167230090729,0.300142040041
820345,0.136451264138,0.181379592464,0.284670377988
821204,0.136594145043,0.193744737967,0.278938535678
822063,0.136737025948,0.170108831831,0.25852773215
822922,0.136879906853,0.140258148137,0.241299889221
823781,0.137022787758,0.138658804948,0.262314926878
824640,0.137165668663,0.0928223209375,0.221276676557
825499,0.137308549568,0.0938920104645,0.220063128662
826358,0.137451430472,0.144143905358,0.255389247753
827217,0.137594311377,0.101955207498,0.233553774689
828076,0.137737192282,0.0632967388887,0.203188955084
828935,0.137880073187,0.0369142231838,0.177221845939
829794,0.138022954092,0.0407308232335,0.182975829035
830653,0.138165834997,0.0637038859629,0.180009637812
831512,0.138308715902,0.0865050770018,0.170668975386
832371,0.138451596806,0.0986832168034,0.16653932222
833230,0.138594477711,0.110085573345,0.194073547268
834089,0.138737358616,0.143255208849,0.245754926999
834948,0.138880239521,0.13448946838,0.214814310644
835807,0.139023120426,0.113056877505,0.175267066469
836666,0.139166001331,0.0934849578016,0.155409761687
837525,0.139308882236,0.0908496773514,0.150337991529
838384,0.13945176314,0.109848895596,0.165181453653
839243,0.139594644045,0.148024692627,0.198244292036
840102,0.13973752495,0.174301730732,0.222747178444
840961,0.139880405855,0.165339010044,0.208122940141
841820,0.14002328676,0.12997554574,0.197943158541
842679,0.140166167665,0.141820279414,0.220756397508
843538,0.14030904857,0.129180940308,0.198117886289
844397,0.140451929474,0.107797250123,0.170417899342
845256,0.140594810379,0.0945265320374,0.157604814102
846115,0.140737691284,0.0828472468141,0.152155589043
846974,0.140880572189,0.084231808793,0.155870705464
847833,0.141023453094,0.0720533924314,0.152120519278
848692,0.141166333999,0.0637930533192,0.144316702467
849551,0.141309214904,0.0718478822387,0.150390737882
850410,0.141452095808,0.0792206361376,0.162502058259
851269,0.141594976713,0.0926608651483,0.161171239639
852128,0.141737857618,0.115406158001,0.16656604988
852987,0.141880738523,0.132335652516,0.182695498461
853846,0.142023619428,0.181536446359,0.237760263558
854705,0.142166500333,0.246376138629,0.293550852015
855564,0.142309381238,0.275964010458,0.325105447965
856423,0.142452262142,0.284948074568,0.329649909525
857282,0.142595143047,0.286470550951,0.340258313413
858141,0.142738023952,0.199318418455,0.239764838903
858858,0.142857285429,0.159674239689,0.198718741637
