859,0.000142880904857,0.106221004048,0.0425921815869,0.0331305961213,0.498206449748,0.301447792894,0.525340762442
1718,0.000285761809714,0.140461730716,0.0815074313077,0.0714479918069,0.460798117588,0.297625558162,0.494907946073
2577,0.000428642714571,0.14248179631,0.0934529989275,0.0649009552378,0.414295298323,0.28265632983,0.437017969721
3436,0.000571523619428,0.156679998922,0.101659001273,0.0715461399163,0.400170063314,0.278593963443,0.423205078575
4295,0.000714404524285,0.141356688553,0.103787236746,0.0775407512873,0.3603891341,0.279694218756,0.413539142048
5154,0.000857285429142,0.128082272841,0.097218155612,0.0693981295786,0.326444404972,0.28009395091,0.392191111822
6013,0.001000166334,0.122594483714,0.0938271501617,0.0446825433994,0.309298060924,0.278205366501,0.366971201226
6872,0.00114304723886,0.0734143802633,0.0850356770727,-0.0156900738245,0.243384795849,0.259972231846,0.293257478253
7731,0.00128592814371,0.0422692513283,0.0762360636619,-0.0426744851642,0.217425552556,0.246036744236,0.257721313046
8590,0.00142880904857,0.0364588477063,0.0580809823574,-0.0612336965471,0.220629916659,0.226740312137,0.243077017522
9449,0.00157168995343,0.0307883718554,0.0403886197851,-0.0735341796033,0.206355273063,0.211019120363,0.218352617553
10308,0.00171457085828,0.0337678430133,0.0309242198369,-0.06598112913,0.199009072268,0.204615720413,0.204178469349
11167,0.00185745176314,0.0406731111153,0.0201396759028,-0.0562959712919,0.20389733052,0.203706922336,0.19769050206
12026,0.002000332668,0.0563779834492,0.0122996407878,-0.0302972044218,0.237113696375,0.221974562867,0.217029444647
12885,0.00214321357285,0.0700149208982,0.0142900161781,0.00304841357151,0.242715991572,0.228453143596,0.230520481791
13744,0.00228609447771,0.0947086972469,0.0297844816853,0.0338875275088,0.25929294421,0.237112458718,0.250744645209
14603,0.00242897538257,0.136232684767,0.0453793599063,0.075518196663,0.299319520483,0.232256493586,0.288046938773
15462,0.00257185628743,0.170171789683,0.0615471494619,0.117893046221,0.323355143299,0.244950172326,0.33227674052
16321,0.00271473719228,0.178925657053,0.0745529706604,0.118962001531,0.306912546224,0.254818492477,0.319930229683
17180,0.00285761809714,0.197159606245,0.0959647976308,0.152993708044,0.304812782351,0.276909517904,0.344505601641
18039,0.003000499002,0.21714890404,0.116441908799,0.181426508379,0.337138584393,0.322649706863,0.382954766742
18898,0.00314337990685,0.244733444639,0.13810099664,0.220043222573,0.376329871551,0.341936820778,0.405735709944
19757,0.00328626081171,0.283289986263,0.146763926686,0.252877323,0.42088901119,0.343504367108,0.423205699042
20616,0.00342914171657,0.309003028063,0.147824574389,0.277279971302,0.455330910029,0.3618756794,0.452801824048
21475,0.00357202262142,0.250495654606,0.130530749202,0.247978785137,0.388934742039,0.364721973112,0.419336598313
22334,0.00371490352628,0.194220465527,0.101880819164,0.205877302293,0.338578979428,0.350752032239,0.393412965391
23193,0.00385778443114,0.165633042899,0.0898312324768,0.174094944893,0.333394714545,0.339202791827,0.379795997926
24052,0.00400066533599,0.151379469357,0.0825121096532,0.163362540942,0.342348682685,0.330455906891,0.390406207249
24911,0.00414354624085,0.159477479268,0.0852056545742,0.190665530193,0.383112668269,0.357457101402,0.468167168994
25770,0.00428642714571,0.146919264888,0.0711970593094,0.209072360634,0.424644074401,0.404401333728,0.521258454809
26629,0.00442930805057,0.187976326324,0.0752700421762,0.202364801807,0.455558514343,0.37148635083,0.498756732182
27488,0.00457218895542,0.133335481963,0.0316623136374,0.102101661421,0.418423455454,0.334372195749,0.399523557353
28347,0.00471506986028,0.119882751447,-0.00684735507009,0.034520840613,0.421987756829,0.309955973571,0.351442328647
29206,0.00485795076514,0.10536603473,-0.0307238134851,-0.0152787552944,0.435300214441,0.28384482832,0.316561959322
30065,0.00500083166999,0.130276595145,-0.0359909672871,-0.0754184058357,0.449766477162,0.28267035866,0.272048906017
30924,0.00514371257485,0.163248630389,-0.0257346857606,-0.0862770064513,0.464316747344,0.300130763737,0.275532960336
31783,0.00528659347971,0.193375168816,0.0193798935005,-0.0742471739609,0.421750362087,0.347074153299,0.329717463042
32642,0.00542947438456,0.139976263883,0.0462359234262,-0.0738771998467,0.338544228523,0.363016040386,0.331897845297
33501,0.00557235528942,0.0978121685831,0.0539528488637,-0.116498554753,0.330895354075,0.38574894865,0.334700798532
34360,0.00571523619428,0.0578111288652,0.00455206022088,-0.183801615357,0.317917117077,0.337827649715,0.312946099619
35219,0.00585811709914,-0.0173139874195,-0.0671727044191,-0.237203648066,0.290379695524,0.294929231386,0.297110881942
36078,0.00600099800399,-0.0652063740264,-0.116150781556,-0.264299854891,0.301226583353,0.300039478666,0.314303952251
36937,0.00614387890885,-0.105162072036,-0.143130114413,-0.284103272276,0.288396157206,0.281111137535,0.324138378035
37796,0.00628675981371,-0.112722083321,-0.139700974086,-0.25877045907,0.282927852892,0.264438363912,0.309093063018
38655,0.00642964071856,-0.0949696126562,-0.132350658831,-0.21620671531,0.293754834464,0.245163675954,0.317149047337
39514,0.00657252162342,-0.0928133696986,-0.131511269375,-0.209850583442,0.284633684193,0.249801130866,0.302310212124
40373,0.00671540252828,-0.101457437997,-0.149519717276,-0.197363571442,0.255248632732,0.227862059308,0.283054477107
41232,0.00685828343313,-0.102462460762,-0.164465629927,-0.187253407981,0.239719194012,0.215406077046,0.281824097858
