1202,0.000199933466401,1.30893084916,0.633540915053
2404,0.000399866932801,1.89507168558,1.20568677743
3606,0.000599800399202,2.85557819103,2.20857796452
4808,0.000799733865602,3.90790463893,3.23593771688
6010,0.000999667332003,5.17979197316,4.37428600328
7212,0.0011996007984,7.06394392572,6.09739227542
8414,0.0013995342648,9.37854546928,8.32386106267
9616,0.0015994677312,12.1067712617,10.8040128547
10818,0.0017994011976,14.8054845595,13.1442451087
12020,0.00199933466401,18.4277439319,16.4651843038
13222,0.00219926813041,21.2372112259,18.6314187903
14424,0.00239920159681,23.5942583218,20.9876882166
15626,0.00259913506321,27.8381912219,25.1557188796
16828,0.00279906852961,31.8738796311,28.5562822593
18030,0.00299900199601,40.8709783459,39.1440233649
19232,0.00319893546241,42.6855359701,43.1299206471
20434,0.00339886892881,38.8190220244,37.8268520333
21636,0.00359880239521,35.879255415,35.3967184249
22838,0.00379873586161,37.7533575066,37.6780580615
24040,0.00399866932801,45.721263128,47.41547131
25242,0.00419860279441,47.7184851251,48.9673635365
26444,0.00439853626081,53.6159307441,54.6589034429
27646,0.00459846972721,64.7260040484,66.5896094826
28848,0.00479840319361,80.217066752,78.4521064386
30050,0.00499833666001,110.437191558,102.914444459
31252,0.00519827012641,106.069607212,101.857081592
32454,0.00539820359281,93.0309928813,87.6308518602
33656,0.00559813705921,90.3874874344,86.5095448912
34858,0.00579807052562,66.7626158916,64.6130992366
36060,0.00599800399202,64.8252198368,60.7601047055
37262,0.00619793745842,57.917011787,52.5152461661
38464,0.00639787092482,58.5530531333,52.5767039439
39666,0.00659780439122,50.2831050564,45.9197362568
40868,0.00679773785762,46.0180323851,40.9848592054
42070,0.00699767132402,45.4345272644,39.6640402397
43272,0.00719760479042,45.1426491693,38.6260103596
44474,0.00739753825682,45.7469986667,40.1465722747
45676,0.00759747172322,42.9191822731,40.5564749013
46878,0.00779740518962,42.1480852073,41.0260081144
48080,0.00799733865602,41.15779711,39.1775732551
49282,0.00819727212242,64.95154939,61.1746826552
50484,0.00839720558882,78.4182108017,77.1103312304
51686,0.00859713905522,84.5193039164,74.4603198345
52888,0.00879707252162,88.3987984374,81.9039410804
54090,0.00899700598802,113.397017261,104.616875343
55292,0.00919693945442,141.882065335,122.021383963
56494,0.00939687292083,105.140840612,96.9498662873
57696,0.00959680638723,128.238764993,117.075305663
58898,0.00979673985363,238.614578363,212.633608068
60100,0.00999667332003,234.158373221,203.956242002
61302,0.0101966067864,277.151162062,252.541158722
62504,0.0103965402528,294.576438068,278.101798721
63706,0.0105964737192,208.154860885,213.70491351
64908,0.0107964071856,149.407030962,159.943592908
66110,0.010996340652,131.232802808,134.302670825
67312,0.0111962741184,155.65553941,154.207162062
68514,0.0113962075848,149.597457496,139.551566797
69716,0.0115961410512,156.257664256,156.38213828
70918,0.0117960745176,188.964537769,186.43349502
72120,0.011996007984,215.497603969,228.500201307
73322,0.0121959414504,263.271699401,276.574239807
74524,0.0123958749168,222.889433987,223.700178525
75726,0.0125958083832,186.783435526,185.763165937
76928,0.0127957418496,193.978713838,195.108972252
78130,0.012995675316,164.014931016,162.572246646
79332,0.0131956087824,154.992595048,153.37808632
80534,0.0133955422488,177.760096353,175.789650466
81736,0.0135954757152,208.826197334,194.655139146
82938,0.0137954091816,282.923105303,257.879260488
84140,0.013995342648,446.738436525,403.137830902
85342,0.0141952761144,526.609768593,478.449226224
86544,0.0143952095808,725.232518037,663.127161119
87746,0.0145951430472,727.205681018,695.406388227
88948,0.0147950765136,938.042756717,856.996283475
90150,0.01499500998,658.951709556,644.530874218
91352,0.0151949434464,875.643173214,736.001943323
92554,0.0153948769128,901.006725398,824.536716051
93756,0.0155948103792,1072.31424398,995.748003415
94958,0.0157947438456,1082.62291495,953.871827047
96160,0.015994677312,733.639069717,722.42320904
97362,0.0161946107784,218.182823119,242.485525637
98564,0.0163945442448,192.13599617,214.435507767
99766,0.0165944777112,177.290539912,180.609382176
100968,0.0167944111776,209.45372056,195.419291132
102170,0.016994344644,157.926363445,165.7334302
103372,0.0171942781104,182.331449643,169.402162882
104574,0.0173942115768,208.965272294,183.092017301
105776,0.0175941450432,292.843468307,286.726592198
106978,0.0177940785096,282.059973163,294.372403918
108180,0.017994011976,332.588923792,317.455117624
109382,0.0181939454424,308.088193927,298.867058949
110584,0.0183938789088,312.282230422,300.06044822
111786,0.0185938123752,348.817718791,360.567542292
112988,0.0187937458417,446.804074203,448.721722196
114190,0.0189936793081,315.450944349,335.960105623
115392,0.0191936127745,427.615042488,428.069217165
116594,0.0193935462409,363.751721565,399.499930818
117796,0.0195934797073,267.287272447,297.194334213
118998,0.0197934131737,191.018459715,196.972604684
120200,0.0199933466401,168.50692396,178.70040669
121402,0.0201932801065,309.550857682,345.664680574
122604,0.0203932135729,296.817051511,318.985320074
123806,0.0205931470393,285.243254939,321.873225486
125008,0.0207930805057,378.412930081,411.108989282
126210,0.0209930139721,342.069379733,396.671852487
127412,0.0211929474385,183.224631688,203.05019921
128614,0.0213928809049,154.471325094,173.376877677
129816,0.0215928143713,109.460788782,129.769149307
131018,0.0217927478377,113.166410065,123.617205038
132220,0.0219926813041,110.369073544,117.912524144
133422,0.0221926147705,97.0781723834,102.38387148
134624,0.0223925482369,70.8378593124,77.2397589118
135826,0.0225924817033,71.913272684,72.9529827398
137028,0.0227924151697,65.2471263028,61.3511830128
138230,0.0229923486361,64.8285123157,64.0156487601
139432,0.0231922821025,73.3919423331,72.3131209855
140634,0.0233922155689,66.9774225476,67.3715711682
141836,0.0235921490353,61.081692429,58.3071709075
143038,0.0237920825017,53.954472896,51.0797374967
144240,0.0239920159681,54.1696456954,51.2605155736
145442,0.0241919494345,66.2254693999,66.3418988946
146644,0.0243918829009,66.0890321953,65.1967230043
147846,0.0245918163673,71.773729414,68.2546138733
149048,0.0247917498337,66.4356574188,62.695260959
150250,0.0249916833001,58.7421455153,54.9874011054
151452,0.0251916167665,76.0225047662,70.6098378947
152654,0.0253915502329,98.2840277515,94.33670156
153856,0.0255914836993,103.697495932,107.494388468
155058,0.0257914171657,97.7426091305,103.866702424
156260,0.0259913506321,78.8072230856,74.700611129
157462,0.0261912840985,87.0445881564,81.0483014795
158664,0.0263912175649,120.707841479,116.977919684
159866,0.0265911510313,117.770439856,115.871224904
161068,0.0267910844977,107.407019529,98.192738457
162270,0.0269910179641,96.935278278,86.6607610757
163472,0.0271909514305,85.0394415272,74.9326962176
164674,0.0273908848969,78.7978477654,67.5899993264
165876,0.0275908183633,73.2264872824,64.6860059163
167078,0.0277907518297,68.5644300166,64.8031747091
168280,0.0279906852961,60.40188502,57.0148258678
169482,0.0281906187625,53.5333319026,51.3559412411
170684,0.0283905522289,50.4271594575,47.8805478018
171886,0.0285904856953,60.6893176751,55.596719599
173088,0.0287904191617,53.6964261938,48.9532572303
174290,0.0289903526281,51.8922808281,48.0545434588
175492,0.0291902860945,45.1193965369,40.3121245976
176694,0.0293902195609,45.3610100237,41.1780995628
177896,0.0295901530273,45.2194682768,39.4118782014
179098,0.0297900864937,53.3394554785,47.7574042255
180300,0.0299900199601,54.384756142,45.936741424
181502,0.0301899534265,45.9708285103,38.7454779048
182704,0.0303898868929,41.8119722849,35.7891915473
183906,0.0305898203593,46.0999364812,42.0518729908
185108,0.0307897538257,52.9845649762,50.2030307322
186310,0.0309896872921,65.79421771,66.6843249285
187512,0.0311896207585,84.6798943532,86.2799969892
188714,0.0313895542249,87.9722046866,90.5362508433
189916,0.0315894876913,80.6894676335,83.2908624124
191118,0.0317894211577,73.4528845935,75.461585432
192320,0.0319893546241,83.8093498881,87.8689430564
193522,0.0321892880905,96.236595492,93.3514678379
194724,0.0323892215569,121.374567307,114.014979423
195926,0.0325891550233,176.6747184,162.226282741
197128,0.0327890884897,245.575328544,217.14400532
198330,0.0329890219561,356.87479138,313.685611646
199532,0.0331889554225,435.010087001,408.684099765
200734,0.0333888888889,851.056916534,749.970449839
201936,0.0335888223553,1055.70277855,1017.64980469
203138,0.0337887558217,571.605726433,577.028041027
204340,0.0339886892881,798.6617527,807.265344474
205542,0.0341886227545,965.412118277,935.551237681
206744,0.0343885562209,1243.47699857,1186.91076621
207946,0.0345884896873,1219.10743795,1227.60513828
209148,0.0347884231537,1089.76485064,1154.46202564
210350,0.0349883566201,731.786898674,794.693615954
211552,0.0351882900865,657.67724841,677.45193389
212754,0.0353882235529,641.562313744,687.439500415
213956,0.0355881570193,405.249794505,464.844678196
215158,0.0357880904857,342.16351007,374.564470493
216360,0.0359880239521,335.168138422,364.277604389
217562,0.0361879574185,326.66435084,357.541398893
218764,0.0363878908849,391.320096742,397.330220377
219966,0.0365878243513,533.798868299,536.743012404
221168,0.0367877578177,388.843758405,394.012581726
222370,0.0369876912841,382.714314773,404.737223474
223572,0.0371876247505,255.246699598,306.658442198
224774,0.0373875582169,305.475459992,383.456954955
225976,0.0375874916833,256.521004084,337.512777825
227178,0.0377874251497,356.692038028,408.139302616
228380,0.0379873586161,509.858274276,571.993504
229582,0.0381872920825,696.335896551,782.563408122
230784,0.0383872255489,598.976269704,698.825844559
231986,0.0385871590153,286.198399029,325.752688981
233188,0.0387870924817,294.045816961,333.074857695
234390,0.0389870259481,231.463412651,245.917569767
235592,0.0391869594145,213.191701106,218.493298232
236794,0.0393868928809,154.118407318,154.00589146
237996,0.0395868263473,170.828926298,179.341001687
239198,0.0397867598137,255.227771416,251.669172354
240400,0.0399866932801,531.112550568,509.775612688
241602,0.0401866267465,433.274634764,479.260681011
242804,0.0403865602129,311.472531855,327.484762629
244006,0.0405864936793,398.461415041,411.141860239
245208,0.0407864271457,466.543360155,485.553975291
246410,0.0409863606121,412.982990454,449.669170105
247612,0.0411862940785,619.114948919,614.118620822
248814,0.0413862275449,602.253187282,594.492825768
250016,0.0415861610113,440.432133399,430.079120719
251218,0.0417860944777,531.691958284,514.209125503
252420,0.0419860279441,827.409174591,813.216997029
253622,0.0421859614105,505.023646768,537.280789353
254824,0.0423858948769,315.71155153,350.60982527
256026,0.0425858283433,166.700722591,175.675738149
257228,0.0427857618097,219.617085482,222.571900421
258430,0.0429856952761,172.640195366,170.696666512
259632,0.0431856287425,196.893407864,194.882050318
260834,0.0433855622089,382.224661986,384.536892829
262036,0.0435854956753,296.754130344,319.425867913
263238,0.0437854291417,372.280465495,370.032895714
264440,0.0439853626081,410.412825261,460.983787152
265642,0.0441852960745,313.345494675,342.441981214
266844,0.0443852295409,344.412031818,386.32329888
268046,0.0445851630073,441.580339955,511.404428876
269248,0.0447850964737,739.330091716,822.087383754
270450,0.0449850299401,858.259759002,996.269054056
271652,0.0451849634065,528.371402688,617.216987884
272854,0.0453848968729,392.472283636,480.620196729
274056,0.0455848303393,356.255847614,409.855717932
275258,0.0457847638057,358.847554849,436.559522932
276460,0.0459846972721,262.209839368,315.398539842
277662,0.0461846307385,286.978349904,325.500944678
278864,0.0463845642049,435.148527236,444.024172926
280066,0.0465844976713,457.528673249,431.532512554
281268,0.0467844311377,554.518701326,527.814080221
282470,0.0469843646041,534.571386818,511.777953163
283672,0.0471842980705,428.390911785,442.126681149
284874,0.0473842315369,366.96452724,404.48591159
286076,0.0475841650033,349.484648185,351.799080434
287278,0.0477840984697,541.359773581,534.47284203
288480,0.0479840319361,312.770369688,313.793690645
289682,0.0481839654025,128.275723677,125.158383113
290884,0.0483838988689,129.356801764,125.289299795
292086,0.0485838323353,109.30647433,104.237292687
293288,0.0487837658017,131.790921879,115.108524085
294490,0.0489836992681,96.2316381022,82.1155075773
295692,0.0491836327345,108.712463534,101.857630707
296894,0.0493835662009,132.603000864,128.160129985
298096,0.0495834996673,164.746321855,146.693688468
299298,0.0497834331337,170.653650976,151.897992497
300500,0.0499833666001,146.485439711,139.404786458
301702,0.0501833000665,108.052665517,108.587914403
302904,0.0503832335329,101.268518759,97.5100002853
304106,0.0505831669993,78.6240803565,79.0655267287
305308,0.0507831004657,75.8695598827,74.5082262772
306510,0.0509830339321,78.8180299708,74.7424933489
307712,0.0511829673985,75.9352823901,69.5437843171
308914,0.0513829008649,76.8911624956,69.6214648742
310116,0.0515828343313,82.2867851775,73.664367284
311318,0.0517827677977,111.639403424,99.6755840182
312520,0.0519827012641,109.529509098,94.3021022462
313722,0.0521826347305,100.914737675,90.414081503
314924,0.0523825681969,82.2418956109,79.3742488197
316126,0.0525825016633,81.5766772787,74.5858901538
317328,0.0527824351297,104.914733668,94.701385969
318530,0.0529823685961,96.8021886701,90.6407089894
319732,0.0531823020625,101.551082887,96.497856878
320934,0.0533822355289,97.1654191606,89.5045989533
322136,0.0535821689953,81.4236966885,73.2300379253
323338,0.0537821024617,86.7042006391,81.6737514035
324540,0.0539820359281,78.9970979294,76.2044809095
325742,0.0541819693945,76.3109760746,72.2453338379
326944,0.0543819028609,96.8968150604,88.9936230443
328146,0.0545818363273,125.010808438,127.712558751
329348,0.0547817697937,101.096252208,102.462301106
330550,0.0549817032601,60.8026334594,59.122598049
331752,0.0551816367265,61.63553361,57.6303167537
332954,0.0553815701929,55.2617776288,53.0203119823
334156,0.0555815036593,65.2268668637,59.4533194747
335358,0.0557814371257,65.2316843582,56.7124783963
336560,0.0559813705921,83.1794572258,78.7259210894
337762,0.0561813040585,103.38590111,103.567062293
338964,0.056381237525,110.305703873,111.540467922
340166,0.0565811709914,189.501092602,185.120432421
341368,0.0567811044578,211.475684852,219.588102965
342570,0.0569810379242,226.050613247,228.332492055
343772,0.0571809713906,334.600170685,343.770415111
344974,0.057380904857,316.086415525,337.217332424
346176,0.0575808383234,198.753411455,202.744530042
347378,0.0577807717898,150.013867862,160.05214195
348580,0.0579807052562,164.154103607,170.130266448
349782,0.0581806387226,133.828869241,145.148746362
350984,0.058380572189,98.4643580379,102.643629085
352186,0.0585805056554,119.701771959,118.106717751
353388,0.0587804391218,126.722292402,129.432555328
354590,0.0589803725882,131.355213937,142.924494774
355792,0.0591803060546,137.770614774,137.748021442
356994,0.059380239521,235.490910056,215.650848294
358196,0.0595801729874,339.761672582,307.62525305
359398,0.0597801064538,250.725223499,229.31197133
360600,0.0599800399202,475.135440136,420.070001905
361802,0.0601799733866,453.920006337,415.518023234
363004,0.060379906853,379.162650546,349.92551566
364206,0.0605798403194,289.077317,285.261400068
365408,0.0607797737858,218.191736055,211.496002376
366610,0.0609797072522,263.985295724,262.691785996
367812,0.0611796407186,279.51914807,271.468366446
369014,0.061379574185,241.292554766,255.589045135
370216,0.0615795076514,217.838198496,263.533481714
371418,0.0617794411178,259.251422966,314.828475392
372620,0.0619793745842,322.945330024,374.031857776
373822,0.0621793080506,378.973059993,436.639995831
375024,0.062379241517,240.283256639,268.142165045
376226,0.0625791749834,269.165268937,294.235215371
377428,0.0627791084498,319.819667004,346.691464883
378630,0.0629790419162,334.719015665,388.82154683
379832,0.0631789753826,292.886739428,338.862347464
381034,0.063378908849,194.235494485,210.908150558
382236,0.0635788423154,318.086706191,339.444426544
383438,0.0637787757818,323.345862914,338.876967619
384640,0.0639787092482,180.322412141,205.566193843
385842,0.0641786427146,212.718927504,238.669948283
387044,0.064378576181,301.526244509,322.079885972
388246,0.0645785096474,238.308896941,249.083100308
389448,0.0647784431138,412.886039434,427.279648791
390650,0.0649783765802,634.331149252,629.405845135
391852,0.0651783100466,614.590573162,674.442531996
393054,0.065378243513,657.840193794,720.88092358
394256,0.0655781769794,729.139770497,778.865752946
395458,0.0657781104458,533.865066564,586.963391315
396660,0.0659780439122,683.786276367,696.460120474
397862,0.0661779773786,645.090130515,670.29128595
399064,0.066377910845,421.671073233,457.811362331
400266,0.0665778443114,323.20838321,346.292143878
401468,0.0667777777778,248.864069588,275.872573598
402670,0.0669777112442,195.757949554,201.124854666
403872,0.0671776447106,100.481613004,102.411243159
405074,0.067377578177,84.0385955579,85.5077470018
406276,0.0675775116434,65.2112924154,70.4915219325
407478,0.0677774451098,58.7321258972,54.7817831533
408680,0.0679773785762,60.8001177619,53.1721112663
409882,0.0681773120426,49.5368271927,46.2481238539
411084,0.068377245509,41.502668246,37.2492323946
412286,0.0685771789754,49.8219492544,43.6145479098
413488,0.0687771124418,52.8063272652,49.099435162
414690,0.0689770459082,60.6754490731,59.4619138919
415892,0.0691769793746,58.9253107663,60.0785235216
417094,0.069376912841,67.3212348879,69.4453212947
418296,0.0695768463074,54.9809451014,56.9315867863
419498,0.0697767797738,50.0456769136,46.5350402334
420700,0.0699767132402,43.8925439234,39.878422748
421902,0.0701766467066,45.3961834037,41.4673493903
423104,0.070376580173,54.3700899331,50.7368761494
424306,0.0705765136394,54.9390347055,53.1210973834
425508,0.0707764471058,56.0829829635,50.8750053213
426710,0.0709763805722,73.2204580036,64.4402596104
427912,0.0711763140386,80.1635981827,74.5560163848
429114,0.071376247505,86.1958217202,86.0710573416
430316,0.0715761809714,76.6033018436,74.67029269
431518,0.0717761144378,69.8428162771,68.2985402674
432720,0.0719760479042,54.3559873791,53.1108293569
433922,0.0721759813706,42.008899864,39.6498686296
435124,0.072375914837,50.3736043479,47.631867554
436326,0.0725758483034,57.3690638619,58.9006847052
437528,0.0727757817698,67.0483704802,73.1479092357
438730,0.0729757152362,101.791910011,109.629774627
439932,0.0731756487026,81.5582963976,85.3729188609
441134,0.073375582169,66.9884712966,62.8184794707
442336,0.0735755156354,67.1176053089,67.1724102947
443538,0.0737754491018,72.2056809281,71.2862826756
444740,0.0739753825682,77.4699080348,74.0292020784
445942,0.0741753160346,72.6227565156,68.8111291247
447144,0.074375249501,89.8415160368,85.8596325284
448346,0.0745751829674,61.0848913232,54.8136838968
449548,0.0747751164338,51.6509726505,45.5618403818
450750,0.0749750499002,50.9241447589,45.4329497061
451952,0.0751749833666,56.53019965,51.6963145321
453154,0.075374916833,63.3391715324,58.9947292614
454356,0.0755748502994,80.7857472701,73.7135379352
455558,0.0757747837658,74.0748722277,70.4534055922
456760,0.0759747172322,80.3864772551,74.4982691848
457962,0.0761746506986,89.5616281428,84.3016298463
459164,0.076374584165,83.612601432,80.2050799522
460366,0.0765745176314,89.3095277487,86.4974604275
461568,0.0767744510978,77.317075224,72.4271884424
462770,0.0769743845642,75.0794896985,72.5744706441
463972,0.0771743180306,76.131530923,73.6873650518
465174,0.077374251497,108.703670622,98.6000711866
466376,0.0775741849634,91.298517987,81.760683077
467578,0.0777741184298,82.6501045443,73.9817958198
468780,0.0779740518962,73.7998110824,65.5411014267
469982,0.0781739853626,67.7616230584,54.9035460618
471184,0.078373918829,56.6614628388,48.2995807472
472386,0.0785738522954,56.4710684416,51.7508472332
473588,0.0787737857618,74.0165316631,69.8883715935
474790,0.0789737192282,83.4411930504,83.0139986499
475992,0.0791736526946,87.1134832707,85.3834787062
477194,0.079373586161,78.244541006,75.4141979289
478396,0.0795735196274,78.8129168021,74.6654441522
479598,0.0797734530938,85.9827205704,86.7224227644
480800,0.0799733865602,80.8639426582,85.2190652404
482002,0.0801733200266,73.1033069551,77.1317419
483204,0.080373253493,66.3157578461,70.9921370356
484406,0.0805731869594,72.3143271914,77.6980659041
485608,0.0807731204258,66.5290467099,72.6319575623
486810,0.0809730538922,69.2060559439,73.7453294749
488012,0.0811729873586,66.7054130435,72.6973446795
489214,0.081372920825,88.3884318009,96.3754042656
490416,0.0815728542914,82.6993664366,84.2303979057
491618,0.0817727877578,66.1333947661,67.0115477034
492820,0.0819727212242,56.6035642801,57.6772099016
494022,0.0821726546906,57.3263993126,59.0660469253
495224,0.082372588157,66.7910828407,73.3022095908
496426,0.0825725216234,71.9781109789,77.7278315881
497628,0.0827724550898,77.0130624518,82.6150906766
498830,0.0829723885562,72.1695343608,81.8353308235
500032,0.0831723220226,61.4543897211,69.023782166
501234,0.083372255489,58.6753296061,63.6079685605
502436,0.0835721889554,55.7085426461,58.6654749045
503638,0.0837721224218,50.104772703,56.4967644511
504840,0.0839720558882,46.282603589,48.9425767089
506042,0.0841719893546,41.5988862837,44.8082253178
507244,0.084371922821,50.9849902669,54.9145855178
508446,0.0845718562874,58.9936766664,59.2927293981
509648,0.0847717897538,64.6115233564,62.3412421104
510850,0.0849717232202,70.1105653744,67.2498625445
512052,0.0851716566866,75.2158449681,71.1436639583
513254,0.085371590153,66.0548024766,60.5801287329
514456,0.0855715236194,71.082919217,61.6966905219
515658,0.0857714570858,68.1248621303,58.2732966512
516860,0.0859713905522,69.8747606657,61.6118625961
518062,0.0861713240186,66.6158484068,59.7983721569
519264,0.086371257485,65.9668325343,58.2794901729
520466,0.0865711909514,64.9083453185,55.8860220884
521668,0.0867711244178,84.9707908556,72.3426835083
522870,0.0869710578842,102.057116336,85.6846441963
524072,0.0871709913506,100.213862786,88.1355602412
525274,0.087370924817,96.1284531161,88.4486225285
526476,0.0875708582834,96.1609885175,93.0658183488
527678,0.0877707917498,99.8056994254,98.6869515737
528880,0.0879707252162,122.062208898,113.052754523
530082,0.0881706586826,117.55264248,107.865048778
531284,0.088370592149,123.516886617,120.838851661
532486,0.0885705256154,136.158313512,127.112824313
533688,0.0887704590818,205.871508637,192.154481004
534890,0.0889703925482,231.494690253,218.416921187
536092,0.0891703260146,258.330053906,227.336450923
537294,0.089370259481,243.288930457,210.994444554
538496,0.0895701929474,266.732421058,233.114952752
539698,0.0897701264138,369.03805186,307.778246766
540900,0.0899700598802,419.13734582,390.739729269
542102,0.0901699933466,592.979682454,597.334917408
543304,0.090369926813,947.395883998,836.558161937
544506,0.0905698602794,620.915357029,644.349080408
545708,0.0907697937458,696.731016981,667.931960469
546910,0.0909697272122,547.552083004,567.390090784
548112,0.0911696606786,322.462606618,309.150110215
549314,0.091369594145,223.373690755,233.311754956
550516,0.0915695276114,197.244388831,192.074623768
551718,0.0917694610778,228.868151178,226.814617476
552920,0.0919693945442,238.706104425,221.429313734
554122,0.0921693280106,143.3597274,128.048589426
555324,0.092369261477,133.380112765,130.057729366
556526,0.0925691949434,130.353292611,126.427160452
557728,0.0927691284098,122.261034541,117.836290518
558930,0.0929690618762,100.194804728,102.148703719
560132,0.0931689953426,73.0074530705,77.6568692803
561334,0.093368928809,59.4759815043,69.4940891471
562536,0.0935688622754,54.1650846592,62.9571822098
563738,0.0937687957418,52.7077314481,53.2382257933
564940,0.0939687292083,47.647306126,48.5898079885
566142,0.0941686626747,52.0408621144,51.5465325792
567344,0.0943685961411,55.8324335244,57.0953996794
568546,0.0945685296075,52.6400584194,56.4920754958
569748,0.0947684630739,45.6734817129,47.7798041777
570950,0.0949683965403,40.9032509179,41.5323654644
572152,0.0951683300067,41.4929617842,40.6666965571
573354,0.0953682634731,33.8601362682,34.6749425968
574556,0.0955681969395,39.9143783061,41.7729722686
575758,0.0957681304059,44.6921789632,44.2098479196
576960,0.0959680638723,63.1369671504,66.4076211257
578162,0.0961679973387,83.5667691547,87.0628595306
579364,0.0963679308051,95.4731414537,101.098128559
580566,0.0965678642715,99.5344454906,105.483684383
581768,0.0967677977379,89.0570226447,90.8412554644
582970,0.0969677312043,92.3062296055,100.524445861
584172,0.0971676646707,101.138238247,107.182362333
585374,0.0973675981371,99.4330194999,101.135543418
586576,0.0975675316035,88.2228890768,90.1091908596
587778,0.0977674650699,77.6357703172,72.4934246621
588980,0.0979673985363,117.395282369,109.984301885
590182,0.0981673320027,85.203827318,85.8776903739
591384,0.0983672654691,74.8946423102,73.4541411127
592586,0.0985671989355,85.5263910981,86.9429831132
593788,0.0987671324019,116.973913095,110.152194947
594990,0.0989670658683,122.719574383,120.199779742
596192,0.0991669993347,111.934078996,111.175225751
597394,0.0993669328011,116.108490874,129.954158015
598596,0.0995668662675,145.58823309,153.857730528
599798,0.0997667997339,132.535229802,136.800762273
601000,0.0999667332003,126.525234806,137.793139285
602202,0.100166666667,122.961624275,140.937239249
603404,0.100366600133,143.494894901,165.981452617
604606,0.100566533599,159.303634107,162.038378937
605808,0.100766467066,170.073856265,189.373772545
607010,0.100966400532,193.82481532,203.026694713
608212,0.101166333999,178.870924582,175.226588487
609414,0.101366267465,238.958518504,234.66125369
610616,0.101566200931,152.343431544,142.471498064
611818,0.101766134398,261.048574058,242.778239676
613020,0.101966067864,347.532397058,343.128016906
614222,0.102166001331,255.83683841,267.525307526
