3006,0.0005,0.0465696563791,0.0
6012,0.001,0.0462584225326,0.0
9018,0.0015,0.0462466023643,0.0
12024,0.002,0.0461153039468,0.0
15030,0.0025,0.0462423037661,0.0
18036,0.003,0.0456360036038,0.0
21042,0.0035,0.0459956181895,0.0
24048,0.004,0.0460134702109,0.0
27054,0.0045,0.0458845021818,0.0
30060,0.005,0.0459041926843,0.0
33066,0.0055,0.0459951641634,0.0
36072,0.006,0.0457706295819,0.0
39078,0.0065,0.0457977906934,0.0
42084,0.007,0.0462143823293,0.0
45090,0.0075,0.0458986669052,0.0
48096,0.008,0.045848453464,0.0
51102,0.0085,0.0458875047108,0.0
54108,0.009,0.0457727000271,0.0
57114,0.0095,0.0455507409345,0.0
60120,0.01,0.0460302424311,0.0
63126,0.0105,0.04573384746,0.0
66132,0.011,0.0455939738659,0.0
69138,0.0115,0.0456358944381,0.0
72144,0.012,0.0457780987518,0.0
75150,0.0125,0.0453332831791,0.0
78156,0.013,0.0456561871326,0.0
81162,0.0135,0.0456760347694,0.0
84168,0.014,0.0456161675765,0.0
87174,0.0145,0.0457175042803,0.0
90180,0.015,0.0457915206568,0.0
93186,0.0155,0.0454995626174,0.0
96192,0.016,0.0457226291297,0.0
99198,0.0165,0.0458299415514,0.0
102204,0.017,0.0456375546816,0.0
105210,0.0175,0.0456977109274,0.0
108216,0.018,0.0455270722717,0.0
111222,0.0185,0.0455507920293,0.0
114228,0.019,0.0455610424367,0.0
117234,0.0195,0.045564699287,0.0
120240,0.02,0.0456090616991,0.0
123246,0.0205,0.0456571253085,0.0
126252,0.021,0.0456501877365,0.0
129258,0.0215,0.0456297121269,0.0
132264,0.022,0.0454597827238,0.0
135270,0.0225,0.0457481790477,0.0
138276,0.023,0.0456573553815,0.0
141282,0.0235,0.0457396837957,0.0
144288,0.024,0.0457756462969,0.0
147294,0.0245,0.0459590274002,0.0
150300,0.025,0.0453292549003,0.0
153306,0.0255,0.0459348214989,0.0
156312,0.026,0.045777913044,0.0
159318,0.0265,0.0460009211251,0.0
162324,0.027,0.0459195279206,0.0
165330,0.0275,0.0460270894018,0.0
168336,0.028,0.0455185355677,0.0
171342,0.0285,0.0458304743278,0.0
174348,0.029,0.0459545450975,0.0
177354,0.0295,0.0459036893383,0.0
180360,0.03,0.0459053411665,0.0
183366,0.0305,0.0460004963649,0.0
186372,0.031,0.0457646428866,0.0
189378,0.0315,0.0456748478309,0.0
192384,0.032,0.0459209212529,0.0
195390,0.0325,0.0458610555309,0.0
198396,0.033,0.0458454598206,0.0
201402,0.0335,0.0457465923135,0.0
204408,0.034,0.045630343897,0.0
207414,0.0345,0.0454543326371,0.0
210420,0.035,0.0455675908759,0.0
213426,0.0355,0.0455488916927,0.0
216432,0.036,0.0453647814152,0.0
219438,0.0365,0.0454130583957,0.0
222444,0.037,0.0459950227098,0.0
225450,0.0375,0.0453402106541,0.0
228456,0.038,0.0458221003023,0.0
231462,0.0385,0.0456646722179,0.0
234468,0.039,0.045559046278,0.0
237474,0.0395,0.0456471487852,0.0
240480,0.04,0.0456302048271,0.0
243486,0.0405,0.0454992180725,0.0
246492,0.041,0.0456648019138,0.0
249498,0.0415,0.0458579534082,0.0
252504,0.042,0.0458167548848,0.0
255510,0.0425,0.0460756046994,0.0
258516,0.043,0.0463293766849,0.0
261522,0.0435,0.0456863626772,0.0
264528,0.044,0.0453711619985,0.0
267534,0.0445,0.0462095826517,0.0
270540,0.045,0.0458450625079,0.0
273546,0.0455,0.0458347147073,0.0
276552,0.046,0.0459733535767,0.0
279558,0.0465,0.0459429329016,0.0
282564,0.047,0.0455309191468,0.0
285570,0.0475,0.045747833318,0.0
288576,0.048,0.0456435323974,0.0
291582,0.0485,0.0457959133587,0.0
294588,0.049,0.0456686303158,0.0
297594,0.0495,0.0459406994437,0.0
300600,0.05,0.0453301124324,0.0
303606,0.0505,0.046167463538,0.0
306612,0.051,0.0461962520177,0.0
309618,0.0515,0.0458870708913,0.0
312624,0.052,0.0459556370577,0.0
315630,0.0525,0.0461957703325,0.0
318636,0.053,0.0456025736287,0.0
321642,0.0535,0.0460963854884,0.0
324648,0.054,0.046091557384,0.0
327654,0.0545,0.0460858672051,0.0
330660,0.055,0.0460345179486,0.0
333666,0.0555,0.046017149227,0.0
336672,0.056,0.0456565543351,0.0
339678,0.0565,0.0456446738776,0.0
342684,0.057,0.0460273003656,0.0
345690,0.0575,0.0459800938892,0.0
348696,0.058,0.0457329983109,0.0
351702,0.0585,0.0460350670952,0.0
354708,0.059,0.0459859904896,0.0
357714,0.0595,0.0455658996578,0.0
360720,0.06,0.045662916492,0.0
363726,0.0605,0.0457270123475,0.0
366732,0.061,0.0451779102281,0.0
369738,0.0615,0.0453561917227,0.0
372744,0.062,0.0455659569053,0.0
375750,0.0625,0.0453081938859,0.0
378756,0.063,0.0454395221874,0.0
381762,0.0635,0.0458130417111,0.0
384768,0.064,0.0452775382,0.0
387774,0.0645,0.0455615398397,0.0
390780,0.065,0.0459653599636,0.0
393786,0.0655,0.0454929151745,0.0
396792,0.066,0.0456068539336,0.0
399798,0.0665,0.0458038377857,0.0
402804,0.067,0.0459182503827,0.0
405810,0.0675,0.0459267987929,0.0
408816,0.068,0.0460970272945,0.0
411822,0.0685,0.0458455198469,0.0
414828,0.069,0.0459953981768,0.0
417834,0.0695,0.0458253820933,0.0
420840,0.07,0.0458550445983,0.0
423846,0.0705,0.045589486543,0.0
426852,0.071,0.0454181786983,0.0
429858,0.0715,0.0457071769164,0.0
432864,0.072,0.0452656773906,0.0
435870,0.0725,0.0449821196026,0.0
438876,0.073,0.0455310946917,0.0
441882,0.0735,0.0453589208041,0.0
444888,0.074,0.0456826958067,0.0
447894,0.0745,0.0456989176996,0.0
450900,0.075,0.0453522393344,0.0
453906,0.0755,0.0454262500355,0.0
456912,0.076,0.0459364492892,0.0
459918,0.0765,0.0456163902193,0.0
462924,0.077,0.0456808285915,0.0
465930,0.0775,0.0457406614166,0.0
468936,0.078,0.0455327084931,0.0
471942,0.0785,0.0455566330055,0.0
474948,0.079,0.0455282555613,0.0
477954,0.0795,0.0454235245686,0.0
480960,0.08,0.0455511691435,0.0
483966,0.0805,0.045732620965,0.0
486972,0.081,0.0456918003754,0.0
489978,0.0815,0.0457027788333,0.0
492984,0.082,0.0458775856178,0.0
495990,0.0825,0.0458041429753,0.0
498996,0.083,0.0460583168511,0.0
502002,0.0835,0.0458032718178,0.0
505008,0.084,0.045694572672,0.0
508014,0.0845,0.0455054530649,0.0
511020,0.085,0.0455803840467,0.0
514026,0.0855,0.0453353819002,0.0
517032,0.086,0.0456552923496,0.0
520038,0.0865,0.0458606554836,0.0
523044,0.087,0.0460919269134,0.0
526050,0.0875,0.0453310250328,0.0
529056,0.088,0.0454618090175,0.0
532062,0.0885,0.0458621692626,0.0
535068,0.089,0.0458051873582,0.0
538074,0.0895,0.045732147825,0.0
541080,0.09,0.0454663896687,0.0
544086,0.0905,0.0453804008809,0.0
547092,0.091,0.0455541316334,0.0
550098,0.0915,0.0456131964727,0.0
553104,0.092,0.045756072915,0.0
556110,0.0925,0.0456786449752,0.0
559116,0.093,0.0456669331712,0.0
562122,0.0935,0.0455442546368,0.0
565128,0.094,0.046033746425,0.0
568134,0.0945,0.0455099572383,0.0
571140,0.095,0.0450550018767,0.0
574146,0.0955,0.0457487745611,0.0
577152,0.096,0.0452732606973,0.0
580158,0.0965,0.0457643626259,0.0
583164,0.097,0.0455410384126,0.0
586170,0.0975,0.0457271139294,0.0
589176,0.098,0.0456872243298,0.0
592182,0.0985,0.0454503503856,0.0
595188,0.099,0.0455786920091,0.0
598194,0.0995,0.0458570994182,0.0
601200,0.1,0.0453484152244,0.0
604206,0.1005,0.0455126036638,0.0
607212,0.101,0.0457187540543,0.0
610218,0.1015,0.0454067002619,0.0
613224,0.102,0.0459272099488,0.0
616230,0.1025,0.0457896566002,0.0
619236,0.103,0.0454957651549,0.0
622242,0.1035,0.0455949255744,0.0
625248,0.104,0.0453188819261,0.0
628254,0.1045,0.0454969410152,0.0
631260,0.105,0.0452823123503,0.0
634266,0.1055,0.0453138578205,0.0
637272,0.106,0.045437546267,0.0
640278,0.1065,0.0453893562983,0.0
643284,0.107,0.0455914857682,0.0
646290,0.1075,0.0458174265395,0.0
649296,0.108,0.0459438664426,0.0
652302,0.1085,0.0459568973088,0.0
655308,0.109,0.0457295735968,0.0
658314,0.1095,0.0454827625531,0.0
661320,0.11,0.0457436854655,0.0
664326,0.1105,0.045693833459,0.0
667332,0.111,0.0457371994781,0.0
670338,0.1115,0.0456080482293,0.0
673344,0.112,0.0457311624055,0.0
676350,0.1125,0.0453361496724,0.0
679356,0.113,0.0458173747052,0.0
682362,0.1135,0.0457337282475,0.0
685368,0.114,0.0457805396177,0.0
688374,0.1145,0.0457666572396,0.0
691380,0.115,0.0459820976449,0.0
694386,0.1155,0.0455755363061,0.0
697392,0.116,0.0458244309106,0.0
700398,0.1165,0.0457833886429,0.0
703404,0.117,0.0457820499348,0.0
706410,0.1175,0.0458269137494,0.0
709416,0.118,0.0459625270017,0.0
712422,0.1185,0.0456587388299,0.0
715428,0.119,0.0456487377777,0.0
718434,0.1195,0.0458133538166,0.0
721440,0.12,0.0457662974731,0.0
724446,0.1205,0.0458367182962,0.0
727452,0.121,0.0458238672945,0.0
730458,0.1215,0.0457368913847,0.0
733464,0.122,0.0455170379607,0.0
736470,0.1225,0.0458457658906,0.0
739476,0.123,0.04578326145,0.0
742482,0.1235,0.0457514189646,0.0
745488,0.124,0.045533676668,0.0
748494,0.1245,0.0454972095289,0.0
751500,0.125,0.0453384774267,0.0
754506,0.1255,0.045892691601,0.0
757512,0.126,0.0458739066534,0.0
760518,0.1265,0.0459056864184,0.0
763524,0.127,0.0458894722597,0.0
766530,0.1275,0.0460881225748,0.0
769536,0.128,0.0455378478537,0.0
772542,0.1285,0.0458901219368,0.0
775548,0.129,0.0458348891796,0.0
778554,0.1295,0.0458166737359,0.0
781560,0.13,0.0457441937544,0.0
784566,0.1305,0.0457831009432,0.0
787572,0.131,0.0455380838024,0.0
790578,0.1315,0.045557829093,0.0
793584,0.132,0.0456718114867,0.0
796590,0.1325,0.0456485373358,0.0
799596,0.133,0.0458280566652,0.0
802602,0.1335,0.0457731865539,0.0
805608,0.134,0.0457923058048,0.0
808614,0.1345,0.0455960735696,0.0
811620,0.135,0.0458947735593,0.0
814626,0.1355,0.0455402438544,0.0
817632,0.136,0.0457066611387,0.0
820638,0.1365,0.0457033901519,0.0
823644,0.137,0.0461537694087,0.0
826650,0.1375,0.0453361857117,0.0
829656,0.138,0.0460091289106,0.0
832662,0.1385,0.0456189359368,0.0
835668,0.139,0.0458604369912,0.0
838674,0.1395,0.0456895564363,0.0
841680,0.14,0.0460674665683,0.0
844686,0.1405,0.0456058214524,0.0
847692,0.141,0.0460080571454,0.0
850698,0.1415,0.0459237832276,0.0
853704,0.142,0.0456919081563,0.0
856710,0.1425,0.0457344865304,0.0
859716,0.143,0.0458220779601,0.0
862722,0.1435,0.0456356865823,0.0
865728,0.144,0.0456625564694,0.0
868734,0.1445,0.0459448441834,0.0
871740,0.145,0.0457822078763,0.0
874746,0.1455,0.0457175252928,0.0
877752,0.146,0.0460116466831,0.0
880758,0.1465,0.0457423603589,0.0
883764,0.147,0.0454633048274,0.0
886770,0.1475,0.0459058859034,0.0
889776,0.148,0.0459601197585,0.0
892782,0.1485,0.0458618152389,0.0
895788,0.149,0.0458723550224,0.0
898794,0.1495,0.046012029884,0.0
901800,0.15,0.0453368570185,0.0
904806,0.1505,0.0460072372681,0.0
907812,0.151,0.045920116283,0.0
910818,0.1515,0.0460274822497,0.0
913824,0.152,0.0452905602215,0.0
916830,0.1525,0.045559893475,0.0
919836,0.153,0.0454551112649,0.0
922842,0.1535,0.0455193802093,0.0
925848,0.154,0.0448910522933,0.0
928854,0.1545,0.0451900929591,0.0
931860,0.155,0.0455892151603,0.0
934866,0.1555,0.0453431019665,0.0
937872,0.156,0.0453705091787,0.0
940878,0.1565,0.0453078384707,0.0
943884,0.157,0.0453098316904,0.0
946890,0.1575,0.045511126854,0.0
949896,0.158,0.0455589580808,0.0
952902,0.1585,0.0454884220863,0.0
955908,0.159,0.0454228900782,0.0
958914,0.1595,0.0453293391312,0.0
961920,0.16,0.0456551898268,0.0
964926,0.1605,0.0457126034279,0.0
967932,0.161,0.0456455630773,0.0
970938,0.1615,0.0454872904302,0.0
973944,0.162,0.045707442031,0.0
976950,0.1625,0.0453367553858,0.0
979956,0.163,0.0458331847651,0.0
982962,0.1635,0.0456736920536,0.0
985968,0.164,0.0458268326763,0.0
988974,0.1645,0.0457541927214,0.0
991980,0.165,0.0460540606398,0.0
994986,0.1655,0.0456052976397,0.0
997992,0.166,0.0458694201696,0.0
1000998,0.1665,0.0459174932486,0.0
1004004,0.167,0.0457902476822,0.0
1007010,0.1675,0.0457599618029,0.0
1010016,0.168,0.0459321844407,0.0
1013022,0.1685,0.0457127399584,0.0
1016028,0.169,0.0457848243002,0.0
1019034,0.1695,0.0459826725862,0.0
1022040,0.17,0.0458160766141,0.0
1025046,0.1705,0.0458289955174,0.0
1028052,0.171,0.0462710735875,0.0
1031058,0.1715,0.0461149093236,0.0
1034064,0.172,0.0457056938795,0.0
1037070,0.1725,0.0464171017892,0.0
1040076,0.173,0.0459056504865,0.0
1043082,0.1735,0.0459962262752,0.0
1046088,0.174,0.0458009288288,0.0
1049094,0.1745,0.0459503560694,0.0
1052100,0.175,0.0453213727134,0.0
1055106,0.1755,0.0458253085141,0.0
1058112,0.176,0.0457137555196,0.0
1061118,0.1765,0.0457144070228,0.0
1064124,0.177,0.0459671351077,0.0
1067130,0.1775,0.0456393980151,0.0
1070136,0.178,0.0454524150335,0.0
1073142,0.1785,0.0457576527344,0.0
1076148,0.179,0.0459375387815,0.0
1079154,0.1795,0.0457943841222,0.0
1082160,0.18,0.0455126940856,0.0
1085166,0.1805,0.0458570437622,0.0
1088172,0.181,0.0456098428472,0.0
1091178,0.1815,0.045431474246,0.0
1094184,0.182,0.0457170007083,0.0
1097190,0.1825,0.0456416939959,0.0
1100196,0.183,0.0455616258454,0.0
1103202,0.1835,0.0457231464237,0.0
1106208,0.184,0.0459478406983,0.0
1109214,0.1845,0.0455913501959,0.0
1112220,0.185,0.0459367749321,0.0
1115226,0.1855,0.0458085583332,0.0
1118232,0.186,0.0458780375187,0.0
1121238,0.1865,0.0459578621613,0.0
1124244,0.187,0.046060708927,0.0
1127250,0.1875,0.0453246555767,0.0
1130256,0.188,0.0458535640389,0.0
1133262,0.1885,0.0457543109064,0.0
1136268,0.189,0.0458726817869,0.0
1139274,0.1895,0.0457807286582,0.0
1142280,0.19,0.0458187827086,0.0
1145286,0.1905,0.0454662004585,0.0
1148292,0.191,0.0455840676846,0.0
1151298,0.1915,0.0454834063688,0.0
1154304,0.192,0.0455673428047,0.0
1157310,0.1925,0.0455366778563,0.0
1160316,0.193,0.0457441778083,0.0
1163322,0.1935,0.0455646223545,0.0
1166328,0.194,0.0454820457437,0.0
1169334,0.1945,0.0455484554391,0.0
1172340,0.195,0.0455863387457,0.0
1175346,0.1955,0.0457728362096,0.0
1178352,0.196,0.0457280266734,0.0
1181358,0.1965,0.045681748194,0.0
1184364,0.197,0.045485745625,0.0
1187370,0.1975,0.0455760612394,0.0
1190376,0.198,0.0455289727652,0.0
1193382,0.1985,0.0455686260861,0.0
1196388,0.199,0.0456121238347,0.0
1199394,0.1995,0.045775614124,0.0
1202400,0.2,0.0453319451442,0.0
1205406,0.2005,0.0458365284006,0.0
1208412,0.201,0.0455663948917,0.0
1211418,0.2015,0.045705330717,0.0
1214424,0.202,0.0457279690231,0.0
1217430,0.2025,0.0456741816633,0.0
1220436,0.203,0.0454830836384,0.0
1223442,0.2035,0.0455038365558,0.0
1226448,0.204,0.045395572876,0.0
1229454,0.2045,0.0455623230658,0.0
1232460,0.205,0.0456488399777,0.0
1235466,0.2055,0.0455741017931,0.0
1238472,0.206,0.0455010118899,0.0
1241478,0.2065,0.045540952858,0.0
1244484,0.207,0.0456982071003,0.0
1247490,0.2075,0.0457783615644,0.0
1250496,0.208,0.0456488143733,0.0
1253502,0.2085,0.0457580375834,0.0
1256508,0.209,0.0454298063984,0.0
1259514,0.2095,0.0454043438176,0.0
1262520,0.21,0.045884499761,0.0
1265526,0.2105,0.0456082463739,0.0
1268532,0.211,0.0456768850886,0.0
1271538,0.2115,0.0453870644156,0.0
1274544,0.212,0.045724614116,0.0
1277550,0.2125,0.0453344705762,0.0
1280556,0.213,0.0457657432603,0.0
1283562,0.2135,0.0454176961788,0.0
1286568,0.214,0.04590154541,0.0
1289574,0.2145,0.0460361688997,0.0
1292580,0.215,0.0459794699327,0.0
1295586,0.2155,0.0455049296077,0.0
1298592,0.216,0.0454139644733,0.0
1301598,0.2165,0.0459795320689,0.0
1304604,0.217,0.0457388628405,0.0
1307610,0.2175,0.0457923113343,0.0
1310616,0.218,0.0461653271243,0.0
1313622,0.2185,0.0456633982758,0.0
1316628,0.219,0.0454551458269,0.0
1319634,0.2195,0.0452957497019,0.0
1322640,0.22,0.0454249023466,0.0
1325646,0.2205,0.045137865263,0.0
1328652,0.221,0.0456035338459,0.0
1331658,0.2215,0.0457434228114,0.0
1334664,0.222,0.0454414553984,0.0
1337670,0.2225,0.045983212763,0.0
1340676,0.223,0.0459278792302,0.0
1343682,0.2235,0.0456279681215,0.0
1346688,0.224,0.0458173176315,0.0
1349694,0.2245,0.0454310584048,0.0
1352700,0.225,0.045317959027,0.0
1355706,0.2255,0.0458232309516,0.0
1358712,0.226,0.0456244362551,0.0
1361718,0.2265,0.0459211961701,0.0
1364724,0.227,0.0458333741508,0.0
1367730,0.2275,0.0460851623747,0.0
1370736,0.228,0.0455580636468,0.0
1373742,0.2285,0.0460671541436,0.0
1376748,0.229,0.0462317932591,0.0
1379754,0.2295,0.0460511844696,0.0
1382760,0.23,0.0458018409518,0.0
1385766,0.2305,0.0456052542195,0.0
1388772,0.231,0.0454434388485,0.0
1391778,0.2315,0.0456025573381,0.0
1394784,0.232,0.0460085149529,0.0
1397790,0.2325,0.0458741821721,0.0
1400796,0.233,0.0454885220945,0.0
1403802,0.2335,0.0454679145865,0.0
1406808,0.234,0.0453938373787,0.0
1409814,0.2345,0.0456984012122,0.0
1412820,0.235,0.0449729357206,0.0
1415826,0.2355,0.0457922173371,0.0
1418832,0.236,0.0456426842604,0.0
1421838,0.2365,0.045855679716,0.0
1424844,0.237,0.0455574347517,0.0
1427850,0.2375,0.045312175126,0.0
1430856,0.238,0.0460637591074,0.0
1433862,0.2385,0.0460116306388,0.0
1436868,0.239,0.0457580489505,0.0
1439874,0.2395,0.0457678382408,0.0
1442880,0.24,0.0459810026354,0.0
1445886,0.2405,0.0455132118631,0.0
1448892,0.241,0.0457580940601,0.0
1451898,0.2415,0.0457778375992,0.0
1454904,0.242,0.0457891160244,0.0
1457910,0.2425,0.0457382888561,0.0
1460916,0.243,0.0457822376028,0.0
1463922,0.2435,0.0456720877457,0.0
1466928,0.244,0.0457615618294,0.0
1469934,0.2445,0.0459508292237,0.0
1472940,0.245,0.0460016790234,0.0
1475946,0.2455,0.0460119285804,0.0
1478952,0.246,0.0458774419359,0.0
1481958,0.2465,0.0458473552272,0.0
1484964,0.247,0.0455102562623,0.0
1487970,0.2475,0.0458287919709,0.0
1490976,0.248,0.0456636211931,0.0
1493982,0.2485,0.0456684335187,0.0
1496988,0.249,0.0458271667333,0.0
1499994,0.2495,0.0459290391081,0.0
1503000,0.25,0.0453353566877,0.0
1503001,0.250000166334,0.0453356655326,0.0
