3006,0.0005,0.145767830243,0.147043548875
6012,0.001,0.489379594263,0.465236716139
9018,0.0015,0.825118023821,0.794007352112
12024,0.002,1.08288313416,1.05549272575
15030,0.0025,1.26019886531,1.2203567786
18036,0.003,1.36311624758,1.31191474717
21042,0.0035,1.42347322228,1.36052120348
24048,0.004,1.51020967753,1.43858102048
27054,0.0045,1.52363620407,1.46083911695
30060,0.005,1.5284311075,1.44790031552
33066,0.0055,1.5587495355,1.48058520683
36072,0.006,1.66188292225,1.61740210335
39078,0.0065,1.7585989525,1.75369807956
42084,0.007,1.82343806767,1.83600262076
45090,0.0075,1.96812988021,1.98308832642
48096,0.008,2.40749750731,2.50172639814
51102,0.0085,2.65253805254,2.77159130433
54108,0.009,2.78385917764,2.88090454739
57114,0.0095,2.78074434831,2.84470864507
60120,0.01,2.71609188487,2.73591899274
63126,0.0105,2.73222302893,2.71554402124
66132,0.011,3.1230724634,3.18016820178
69138,0.0115,3.69251304812,3.68439727975
72144,0.012,4.25989309475,4.21561846328
75150,0.0125,4.65224560753,4.70536118215
78156,0.013,4.76264887525,4.75309294784
81162,0.0135,4.61357191835,4.64565492445
84168,0.014,4.43585954722,4.4810815123
87174,0.0145,4.31634851117,4.42015676939
90180,0.015,4.60919036755,4.77780033296
93186,0.0155,4.87187792044,5.20706408631
96192,0.016,4.95315537801,5.44529581339
99198,0.0165,5.3082229812,5.68617972328
102204,0.017,5.85657445313,6.1620367697
105210,0.0175,6.47303238286,6.91040242471
108216,0.018,6.59187438724,7.14145285219
111222,0.0185,6.28704194516,7.02114044827
114228,0.019,5.60037771848,6.21573955041
117234,0.0195,4.89765823599,5.28188902565
120240,0.02,4.41057902009,4.71345241076
123246,0.0205,3.70179933606,3.78911292308
126252,0.021,3.24984408654,3.20493557855
129258,0.0215,3.07820680388,2.9577630741
132264,0.022,2.93512215833,2.7991165919
135270,0.0225,2.94889183413,2.79829721713
138276,0.023,3.01321776149,2.85919640756
141282,0.0235,3.01783056978,2.94499474857
144288,0.024,2.91144517296,2.80936413165
147294,0.0245,2.8990654713,2.73565092907
150300,0.025,2.84040164825,2.71001832614
153306,0.0255,2.84392389163,2.78348509816
156312,0.026,2.93894219157,3.04625377423
159318,0.0265,3.1206429585,3.40334097321
162324,0.027,3.1058363782,3.42091215274
165330,0.0275,3.39219293443,3.73774202741
168336,0.028,3.58693466958,3.89965218855
171342,0.0285,3.83794319758,4.10544489017
174348,0.029,3.93309443671,4.2212030654
177354,0.0295,3.93957025657,4.25682420743
180360,0.03,4.33578170903,4.61916249698
183366,0.0305,4.81030202466,5.12424753903
186372,0.031,5.00396962366,5.18773174555
189378,0.0315,4.94906789444,5.17750822059
192384,0.032,5.24496358765,5.64357302841
195390,0.0325,5.62112413173,6.00175211912
198396,0.033,6.03350771711,6.4000743585
201402,0.0335,6.47998756535,6.81794364408
204408,0.034,7.26151821833,7.26181026401
207414,0.0345,9.19757632398,9.39521218155
210420,0.035,9.93341343677,10.5041556732
213426,0.0355,10.6195683418,11.1374299037
216432,0.036,10.261060596,10.7192162237
219438,0.0365,9.53348681475,9.85620057611
222444,0.037,11.6558230936,11.6508493596
225450,0.0375,14.4302166378,14.8212491293
228456,0.038,15.7871076429,16.5590754269
231462,0.0385,17.659835586,17.9324005438
234468,0.039,16.1331332177,16.2050893834
237474,0.0395,14.7518726408,15.0723733231
240480,0.04,13.8898894454,14.0555908982
243486,0.0405,12.7810553075,12.8512123262
246492,0.041,13.5562361997,13.8738935862
249498,0.0415,14.5801987477,14.5185265447
252504,0.042,14.4651927958,14.4435461547
255510,0.0425,18.101904445,16.4786397697
258516,0.043,29.1373950579,25.2051787111
261522,0.0435,37.3413183104,34.2776877692
264528,0.044,32.3085973035,30.9197527941
267534,0.0445,33.7580983004,35.7354391673
270540,0.045,30.446525763,33.1615296969
273546,0.0455,26.2099567705,28.4109489336
276552,0.046,20.4217832621,23.6863901119
279558,0.0465,15.9852855095,18.4888739475
282564,0.047,14.8573706714,16.9968277486
285570,0.0475,13.6800689593,15.692003309
288576,0.048,11.3068881959,13.5515177241
291582,0.0485,10.2397603448,12.8228950586
294588,0.049,9.9180982104,12.0757498444
297594,0.0495,8.73317039919,10.7526510195
300600,0.05,8.88391314757,10.7089079976
303606,0.0505,9.41956514798,11.0928104677
306612,0.051,8.94442217552,10.16630047
309618,0.0515,7.83634068454,9.10522581237
312624,0.052,6.33196718239,7.76146676631
315630,0.0525,5.62405607628,6.9296126557
318636,0.053,6.2465196753,7.57400300918
321642,0.0535,8.44177048954,9.894077877
324648,0.054,9.18705047748,10.5332880619
327654,0.0545,9.97989096082,11.3317865423
330660,0.055,9.78820309999,10.7883870128
333666,0.0555,8.33170001204,8.93223564632
336672,0.056,8.14535074089,8.32670807501
339678,0.0565,8.42419102079,8.3233153235
342684,0.057,9.23062021788,9.07400540311
345690,0.0575,10.8717331566,10.6361102935
348696,0.058,12.0265930482,11.6822853685
351702,0.0585,13.2769340731,13.3338083195
354708,0.059,17.7176942629,18.2562685659
357714,0.0595,22.3742086877,23.8019746967
360720,0.06,25.6326178454,29.3580940818
363726,0.0605,23.7060760448,25.7345147434
366732,0.061,23.0166367588,24.8312304285
369738,0.0615,16.7565634299,17.8080562894
372744,0.062,16.7089719962,18.0658845241
375750,0.0625,21.7671648316,25.0684376546
378756,0.063,22.9444833008,28.0958550373
381762,0.0635,17.1369722218,21.5392761127
384768,0.064,13.0655787735,15.2407816358
387774,0.0645,11.5234608028,13.212476594
390780,0.065,10.3731125023,12.3755572232
393786,0.0655,10.7254373641,12.9578325175
396792,0.066,11.2515328698,14.2757140778
399798,0.0665,11.5532619713,14.2540460949
402804,0.067,11.61859834,13.7864418663
405810,0.0675,11.2942930786,12.8157064061
408816,0.068,14.7502969915,16.4011266258
411822,0.0685,14.3537001545,16.3919171289
414828,0.069,18.6143633959,21.4362897484
417834,0.0695,18.2464809245,20.3165906791
420840,0.07,19.333088396,20.4255213488
423846,0.0705,18.746954388,20.2811243406
426852,0.071,21.2038195021,22.225201416
429858,0.0715,24.5486729364,25.8601369446
432864,0.072,20.611206737,21.8134369113
435870,0.0725,16.378676258,17.0737819437
438876,0.073,15.3248902151,16.4110644663
441882,0.0735,15.6035599594,17.7810081767
444888,0.074,14.5145315519,17.4855152174
447894,0.0745,12.772682438,15.6848226792
450900,0.075,12.8298637445,15.9621572886
453906,0.0755,11.8936031157,14.9862850052
456912,0.076,11.1663869012,13.8727234767
459918,0.0765,12.3814659465,14.4847851278
462924,0.077,12.8986270532,14.4732498192
465930,0.0775,12.1883234869,12.6143484939
468936,0.078,12.1973950781,12.3039077471
471942,0.0785,10.9092473673,11.2121734564
474948,0.079,9.2630081815,9.98994439128
477954,0.0795,8.36691234799,8.91257976568
480960,0.08,8.30681869229,8.51855327006
483966,0.0805,8.64577135204,8.82826598202
486972,0.081,8.65343292289,8.82790667115
489978,0.0815,8.25169702388,8.46308203214
492984,0.082,7.99414703536,8.27782201853
495990,0.0825,8.08549618131,8.35035323521
498996,0.083,8.94022321677,9.25673840143
502002,0.0835,12.1439273397,12.7829652304
505008,0.084,15.7415805882,16.8855301843
508014,0.0845,19.6015495091,21.6497428215
511020,0.085,26.2485029211,29.9491074004
514026,0.0855,27.552238837,31.1006821707
517032,0.086,36.9097305984,37.7150472964
520038,0.0865,34.0538587289,33.694250292
523044,0.087,45.4192175426,46.0041419797
526050,0.0875,52.5363535096,52.9168952665
529056,0.088,37.0723680433,34.3572294287
532062,0.0885,25.196356617,23.964974682
535068,0.089,23.8359386038,22.2069562284
538074,0.0895,27.1219274589,23.5296475138
541080,0.09,27.3925041167,23.5521090581
544086,0.0905,26.5816475876,23.0000530635
547092,0.091,33.6140964052,29.9404535392
550098,0.0915,54.8102258681,51.4098041828
553104,0.092,55.2093094701,53.8865247938
556110,0.0925,57.6695091545,57.5865574603
559116,0.093,55.784932595,54.4544789875
562122,0.0935,65.3366246284,64.4253183375
565128,0.094,77.239225861,77.7666427722
568134,0.0945,69.3862425479,73.288707026
571140,0.095,72.4138258101,81.075970071
574146,0.0955,57.1461666367,63.2295095597
577152,0.096,54.5925058015,60.646894395
580158,0.0965,51.3049885609,59.0833740216
583164,0.097,41.4630008359,53.1626183731
586170,0.0975,30.8334277875,39.0158711638
589176,0.098,25.2308625146,30.0712807088
592182,0.0985,28.4905280166,30.9357154982
595188,0.099,31.2836988994,33.7090509834
598194,0.0995,29.2322449121,31.8565798568
601200,0.1,25.4750848824,27.4486970191
604206,0.1005,20.8725123629,23.7137392289
607212,0.101,17.3673006326,19.2428213385
610218,0.1015,17.3384648054,18.081177661
613224,0.102,21.0793643632,22.0461509166
616230,0.1025,20.9679536267,21.5948426974
619236,0.103,17.3062577561,17.5076734495
622242,0.1035,17.2474786984,17.3600021414
625248,0.104,18.5965419171,19.2120616841
628254,0.1045,19.0817029983,20.7934235807
631260,0.105,16.9097613082,18.4197371817
634266,0.1055,13.6048166745,14.779341925
637272,0.106,10.4111633421,11.3403391271
640278,0.1065,8.5325685563,9.29304839378
643284,0.107,6.80185360884,7.41310306729
646290,0.1075,5.70666508814,6.19755365807
649296,0.108,4.71173964485,5.31286932422
652302,0.1085,4.49610132852,4.96600457909
655308,0.109,4.36140735643,4.79824930844
658314,0.1095,4.32362909172,4.82140725096
661320,0.11,4.04044028371,4.58168524502
664326,0.1105,3.86647673846,4.35249196638
667332,0.111,3.81057128331,4.36225520226
670338,0.1115,3.83764107647,4.46351514314
673344,0.112,3.65357322728,4.26488795124
676350,0.1125,3.44323405611,3.97876589653
679356,0.113,3.24783604652,3.69857030699
682362,0.1135,2.9961706573,3.42363391889
685368,0.114,2.76829462839,3.20272915479
688374,0.1145,2.62456007062,3.01649861867
691380,0.115,2.58414941299,2.89692896711
694386,0.1155,2.69804531467,2.91828022499
697392,0.116,2.81622485979,2.9952015036
700398,0.1165,2.68372603686,2.83863320644
703404,0.117,2.40680720609,2.52753784756
706410,0.1175,2.14106905849,2.29392474661
709416,0.118,2.05965061706,2.15321330099
712422,0.1185,2.08982684291,2.15753406251
715428,0.119,2.09399131028,2.14828402735
718434,0.1195,2.08737627916,2.13089933111
721440,0.12,2.2542271986,2.33784519625
724446,0.1205,2.36975127785,2.51327355342
727452,0.121,2.41502312873,2.5838210639
730458,0.1215,2.71686241428,2.8453206398
733464,0.122,2.95040369351,3.10717339133
736470,0.1225,3.52784530477,3.72003111658
739476,0.123,4.39707509348,4.72545026403
742482,0.1235,5.23250241694,5.8089759816
745488,0.124,5.98013659084,6.72221267187
748494,0.1245,6.42168665358,7.27946588626
751500,0.125,6.01302231375,7.06379248604
754506,0.1255,5.6656614727,6.66733191116
757512,0.126,5.40671750088,6.29357421734
760518,0.1265,5.2827896157,5.96890206127
763524,0.127,5.05532357919,5.55162139717
766530,0.1275,5.4702038011,5.63317878306
769536,0.128,5.60256852724,5.6951308756
772542,0.1285,5.89718010103,5.96492329179
775548,0.129,6.01187402961,6.38719161281
778554,0.1295,6.07326374327,6.78550133738
781560,0.13,6.00721913428,6.78392637169
784566,0.1305,6.46643833421,7.40068177564
787572,0.131,7.30149946565,7.99371324016
790578,0.1315,8.9816362303,9.500431376
793584,0.132,10.6696247848,11.6091413831
796590,0.1325,11.8153363166,13.3234072688
799596,0.133,12.0157140129,14.0688632991
802602,0.1335,9.21960245276,11.3919846387
805608,0.134,7.47813928152,9.55049668202
808614,0.1345,7.36508295171,9.48622590196
811620,0.135,6.44956426873,8.08083619115
814626,0.1355,6.74469761081,7.94115538598
817632,0.136,6.14757970771,7.14434570774
820638,0.1365,5.87981596463,6.48343681052
823644,0.137,6.11319955872,6.5412285527
826650,0.1375,6.24087589351,6.48584982571
829656,0.138,6.16465780276,6.29191269609
832662,0.1385,6.33449864906,6.02616351113
835668,0.139,6.23111001589,5.77777865111
838674,0.1395,5.91690138542,5.58178652495
841680,0.14,5.20144716794,5.01251734875
844686,0.1405,4.838777467,4.58766459177
847692,0.141,5.70941022789,5.53891877852
850698,0.1415,6.80490442817,6.59729348353
853704,0.142,8.02407169635,7.74440506383
856710,0.1425,8.91011516155,8.41823868501
859716,0.143,8.34560907752,8.03079336714
862722,0.1435,7.79512615432,7.58317355072
865728,0.144,9.15051802387,8.71996123901
868734,0.1445,8.87707078886,8.13875964137
871740,0.145,10.1494942289,9.01007257541
874746,0.1455,10.6166005442,9.13336183172
877752,0.146,11.4974094824,9.42572934358
880758,0.1465,14.1413244918,12.4996054691
883764,0.147,15.0988851535,13.6795736764
886770,0.1475,15.2679009991,13.3605002541
889776,0.148,16.19974117,14.3321314929
892782,0.1485,18.9389875505,18.4244096399
895788,0.149,23.3903262949,23.0003155838
898794,0.1495,26.1267728153,25.8760180597
901800,0.15,36.300517104,37.4017126263
904806,0.1505,44.7278361313,47.4426490925
907812,0.151,49.6372607427,50.4265498221
910818,0.1515,62.9739764655,62.361175663
913824,0.152,81.4241432127,82.1496141086
916830,0.1525,81.6199866433,84.0162928831
919836,0.153,98.9531101476,104.877588222
922842,0.1535,90.257538502,92.7420916856
925848,0.154,42.109701309,43.6157355703
928854,0.1545,39.5383629498,42.2522195048
931860,0.155,24.5848379898,27.3649093074
934866,0.1555,27.0807101752,29.372603649
937872,0.156,31.3710012889,33.4905296457
940878,0.1565,31.6917499915,33.7783570083
943884,0.157,22.6958550988,24.9851676296
946890,0.1575,18.4540883564,18.5909210382
949896,0.158,18.6900474908,18.7451377
952902,0.1585,18.0138103576,18.5180783378
955908,0.159,15.1682174654,15.4483539262
958914,0.1595,11.3042279774,11.9198397009
961920,0.16,7.91127060749,8.75122007392
964926,0.1605,6.03697101437,6.58131199006
967932,0.161,5.34369577128,5.79972655695
970938,0.1615,4.87915919413,5.47767766778
973944,0.162,4.96520542107,5.57012878814
976950,0.1625,4.5647979561,5.19244316991
979956,0.163,3.87915620744,4.37871205811
982962,0.1635,3.96553078567,4.40126476355
985968,0.164,4.04795988923,4.45991608945
988974,0.1645,4.1789322467,4.61940121543
991980,0.165,4.04842124022,4.54183055286
994986,0.1655,4.02859454249,4.4465762686
997992,0.166,3.70252116115,4.15255710216
1000998,0.1665,3.5442014834,3.92689740758
1004004,0.167,3.52342236662,3.94412061033
1007010,0.1675,3.63908669751,4.02768029304
1010016,0.168,4.05397231844,4.24490229929
1013022,0.1685,4.37679753945,4.44366668136
1016028,0.169,4.73920752587,4.75403833024
1019034,0.1695,5.83510367519,5.93542361418
1022040,0.17,7.02688902503,7.32844966482
1025046,0.1705,7.39246855334,7.51873256694
1028052,0.171,8.41706631184,8.19068231736
1031058,0.1715,8.19157529666,7.6948412607
1034064,0.172,8.23048419348,7.82484368003
1037070,0.1725,9.38496562866,8.53180076133
1040076,0.173,10.6014282351,9.63368287504
1043082,0.1735,11.7134679031,10.9179585476
1046088,0.174,13.1960607367,12.8932215931
1049094,0.1745,16.8492949145,17.0928661745
1052100,0.175,19.9670460766,22.2523082217
1055106,0.1755,24.2383169816,26.9339243363
1058112,0.176,23.53953727,25.8059418391
1061118,0.1765,20.7109002649,23.0423127698
1064124,0.177,19.3429009675,22.0389334434
1067130,0.1775,17.4088288251,20.3092001087
1070136,0.178,17.8392714072,21.3475674755
1073142,0.1785,15.5865065644,19.9790638224
1076148,0.179,13.6600352545,17.8160403025
1079154,0.1795,15.6495258728,21.1053271667
1082160,0.18,14.6216644822,19.8647560342
1085166,0.1805,13.6070452495,18.4177349053
1088172,0.181,11.767306137,15.1583058866
1091178,0.1815,8.70320453207,11.2785295583
1094184,0.182,7.00417295399,8.72987934652
1097190,0.1825,5.79719339356,7.12945216739
1100196,0.183,5.60667401449,6.42482851676
1103202,0.1835,5.28015417706,5.90058543836
1106208,0.184,5.13146921504,5.96277526354
1109214,0.1845,5.05367283149,6.06721906315
1112220,0.185,4.91511259573,5.97671597941
1115226,0.1855,4.28738045403,5.29485404778
1118232,0.186,3.91499778502,4.83333571325
1121238,0.1865,3.99200653064,4.79008745576
1124244,0.187,4.13317684994,5.03312349338
1127250,0.1875,4.31799118427,5.24525013615
1130256,0.188,4.61545594344,5.49190871086
1133262,0.1885,4.82783666193,5.61780065639
1136268,0.189,4.95142868983,5.5344267534
1139274,0.1895,4.82134052277,5.17565383613
1142280,0.19,4.61235021381,4.8539681961
1145286,0.1905,4.49676550735,4.85954896196
1148292,0.191,4.30208235779,4.74165623899
1151298,0.1915,4.25720830444,4.70337970558
1154304,0.192,4.73510236086,5.11090507257
1157310,0.1925,5.12419284384,5.51766754892
1160316,0.193,5.26020299362,5.64570943901
1163322,0.1935,5.33934135493,5.63703784909
1166328,0.194,5.50810029428,5.96003621835
1169334,0.1945,5.57367992988,6.3950315838
1172340,0.195,5.07231068213,5.88753251128
1175346,0.1955,4.73387180795,5.23871482606
1178352,0.196,4.66517813787,5.15446356944
1181358,0.1965,4.83916207092,5.39723720334
1184364,0.197,5.20991903208,5.7667834038
1187370,0.1975,5.15955344919,5.72325867875
1190376,0.198,5.33302022576,6.04101201565
1193382,0.1985,5.20576813568,5.96977966036
1196388,0.199,5.16616059526,5.89949611615
1199394,0.1995,6.70132177241,7.05658062411
1202400,0.2,8.23082697714,8.25512419722
1205406,0.2005,9.32611089279,9.29860381099
1208412,0.201,9.79132508846,9.66837097369
1211418,0.2015,9.61527634487,9.14987683472
1214424,0.202,9.51654723192,8.77923088879
1217430,0.2025,10.3589231352,9.03795346233
1220436,0.203,10.4457399961,9.55448206937
1223442,0.2035,10.7587228504,10.5149247955
1226448,0.204,10.9884137291,10.6983490287
1229454,0.2045,11.6591128188,11.4544026504
1232460,0.205,11.4694364707,11.5243136341
1235466,0.2055,10.4320547548,10.4644479853
1238472,0.206,9.45785319583,9.73291785416
1241478,0.2065,10.4014566941,10.89330361
1244484,0.207,10.0246362514,10.14175512
1247490,0.2075,9.71893184961,9.52999959079
1250496,0.208,10.5492606955,10.3925730101
1253502,0.2085,11.2945327207,11.0969033134
1256508,0.209,11.3231498339,11.2048598205
1259514,0.2095,10.4146938296,10.5876951136
1262520,0.21,9.88358832918,10.1708374568
1265526,0.2105,9.917286633,10.6336761404
1268532,0.211,10.0870918709,11.8503815878
1271538,0.2115,9.61076914047,11.7925038258
1274544,0.212,9.99988192461,11.6243836491
1277550,0.2125,8.46660620633,9.61132404607
1280556,0.213,10.458072015,11.4484696521
1283562,0.2135,12.0967827977,13.4325077381
1286568,0.214,11.4426874109,13.0414366335
1289574,0.2145,12.6542015475,14.6369027902
1292580,0.215,15.0641340413,17.3549848504
1295586,0.2155,16.8026091958,18.7196362668
1298592,0.216,15.7609710753,17.5066844347
1301598,0.2165,15.4729893147,17.2355045722
1304604,0.217,16.1664260548,17.5755233998
1307610,0.2175,15.6260109901,16.7253568061
1310616,0.218,17.7642937795,18.6005710071
1313622,0.2185,18.6559701489,18.6834579792
1316628,0.219,17.9528738264,17.3903964691
1319634,0.2195,17.4734915943,16.5749081796
1322640,0.22,20.0773875128,19.0698431589
1325646,0.2205,20.7189305424,21.3810993814
1328652,0.221,18.6756030777,19.8668404169
1331658,0.2215,18.9873693704,19.8761250014
1334664,0.222,21.7794999896,23.5085332622
1337670,0.2225,25.1629801914,29.2697390215
1340676,0.223,26.2185824125,29.6273655819
1343682,0.2235,21.6546630226,23.3636189589
1346688,0.224,24.1733121464,26.578782945
1349694,0.2245,29.1661709598,32.2479004937
1352700,0.225,37.4389693163,40.5738067521
1355706,0.2255,43.0587814608,43.9745145818
1358712,0.226,50.2355930067,51.6271797933
1361718,0.2265,38.8370837488,41.7326409462
1364724,0.227,38.1409978716,41.8195180885
1367730,0.2275,49.4594611878,50.9856245924
1370736,0.228,65.1202090855,72.2576893912
1373742,0.2285,121.051501898,121.962090847
1376748,0.229,162.950906436,161.705948298
1379754,0.2295,144.692573126,146.356292048
1382760,0.23,110.915059228,108.862404538
1385766,0.2305,67.1390704333,70.8412868774
1388772,0.231,69.6456466436,80.6977393264
1391778,0.2315,54.3665408013,59.4812096026
1394784,0.232,47.0854302593,49.6378702682
1397790,0.2325,40.2546450182,43.686322196
1400796,0.233,39.6459447829,43.4945562422
1403802,0.2335,42.6593842298,51.0001227633
1406808,0.234,64.8236162301,78.6036596583
1409814,0.2345,80.8284437692,99.6892375945
1412820,0.235,82.4482193543,100.130923685
1415826,0.2355,67.5594523028,91.6693683223
1418832,0.236,43.4677820743,63.0804221723
1421838,0.2365,30.3858293852,48.1004442711
1424844,0.237,18.294906363,26.8879662884
1427850,0.2375,13.8905814027,20.3541032698
1430856,0.238,12.2462271296,16.8224051376
1433862,0.2385,11.1926753879,15.4100512606
1436868,0.239,10.3586406514,14.5124900809
1439874,0.2395,8.83194313079,12.8427696919
1442880,0.24,7.50668338755,11.1803840549
1445886,0.2405,6.05028962599,8.99735083786
1448892,0.241,5.78401360063,7.87976977105
1451898,0.2415,5.14452764277,7.00475945357
1454904,0.242,4.32273565953,6.05002958766
1457910,0.2425,3.95786184412,5.47650354348
1460916,0.243,3.67509731437,4.9974525548
1463922,0.2435,3.66995387877,5.03155755249
1466928,0.244,4.31642479561,5.81957418793
1469934,0.2445,5.0516498407,6.6081096571
1472940,0.245,5.45123664825,7.00375700942
1475946,0.2455,5.59134808697,6.89665465447
1478952,0.246,5.90969965231,7.11547274467
1481958,0.2465,5.97222229076,7.11396797009
1484964,0.247,6.4980336696,7.40085802475
1487970,0.2475,6.61589023536,7.40655242045
1490976,0.248,6.54146985973,7.25449303994
1493982,0.2485,6.93309558682,7.84007031651
1496988,0.249,6.94631711742,8.00823740127
1499994,0.2495,6.31383919819,7.46559259638
1503000,0.25,5.95145114711,6.61390182622
1503001,0.250000166334,5.95141718032,6.61370625011
