1202,0.000199933466401,0.0142373587448,0.00665370182483,14.2089408631,6.64042098286
2404,0.000399866932801,0.0196948019752,0.0127375342073,19.6554909932,12.7121099873
3606,0.000599800399202,0.0284076409874,0.0226342540795,28.3509391092,22.5890759277
4808,0.000799733865602,0.0394692243214,0.0353586297619,39.3904434346,35.2880536546
6010,0.000999667332003,0.0495525075443,0.0459543717602,49.4536003436,45.8626464672
7212,0.0011996007984,0.0583497060121,0.0546976905223,58.233239533,54.5885134953
8414,0.0013995342648,0.0658816753773,0.0623976107835,65.7501750272,62.2730646542
9616,0.0015994677312,0.0753819037614,0.0721918509449,75.2314408796,72.0477554341
10818,0.0017994011976,0.0862746899502,0.0835898350015,86.1024849802,83.4229890235
12020,0.00199933466401,0.0985651911623,0.096938813241,98.3684542538,96.7453225958
13222,0.00219926813041,0.110815923237,0.108372017373,110.59473377,108.155705961
14424,0.00239920159681,0.120728486595,0.11881404371,120.487511572,118.57688993
15626,0.00259913506321,0.125745678873,0.122619432711,125.494689494,122.374683344
16828,0.00279906852961,0.143962356104,0.136280116842,143.675006092,136.008100641
18030,0.00299900199601,0.169850843604,0.158806648935,169.511819964,158.489669596
19232,0.00319893546241,0.208117726024,0.195426328226,207.702321382,195.036255715
20434,0.00339886892881,0.249823222626,0.239608661175,249.324573479,239.130400374
21636,0.00359880239521,0.264820086584,0.262825016286,264.291503577,262.300415455
22838,0.00379873586161,0.292467725137,0.300709969345,291.883957223,300.109749845
24040,0.00399866932801,0.353785864388,0.378812367672,353.079704978,378.056255162
25242,0.00419860279441,0.415802300501,0.464574700324,414.972355789,463.647405513
26444,0.00439853626081,0.39096137158,0.433885321491,390.181009561,433.019282925
27646,0.00459846972721,0.376522061381,0.418332473518,375.77052034,417.497478561
28848,0.00479840319361,0.360227590523,0.388211054922,359.508573376,387.436182557
30050,0.00499833666001,0.339929844545,0.359504116708,339.251341862,358.78654362
31252,0.00519827012641,0.342543870569,0.365278735437,341.860150269,364.549636165
32454,0.00539820359281,0.364360232757,0.388820447109,363.632966823,388.044358392
33656,0.00559813705921,0.417988227306,0.450726608692,417.153919467,449.826954782
34858,0.00579807052562,0.431889854541,0.458575376907,431.027798943,457.660056793
36060,0.00599800399202,0.44424363111,0.463091136519,443.356917275,462.166802914
37262,0.00619793745842,0.49003068043,0.510100019514,489.052575279,509.081855802
38464,0.00639787092482,0.582856637116,0.613657391904,581.693250615,612.43252685
39666,0.00659780439122,0.535766345982,0.582028533709,534.696952077,580.866800109
40868,0.00679773785762,0.491448498896,0.524994425992,490.467563768,523.946532926
42070,0.00699767132402,0.442165373042,0.478468385435,441.282807427,477.513358717
43272,0.00719760479042,0.489493783664,0.533666722469,488.516750164,532.60151943
44474,0.00739753825682,0.469033115717,0.496319400388,468.096921873,495.328742902
45676,0.00759747172322,0.46217728936,0.491141096461,461.254779801,490.160774911
46878,0.00779740518962,0.380256367062,0.395944061486,379.497372318,395.153753978
48080,0.00799733865602,0.337324614587,0.338085821643,336.651311963,337.410999644
49282,0.00819727212242,0.322461394475,0.31751030983,321.817758957,316.876556716
50484,0.00839720558882,0.321727757133,0.327064157328,321.085585961,326.411334658
51686,0.00859713905522,0.356095223191,0.378568048899,355.384454282,377.81242405
52888,0.00879707252162,0.416322253245,0.477430825066,415.491270703,476.477869327
54090,0.00899700598802,0.432413364539,0.549810898806,431.550264011,548.713471863
55292,0.00919693945442,0.443995449389,0.546233920382,443.109230927,545.143633116
56494,0.00939687292083,0.414051661238,0.515999740894,413.225210817,514.969801291
57696,0.00959680638723,0.460017548737,0.547397996058,459.099350037,546.305385288
58898,0.00979673985363,0.497320566398,0.611631865829,496.327910577,610.411043741
60100,0.00999667332003,0.561771143683,0.64527647568,560.649843995,643.988498682
61302,0.0101966067864,0.575335565367,0.655820810874,574.187190985,654.5117873
62504,0.0103965402528,0.525558925558,0.584273202772,524.509905747,583.106988794
63706,0.0105964737192,0.548379322632,0.606788731895,547.284753126,605.577576742
64908,0.0107964071856,0.696705175638,0.811596846154,695.314546545,809.976892369
66110,0.010996340652,0.583241741854,0.68223016622,582.077586681,680.868429361
67312,0.0111962741184,0.474749235968,0.508189267785,473.801632702,507.174917949
68514,0.0113962075848,0.468368561851,0.4917884714,467.433694463,490.806857685
69716,0.0115961410512,0.386479976466,0.413594611386,385.708559347,412.769073239
70918,0.0117960745176,0.348636714851,0.368179761238,347.940833184,367.444871495
72120,0.011996007984,0.339501017084,0.363162097307,338.823370343,362.437222861
73322,0.0121959414504,0.299997188142,0.321539384402,299.39839136,320.897589224
74524,0.0123958749168,0.252450603898,0.27284816972,251.946710477,272.303562594
75726,0.0125958083832,0.20072268213,0.218877385322,200.322038054,218.440504313
76928,0.0127957418496,0.177718146674,0.19075434622,177.363419834,190.373599021
78130,0.012995675316,0.161742554512,0.169895285979,161.419715081,169.556173632
79332,0.0131956087824,0.164772299742,0.162995471816,164.443412916,162.670131552
80534,0.0133955422488,0.188161798769,0.179327604609,187.786226316,178.969665279
81736,0.0135954757152,0.198060196888,0.19259282579,197.664867153,192.208408972
82938,0.0137954091816,0.213410671475,0.212908764901,212.984702071,212.483797307
84140,0.013995342648,0.243685555258,0.246669454576,243.199156944,246.177100375
85342,0.0141952761144,0.252841180391,0.269829786763,252.336507377,269.291204354
86544,0.0143952095808,0.274907987444,0.293098464319,274.359268907,292.513437444
87746,0.0145951430472,0.286243615862,0.295631465859,285.67227132,295.041383092
88948,0.0147950765136,0.317379417931,0.319970894231,316.745926079,319.332229772
90150,0.01499500998,0.351376457221,0.367688562571,350.675107007,366.954653264
91352,0.0151949434464,0.381865110719,0.411851919982,381.102904909,411.029860261
92554,0.0153948769128,0.432412818094,0.48471344979,431.549718657,483.745957875
93756,0.0155948103792,0.463040346761,0.517388168446,462.116114532,516.355457531
94958,0.0157947438456,0.490272364192,0.542844637731,489.293776638,541.7611155
96160,0.015994677312,0.526103911915,0.576484734607,525.053804306,575.334066474
97362,0.0161946107784,0.563638234444,0.643389629563,562.513208028,642.105418725
98564,0.0163945442448,0.750812682451,0.80188169687,749.314054342,800.281134601
99766,0.0165944777112,1.13338668256,1.22859277367,1131.12443369,1226.14049269
100968,0.0167944111776,1.77542660551,2.03598026817,1771.88283983,2031.9164353
102170,0.016994344644,1.84307154664,2.15403741529,1839.39276111,2149.73793941
103372,0.0171942781104,1.66192901019,1.94415402445,1658.61178662,1940.27347749
104574,0.0173942115768,1.27579135221,1.62074248521,1273.24486248,1617.50747027
105776,0.0175941450432,0.914231486524,1.07990430837,912.406673177,1077.74881075
106978,0.0177940785096,0.704034322225,0.907307121282,702.629064097,905.496129024
108180,0.017994011976,0.570119736849,0.718210520947,568.981773303,716.776967013
109382,0.0181939454424,0.591205784549,0.673925692835,590.025733082,672.580531772
110584,0.0183938789088,0.578354685281,0.669918859474,577.200284711,668.581696082
111786,0.0185938123752,0.70133640062,0.808128944163,699.936527565,806.515912338
112988,0.0187937458417,1.00861984358,1.20631515925,1006.60663032,1203.90734456
114190,0.0189936793081,1.40070726011,1.68651072563,1397.91143724,1683.14443676
115392,0.0191936127745,1.73811898652,2.1106118042,1734.64968715,2106.39900619
116594,0.0193935462409,1.9379811071,2.3223207922,1934.11288134,2317.68542136
117796,0.0195934797073,1.86526153134,2.12502118537,1861.53845443,2120.77962612
118998,0.0197934131737,1.45395568901,1.73043615202,1451.05358184,1726.98218765
120200,0.0199933466401,0.979886118871,1.19812186415,977.930258355,1195.73040334
121402,0.0201932801065,0.963449088134,1.13219018972,961.526036062,1129.93032906
122604,0.0203932135729,1.12732318552,1.2744747946,1125.07303944,1271.93093274
123806,0.0205931470393,1.26496196047,1.47899898304,1262.4370863,1476.04688927
125008,0.0207930805057,1.67823057391,1.89916050982,1674.88081228,1895.36977028
126210,0.0209930139721,1.60335650621,1.92237633343,1600.15619382,1918.53925492
127412,0.0211929474385,2.18590661387,2.45606563233,2181.54352682,2451.16330572
128614,0.0213928809049,2.8251638418,3.25679092384,2819.52479221,3250.29034316
129816,0.0215928143713,4.20695582871,4.82797331042,4198.55871129,4818.33663715
131018,0.0217927478377,2.71411972307,3.17861853784,2708.70231843,3172.27398986
132220,0.0219926813041,2.6042111775,3.51233236605,2599.0131512,3505.32172261
133422,0.0221926147705,3.83632997309,4.56376415853,3828.67262784,4554.65484883
134624,0.0223925482369,3.96054717173,4.65631132272,3952.64188795,4647.01728814
135826,0.0225924817033,3.85250796422,4.84524995893,3844.81832757,4835.57880133
137028,0.0227924151697,2.34608787534,2.94095833811,2341.40506521,2935.08816178
138230,0.0229923486361,1.65293929204,2.00205856985,1649.64001201,1998.06244496
139432,0.0231922821025,1.74760434361,2.19094204834,1744.11611139,2186.56891052
140634,0.0233922155689,1.69264721565,2.0421973045,1689.26867829,2038.12106237
141836,0.0235921490353,1.66135666002,2.01700166356,1658.04057886,2012.97571213
143038,0.0237920825017,1.48580676671,1.79610378705,1482.84108454,1792.51874955
144240,0.0239920159681,1.91030316255,2.07826621868,1906.49018219,2074.11798271
145442,0.0241919494345,2.83504736445,3.45260268684,2829.38858727,3445.71126431
146644,0.0243918829009,2.4672729853,3.23078283435,2462.34828873,3224.33416601
147846,0.0245918163673,2.35111762479,3.13640654656,2346.42477524,3130.14625406
149048,0.0247917498337,2.06264576945,2.80879980061,2058.52871203,2803.19341379
150250,0.0249916833001,1.50975715976,1.98573944982,1506.74367242,1981.77589802
151452,0.0251916167665,1.52516002804,1.77180102987,1522.11579645,1768.26450087
152654,0.0253915502329,1.16042725408,1.29305153687,1158.11103201,1290.47059568
153856,0.0255914836993,0.926316333381,1.04345307992,924.467398584,1041.37033924
155058,0.0257914171657,1.15054004852,1.20601292755,1148.2435614,1203.60571612
156260,0.0259913506321,1.05495601346,1.17364093983,1052.85031284,1171.29834314
157462,0.0261912840985,0.869628564378,0.987395843574,867.89277882,985.424993587
158664,0.0263912175649,0.731034035862,0.804407858494,729.57488609,802.802253986
159866,0.0265911510313,0.683687726698,0.749915473406,682.323080537,748.418636133
161068,0.0267910844977,0.710626676311,0.786327667558,709.208259792,784.758151255
162270,0.0269910179641,0.793659091252,0.850996960114,792.074941369,849.298363387
163472,0.0271909514305,0.724320230213,0.750879836318,722.874481251,749.381074169
164674,0.0273908848969,0.671191518474,0.694465366981,669.851814844,693.079208564
165876,0.0275908183633,0.771265993637,0.831222469053,769.726540556,829.563342368
167078,0.0277907518297,1.21839290312,1.30063415028,1215.96098116,1298.03807413
168280,0.0279906852961,1.42515949744,1.57542065965,1422.3148677,1572.27610744
169482,0.0281906187625,1.28455980814,1.48557669768,1281.99581651,1482.61147473
170684,0.0283905522289,1.39625373258,1.63227740017,1393.46679898,1629.01936145
171886,0.0285904856953,1.66611682788,1.99798100616,1662.79124539,1993.99302012
173088,0.0287904191617,1.58120461699,1.96714010189,1578.04851995,1963.21367454
174290,0.0289903526281,1.58123638713,1.91812844323,1578.08022668,1914.29984354
175492,0.0291902860945,1.78750084325,2.06688772497,1783.9329773,2062.76220056
176694,0.0293902195609,1.25678114261,1.55320346488,1254.27259741,1550.10325836
177896,0.0295901530273,0.907065348702,1.15219553333,905.254839024,1149.89574185
179098,0.0297900864937,0.593444292378,0.73681088862,592.259772832,735.340208204
180300,0.0299900199601,0.565599254998,0.7197922395,564.470314369,718.355528443
181502,0.0301899534265,0.824426920174,1.06347468844,822.781357459,1061.35198447
182704,0.0303898868929,0.824251857368,1.03585191618,822.60664408,1033.78434749
183906,0.0305898203593,0.812466207129,0.960188919339,810.844518093,958.272374589
185108,0.0307897538257,0.691124855361,0.803853468774,689.745364632,802.248970832
186310,0.0309896872921,0.674077624004,0.787490204877,672.732159684,785.91836814
187512,0.0311896207585,0.555712507968,0.664289084208,554.603301366,662.963157892
188714,0.0313895542249,0.610906046402,0.723021919579,609.686673056,721.578762055
189916,0.0315894876913,0.678288192573,0.804515326859,676.934323926,802.909507843
191118,0.0317894211577,0.66226866312,0.790348356997,660.946769581,788.770815366
192320,0.0319893546241,0.646140239063,0.760022734188,644.850537987,758.505722743
193522,0.0321892880905,0.781797138463,0.887577458243,780.236665133,885.805846549
194724,0.0323892215569,0.814155225066,0.891051364343,812.530164737,889.272818705
195926,0.0325891550233,1.09738740693,1.25192866478,1095.1970129,1249.42980517
197128,0.0327890884897,1.23342576727,1.5342636116,1230.96383959,1531.20120918
198330,0.0329890219561,1.13490749162,1.47798707901,1132.64220721,1475.037005
199532,0.0331889554225,0.980721920738,1.24832560028,978.764391954,1245.83393242
200734,0.0333888888889,0.881529868254,1.12964073905,879.770327599,1127.38596711
201936,0.0335888223553,0.876707573279,1.18847127427,874.957657963,1186.09907612
203138,0.0337887558217,0.828430409115,1.05209726304,826.776855405,1049.9972685
204340,0.0339886892881,0.77316570247,1.004760457,771.622457555,1002.75494711
205542,0.0341886227545,0.638803429082,0.770178821727,637.528372338,768.64153865
206744,0.0343885562209,0.570198080594,0.638736533919,569.059960672,637.461610697
207946,0.0345884896873,0.568861396133,0.651388196098,567.725944245,650.088020058
209148,0.0347884231537,0.573823541387,0.698751838783,572.678185017,697.357124534
210350,0.0349883566201,0.622186629371,0.766127559128,620.944739892,764.598362404
211552,0.0351882900865,0.614794333015,0.70942751192,613.567198618,708.011488942
212754,0.0353882235529,0.626708504843,0.713210022232,625.457589664,711.786449333
213956,0.0355881570193,0.770532699712,0.913397435085,768.994710291,911.574286512
215158,0.0357880904857,0.903095502771,1.10534118545,901.292916937,1103.13491562
216360,0.0359880239521,0.84236256989,1.02579957633,840.681207475,1023.75207219
217562,0.0361879574185,0.844336548888,1.01668795306,842.651246396,1014.65863579
218764,0.0363878908849,1.03721355128,1.20712718861,1035.14326475,1204.7177531
219966,0.0365878243513,1.1597215478,1.33993494952,1157.40673433,1337.26042866
221168,0.0367877578177,1.17859451218,1.41396649516,1176.24202813,1411.14420675
222370,0.0369876912841,1.66097367726,1.96836138613,1657.65836054,1964.43252108
223572,0.0371876247505,1.57733990456,1.8471238484,1574.19152151,1843.43697446
224774,0.0373875582169,1.04244448071,1.10714776184,1040.36375321,1104.93788607
225976,0.0375874916833,1.41584156609,1.67588862691,1413.01553502,1672.54353983
227178,0.0377874251497,0.92358535734,1.15665741838,921.741873593,1154.34872094
228380,0.0379873586161,0.714112229216,0.88415210289,712.686855505,882.387328234
229582,0.0381872920825,0.690142751409,0.796046935254,688.765220967,794.458019216
230784,0.0383872255489,0.787255984576,0.922482171832,785.684615346,920.640890052
231986,0.0385871590153,1.03523820657,1.1798074801,1033.17186285,1177.45257495
233188,0.0387870924817,0.850018678204,0.989031377972,848.322034136,987.057263445
234390,0.0389870259481,0.886436294005,1.09298839087,884.666960085,1090.80677732
235592,0.0391869594145,0.981163718604,1.15084725176,979.205307988,1148.55015146
236794,0.0393868928809,1.71966382829,1.91676267392,1716.23136556,1912.93680032
237996,0.0395868263473,2.42673196848,2.84888726765,2421.88819209,2843.20086591
239198,0.0397867598137,1.93340473927,2.30606563477,1929.54564798,2301.46270935
240400,0.0399866932801,1.07789575016,1.25185860742,1075.74426163,1249.35988764
241602,0.0401866267465,0.802973807406,0.956482649413,801.371065276,954.573502408
242804,0.0403865602129,0.970673050063,1.12495591222,968.735578905,1122.71049123
244006,0.0405864936793,1.15459501023,1.32570235753,1152.29042937,1323.05624504
245208,0.0407864271457,1.68901316847,1.91881410363,1685.6418847,1914.98413536
246410,0.0409863606121,2.07308950571,2.46873235599,2068.95160251,2463.8047465
247612,0.0411862940785,2.14988244029,2.47382736943,2145.59125777,2468.88959025
248814,0.0413862275449,2.50472204619,3.09104997013,2499.72260099,3084.88020971
250016,0.0415861610113,3.09967378616,3.99685983195,3093.48681253,3988.88206781
251218,0.0417860944777,1.91841820953,2.26298866418,1914.58903146,2258.47172073
252420,0.0419860279441,1.00956700363,1.25452403472,1007.55189983,1252.01999473
253622,0.0421859614105,0.654813122707,0.803768298335,653.506110486,802.163970394
254824,0.0423858948769,0.681876815573,0.810349322869,680.515784005,808.731859151
256026,0.0425858283433,0.756653968967,0.86322240107,755.143681604,861.499402266
257228,0.0427857618097,0.764493848911,0.873343095353,762.967913085,871.599895562
258430,0.0429856952761,0.596140338816,0.710803784865,594.95043794,709.385014835
259632,0.0431856287425,0.496326487974,0.589989273477,495.335816341,588.811650176
260834,0.0433855622089,0.490565038908,0.568872205613,489.585867173,567.736732148
262036,0.0435854956753,0.560121095186,0.611685078933,559.003089008,610.464150631
263238,0.0437854291417,0.596420550841,0.653898867633,595.230090659,652.593680273
264440,0.0439853626081,0.593618398486,0.640534260235,592.433531423,639.255748737
265642,0.0441852960745,0.700523361662,0.732117104008,699.12511144,730.655792423
266844,0.0443852295409,0.912089068762,0.958867854938,910.268531699,956.953947044
268046,0.0445851630073,0.838924200117,0.892419331138,837.249700715,890.638055028
269248,0.0447850964737,0.845470511625,0.86919783771,843.782945733,867.462911887
270450,0.0449850299401,0.729435336287,0.756107007865,727.979377532,754.59781224
271652,0.0451849634065,0.631975816304,0.639223031701,630.714387529,637.947137427
272854,0.0453848968729,0.569674592232,0.597051078932,568.537517198,595.859360212
274056,0.0455848303393,0.6153684142,0.690547180085,614.140133932,689.1688424
275258,0.0457847638057,0.617878576501,0.704957549521,616.645285929,703.550448623
276460,0.0459846972721,0.672428028365,0.743589718965,671.085856651,742.105507949
277662,0.0461846307385,0.673596294807,0.782910495005,672.251791224,781.347799407
278864,0.0463845642049,0.647552638302,0.759539492832,646.260118066,758.02344594
280066,0.0465844976713,0.609940957321,0.696011852597,608.7235103,694.622607382
281268,0.0467844311377,0.662856000038,0.778843451529,661.53293417,777.288873781
282470,0.0469843646041,0.660949057869,0.827230221246,659.629798273,825.57906312
283672,0.0471842980705,0.664515014673,0.828992751954,663.188637398,827.338075802
284874,0.0473842315369,0.56362761973,0.734179346115,562.502614501,732.713918278
286076,0.0475841650033,0.526398103926,0.73136063044,525.347409107,729.900828783
287278,0.0477840984697,0.7202323235,0.88614535357,718.794734032,884.37660037
288480,0.0479840319361,0.61349628532,0.745256720041,612.271741836,743.769181678
289682,0.0481839654025,0.70771264298,0.845929984126,706.300042894,844.241501124
290884,0.0483838988689,0.631962097417,0.779021227856,630.700696025,777.466295266
292086,0.0485838323353,0.530658987958,0.602733709975,529.599788381,601.530648678
293288,0.0487837658017,0.583674394338,0.694445756436,582.509375587,693.059637162
294490,0.0489836992681,0.761819597773,0.884478192971,760.298999774,882.712767436
295692,0.0491836327345,0.745997198212,0.855190060654,744.508181848,853.483094465
296894,0.0493835662009,0.789545139795,0.864235417236,787.969201393,862.510396443
298096,0.0495834996673,1.13213811704,1.28965417828,1129.87836032,1287.08001824
299298,0.0497834331337,1.25905108595,1.51698248831,1256.53800993,1513.95457916
300500,0.0499833666001,1.0964847161,1.34310157265,1094.29612385,1340.42073119
301702,0.0501833000665,1.25717302202,1.49270966214,1254.66369463,1489.73020173
302904,0.0503832335329,1.76045368271,2.02497818845,1756.93980311,2020.93631582
304106,0.0505831669993,2.10802224146,2.43038416848,2103.81461224,2425.53310228
305308,0.0507831004657,2.92594950061,3.37351442275,2920.10928205,3366.78086103
306510,0.0509830339321,2.92060671608,3.28410506472,2914.77716176,3277.54996479
307712,0.0511829673985,2.09588678753,2.38464622369,2091.70338076,2379.88645078
308914,0.0513829008649,1.5929041895,1.88152995921,1589.72474002,1877.77441039
310116,0.0515828343313,2.01773194187,2.24088513111,2013.70453281,2236.4123065
311318,0.0517827677977,1.88135028702,2.34259578843,1877.59509682,2337.91994853
312520,0.0519827012641,1.34838944101,1.72630871088,1345.69804492,1722.86298491
313722,0.0521826347305,0.960475107249,1.27009582193,958.557991266,1267.56070053
314924,0.0523825681969,0.748802968022,0.955890209841,747.308351319,953.98224535
316126,0.0525825016633,0.588928546989,0.738126902734,587.753040907,736.653595543
317328,0.0527824351297,0.453851686608,0.585299236191,452.945795018,584.130974242
318530,0.0529823685961,0.460050736044,0.551533027201,459.132471102,550.432162876
319732,0.0531823020625,0.610051582761,0.70773221648,608.833914932,706.319577325
320934,0.0533822355289,0.917310877794,1.11766249344,915.479917959,1115.43163018
322136,0.0535821689953,1.08239788496,1.31824692718,1080.23741014,1315.61569579
323338,0.0537821024617,1.18042171949,1.42509078675,1178.06558831,1422.24629416
324540,0.0539820359281,1.12788799241,1.3712719044,1125.63671898,1368.53483473
325742,0.0541819693945,0.970056377917,1.11235425756,968.120137642,1110.13398959
326944,0.0543819028609,0.780007615355,0.866977113927,778.450713928,865.246620686
328146,0.0545818363273,0.626577766137,0.676488260932,625.327111914,675.137984962
329348,0.0547817697937,0.618369738725,0.659236163878,617.135467789,657.920323232
330550,0.0549817032601,0.792631344225,0.856952545925,791.049245733,855.242061802
331752,0.0551816367265,1.0394090732,1.13888896534,1037.3344044,1136.61573387
332954,0.0553815701929,0.744060606095,0.825488773528,742.575455185,823.841091346
334156,0.0555815036593,0.763164092031,0.851345081158,761.64081041,849.645789579
335358,0.0557814371257,0.73132023189,0.841295820923,729.860510868,839.616587747
336560,0.0559813705921,0.611346219567,0.690327818399,610.125967631,688.949918562
337762,0.0561813040585,0.621529597295,0.677230127925,620.289019257,675.878371182
338964,0.056381237525,1.08504330367,1.23718365542,1082.87754858,1234.71422697
340166,0.0565811709914,1.33069971548,1.51177790435,1328.04362822,1508.76038358
341368,0.0567811044578,1.95027070896,2.2037910945,1946.37795305,2199.39230988
342570,0.0569810379242,2.28623996912,2.71287082832,2281.67661589,2707.45591648
343772,0.0571809713906,1.53709281508,1.8228588927,1534.02476555,1819.22045179
344974,0.057380904857,0.841583579059,1.09282737073,839.903771516,1090.64607857
346176,0.0575808383234,0.589244548937,0.698578987718,588.068412113,697.184618481
347378,0.0577807717898,0.608217477577,0.699326830675,607.003470636,697.930968738
348580,0.0579807052562,0.620751919441,0.75830333882,619.512893653,756.789759301
349782,0.0581806387226,0.569274417307,0.674137251164,568.138141025,672.791667829
350984,0.058380572189,0.503144735545,0.626861375377,502.140454636,625.610155067
352186,0.0585805056554,0.494317189922,0.615852146051,493.330528864,614.62290025
353388,0.0587804391218,0.63429994689,0.74936569201,633.033879132,747.869952106
354590,0.0589803725882,0.685808959587,0.813753678113,684.440079428,812.129419274
355792,0.0591803060546,0.797985947452,0.932335668001,796.393161129,930.474718564
356994,0.059380239521,0.977137101013,1.18877201304,975.186727557,1186.39921461
358196,0.0595801729874,0.988083981339,1.21811232867,986.111757823,1215.68096674
359398,0.0597801064538,0.807903908076,0.994186479089,806.291325425,992.202074939
360600,0.0599800399202,0.872630336961,1.08345623119,870.888559842,1081.2936439
361802,0.0601799733866,0.975079655144,1.18324843025,973.133388367,1180.88665693
363004,0.060379906853,1.07931554643,1.32412541262,1077.16122399,1321.48244773
364206,0.0605798403194,0.875018915381,1.11302768073,873.27237064,1110.80606859
365408,0.0607797737858,0.614316628813,0.786679392392,613.090447917,785.109174044
366610,0.0609797072522,0.630783561997,0.751391798057,629.524512971,749.892014029
367812,0.0611796407186,0.686587589426,0.828730918277,685.217155116,827.076764747
369014,0.061379574185,0.662108489719,0.805756461964,660.786915887,804.148165633
370216,0.0615795076514,0.596458418779,0.747378590147,595.267883012,745.886816514
371418,0.0617794411178,0.604304433151,0.759309266502,603.098236678,757.793679144
372620,0.0619793745842,0.587811094719,0.721549404871,586.637819081,720.109186498
373822,0.0621793080506,0.486991211176,0.601222623605,486.019172831,600.022578448
375024,0.062379241517,0.403009526076,0.495936516724,402.205115844,494.946623477
376226,0.0625791749834,0.408986989331,0.502078865212,408.170648035,501.076711788
377428,0.0627791084498,0.375724241487,0.448155365841,374.974292901,447.260844152
378630,0.0629790419162,0.32474880812,0.382458199461,324.100606906,381.694809842
379832,0.0631789753826,0.310283928767,0.341503854687,309.664599568,340.822210266
381034,0.063378908849,0.330975656069,0.359512277762,330.315026017,358.794688385
382236,0.0635788423154,0.351519584929,0.386460819096,350.817949031,385.689440215
383438,0.0637787757818,0.400682285873,0.438920204469,399.882520832,438.044116237
384640,0.0639787092482,0.424800800301,0.490867511717,423.952894512,489.887736244
385842,0.0641786427146,0.317573389597,0.366299494828,316.939510576,365.568358111
387044,0.064378576181,0.267532711795,0.305767307399,266.998714366,305.156993412
388246,0.0645785096474,0.250250557442,0.283155785545,249.751055331,282.590604336
389448,0.0647784431138,0.257598684932,0.288010593416,257.0845159,287.435721972
390650,0.0649783765802,0.251719256416,0.275961434946,251.216822771,275.410613719
391852,0.0651783100466,0.2638135894,0.284707276731,263.287015369,284.138998734
393054,0.065378243513,0.273816228588,0.290035704197,273.26968921,289.456790616
394256,0.0655781769794,0.327691826185,0.34870555058,327.037750684,348.009531517
395458,0.0657781104458,0.446936081917,0.502417826595,446.04399393,501.414996602
396660,0.0659780439122,0.515033162249,0.624028905353,514.005151945,622.783338676
397862,0.0661779773786,0.539349325431,0.675802178627,538.272779871,674.453272082
399064,0.066377910845,0.531463196455,0.654768794225,530.402391671,653.461870484
400266,0.0665778443114,0.471438060917,0.588643097317,470.497066784,587.468160995
401468,0.0667777777778,0.449318725336,0.556740052571,448.421881573,555.628794981
402670,0.0669777112442,0.4429857988,0.514886301607,442.101595609,513.858584438
403872,0.0671776447106,0.43628577541,0.485908730042,435.414945518,484.938852337
405074,0.067377578177,0.466860942965,0.505629907826,465.929084795,504.620666493
406276,0.0675775116434,0.423994879955,0.451594049065,423.14858279,450.692663737
407478,0.0677774451098,0.45113021668,0.46788162884,450.229757165,466.947733374
408680,0.0679773785762,0.493147919308,0.514132834929,492.163592124,513.106621685
409882,0.0681773120426,0.54673895744,0.582486181931,545.647662116,581.323534862
411084,0.068377245509,0.524754205938,0.592814834155,523.706792354,591.631571013
412286,0.0685771789754,0.459831696085,0.547491439677,458.913868349,546.398642393
413488,0.0687771124418,0.590052384887,0.697370195778,588.874635616,695.978239299
414690,0.0689770459082,0.673995361219,0.802120538145,672.650061097,800.519499147
415892,0.0691769793746,0.615142995672,0.727872976936,613.915165341,726.420136663
417094,0.069376912841,0.573420735791,0.705332962476,572.276183424,703.925112251
418296,0.0695768463074,0.505097320524,0.635752671555,504.08914224,634.483704147
419498,0.0697767797738,0.514380205787,0.638401397902,513.35349879,637.127143614
420700,0.0699767132402,0.542785779117,0.664550738825,541.702374368,663.224290244
421902,0.0701766467066,0.527060150848,0.595772021283,526.008134578,594.582855572
423104,0.070376580173,0.532917949599,0.584005304341,531.854241117,582.839625091
424306,0.0705765136394,0.545553504868,0.594699562436,544.464575717,593.512537361
425508,0.0707764471058,0.571818813901,0.581279352719,570.677458983,580.11911449
426710,0.0709763805722,0.622773614138,0.616688951739,621.530553032,615.458035667
427912,0.0711763140386,0.586562824651,0.602544174102,585.39204057,601.341491119
429114,0.071376247505,0.500285963272,0.523410607151,499.287388495,522.3658754
430316,0.0715761809714,0.42925069695,0.44768424562,428.393909132,446.790664291
431518,0.0717761144378,0.360749181539,0.373235215682,360.029123292,372.490235212
432720,0.0719760479042,0.30233450314,0.308705871784,301.731041058,308.089692399
433922,0.0721759813706,0.272025257646,0.293630563269,271.48229306,293.04447432
435124,0.072375914837,0.248599231519,0.256808864245,248.103025468,256.296271701
436326,0.0725758483034,0.228578263796,0.237850573742,228.122019757,237.375822098
437528,0.0727757817698,0.231466030131,0.237811116058,231.004022087,237.336443172
438730,0.0729757152362,0.260701563962,0.268750565442,260.181201559,268.214137168
439932,0.0731756487026,0.242942067517,0.239991839781,242.45715321,239.512814153
441134,0.073375582169,0.240311281011,0.234492224368,239.831617776,234.024176016
442336,0.0735755156354,0.234343765179,0.231137391188,233.876013153,230.67603911
443538,0.0737754491018,0.219189452864,0.215116566481,218.751948966,214.687192097
444740,0.0739753825682,0.199980075602,0.196927673329,199.580913774,196.53460412
445942,0.0741753160346,0.17880720588,0.174896317443,178.45030527,174.547222997
447144,0.074375249501,0.168492411027,0.165372616808,168.15609883,165.042531745
448346,0.0745751829674,0.17142315803,0.170008962935,171.080996038,169.669623687
449548,0.0747751164338,0.164804257961,0.164148677825,164.475307347,163.821035753
450750,0.0749750499002,0.171991677539,0.172235102756,171.648380778,171.891320115
451952,0.0751749833666,0.16727340773,0.169967924341,166.939528672,169.628667007
453154,0.075374916833,0.170205642109,0.173485053106,169.865910288,173.138775555
454356,0.0755748502994,0.175185766035,0.176150439622,174.836093847,175.798841938
455558,0.0757747837658,0.19707741534,0.194486609788,196.684047246,194.098412962
456760,0.0759747172322,0.227375396123,0.227815464267,226.921553017,227.360742782
457962,0.0761746506986,0.288972187257,0.303478454307,288.395396464,302.872708889
459164,0.076374584165,0.309425700041,0.332667860593,308.808083874,332.003852887
460366,0.0765745176314,0.32126049046,0.35411560202,320.619251956,353.408784451
461568,0.0767744510978,0.351173682213,0.371936205103,350.472736739,371.193817468
462770,0.0769743845642,0.324155305405,0.34235112383,323.508288828,341.667788254
463972,0.0771743180306,0.284833201746,0.304254849981,284.264672401,303.647554872
465174,0.077374251497,0.331797144346,0.34568054022,331.134874597,344.990559102
466376,0.0775741849634,0.46607585812,0.497331130717,465.145566986,496.33845381
467578,0.0777741184298,0.611382439278,0.67379333311,610.162115048,672.448436237
468780,0.0779740518962,0.971611786887,1.11175937383,969.672442003,1109.54029324
469982,0.0781739853626,1.33953531746,1.63856749367,1336.86159427,1635.29689987
471184,0.078373918829,1.20250459228,1.56414900035,1200.10438351,1561.02694646
472386,0.0785738522954,0.919630403843,1.21121317832,917.794814214,1208.79558714
473588,0.0787737857618,0.954995321404,1.27277161495,953.089143118,1270.23115264
474790,0.0789737192282,0.936067108264,1.24150849101,934.198710842,1239.03043015
475992,0.0791736526946,0.670334386989,0.898965825867,668.996394201,897.171482902
477194,0.079373586161,0.510694501485,0.662360548037,509.675151183,661.038471094
478396,0.0795735196274,0.45646043011,0.567492806546,455.549331447,566.360086373
479598,0.0797734530938,0.362291244179,0.472445694556,361.568107963,471.502689177
480800,0.0799733865602,0.307712336739,0.398352011412,307.098140458,397.556897617
482002,0.0801733200266,0.289443343374,0.361908514854,288.86561215,361.186142568
483204,0.080373253493,0.275442245588,0.334490815161,274.892460666,333.823168823
484406,0.0805731869594,0.271275896924,0.324260262934,270.734428068,323.61303686
485608,0.0807731204258,0.251633159988,0.308850974685,251.130898192,308.234505673
486810,0.0809730538922,0.244897163858,0.309134223941,244.408347164,308.517189562
488012,0.0811729873586,0.230947083071,0.293199061198,230.486110849,292.613833531
489214,0.081372920825,0.258274761883,0.324846267867,257.759243396,324.197872123
490416,0.0815728542914,0.289884432611,0.359602844651,289.305820969,358.885074502
491618,0.0817727877578,0.339630272678,0.405019475498,338.952367942,404.211053392
492820,0.0819727212242,0.493530489023,0.556489045823,492.545398226,555.378289245
494022,0.0821726546906,0.541460953278,0.581392670522,540.380192892,580.23220611
495224,0.082372588157,0.593522324657,0.627769818023,592.337649358,626.516784454
496426,0.0825725216234,0.537563297694,0.577797318571,536.49031706,576.64403051
497628,0.0827724550898,0.547243656214,0.557869485658,546.151353507,556.75597371
498830,0.0829723885562,0.58783337624,0.58534477884,586.660056127,584.176425988
500032,0.0831723220226,0.703782245983,0.718723467556,702.377491001,717.288889776
501234,0.083372255489,0.57410392806,0.623201946583,572.958012036,621.958030522
502436,0.0835721889554,0.531444353929,0.583007173234,530.383586756,581.843486261
503638,0.0837721224218,0.539325637477,0.581806630328,538.249139199,580.645339649
504840,0.0839720558882,0.466526939379,0.485635206719,465.595747883,484.665874969
506042,0.0841719893546,0.475116612917,0.482667178278,474.168276364,481.703770736
507244,0.084371922821,0.520580182861,0.512342323421,519.541100659,511.319684053
508446,0.0845718562874,0.643604557737,0.695697407298,642.319917902,694.308789718
509648,0.0847717897538,0.659385878658,0.809081590186,658.069739179,807.466656872
510850,0.0849717232202,0.700086839267,0.791079381745,698.689460346,789.500380983
512052,0.0851716566866,0.907117342952,0.993167450848,905.306729493,991.185080687
513254,0.085371590153,0.929866915157,1.01890086307,928.01089337,1016.86712881
514456,0.0855715236194,1.03207081822,1.1989336112,1030.01079663,1196.54053014
515658,0.0857714570858,1.51196761106,1.75446987769,1508.94971164,1750.9679418
516860,0.0859713905522,1.78234707095,2.08073137375,1778.78949197,2076.57821732
518062,0.0861713240186,1.43781932697,1.59020868711,1434.94942812,1587.03461787
519264,0.086371257485,0.93620206618,1.09518272496,934.333399382,1092.99673149
520466,0.0865711909514,0.748170098936,0.898156374682,746.676745445,896.363647387
521668,0.0867711244178,0.668379709841,0.887148446322,667.045618604,885.37769094
522870,0.0869710578842,0.640464148367,0.793003507307,639.185776813,791.420665976
524072,0.0871709913506,0.561529188299,0.706390217535,560.408371556,704.980257021
525274,0.087370924817,0.548505110798,0.664345934807,547.410290218,663.019895017
526476,0.0875708582834,0.613811288162,0.718424088497,612.58611593,716.99010828
527678,0.0877707917498,0.557102691426,0.622071432823,555.990710006,620.829773277
528880,0.0879707252162,0.494006837176,0.556106385897,493.020795585,554.99639311
530082,0.0881706586826,0.488358734964,0.535284494591,487.38396703,534.216062466
531284,0.088370592149,0.492587097937,0.530823504926,491.603890157,529.763976972
532486,0.0885705256154,0.552920035475,0.601586039822,551.816402669,600.385269284
533688,0.0887704590818,0.446493338264,0.495564224627,445.602133996,494.575074478
534890,0.0889703925482,0.441059096912,0.475639210059,440.178739433,474.689830398
536092,0.0891703260146,0.450394244958,0.493777154038,449.495254449,492.791570896
537294,0.089370259481,0.449271038237,0.514726194332,448.374289657,513.698796738
538496,0.0895701929474,0.419939995962,0.489021270904,419.101792377,488.045180543
539698,0.0897701264138,0.433773392316,0.495570004932,432.907577162,494.580843245
540900,0.0899700598802,0.402089266769,0.452816544615,401.286693382,451.912719176
542102,0.0901699933466,0.41236124322,0.44798035677,411.538166886,447.086184402
543304,0.090369926813,0.400504071373,0.437732535243,399.704662049,436.858817608
544506,0.0905698602794,0.435091659027,0.490735725151,434.223212602,489.756212726
545708,0.0907697937458,0.44831525413,0.497900348402,447.420413303,496.906535331
546910,0.0909697272122,0.465641198671,0.544119310728,464.711775121,543.03324424
548112,0.0911696606786,0.50388112883,0.557456540124,502.875378074,556.343852419
549314,0.091369594145,0.532090283242,0.594979678944,531.028226788,593.792094755
550516,0.0915695276114,0.568053052784,0.658422788073,566.919214355,657.108570931
551718,0.0917694610778,0.559663449228,0.664964974052,558.546356515,663.637698655
552920,0.0919693945442,0.565765266471,0.689149393187,564.635994482,687.773845496
554122,0.0921693280106,0.520030791853,0.644766910743,518.99280624,643.479950841
555324,0.092369261477,0.507307013186,0.61708314976,506.294424338,615.851446866
556526,0.0925691949434,0.524977138198,0.665909080897,523.929279639,664.579921055
557728,0.0927691284098,0.516041109624,0.655886720172,515.011087449,654.577565042
558930,0.0929690618762,0.458511039481,0.583104590098,457.595847785,581.94070868
560132,0.0931689953426,0.488070669483,0.623470833134,487.09647653,622.226380373
561334,0.093368928809,0.529592242711,0.666285836799,528.535172366,664.955924949
562536,0.0935688622754,0.592525330263,0.690863062606,591.342644973,689.484094418
563738,0.0937687957418,0.605734293647,0.669596342524,604.525243161,668.259822878
564940,0.0939687292083,0.733425661235,0.771511943294,731.96173776,769.971999296
566142,0.0941686626747,1.12639073455,1.24907142393,1124.14244965,1246.5782674
567344,0.0943685961411,1.12348054296,1.39489988879,1121.23806682,1392.11565748
568546,0.0945685296075,0.90373200858,1.12718548195,901.928152275,1124.93561073
569748,0.0947684630739,0.778141483229,0.940995279512,776.588306616,939.117045421
570950,0.0949683965403,0.527503592657,0.60739612708,526.450691274,606.183759561
572152,0.0951683300067,0.477510606924,0.553013019667,476.55749194,551.909201264
573354,0.0953682634731,0.562228267151,0.674001813507,561.106055041,672.656500506
574556,0.0955681969395,0.471347211117,0.52037633625,470.40639832,519.337660928
575758,0.0957681304059,0.464935469317,0.516283726034,464.007454408,515.253219595
576960,0.0959680638723,0.491476194856,0.537432010192,490.495204447,536.359291609
578162,0.0961679973387,0.574750712527,0.627876687141,573.603505516,626.623440261
579364,0.0963679308051,0.747351732497,0.76908077188,745.860012472,767.545680519
580566,0.0965678642715,0.740675930343,0.792887553252,739.197535272,791.304943365
581768,0.0967677977379,0.730594951286,0.813835456128,729.13667793,812.21103406
582970,0.0969677312043,0.622439998164,0.701573142112,621.197602958,700.172796519
584172,0.0971676646707,0.6580133991,0.737050444228,656.699999102,735.579285656
585374,0.0973675981371,0.487635684643,0.549985041017,486.662359923,548.887266484
586576,0.0975675316035,0.388545152474,0.458797773606,387.769613247,457.882009586
587778,0.0977674650699,0.296781251442,0.348646003917,296.188873694,347.950103709
588980,0.0979673985363,0.276525065762,0.304501529947,275.973119523,303.893742462
590182,0.0981673320027,0.267445716066,0.284933506407,266.911892282,284.364776854
591384,0.0983672654691,0.268605150908,0.285699361247,268.069012883,285.129103041
592586,0.0985671989355,0.316864261165,0.347461747092,316.23179757,346.768210671
593788,0.0987671324019,0.314193384201,0.341999856433,313.566251698,341.317221989
594990,0.0989670658683,0.32502525826,0.336441998331,324.37650525,335.770457416
596192,0.0991669993347,0.375818830714,0.368583368605,375.068693327,367.847673258
597394,0.0993669328011,0.510434490795,0.494317044618,509.415659476,493.33038385
598596,0.0995668662675,0.733417298329,0.757891104552,731.953391545,756.378347856
599798,0.0997667997339,0.867946731104,0.946574707913,866.214302499,944.685337238
601000,0.0999667332003,0.871831173269,1.00903269221,870.090991286,1007.0186549
602202,0.100166666667,0.892746835545,1.05403695239,890.964905734,1051.93308622
603404,0.100366600133,0.648837613085,0.769893109959,647.542528029,768.356397165
604606,0.100566533599,0.592854414762,0.68347016686,591.671072616,682.10595495
605808,0.100766467066,0.561633635818,0.633979895573,560.512610596,632.714466639
607010,0.100966400532,0.499397259318,0.560115068958,498.400458401,558.997074809
608212,0.101166333999,0.477208856433,0.517437090364,476.256343746,516.404281801
609414,0.101366267465,0.519495032396,0.532399809353,518.458116163,531.337135082
610616,0.101566200931,0.581971674971,0.612585460452,580.810054861,611.362734982
611818,0.101766134398,0.60152524346,0.646010615547,600.324594271,644.721173201
613020,0.101966067864,0.596414748644,0.650009137473,595.224300044,648.711714045
614222,0.102166001331,0.91244692426,0.929296766819,910.625672914,927.441883053
615424,0.102365934797,0.963595457325,0.991472359667,961.672113099,989.493372921
