60120,0.01,0.00249694338301,0.0
120240,0.02,0.00247879973939,0.0
180360,0.03,0.00248367194228,0.0
240480,0.04,0.00247826358889,0.0
300600,0.05,0.00248847235309,0.0
360720,0.06,0.00245013674397,0.0
420840,0.07,0.0024798403517,0.0
480960,0.08,0.00248405583398,0.0
541080,0.09,0.00248043553458,0.0
601200,0.1,0.00247563338081,0.0
661320,0.11,0.00248226674588,0.0
721440,0.12,0.00246111928905,0.0
781560,0.13,0.00246040274134,0.0
841680,0.14,0.00247371281279,0.0
901800,0.15,0.00246950503918,0.0
961920,0.16,0.00246881873271,0.0
1022040,0.17,0.0024702273072,0.0
1082160,0.18,0.00246498111406,0.0
1142280,0.19,0.00244515630378,0.0
1202400,0.2,0.00247971383446,0.0
1262520,0.21,0.00247096843846,0.0
1322640,0.22,0.00246962247294,0.0
1382760,0.23,0.00246673776823,0.0
1442880,0.24,0.00247221654851,0.0
1503000,0.25,0.00242888197344,0.0
1563120,0.26,0.00247122652898,0.0
1623240,0.27,0.00246569234488,0.0
1683360,0.28,0.00246326406146,0.0
1743480,0.29,0.00246140536938,0.0
1803600,0.3,0.00247063188357,0.0
1863720,0.31,0.00244327377968,0.0
1923840,0.32,0.00246202885741,0.0
1983960,0.33,0.00246918319916,0.0
2044080,0.34,0.00246389832794,0.0
2104200,0.35,0.00246483695579,0.0
2164320,0.36,0.00247465527779,0.0
2224440,0.37,0.00245895060687,0.0
2284560,0.38,0.00245444656405,0.0
2344680,0.39,0.00247383742957,0.0
2404800,0.4,0.00246657973063,0.0
2464920,0.41,0.00247236032819,0.0
2525040,0.42,0.00247197952992,0.0
2585160,0.43,0.00246516506784,0.0
2645280,0.44,0.00244488910894,0.0
2705400,0.45,0.00247564382238,0.0
2765520,0.46,0.00246550801032,0.0
2825640,0.47,0.00246883341777,0.0
2885760,0.48,0.00246239424186,0.0
2945880,0.49,0.00246985045783,0.0
3006000,0.5,0.00242895923108,0.0
3066120,0.51,0.00247349858605,0.0
3126240,0.52,0.00246527933383,0.0
3186360,0.53,0.00246952620189,0.0
3246480,0.54,0.00246734524679,0.0
3306600,0.55,0.00247529182328,0.0
3366720,0.56,0.00244583139563,0.0
3426840,0.57,0.0024668602281,0.0
3486960,0.58,0.00247145301159,0.0
3547080,0.59,0.00247314759986,0.0
3607200,0.6,0.00246769381415,0.0
3667320,0.61,0.00247150581605,0.0
3727440,0.62,0.00245936843228,0.0
3787560,0.63,0.00246111490007,0.0
3847680,0.64,0.00247470347908,0.0
3907800,0.65,0.00247111927374,0.0
3967920,0.66,0.0024790886093,0.0
4028040,0.67,0.00247170928868,0.0
4088160,0.68,0.00246898389843,0.0
4148280,0.69,0.00244659152914,0.0
4208400,0.7,0.00247075138362,0.0
4268520,0.71,0.00246074894944,0.0
4328640,0.72,0.00246854860331,0.0
4388760,0.73,0.00245536855197,0.0
4448880,0.74,0.00247239067356,0.0
4509000,0.75,0.0024288010614,0.0
4569120,0.76,0.00247252392063,0.0
4629240,0.77,0.00246051569851,0.0
4689360,0.78,0.00246635792755,0.0
4749480,0.79,0.00246096832981,0.0
4809600,0.8,0.00246754067842,0.0
4869720,0.81,0.0024423847714,0.0
4929840,0.82,0.00246025171,0.0
4989960,0.83,0.00246367785849,0.0
5050080,0.84,0.00246526589903,0.0
5110200,0.85,0.00246260896021,0.0
5170320,0.86,0.00247097762917,0.0
5230440,0.87,0.00245740911517,0.0
5290560,0.88,0.00246016151727,0.0
5350680,0.89,0.00247484392543,0.0
5410800,0.9,0.00247617176494,0.0
5470920,0.91,0.00247592970431,0.0
5531040,0.92,0.00247610918634,0.0
5591160,0.93,0.00246160442178,0.0
5651280,0.94,0.00244253705589,0.0
5711400,0.95,0.00246562195898,0.0
5771520,0.96,0.00245110465072,0.0
5831640,0.97,0.00245503950707,0.0
5891760,0.98,0.00245982829494,0.0
5951880,0.99,0.00246495960254,0.0
6012000,1.0,0.0024289504194,0.0
6072120,1.01,0.00246810855232,0.0
6132240,1.02,0.00245553032271,0.0
6192360,1.03,0.00245752981669,0.0
6252480,1.04,0.00245324520954,0.0
6312600,1.05,0.00247591537391,0.0
6372720,1.06,0.00244398552844,0.0
6432840,1.07,0.0024562823821,0.0
6492960,1.08,0.00245793904146,0.0
6553080,1.09,0.00245465959159,0.0
6613200,1.1,0.00245542763952,0.0
6673320,1.11,0.00246154931733,0.0
6733440,1.12,0.00245204072401,0.0
6793560,1.13,0.00245176057015,0.0
6853680,1.14,0.00245899586731,0.0
6913800,1.15,0.0024563912603,0.0
6973920,1.16,0.00245609836348,0.0
7034040,1.17,0.00245783801447,0.0
7094160,1.18,0.00246022213012,0.0
7154280,1.19,0.00244167930675,0.0
7214400,1.2,0.00246414516533,0.0
7274520,1.21,0.00245421338285,0.0
7334640,1.22,0.00245700960335,0.0
7394760,1.23,0.00245702584763,0.0
7454880,1.24,0.00246767834534,0.0
7515000,1.25,0.00242857651412,0.0
7575120,1.26,0.00246686691797,0.0
7635240,1.27,0.00245851029717,0.0
7695360,1.28,0.00246143258453,0.0
7755480,1.29,0.00245978669266,0.0
7815600,1.3,0.00247380992725,0.0
7875720,1.31,0.0024426924094,0.0
7935840,1.32,0.00246084077647,0.0
7995960,1.33,0.00246725116801,0.0
8056080,1.34,0.00246231289999,0.0
8116200,1.35,0.00246768041375,0.0
8176320,1.36,0.00247088565144,0.0
8236440,1.37,0.00245599572118,0.0
8296560,1.38,0.00245329087254,0.0
8356680,1.39,0.00246093920363,0.0
8416800,1.4,0.00245809343847,0.0
8476920,1.41,0.0024592545766,0.0
8537040,1.42,0.00246117587506,0.0
8597160,1.43,0.00245961551362,0.0
8657280,1.44,0.00244046162371,0.0
8717400,1.45,0.00246321177208,0.0
8777520,1.46,0.00245863799715,0.0
8837640,1.47,0.0024612226376,0.0
8897760,1.48,0.00245994674831,0.0
8957880,1.49,0.00246304740105,0.0
9018000,1.5,0.00242890969101,0.0
9078120,1.51,0.00246307695653,0.0
9138240,1.52,0.00245763877475,0.0
9198360,1.53,0.00246173968936,0.0
9258480,1.54,0.00245640449549,0.0
9318600,1.55,0.00246427648731,0.0
9378720,1.56,0.0024414418844,0.0
9438840,1.57,0.00245738401459,0.0
9498960,1.58,0.00246216240696,0.0
9559080,1.59,0.00245992128963,0.0
9619200,1.6,0.00245879691594,0.0
9679320,1.61,0.00247133402595,0.0
9739440,1.62,0.0024527337585,0.0
9799560,1.63,0.00245216865949,0.0
9859680,1.64,0.0024679712655,0.0
9919800,1.65,0.00246380282358,0.0
9979920,1.66,0.0024663728299,0.0
10040040,1.67,0.00246713114188,0.0
10100160,1.68,0.00246235389575,0.0
10160280,1.69,0.00244515015699,0.0
10220400,1.7,0.00248289244384,0.0
10280520,1.71,0.00246482132192,0.0
10340640,1.72,0.00247078714912,0.0
10400760,1.73,0.00245776658523,0.0
10460880,1.74,0.00247459591929,0.0
10521000,1.75,0.00242890905465,0.0
10581120,1.76,0.00247701565738,0.0
10641240,1.77,0.00245885039945,0.0
10701360,1.78,0.00246036766158,0.0
10761480,1.79,0.0024591219392,0.0
10821600,1.8,0.00246665023844,0.0
10881720,1.81,0.00244225691865,0.0
10941840,1.82,0.00246034139833,0.0
11001960,1.83,0.00246216900309,0.0
11062080,1.84,0.00245774738877,0.0
11122200,1.85,0.00245761144806,0.0
11182320,1.86,0.00247059814389,0.0
11242440,1.87,0.00245694577695,0.0
11302560,1.88,0.00245860987975,0.0
11362680,1.89,0.00247644095427,0.0
11422800,1.9,0.00246921736126,0.0
11482920,1.91,0.00246842126715,0.0
11543040,1.92,0.00246889381737,0.0
11603160,1.93,0.00246675087266,0.0
11663280,1.94,0.00244141871474,0.0
11723400,1.95,0.00246571256666,0.0
11783520,1.96,0.00245977113771,0.0
11843640,1.97,0.00245150955791,0.0
11903760,1.98,0.00245744762736,0.0
11963880,1.99,0.00245052614669,0.0
12024000,2.0,0.00242867627691,0.0
12084120,2.01,0.00245631771392,0.0
12144240,2.02,0.00245548065176,0.0
12204360,2.03,0.00245573806512,0.0
12264480,2.04,0.00245640553759,0.0
12324600,2.05,0.00246673689985,0.0
12384720,2.06,0.00244461467251,0.0
12444840,2.07,0.00246849465138,0.0
12504960,2.08,0.00246860121027,0.0
12565080,2.09,0.00247155465403,0.0
12625200,2.1,0.00246787174975,0.0
12685320,2.11,0.00246703943835,0.0
12745440,2.12,0.00245254842312,0.0
12805560,2.13,0.00245521216749,0.0
12865680,2.14,0.0024719153478,0.0
12925800,2.15,0.00246825124408,0.0
12985920,2.16,0.00247491500606,0.0
13046040,2.17,0.00246312817454,0.0
13106160,2.18,0.00245771013643,0.0
13166280,2.19,0.00244221789104,0.0
13226400,2.2,0.00246624404563,0.0
13286520,2.21,0.0024583910065,0.0
13346640,2.22,0.00246287354696,0.0
13406760,2.23,0.00245245061991,0.0
13466880,2.24,0.0024566128859,0.0
13527000,2.25,0.00242878471242,0.0
13587120,2.26,0.00245874942112,0.0
13647240,2.27,0.00245666197321,0.0
13707360,2.28,0.00246218176972,0.0
13767480,2.29,0.00245652312285,0.0
13827600,2.3,0.00246292444036,0.0
13887720,2.31,0.0024405641574,0.0
13947840,2.32,0.00245992344026,0.0
14007960,2.33,0.00246673049437,0.0
14068080,2.34,0.00246574124316,0.0
14128200,2.35,0.00246282093983,0.0
14188320,2.36,0.00246182784729,0.0
14248440,2.37,0.00244664742296,0.0
14308560,2.38,0.00244635696343,0.0
14368680,2.39,0.00245852402369,0.0
14428800,2.4,0.0024574556851,0.0
14488920,2.41,0.00246006537166,0.0
14549040,2.42,0.00246306226698,0.0
14609160,2.43,0.00245790561208,0.0
14669280,2.44,0.00244120978052,0.0
14729400,2.45,0.00246809898228,0.0
14789520,2.46,0.00246345342616,0.0
14849640,2.47,0.00246323374928,0.0
14909760,2.48,0.00246693411112,0.0
14969880,2.49,0.00246633238081,0.0
15030000,2.5,0.00242875861121,0.0
15090120,2.51,0.0024679723141,0.0
15150240,2.52,0.00245969202308,0.0
15210360,2.53,0.00246207453616,0.0
15270480,2.54,0.00246106765659,0.0
15330600,2.55,0.00246987821759,0.0
15390720,2.56,0.00244375353649,0.0
15450840,2.57,0.00246533344745,0.0
15510960,2.58,0.00246546297309,0.0
15571080,2.59,0.00246355871368,0.0
15631200,2.6,0.0024617757586,0.0
15691320,2.61,0.00246489205782,0.0
15751440,2.62,0.00244953132273,0.0
15811560,2.63,0.00244744172369,0.0
15871680,2.64,0.00245727915181,0.0
15931800,2.65,0.00245588028688,0.0
15991920,2.66,0.00245820698981,0.0
16052040,2.67,0.00245684196425,0.0
16112160,2.68,0.00245869522373,0.0
16172280,2.69,0.00244262992373,0.0
16232400,2.7,0.00246627691274,0.0
16292520,2.71,0.00245878347772,0.0
16352640,2.72,0.00245030961057,0.0
16412760,2.73,0.00245562095656,0.0
16472880,2.74,0.00246071350554,0.0
16533000,2.75,0.00242895609676,0.0
16593120,2.76,0.00245807604118,0.0
16653240,2.77,0.00245822094815,0.0
16713360,2.78,0.00246227131273,0.0
16773480,2.79,0.00246784762507,0.0
16833600,2.8,0.00246753852019,0.0
16893720,2.81,0.00243910837805,0.0
16953840,2.82,0.00245296928856,0.0
17013960,2.83,0.00246466192845,0.0
17074080,2.84,0.00245877116779,0.0
17134200,2.85,0.00245896909364,0.0
17194320,2.86,0.00246150757657,0.0
17254440,2.87,0.00245011687151,0.0
