601,9.99667332003e-05,0.228271569387,0.0462919992352
1202,0.000199933466401,0.230318054622,0.0487931178691
1803,0.000299900199601,0.229691541079,0.0511658504675
2404,0.000399866932801,0.228021487924,0.0541262468936
3005,0.000499833666001,0.224745048172,0.0566703262755
3606,0.000599800399202,0.219611719352,0.0592421674114
4207,0.000699767132402,0.220575859298,0.0630081099082
4808,0.000799733865602,0.223203283604,0.0656638094709
5409,0.000899700598802,0.223688164393,0.0677643581383
6010,0.000999667332003,0.222801181482,0.0689966762582
6611,0.0010996340652,0.220265205698,0.069695430262
7212,0.0011996007984,0.216735385033,0.0683830119782
7813,0.0012995675316,0.215141862645,0.068193676898
8414,0.0013995342648,0.218427382178,0.0688042684628
9015,0.001499500998,0.220224639511,0.0705811919097
9616,0.0015994677312,0.218805809912,0.073145149475
10217,0.0016994344644,0.215696861442,0.0740891422203
10818,0.0017994011976,0.211774525436,0.0731772213144
11419,0.00189936793081,0.207677768966,0.0711776621435
12020,0.00199933466401,0.210795902798,0.0724984296257
12621,0.00209930139721,0.210996202529,0.0722887340053
13222,0.00219926813041,0.209697413761,0.0729836180355
13823,0.00229923486361,0.207622759621,0.0726325712557
14424,0.00239920159681,0.204169460737,0.070953274964
15025,0.00249916833001,0.198414806692,0.0689411573154
15626,0.00259913506321,0.201238565835,0.0713585135286
16227,0.00269910179641,0.202972924687,0.0729441837779
16828,0.00279906852961,0.203304814306,0.0735993324832
17429,0.00289903526281,0.202771879735,0.0744144127576
18030,0.00299900199601,0.200085752412,0.0751556465527
18631,0.00309896872921,0.197029584174,0.0737372777116
19232,0.00319893546241,0.198716867683,0.0740458408388
19833,0.00329890219561,0.200945072988,0.0742938118379
20434,0.00339886892881,0.201970176161,0.0742207953101
21035,0.00349883566201,0.201236638327,0.0746308954595
21636,0.00359880239521,0.199692291908,0.0739162591125
22237,0.00369876912841,0.197059619069,0.0722149388559
22838,0.00379873586161,0.196566046362,0.0714260616112
23439,0.00389870259481,0.199657079023,0.0714935305987
24040,0.00399866932801,0.200883927393,0.0714697821921
24641,0.00409863606121,0.201006116794,0.071018778218
25242,0.00419860279441,0.199921786029,0.0694843064884
25843,0.00429856952761,0.197390926373,0.0672099892315
26444,0.00439853626081,0.194321517205,0.0648118328377
27045,0.00449850299401,0.197796885576,0.0648958442734
27646,0.00459846972721,0.199117846075,0.0655833662127
28247,0.00469843646041,0.199543346054,0.0661060646505
28848,0.00479840319361,0.19875723991,0.0663838559728
29449,0.00489836992681,0.196039110564,0.0663199035045
30050,0.00499833666001,0.192278003072,0.0665510480456
30651,0.00509830339321,0.195881964727,0.0678791404733
31252,0.00519827012641,0.198128924631,0.0687463841482
31853,0.00529823685961,0.19868799045,0.0686167586453
32454,0.00539820359281,0.199749430661,0.0681283251829
33055,0.00549817032601,0.198948300376,0.0666190633428
33656,0.00559813705921,0.196464215806,0.0648642592401
34257,0.00569810379242,0.198300077519,0.0645289675677
34858,0.00579807052562,0.201323552462,0.0645426711487
35459,0.00589803725882,0.202886858365,0.0636751666704
36060,0.00599800399202,0.203226710162,0.0642272905787
36661,0.00609797072522,0.201377152991,0.0640748275613
37262,0.00619793745842,0.198036167774,0.0634909397722
37863,0.00629790419162,0.19736610995,0.0638976181423
38464,0.00639787092482,0.201333208688,0.0657113203829
39065,0.00649783765802,0.203269420914,0.0671904179746
39666,0.00659780439122,0.203423183309,0.067273237908
40267,0.00669777112442,0.202136034337,0.0663437947539
40868,0.00679773785762,0.199264513134,0.0652972876834
41469,0.00689770459082,0.195707392241,0.064697649946
42070,0.00699767132402,0.199927547753,0.0671173673068
42671,0.00709763805722,0.201323688496,0.0686440454655
43272,0.00719760479042,0.20053659066,0.0709616163147
43873,0.00729757152362,0.19868477006,0.0708698858783
44474,0.00739753825682,0.195008909091,0.0708326372912
45075,0.00749750499002,0.190206830514,0.0678759472917
45676,0.00759747172322,0.193946955543,0.0711768040117
46277,0.00769743845642,0.195793175951,0.0732034286497
46878,0.00779740518962,0.196364873495,0.0742445615942
47479,0.00789737192282,0.19682082677,0.0737946757373
48080,0.00799733865602,0.195931858092,0.0730008874718
48681,0.00809730538922,0.193494568934,0.0709830331865
49282,0.00819727212242,0.195463245386,0.0723780515792
49883,0.00829723885562,0.199722156207,0.0741812105721
50484,0.00839720558882,0.201935165951,0.0750120658405
51085,0.00849717232202,0.202587872396,0.0744157320173
51686,0.00859713905522,0.200906264836,0.0736433621469
52287,0.00869710578842,0.198196615074,0.0705547331417
52888,0.00879707252162,0.197717528633,0.0696958483299
53489,0.00889703925482,0.202699915386,0.0708171913617
54090,0.00899700598802,0.204726448957,0.0715203841071
54691,0.00909697272122,0.205404484809,0.0714356979366
55292,0.00919693945442,0.204717796389,0.0706820352907
55893,0.00929690618762,0.201983606772,0.0704874042256
56494,0.00939687292083,0.198035366845,0.0710939572903
57095,0.00949683965403,0.202557975886,0.0720362187321
57696,0.00959680638723,0.203924362616,0.0730138139058
58297,0.00969677312043,0.203453383104,0.0723767042409
58898,0.00979673985363,0.202409422609,0.071432749163
59499,0.00989670658683,0.198821993385,0.0717571005344
60100,0.00999667332003,0.193426053192,0.0718296863816
60701,0.0100966400532,0.196780264714,0.0745706969495
61302,0.0101966067864,0.198737612766,0.0757681330903
61903,0.0102965735196,0.199183585754,0.0765652521302
62504,0.0103965402528,0.198264399986,0.0764866178157
63105,0.010496506986,0.196143022912,0.0743150065755
63706,0.0105964737192,0.191670917409,0.0713270051719
64307,0.0106964404524,0.192317570658,0.0698035805195
64908,0.0107964071856,0.193720147569,0.0719045688589
65509,0.0108963739188,0.19436830764,0.0729808231718
66110,0.010996340652,0.193640231973,0.0734609644461
66711,0.0110963073852,0.191964388429,0.0726483672917
67312,0.0111962741184,0.188962492536,0.0705489787871
67913,0.0112962408516,0.188591556308,0.0699351070368
68514,0.0113962075848,0.192681854166,0.0718058251588
69115,0.011496174318,0.19415499155,0.0723254619412
69716,0.0115961410512,0.194389498243,0.0715442806693
70317,0.0116961077844,0.193717952524,0.0702966955565
70918,0.0117960745176,0.191572970681,0.0694125194262
71519,0.0118960412508,0.188547839422,0.067050019438
72120,0.011996007984,0.192274156539,0.0697916187298
72721,0.0120959747172,0.195427581035,0.0716154973515
73322,0.0121959414504,0.196730989038,0.0730201854281
73923,0.0122959081836,0.196675567783,0.0727958870291
74524,0.0123958749168,0.196307599165,0.0708150548854
75125,0.01249584165,0.19312752062,0.0682818859164
75726,0.0125958083832,0.196025007608,0.0716790752992
76327,0.0126957751164,0.198395537874,0.0728406101537
76928,0.0127957418496,0.199252362892,0.0733298569136
77529,0.0128957085828,0.199720946201,0.0730748942109
78130,0.012995675316,0.198328704073,0.0726311501809
78731,0.0130956420492,0.194975053611,0.0701280654855
79332,0.0131956087824,0.196221945823,0.070665713486
79933,0.0132955755156,0.19899167177,0.0715472807406
80534,0.0133955422488,0.20010709097,0.0726038676774
81135,0.013495508982,0.20025294389,0.072203352695
81736,0.0135954757152,0.199943085396,0.0708719227638
82337,0.0136954424484,0.198110418138,0.0678666369154
82938,0.0137954091816,0.197269560701,0.0668802932448
83539,0.0138953759148,0.200445069739,0.0677348108877
84140,0.013995342648,0.201352942236,0.0677066915381
84741,0.0140953093812,0.200790505971,0.0685322122699
85342,0.0141952761144,0.199210474756,0.0713961740355
85943,0.0142952428476,0.196449091678,0.0755619453
86544,0.0143952095808,0.192806940054,0.076009764799
87145,0.014495176314,0.196297633223,0.0784612684209
87746,0.0145951430472,0.197794429006,0.0796214100699
88347,0.0146951097804,0.197704502675,0.0794828069712
88948,0.0147950765136,0.195595890252,0.0788940728599
89549,0.0148950432468,0.192793726402,0.0762800936033
90150,0.01499500998,0.187972721097,0.0724478107883
90751,0.0150949767132,0.18984859854,0.072346989013
91352,0.0151949434464,0.190392492171,0.0734604882487
91953,0.0152949101796,0.190218977479,0.0744986140877
92554,0.0153948769128,0.189705551654,0.0739223064841
93155,0.015494843646,0.188661632896,0.0724768428771
93756,0.0155948103792,0.185919913155,0.0698720770052
94357,0.0156947771124,0.187807233582,0.0700929639094
94958,0.0157947438456,0.190160935572,0.0715866598046
95559,0.0158947105788,0.190034821537,0.0727516369845
96160,0.015994677312,0.189962445983,0.0740591997493
96761,0.0160946440452,0.18878068762,0.0740628342622
97362,0.0161946107784,0.1870535405,0.0717591024709
97963,0.0162945775116,0.186446133084,0.0717901795687
98564,0.0163945442448,0.190244805478,0.0745592924926
99165,0.016494510978,0.192743061572,0.0753649235403
99766,0.0165944777112,0.193760821385,0.0762511253184
100367,0.0166944444444,0.193020817604,0.0761461443172
100968,0.0167944111776,0.191393040625,0.0743143248085
101569,0.0168943779108,0.188331156652,0.0716753662237
102170,0.016994344644,0.192375959825,0.0731534385858
102771,0.0170943113772,0.194197871689,0.0749957670592
103372,0.0171942781104,0.194680548196,0.07572698317
103973,0.0172942448436,0.194278700793,0.0753679209723
104574,0.0173942115768,0.191731971106,0.0738303417453
105175,0.01749417831,0.187428381918,0.0715202520142
105776,0.0175941450432,0.189395214093,0.0725044820697
106377,0.0176941117764,0.191956368792,0.0734837222583
106978,0.0177940785096,0.193701846352,0.0738945013371
107579,0.0178940452428,0.195004683354,0.0739210732966
108180,0.017994011976,0.194538714939,0.0714274149701
108781,0.0180939787092,0.192085284623,0.0678444921619
109382,0.0181939454424,0.193273510811,0.0660398013553
109983,0.0182939121756,0.195815601364,0.065416890983
110584,0.0183938789088,0.197162780144,0.0644810201647
111185,0.018493845642,0.197537793444,0.0631622350646
111786,0.0185938123752,0.196554161829,0.0623002632977
112387,0.0186937791084,0.194432704408,0.0607377188548
112988,0.0187937458417,0.193335183867,0.0593153585549
113589,0.0188937125749,0.196125270759,0.0592552128944
114190,0.0189936793081,0.197247136327,0.0589225477391
114791,0.0190936460413,0.197333635266,0.058168442022
115392,0.0191936127745,0.196730011202,0.0577326584645
115993,0.0192935795077,0.194828601547,0.0565346968155
116594,0.0193935462409,0.192679342913,0.0551149607542
117195,0.0194935129741,0.196103403797,0.0550832978753
117796,0.0195934797073,0.19769443636,0.0550401119156
118397,0.0196934464405,0.19889799966,0.055453404325
118998,0.0197934131737,0.198842936976,0.0552792058785
119599,0.0198933799069,0.197836800322,0.0547424365125
120200,0.0199933466401,0.194867652243,0.054835115362
120801,0.0200933133733,0.198198318216,0.056331185236
121402,0.0201932801065,0.200597164016,0.0576654831671
122003,0.0202932468397,0.201913310508,0.0583121893221
122604,0.0203932135729,0.202187372448,0.0578513242286
123205,0.0204931803061,0.2017512998,0.0567902587426
123806,0.0205931470393,0.199036371544,0.0550543218117
124407,0.0206931137725,0.200082306697,0.055344486824
125008,0.0207930805057,0.203087421771,0.0566567071455
125609,0.0208930472389,0.20398213834,0.0580560081087
126210,0.0209930139721,0.20360749009,0.0584826478699
126811,0.0210929807053,0.20227674868,0.0576334509137
127412,0.0211929474385,0.199270128472,0.0575937765505
128013,0.0212929141717,0.197688014334,0.0594937230314
128614,0.0213928809049,0.200398719181,0.0610244812724
129215,0.0214928476381,0.201700450708,0.0613653047209
129816,0.0215928143713,0.201956860317,0.0615158641636
130417,0.0216927811045,0.20065575075,0.0609176844919
131018,0.0217927478377,0.197369602399,0.0603291274906
131619,0.0218927145709,0.19385842983,0.0598193003135
132220,0.0219926813041,0.197365846537,0.0620278406174
132821,0.0220926480373,0.198444918916,0.0633760007526
133422,0.0221926147705,0.19826347792,0.0641915400873
134023,0.0222925815037,0.197848146302,0.0627731680106
134624,0.0223925482369,0.195886839263,0.0613684411846
135225,0.0224925149701,0.19313415751,0.060100973609
135826,0.0225924817033,0.195593628878,0.062745981201
136427,0.0226924484365,0.196927879557,0.0638091992042
137028,0.0227924151697,0.197516832479,0.0636162708551
137629,0.0228923819029,0.197192742904,0.0625345517
138230,0.0229923486361,0.196202114478,0.0613032957788
138831,0.0230923153693,0.193315267985,0.0594633797545
139432,0.0231922821025,0.194476681952,0.0595131305253
140033,0.0232922488357,0.19715620698,0.0605841474854
140634,0.0233922155689,0.198343531561,0.0614265077921
141235,0.0234921823021,0.19861032197,0.0624542324619
141836,0.0235921490353,0.197551839064,0.0631547084552
142437,0.0236921157685,0.195392902446,0.0632477465394
143038,0.0237920825017,0.194735059497,0.063360176383
143639,0.0238920492349,0.198575859205,0.0645626039902
144240,0.0239920159681,0.200568782799,0.065179337403
144841,0.0240919827013,0.200956493284,0.0650304292894
145442,0.0241919494345,0.200294664132,0.0651078106656
146043,0.0242919161677,0.198063145158,0.0652802930694
146644,0.0243918829009,0.194105961264,0.0658274739898
147245,0.0244918496341,0.196827679516,0.0701293361597
147846,0.0245918163673,0.198015750491,0.0720940064428
148447,0.0246917831005,0.197678719784,0.072134565465
149048,0.0247917498337,0.196392759771,0.0716694144725
149649,0.0248917165669,0.19402066228,0.0698404636396
150250,0.0249916833001,0.188842854403,0.0689554925922
150851,0.0250916500333,0.190910788994,0.0694105911935
151452,0.0251916167665,0.192699995342,0.0702828641557
152053,0.0252915834997,0.193346063325,0.070510227529
152654,0.0253915502329,0.193327749889,0.0704174324947
153255,0.0254915169661,0.192056658419,0.0699222204827
153856,0.0255914836993,0.188723573742,0.0688053315748
154457,0.0256914504325,0.188941064538,0.0688829796294
155058,0.0257914171657,0.191501905318,0.069006474966
155659,0.0258913838989,0.192603812938,0.0682577285546
156260,0.0259913506321,0.192204215161,0.0670531747546
156861,0.0260913173653,0.190792330944,0.0648249633195
157462,0.0261912840985,0.188177218854,0.0616679956637
158063,0.0262912508317,0.186520302123,0.0600838113909
158664,0.0263912175649,0.189223554542,0.0615182413283
159265,0.0264911842981,0.190674761036,0.0619822533892
159866,0.0265911510313,0.191197599099,0.0631756458446
160467,0.0266911177645,0.189788270427,0.0627959445361
161068,0.0267910844977,0.187094279057,0.0614013226415
161669,0.0268910512309,0.183596278431,0.0592102092871
162270,0.0269910179641,0.186880828264,0.0604668620315
162871,0.0270909846973,0.188373335327,0.0595733287427
163472,0.0271909514305,0.188708316063,0.0575862264682
164073,0.0272909181637,0.188269366995,0.0562804589934
164674,0.0273908848969,0.186181372543,0.0566162041055
165275,0.0274908516301,0.182723727378,0.0552946970437
165876,0.0275908183633,0.185681156332,0.0565614902449
166477,0.0276907850965,0.188063559478,0.0574921029946
167078,0.0277907518297,0.189041400886,0.0582291351182
167679,0.0278907185629,0.189300022303,0.0580963510875
168280,0.0279906852961,0.188125925727,0.0576314845425
168881,0.0280906520293,0.186103297012,0.0565223432824
169482,0.0281906187625,0.186770319818,0.0568886745488
170083,0.0282905854957,0.189108009235,0.058328453931
170684,0.0283905522289,0.190453325147,0.0596393326376
171285,0.0284905189621,0.190513744227,0.05999210439
171886,0.0285904856953,0.189831896353,0.0592566494959
172487,0.0286904524285,0.187570772293,0.0588452260814
173088,0.0287904191617,0.186198254041,0.0591070002389
173689,0.0288903858949,0.189058872603,0.0632002008511
174290,0.0289903526281,0.190014274237,0.0656642632843
174891,0.0290903193613,0.190108384733,0.0667401817081
175492,0.0291902860945,0.190002869746,0.0671380853091
176093,0.0292902528277,0.188288082535,0.0662550441936
176694,0.0293902195609,0.18526169657,0.0659507062926
177295,0.0294901862941,0.188980005641,0.0688725382728
177896,0.0295901530273,0.191155211484,0.0708465564321
178497,0.0296901197605,0.192516875563,0.0718373277333
179098,0.0297900864937,0.192546495513,0.0721856429267
179699,0.0298900532269,0.191131825864,0.0721193143496
180300,0.0299900199601,0.188066670802,0.0711309190619
180901,0.0300899866933,0.191441302678,0.0726734173964
181502,0.0301899534265,0.19433633333,0.0740903321974
182103,0.0302899201597,0.195177500317,0.0769788635794
182704,0.0303898868929,0.194956348407,0.0769425068608
183305,0.0304898536261,0.194528786859,0.0769770297018
183906,0.0305898203593,0.192485869219,0.0760885564198
184507,0.0306897870925,0.193609045339,0.0773716566003
185108,0.0307897538257,0.197240499312,0.0789453905157
185709,0.0308897205589,0.19957788051,0.0799398075682
186310,0.0309896872921,0.200728239401,0.0804195029644
186911,0.0310896540253,0.200668941864,0.0809496684536
187512,0.0311896207585,0.198797978216,0.0809661068443
188113,0.0312895874917,0.197947765574,0.0811844419499
188714,0.0313895542249,0.200538208248,0.0828218135135
189315,0.0314895209581,0.202308749292,0.0822115456037
189916,0.0315894876913,0.201775276295,0.0812787542856
190517,0.0316894544245,0.201097609603,0.0826248845342
191118,0.0317894211577,0.196918412361,0.0893031858251
191719,0.0318893878909,0.190229990394,0.0872927865265
192320,0.0319893546241,0.193141063486,0.0910058826602
192921,0.0320893213573,0.194038794162,0.0923519947211
193522,0.0321892880905,0.194721826013,0.0924846224255
194123,0.0322892548237,0.193515959929,0.0921177565003
194724,0.0323892215569,0.191441881662,0.0885460060382
195325,0.0324891882901,0.186863950857,0.0830058911665
195926,0.0325891550233,0.189894560531,0.0831086558647
196527,0.0326891217565,0.191911995691,0.0835326686045
197128,0.0327890884897,0.19285406765,0.0832103613002
197729,0.0328890552229,0.192592704416,0.0820767569518
198330,0.0329890219561,0.19114866525,0.0796511900363
198931,0.0330889886893,0.187709805573,0.0761955891049
199532,0.0331889554225,0.188958934143,0.0757508114514
200133,0.0332889221557,0.192275066539,0.0781085715925
200734,0.0333888888889,0.193766189946,0.0815000047792
201335,0.0334888556221,0.194074812976,0.0823662756658
201936,0.0335888223553,0.19361085136,0.0814227464865
202537,0.0336887890885,0.191209400885,0.07845872832
203138,0.0337887558217,0.190057089591,0.0765191346698
203739,0.0338887225549,0.194108344796,0.0767264022827
204340,0.0339886892881,0.196127474881,0.0756273082946
204941,0.0340886560213,0.196705987519,0.0743114620597
205542,0.0341886227545,0.196805506586,0.0721317585423
206143,0.0342885894877,0.195123248086,0.0698554817231
206744,0.0343885562209,0.191921967825,0.0672016000621
207345,0.0344885229541,0.195396512285,0.0674434757951
207946,0.0345884896873,0.197924179108,0.0661811144608
208547,0.0346884564205,0.197954290377,0.0646653529825
209148,0.0347884231537,0.196823506802,0.0632015950445
209749,0.0348883898869,0.194802510324,0.0619711374233
210350,0.0349883566201,0.190479280286,0.0624514764709
210951,0.0350883233533,0.192245528562,0.0640877689574
211552,0.0351882900865,0.193374006314,0.0656520068197
212153,0.0352882568197,0.193809702671,0.0657798966806
212754,0.0353882235529,0.192717341921,0.066118164748
213355,0.0354881902861,0.189866088854,0.0663284060721
213956,0.0355881570193,0.186708856692,0.067759404374
214557,0.0356881237525,0.18711622213,0.0687370536435
215158,0.0357880904857,0.189687329237,0.0693408010194
215759,0.0358880572189,0.190751238393,0.0690428264752
216360,0.0359880239521,0.190445883238,0.0685908901799
216961,0.0360879906853,0.189931329681,0.0685227402422
217562,0.0361879574185,0.187615422663,0.0670675781564
218163,0.0362879241517,0.186334951475,0.0655590910363
218764,0.0363878908849,0.189688335957,0.0646714452734
219365,0.0364878576181,0.190432415916,0.0656951373529
219966,0.0365878243513,0.190205388233,0.068087687166
220567,0.0366877910845,0.188999861819,0.0692396684818
221168,0.0367877578177,0.186886499037,0.0691915246263
221769,0.0368877245509,0.184296609791,0.0678718754755
222370,0.0369876912841,0.187421549625,0.0680541869717
222971,0.0370876580173,0.189517690583,0.0677917550702
223572,0.0371876247505,0.191251526599,0.0664499197144
224173,0.0372875914837,0.192199463256,0.0651486742172
224774,0.0373875582169,0.191914894227,0.0637290283418
225375,0.0374875249501,0.189713212125,0.0631925210713
225976,0.0375874916833,0.19301295556,0.0632024502092
226577,0.0376874584165,0.195103314777,0.0632662974051
227178,0.0377874251497,0.196151149252,0.0625718774356
227779,0.0378873918829,0.196399512841,0.0617519301429
228380,0.0379873586161,0.195674797072,0.0606955304965
228981,0.0380873253493,0.193286973051,0.0595718542413
229582,0.0381872920825,0.194295652116,0.0584025660911
230183,0.0382872588157,0.197405763067,0.0581568326305
230784,0.0383872255489,0.19893914731,0.0579983037534
231385,0.0384871922821,0.199414905605,0.0582603198612
231986,0.0385871590153,0.198661711458,0.0584066377534
232587,0.0386871257485,0.196783683433,0.0579177067091
233188,0.0387870924817,0.195695181333,0.056694335718
233789,0.0388870592149,0.198692904397,0.0562373394771
234390,0.0389870259481,0.200689105486,0.0555829181287
234991,0.0390869926813,0.201042070048,0.054501011127
235592,0.0391869594145,0.200239290011,0.0529327917334
236193,0.0392869261477,0.198466255036,0.0513882169312
236794,0.0393868928809,0.194668838458,0.0495189204807
237395,0.0394868596141,0.198137398848,0.0487316441117
237996,0.0395868263473,0.199174702117,0.0484536477627
238597,0.0396867930805,0.199196537017,0.0486686633421
239198,0.0397867598137,0.198327601408,0.0486864374371
239799,0.0398867265469,0.196736076881,0.0481908723167
240400,0.0399866932801,0.193070965945,0.048014268523
241001,0.0400866600133,0.195389170739,0.0489391434375
241602,0.0401866267465,0.197335777796,0.0492724587059
242203,0.0402865934797,0.197976183172,0.0495543492757
242804,0.0403865602129,0.197701562473,0.0497490697935
243405,0.0404865269461,0.196619297541,0.0495922611105
244006,0.0405864936793,0.193791877158,0.0492935381668
244607,0.0406864604125,0.193772119114,0.0503099426276
245208,0.0407864271457,0.196334142224,0.0514672656448
245809,0.0408863938789,0.197298520154,0.0516122515345
246410,0.0409863606121,0.197816099637,0.0511546002587
247011,0.0410863273453,0.196568510952,0.0498143895501
247612,0.0411862940785,0.194727663484,0.0482813225646
248213,0.0412862608117,0.193578613786,0.0482971413324
248814,0.0413862275449,0.196936051571,0.0501613081105
249415,0.0414861942781,0.198742918704,0.0519304406568
250016,0.0415861610113,0.198887909996,0.0529426902816
250617,0.0416861277445,0.197996118841,0.0527115848773
251218,0.0417860944777,0.195809033637,0.0521999929005
251819,0.0418860612109,0.193083159251,0.0517383435289
252420,0.0419860279441,0.196857212595,0.0539022978166
253021,0.0420859946773,0.198632680438,0.0562116442916
253622,0.0421859614105,0.19978035267,0.0578248977381
254223,0.0422859281437,0.199978359545,0.0589550162868
254824,0.0423858948769,0.198622397002,0.0588596369965
255425,0.0424858616101,0.196604822437,0.0572334571613
256026,0.0425858283433,0.199860865001,0.0590003467161
256627,0.0426857950765,0.202410170796,0.0604400984313
257228,0.0427857618097,0.203896431473,0.0611762011086
257829,0.0428857285429,0.204746138755,0.0609784872568
258430,0.0429856952761,0.204516320091,0.0617488723155
259031,0.0430856620093,0.202408373851,0.0620892087749
259632,0.0431856287425,0.203196338181,0.0630028516404
260233,0.0432855954757,0.206632602,0.0650801169653
260834,0.0433855622089,0.208515118235,0.0659867673285
261435,0.0434855289421,0.208516460304,0.0663554575519
262036,0.0435854956753,0.20726145366,0.0655065327764
262637,0.0436854624085,0.204319884928,0.063472878406
263238,0.0437854291417,0.202627129902,0.0620297694642
263839,0.0438853958749,0.206063095593,0.0641629684371
264440,0.0439853626081,0.208040790799,0.0659904108513
265041,0.0440853293413,0.208211873474,0.0671159293146
265642,0.0441852960745,0.206881407922,0.0663860142733
266243,0.0442852628077,0.204320136238,0.0645367798756
266844,0.0443852295409,0.200109919991,0.0631283739492
267445,0.0444851962741,0.203970012102,0.0650986392648
268046,0.0445851630073,0.205869758238,0.0661355029105
268647,0.0446851297405,0.20592245455,0.0664875780771
269248,0.0447850964737,0.205071112219,0.0657452405246
269849,0.0448850632069,0.202617075066,0.0643132572223
270450,0.0449850299401,0.198112957885,0.0621556423957
271051,0.0450849966733,0.200186255638,0.0628386585957
271652,0.0451849634065,0.202459368579,0.0640264415968
272253,0.0452849301397,0.202360928632,0.0647664276026
272854,0.0453848968729,0.200947858186,0.0647805298776
273455,0.0454848636061,0.198354002332,0.064017973938
274056,0.0455848303393,0.19456581111,0.0625513319356
274657,0.0456847970725,0.193931804607,0.0638155625113
275258,0.0457847638057,0.196666276163,0.0673592864215
275859,0.0458847305389,0.197691483481,0.069559871379
276460,0.0459846972721,0.197023790949,0.0706008826942
277061,0.0460846640053,0.195845304978,0.072231305551
277662,0.0461846307385,0.193597719308,0.071426813854
278263,0.0462845974717,0.192311530841,0.0709058292622
278864,0.0463845642049,0.195749046346,0.0736094308515
279465,0.0464845309381,0.197046269676,0.0739292509444
280066,0.0465844976713,0.197281306222,0.0733811165794
280667,0.0466844644045,0.197136800097,0.0715962542701
281268,0.0467844311377,0.195992406601,0.0692894883501
281869,0.0468843978709,0.192938743068,0.0665916418514
282470,0.0469843646041,0.19804427431,0.0685934234755
283071,0.0470843313373,0.200683953296,0.0694857742034
283672,0.0471842980705,0.202247727853,0.0694474986974
284273,0.0472842648037,0.20262471857,0.0685480726659
284874,0.0473842315369,0.201097603366,0.0670617479257
285475,0.0474841982701,0.198351342108,0.0652090461844
286076,0.0475841650033,0.201790981311,0.0661007443919
286677,0.0476841317365,0.204375436839,0.0694950279121
287278,0.0477840984697,0.206190696259,0.0708716680357
287879,0.0478840652029,0.205991449427,0.0714111351545
288480,0.0479840319361,0.20444478655,0.0707946199349
289081,0.0480839986693,0.200823551002,0.0695019382463
289682,0.0481839654025,0.201044958804,0.0699264552178
290283,0.0482839321357,0.204436974586,0.0712605246416
290884,0.0483838988689,0.2057505799,0.0720624894228
291485,0.0484838656021,0.205570460648,0.0720852056349
292086,0.0485838323353,0.204117988407,0.0719118722773
292687,0.0486837990685,0.200904272178,0.0724628874789
293288,0.0487837658017,0.197714926891,0.0736443018116
293889,0.0488837325349,0.200853949667,0.0776137861848
294490,0.0489836992681,0.20088768786,0.0810556606521
295091,0.0490836660013,0.198463153959,0.0824906702222
295692,0.0491836327345,0.195147448842,0.085920823442
296293,0.0492835994677,0.192016008304,0.0871361143254
296894,0.0493835662009,0.187330683481,0.0856534541219
297495,0.0494835329341,0.191086164847,0.0887462116854
298096,0.0495834996673,0.192779990124,0.0903030457531
298697,0.0496834664005,0.193819961665,0.0908903179284
299298,0.0497834331337,0.193669997778,0.0904530382327
299899,0.0498833998669,0.19190170568,0.0898605339722
300500,0.0499833666001,0.187987197042,0.0872799971532
301101,0.0500833333333,0.190473623448,0.0882773627881
301702,0.0501833000665,0.192866632452,0.0887849804857
302303,0.0502832667997,0.19316985765,0.0883254084278
302904,0.0503832335329,0.192268354731,0.0892699754059
303505,0.0504832002661,0.190710188398,0.0883498506895
304106,0.0505831669993,0.186264881995,0.0857394528969
304707,0.0506831337325,0.186006119584,0.0859114149724
305308,0.0507831004657,0.187659263831,0.0879515274315
305909,0.0508830671989,0.18794913306,0.089294246684
306510,0.0509830339321,0.187330776773,0.0882352181476
307111,0.0510830006653,0.185385379267,0.0855425171236
307712,0.0511829673985,0.182426256362,0.0846593389156
308313,0.0512829341317,0.181033225184,0.0827357477802
308914,0.0513829008649,0.185031067002,0.0841133614705
309515,0.0514828675981,0.186914356531,0.0840447773537
310116,0.0515828343313,0.187859931048,0.0813934382989
310717,0.0516828010645,0.187401107519,0.0791039934757
311318,0.0517827677977,0.185716775785,0.0763294587782
311919,0.0518827345309,0.182234121269,0.0724205133262
312520,0.0519827012641,0.187502098254,0.0741650085506
313121,0.0520826679973,0.190180187936,0.076163626908
313722,0.0521826347305,0.190207745706,0.0780504740951
314323,0.0522826014637,0.188687963968,0.0787569923871
314924,0.0523825681969,0.19005810651,0.0795446050465
315525,0.0524825349301,0.185208644516,0.0769628613415
316126,0.0525825016633,0.18511464787,0.0765975242385
316727,0.0526824683965,0.185928192809,0.0781775241541
317328,0.0527824351297,0.185532061586,0.0775800807724
317929,0.0528824018629,0.184349322418,0.0769008784159
318530,0.0529823685961,0.182805768754,0.0763662572385
319131,0.0530823353293,0.180059702355,0.0757167972589
319732,0.0531823020625,0.179246510071,0.0762862447336
320333,0.0532822687957,0.182489108981,0.0783694646453
320934,0.0533822355289,0.183996106678,0.0787256891248
321535,0.0534822022621,0.184772086036,0.0781740935854
322136,0.0535821689953,0.185635214781,0.0765885564181
322737,0.0536821357285,0.183775547806,0.0744031528496
323338,0.0537821024617,0.182163448958,0.0725808958706
323939,0.0538820691949,0.185647107022,0.0726719880197
324540,0.0539820359281,0.188461347552,0.0726518318022
325141,0.0540820026613,0.189655919644,0.0718186085027
325742,0.0541819693945,0.189796046735,0.0710541091338
326343,0.0542819361277,0.187761255542,0.0714587035401
326944,0.0543819028609,0.184490359988,0.0711738887744
327545,0.0544818695941,0.187539217407,0.0725832240851
328146,0.0545818363273,0.188907678957,0.0738224478317
328747,0.0546818030605,0.188368798422,0.0747563571382
329348,0.0547817697937,0.186348794541,0.0747143668391
329949,0.0548817365269,0.183976038116,0.0736145071801
330550,0.0549817032601,0.180357701109,0.0715487820319
331151,0.0550816699933,0.18221677913,0.071900896383
331752,0.0551816367265,0.184272085394,0.0727336672786
332353,0.0552816034597,0.184769265242,0.0738381443205
332954,0.0553815701929,0.185641923287,0.0735911236417
333555,0.0554815369261,0.185598110667,0.0713531361664
334156,0.0555815036593,0.184190025953,0.0672086497808
334757,0.0556814703925,0.184386592786,0.0629691348664
335358,0.0557814371257,0.185953902539,0.0643361456684
335959,0.0558814038589,0.187501607912,0.0652687424661
336560,0.0559813705921,0.187523620778,0.0654609401296
337161,0.0560813373253,0.186186296357,0.0660689036299
337762,0.0561813040585,0.184253567705,0.0648595131652
338363,0.0562812707917,0.183276332502,0.0638670542006
338964,0.056381237525,0.187054726416,0.0658129924595
339565,0.0564812042582,0.188913225085,0.0662584408314
340166,0.0565811709914,0.189701707637,0.065666171535
340767,0.0566811377246,0.189913113815,0.0647405904012
341368,0.0567811044578,0.188924815586,0.063791493854
341969,0.056881071191,0.186220625602,0.0622783988056
342570,0.0569810379242,0.191738241957,0.0643257079139
343171,0.0570810046574,0.194818192187,0.0651299795219
343772,0.0571809713906,0.19660413177,0.064909648576
344373,0.0572809381238,0.196120186106,0.0643012764299
344974,0.057380904857,0.194931711906,0.0649626189262
345575,0.0574808715902,0.191935293569,0.062929023363
346176,0.0575808383234,0.194246914288,0.0649043605881
346777,0.0576808050566,0.197402503426,0.0669755964313
347378,0.0577807717898,0.198577661095,0.0683407572232
347979,0.057880738523,0.198250550689,0.0684808968242
348580,0.0579807052562,0.196348836027,0.0680688726275
349181,0.0580806719894,0.192933335188,0.0650932653663
349782,0.0581806387226,0.19254001206,0.063502650501
350383,0.0582806054558,0.194562126942,0.0656221504106
350984,0.058380572189,0.194405631134,0.0654843367673
351585,0.0584805389222,0.193308339735,0.0642934750219
352186,0.0585805056554,0.191547773747,0.0641767446869
352787,0.0586804723886,0.189097109177,0.0635263348982
353388,0.0587804391218,0.187485575366,0.0651606371331
353989,0.058880405855,0.191322209305,0.0691899377569
354590,0.0589803725882,0.193402265828,0.0707136277264
355191,0.0590803393214,0.194569141638,0.0712147777175
355792,0.0591803060546,0.19430636849,0.0712416193941
356393,0.0592802727878,0.191999319941,0.0716855411066
356994,0.059380239521,0.188053828641,0.0692405792796
357595,0.0594802062542,0.192215844428,0.0705019363524
358196,0.0595801729874,0.19420528913,0.070626905195
358797,0.0596801397206,0.194799059179,0.0702794691758
359398,0.0597801064538,0.194029872773,0.0698169847026
359999,0.059880073187,0.192360685564,0.0687188838578
360600,0.0599800399202,0.189069450504,0.0669148975181
361201,0.0600800066534,0.191494294845,0.0680469398823
361802,0.0601799733866,0.193681210493,0.0697184109124
362403,0.0602799401198,0.194421692967,0.0696807478913
363004,0.060379906853,0.194549014319,0.068533144141
363605,0.0604798735862,0.193977212452,0.0664131060594
364206,0.0605798403194,0.191743505661,0.0632599209069
364807,0.0606798070526,0.192404680313,0.0623715127893
365408,0.0607797737858,0.196228773454,0.0634286868392
366009,0.060879740519,0.197899551427,0.063807562216
366610,0.0609797072522,0.19834251144,0.0630985517488
367211,0.0610796739854,0.197509537219,0.0612814313699
367812,0.0611796407186,0.195172405256,0.0589213183345
368413,0.0612796074518,0.19291506008,0.057099635661
369014,0.061379574185,0.197189769896,0.0576815515343
369615,0.0614795409182,0.199487174358,0.0574667307429
370216,0.0615795076514,0.199607339352,0.0565209789999
370817,0.0616794743846,0.199037439082,0.0556651275305
371418,0.0617794411178,0.196886688736,0.0542909118939
372019,0.061879407851,0.192668975025,0.0523681978171
372620,0.0619793745842,0.197494406793,0.0538637792345
373221,0.0620793413174,0.200045508544,0.0545416229365
373822,0.0621793080506,0.200731046793,0.0543697184966
374423,0.0622792747838,0.200399977032,0.0537354463715
375024,0.062379241517,0.198379092707,0.0524058874547
375625,0.0624792082502,0.194176897736,0.0501852888669
376226,0.0625791749834,0.196533049804,0.0509282027788
376827,0.0626791417166,0.199245209129,0.0515326776202
377428,0.0627791084498,0.200190398118,0.0518797172694
378029,0.062879075183,0.200468354898,0.0516543421349
378630,0.0629790419162,0.199415442625,0.0513322210224
379231,0.0630790086494,0.196573398313,0.0494019057753
379832,0.0631789753826,0.196983458747,0.0483264768285
380433,0.0632789421158,0.200786959728,0.0486178192657
381034,0.063378908849,0.202237543195,0.0484818157976
381635,0.0634788755822,0.20255135124,0.0481814488905
382236,0.0635788423154,0.201969560419,0.0484731139495
382837,0.0636788090486,0.199581572971,0.047924846461
383438,0.0637787757818,0.197190004929,0.046885444682
384039,0.063878742515,0.201831111127,0.0480632703291
384640,0.0639787092482,0.203646922715,0.0490575476058
385241,0.0640786759814,0.204200692587,0.050377250064
385842,0.0641786427146,0.203151911088,0.0506431686692
386443,0.0642786094478,0.200566974812,0.0496980958454
387044,0.064378576181,0.195487081298,0.047452339549
387645,0.0644785429142,0.200322377818,0.048994611473
388246,0.0645785096474,0.202504318255,0.0498009182185
388847,0.0646784763806,0.203409484761,0.049730858071
389448,0.0647784431138,0.203081511246,0.0488112197101
390049,0.064878409847,0.201261724775,0.0471589063756
390650,0.0649783765802,0.19690365245,0.0447494332966
391251,0.0650783433134,0.198892288499,0.045564132435
391852,0.0651783100466,0.201418941016,0.046468514003
392453,0.0652782767798,0.202291015113,0.0466556462316
393054,0.065378243513,0.201816368198,0.0462951525705
393655,0.0654782102462,0.200128775995,0.0455541806647
394256,0.0655781769794,0.196378461229,0.0439418065974
394857,0.0656781437126,0.196048812617,0.0439118773121
395458,0.0657781104458,0.199224216595,0.0460382649127
396059,0.065878077179,0.200638107814,0.0479891522451
396660,0.0659780439122,0.200617153593,0.049411616985
397261,0.0660780106454,0.199223507419,0.0499204228197
397862,0.0661779773786,0.196016094637,0.0496427964438
398463,0.0662779441118,0.193593343589,0.0490698930533
399064,0.066377910845,0.197675805583,0.0506876052141
399665,0.0664778775782,0.199431324697,0.0517369953657
400266,0.0665778443114,0.19928137998,0.0520159649424
400867,0.0666778110446,0.198050531648,0.0522385724119
401468,0.0667777777778,0.195377346942,0.0515644966808
402069,0.066877744511,0.190109532455,0.0495680239394
402670,0.0669777112442,0.194042355797,0.0511935621928
403271,0.0670776779774,0.195703569025,0.0523607697321
403872,0.0671776447106,0.195670608927,0.0535630697354
404473,0.0672776114438,0.194329795154,0.0530859610708
405074,0.067377578177,0.191819234113,0.0520701457814
405675,0.0674775449102,0.187881848513,0.0509041468653
406276,0.0675775116434,0.189644969181,0.0524935791688
406877,0.0676774783766,0.191976792849,0.0543763671322
407478,0.0677774451098,0.193139477231,0.055401005966
408079,0.067877411843,0.192888000585,0.055797761407
408680,0.0679773785762,0.191449194097,0.0555685860237
409281,0.0680773453094,0.188457795796,0.0543497259452
409882,0.0681773120426,0.18831986881,0.0541742820111
410483,0.0682772787758,0.191996283854,0.0555557520624
411084,0.068377245509,0.193642309716,0.0565252354307
411685,0.0684772122422,0.193956971021,0.0565180918459
412286,0.0685771789754,0.193581271474,0.0558530277729
412887,0.0686771457086,0.191369011602,0.0547492288689
413488,0.0687771124418,0.18931109233,0.054596923467
414089,0.068877079175,0.193482223683,0.056651248055
414690,0.0689770459082,0.195594090865,0.0584002009795
415291,0.0690770126414,0.196153498028,0.0593599168857
415892,0.0691769793746,0.195685375918,0.0591931428182
416493,0.0692769461078,0.193791831794,0.059068360168
417094,0.069376912841,0.190072251407,0.0579317830292
417695,0.0694768795742,0.194393206506,0.0599150522969
418296,0.0695768463074,0.196843040075,0.0615499868776
418897,0.0696768130406,0.197727878234,0.0625216358837
419498,0.0697767797738,0.197440041426,0.062977330391
420099,0.069876746507,0.19550497988,0.0632582120734
420700,0.0699767132402,0.19238743302,0.0624605178412
421301,0.0700766799734,0.194248442264,0.0634017023508
421902,0.0701766467066,0.197491207052,0.0645471253363
422503,0.0702766134398,0.198762375155,0.0642455717017
423104,0.070376580173,0.198596067108,0.063204963442
423705,0.0704765469062,0.196535564525,0.0615844483216
424306,0.0705765136394,0.193210276211,0.0606010644357
424907,0.0706764803726,0.191865666956,0.062302717389
425508,0.0707764471058,0.194513814204,0.0646204798313
426109,0.070876413839,0.195176569571,0.0659010159427
426710,0.0709763805722,0.195314580602,0.0672136961471
427311,0.0710763473054,0.193850418271,0.0677819195131
427912,0.0711763140386,0.191078894856,0.0679924557597
428513,0.0712762807718,0.187709316836,0.0686591082786
429114,0.071376247505,0.191765862951,0.0713662821696
429715,0.0714762142382,0.194230185432,0.0728928135209
430316,0.0715761809714,0.194996842598,0.0737204863951
430917,0.0716761477046,0.194377051871,0.0738392149067
431518,0.0717761144378,0.193389356842,0.0729417607193
432119,0.071876081171,0.188870841911,0.071832744483
432720,0.0719760479042,0.192257499028,0.0734952823742
433321,0.0720760146374,0.193860873029,0.0737082053298
433922,0.0721759813706,0.194143221673,0.072993055181
434523,0.0722759481038,0.192630803958,0.0707202864421
435124,0.072375914837,0.190817378154,0.0682151158737
435725,0.0724758815702,0.187172799471,0.0661232078563
436326,0.0725758483034,0.188132170696,0.0678017874423
436927,0.0726758150366,0.190729964564,0.0689762143694
437528,0.0727757817698,0.191697782638,0.0696216366442
438129,0.072875748503,0.191446363484,0.0694837686339
438730,0.0729757152362,0.189796053537,0.0689137483075
439331,0.0730756819694,0.188048578262,0.0659995455532
439932,0.0731756487026,0.188088275636,0.0640797997128
440533,0.0732756154358,0.192104156324,0.0642836339989
441134,0.073375582169,0.194110243885,0.0638306094136
441735,0.0734755489022,0.194852580393,0.06373922178
442336,0.0735755156354,0.194019138877,0.0632152119633
442937,0.0736754823686,0.193170262453,0.0625105012763
443538,0.0737754491018,0.191419667059,0.0609539789489
444139,0.073875415835,0.192800747706,0.062149176303
444740,0.0739753825682,0.194520929369,0.062438350921
445341,0.0740753493014,0.194393433013,0.0623037662857
445942,0.0741753160346,0.193880680737,0.0629653874322
446543,0.0742752827678,0.192522579919,0.063302890812
447144,0.074375249501,0.189796631794,0.0632327777097
447745,0.0744752162342,0.193275193535,0.0641778408686
448346,0.0745751829674,0.195244330638,0.0647279438486
448947,0.0746751497006,0.19566327143,0.0648675370334
449548,0.0747751164338,0.195223641395,0.0642353749088
450149,0.074875083167,0.193979138473,0.0635468756192
450750,0.0749750499002,0.19112948622,0.0633632751368
451351,0.0750750166334,0.192775687179,0.0640147353063
451952,0.0751749833666,0.195513532415,0.0652428511197
452553,0.0752749500998,0.196500356098,0.0659692208583
453154,0.075374916833,0.196961887526,0.0659141342102
453755,0.0754748835662,0.19521768965,0.0651467230487
454356,0.0755748502994,0.193683125982,0.0646092040169
454957,0.0756748170326,0.193193366394,0.064356451342
455558,0.0757747837658,0.195777782368,0.0654513969914
456159,0.075874750499,0.196532460522,0.0661406200501
456760,0.0759747172322,0.196640536326,0.066746183837
457361,0.0760746839654,0.195837576979,0.0668617424125
457962,0.0761746506986,0.193227853539,0.0660479674644
458563,0.0762746174318,0.191052194455,0.0648944367749
459164,0.076374584165,0.195590471977,0.0676666148531
459765,0.0764745508982,0.198397203458,0.0691857587722
460366,0.0765745176314,0.2003204334,0.0705320550204
460967,0.0766744843646,0.200404324694,0.0703165336509
461568,0.0767744510978,0.197956890557,0.0696437075093
462169,0.076874417831,0.194177461233,0.0672976013915
462770,0.0769743845642,0.198167794113,0.0699987960892
463371,0.0770743512974,0.199821119687,0.0715011505101
463972,0.0771743180306,0.200386970464,0.0731307848035
464573,0.0772742847638,0.20033477224,0.0737857682712
465174,0.077374251497,0.198475654046,0.0731038481833
465775,0.0774742182302,0.194861561952,0.0713063877562
466376,0.0775741849634,0.196307831234,0.0729008839797
466977,0.0776741516966,0.198482899392,0.0747095980289
467578,0.0777741184298,0.199412263603,0.0759654904995
468179,0.077874085163,0.199169905758,0.0759807467385
468780,0.0779740518962,0.197949333247,0.0755987391346
469381,0.0780740186294,0.194635862106,0.0740534161171
469982,0.0781739853626,0.193997457222,0.0737619007795
470583,0.0782739520958,0.196999536221,0.0754381898277
471184,0.078373918829,0.198007186271,0.0758412152869
471785,0.0784738855622,0.198147095584,0.0753890965291
472386,0.0785738522954,0.19726178346,0.0755027527209
472987,0.0786738190286,0.194099660431,0.0751584813796
473588,0.0787737857618,0.190727149819,0.0732613565977
474189,0.078873752495,0.195492208769,0.0759166892525
474790,0.0789737192282,0.198714649792,0.0772960213029
475391,0.0790736859614,0.200515628552,0.0786052127335
475992,0.0791736526946,0.200516978297,0.0794160401475
476593,0.0792736194278,0.199142849128,0.0788038315001
477194,0.079373586161,0.195123462502,0.0773428537175
477795,0.0794735528942,0.200198187918,0.0803434006908
478396,0.0795735196274,0.203331812905,0.0821812668796
478997,0.0796734863606,0.204631743781,0.0833334690545
479598,0.0797734530938,0.204300261265,0.0837184196438
480199,0.079873419827,0.202586205366,0.0826765862577
480800,0.0799733865602,0.198640362973,0.0806794076118
481401,0.0800733532934,0.200487864844,0.0823159974232
482002,0.0801733200266,0.203593948535,0.0841033076928
482603,0.0802732867598,0.205044766728,0.0847813352453
483204,0.080373253493,0.204777729102,0.0844174424669
483805,0.0804732202262,0.202862061692,0.0841539262701
484406,0.0805731869594,0.198800478053,0.0827095302068
485007,0.0806731536926,0.196661560027,0.0819502219015
485608,0.0807731204258,0.199297667508,0.082745302803
486209,0.080873087159,0.199267976676,0.0817569527689
486810,0.0809730538922,0.198344956978,0.0796263272204
487411,0.0810730206254,0.195683195182,0.0777043593538
488012,0.0811729873586,0.191595669043,0.0780256174938
488613,0.0812729540918,0.18751892571,0.0767945592868
489214,0.081372920825,0.19182272769,0.0794728287189
489815,0.0814728875582,0.192839534078,0.0802170902798
490416,0.0815728542914,0.191448202628,0.082010746928
491017,0.0816728210246,0.189312041697,0.0836925774061
491618,0.0817727877578,0.18664371239,0.082486574853
492219,0.081872754491,0.181974936331,0.0817386978901
492820,0.0819727212242,0.185901753668,0.0840871841256
493421,0.0820726879574,0.188464302234,0.0839294453678
494022,0.0821726546906,0.189273742043,0.0826659270048
494623,0.0822726214238,0.188348379551,0.0809715689323
495224,0.082372588157,0.186116509534,0.0788241529932
495825,0.0824725548902,0.181782326322,0.0784382435331
496426,0.0825725216234,0.183501115197,0.0787822313331
497027,0.0826724883566,0.186383750491,0.0794719802174
497628,0.0827724550898,0.188171582475,0.0786085388121
498229,0.082872421823,0.188432749697,0.0773776641358
498830,0.0829723885562,0.186981406133,0.0754578567098
499431,0.0830723552894,0.184804360112,0.0746078378679
500032,0.0831723220226,0.18464017765,0.0751101983042
500633,0.0832722887558,0.18881819319,0.0763123354563
501234,0.083372255489,0.190476896834,0.0763377271311
501835,0.0834722222222,0.191471943942,0.0755996394024
502436,0.0835721889554,0.191464199907,0.0753490508139
503037,0.0836721556886,0.19031206841,0.0743716127536
503638,0.0837721224218,0.188379192036,0.0721424379326
504239,0.083872089155,0.192792383701,0.073017973326
504840,0.0839720558882,0.195520420688,0.0727518259214
505441,0.0840720226214,0.196540691513,0.0728002120183
506042,0.0841719893546,0.196746868573,0.0723504977169
506643,0.0842719560878,0.194831865903,0.0711802470369
507244,0.084371922821,0.190958272392,0.0677392528072
507845,0.0844718895542,0.195239839032,0.0694126401723
508446,0.0845718562874,0.19801076696,0.0701131787739
509047,0.0846718230206,0.198255917587,0.0715369464208
509648,0.0847717897538,0.197471827847,0.0712653694514
510249,0.084871756487,0.195207232889,0.0691087518693
510850,0.0849717232202,0.19097788111,0.0672443345424
511451,0.0850716899534,0.193001233205,0.0683849819305
512052,0.0851716566866,0.196116955182,0.0700147700562
512653,0.0852716234198,0.198051685239,0.0704192448196
513254,0.085371590153,0.198772271495,0.0704940618114
513855,0.0854715568862,0.197125197287,0.0695722901679
514456,0.0855715236194,0.193798213032,0.0677064379423
515057,0.0856714903526,0.192259769693,0.0672771260438
515658,0.0857714570858,0.195965678909,0.0681740293004
516259,0.085871423819,0.19742504301,0.0692160754145
516860,0.0859713905522,0.197513825079,0.0690144005514
517461,0.0860713572854,0.196664262611,0.0668945965188
518062,0.0861713240186,0.194308391248,0.0650043040903
518663,0.0862712907518,0.19073346703,0.0634791883896
519264,0.086371257485,0.195183399449,0.0636643969783
519865,0.0864712242182,0.197133350393,0.0627820242676
520466,0.0865711909514,0.198217051622,0.0611796055326
521067,0.0866711576846,0.198644581623,0.0595697768233
521668,0.0867711244178,0.19770346067,0.0576336635978
522269,0.086871091151,0.193605083344,0.0556393948021
522870,0.0869710578842,0.197555385551,0.0556210360158
523471,0.0870710246174,0.199071081314,0.0556519439392
524072,0.0871709913506,0.199823812199,0.0556764787927
524673,0.0872709580838,0.19985189765,0.055008798419
525274,0.087370924817,0.198561266836,0.053696247744
525875,0.0874708915502,0.195729818997,0.0516231566498
526476,0.0875708582834,0.197333587001,0.0515961529361
527077,0.0876708250166,0.200753902234,0.0516891871169
527678,0.0877707917498,0.201971936209,0.0517567722053
528279,0.087870758483,0.202487110801,0.0519919772863
528880,0.0879707252162,0.201590641441,0.0528017070693
529481,0.0880706919494,0.199517774364,0.0528074902652
530082,0.0881706586826,0.198928605777,0.0526853850485
530683,0.0882706254158,0.202538055977,0.0535309859942
531284,0.088370592149,0.204168887957,0.054424229947
531885,0.0884705588822,0.204227770814,0.0548739781478
532486,0.0885705256154,0.203494367261,0.0548568702314
533087,0.0886704923486,0.201166420048,0.0548378129807
533688,0.0887704590818,0.197823737706,0.0544545646572
534289,0.088870425815,0.20177011,0.0557667046112
534890,0.0889703925482,0.203077955859,0.0565171916898
535491,0.0890703592814,0.203414524707,0.056255091733
536092,0.0891703260146,0.202566571674,0.0557310693505
536693,0.0892702927478,0.200553955741,0.0545817655643
537294,0.089370259481,0.196580061998,0.0525800114966
537895,0.0894702262142,0.199656524055,0.0536967446221
538496,0.0895701929474,0.201885470901,0.0545229239526
539097,0.0896701596806,0.202776978159,0.0548051737713
539698,0.0897701264138,0.202281036501,0.0548355993404
540299,0.089870093147,0.200743077555,0.0543440377691
540900,0.0899700598802,0.197989183869,0.0528247921251
541501,0.0900700266134,0.199193505201,0.0537797970762
542102,0.0901699933466,0.201705029969,0.0555688983769
542703,0.0902699600798,0.202596557597,0.0564623545673
543304,0.090369926813,0.202825609102,0.0570141738667
543905,0.0904698935462,0.201500074797,0.0561737576742
544506,0.0905698602794,0.198414133507,0.0542738125383
545107,0.0906698270126,0.196711878968,0.0541181189257
545708,0.0907697937458,0.19841416597,0.0586206427498
546309,0.090869760479,0.198949467951,0.0627986420065
546910,0.0909697272122,0.198865884858,0.0658972259403
547511,0.0910696939454,0.197866570975,0.0660737429167
548112,0.0911696606786,0.195944887293,0.0649879082281
548713,0.0912696274118,0.19314523151,0.0643046897779
549314,0.091369594145,0.197399800414,0.067455776768
549915,0.0914695608782,0.199427303946,0.068979036944
550516,0.0915695276114,0.20007558135,0.0696256589716
551117,0.0916694943446,0.199342669351,0.0697880636773
551718,0.0917694610778,0.197502513681,0.0688216712765
552319,0.091869427811,0.193956514248,0.0670664356166
552920,0.0919693945442,0.197261958442,0.0696057234209
553521,0.0920693612774,0.19906903627,0.07178425816
554122,0.0921693280106,0.200012516267,0.0729364897575
554723,0.0922692947438,0.199516889819,0.0731532182114
555324,0.092369261477,0.198545266384,0.0728498286418
555925,0.0924692282102,0.195957706181,0.0710529708767
556526,0.0925691949434,0.197555621347,0.0717253893918
557127,0.0926691616766,0.200506657369,0.0732570335236
557728,0.0927691284098,0.20146430597,0.0732157234845
558329,0.092869095143,0.201433165714,0.0724839257629
558930,0.0929690618762,0.200513315605,0.0717733578729
559531,0.0930690286094,0.197625730237,0.0701549086091
560132,0.0931689953426,0.196688117129,0.0698399116134
560733,0.0932689620758,0.199813117857,0.0713610311741
561334,0.093368928809,0.201276244725,0.0717229929843
561935,0.0934688955422,0.201592587884,0.0715063693472
562536,0.0935688622754,0.200639590753,0.0710337745552
563137,0.0936688290086,0.197742484943,0.0691930740782
563738,0.0937687957418,0.193793555796,0.0670107659768
564339,0.093868762475,0.197891398101,0.0692638871455
564940,0.0939687292083,0.200105564349,0.0708870640821
565541,0.0940686959415,0.200882838073,0.0708583395988
566142,0.0941686626747,0.200455178878,0.0697976914743
566743,0.0942686294079,0.198633489241,0.0681223885938
567344,0.0943685961411,0.193727093419,0.0650446241467
567945,0.0944685628743,0.196665900627,0.0642587721825
568546,0.0945685296075,0.199481593488,0.0640066631379
569147,0.0946684963407,0.200254209777,0.0633890069243
569748,0.0947684630739,0.199704577877,0.062687332123
570349,0.0948684298071,0.199000754932,0.0611845622023
570950,0.0949683965403,0.195636902252,0.0590165744403
571551,0.0950683632735,0.197267438431,0.0593264726704
572152,0.0951683300067,0.200865791238,0.06021517448
572753,0.0952682967399,0.20246831812,0.0604506334147
573354,0.0953682634731,0.202463643474,0.0597604329273
573955,0.0954682302063,0.201250940864,0.0584546875918
574556,0.0955681969395,0.19921645798,0.0574783852009
575157,0.0956681636727,0.198333653388,0.0581633023212
575758,0.0957681304059,0.202360223609,0.0606860980045
576359,0.0958680971391,0.204149353796,0.0623482062634
576960,0.0959680638723,0.20496309782,0.0630192323874
577561,0.0960680306055,0.203850616288,0.0641495176932
578162,0.0961679973387,0.20036494465,0.0646079074602
578763,0.0962679640719,0.195289168866,0.065467554298
579364,0.0963679308051,0.198390838948,0.0703669112913
579965,0.0964678975383,0.200410271495,0.0725707587085
580566,0.0965678642715,0.201875804541,0.0727439252715
581167,0.0966678310047,0.20176493431,0.0723790834115
581768,0.0967677977379,0.200238715451,0.0713252638154
582369,0.0968677644711,0.196131248676,0.0692284978031
582970,0.0969677312043,0.199534818979,0.0706614152478
583571,0.0970676979375,0.202253079796,0.0714741537068
584172,0.0971676646707,0.203508596893,0.0710558092265
584773,0.0972676314039,0.20362780427,0.0702101139719
585374,0.0973675981371,0.202437294186,0.06830371042
585975,0.0974675648703,0.199431039048,0.0654321321607
586576,0.0975675316035,0.20024979396,0.0635935832044
587177,0.0976674983367,0.202656176546,0.0630506333749
587778,0.0977674650699,0.203463621963,0.0616088873258
588379,0.0978674318031,0.202827904834,0.061277490916
588980,0.0979673985363,0.201010131467,0.0616563195819
589581,0.0980673652695,0.197816719569,0.0614520044807
590182,0.0981673320027,0.195844965973,0.061259510008
590783,0.0982672987359,0.19817718362,0.0634263746462
591384,0.0983672654691,0.198838917859,0.0641798408429
591985,0.0984672322023,0.198150830735,0.0640187184594
592586,0.0985671989355,0.196185560677,0.0638697095311
593187,0.0986671656687,0.192472233146,0.0635201454429
593788,0.0987671324019,0.187786306132,0.0621058250788
594389,0.0988670991351,0.190187016749,0.0628725483014
594990,0.0989670658683,0.190068385984,0.0636334347143
595591,0.0990670326015,0.189334534421,0.0648807902152
596192,0.0991669993347,0.188238353648,0.0648569565664
596793,0.0992669660679,0.186235462099,0.0638452040039
597394,0.0993669328011,0.182658856593,0.0617555453973
597995,0.0994668995343,0.185060543627,0.0639428211579
598596,0.0995668662675,0.187259734904,0.0655645010999
599197,0.0996668330007,0.187907514549,0.0663049492552
599798,0.0997667997339,0.18734837898,0.0659825795431
600399,0.0998667664671,0.185403795573,0.0647955586059
601000,0.0999667332003,0.182946700396,0.0629596662019
601201,0.100000166334,0.181585587593,0.0620850090954
