4008,0.000666666666667,0.0127547868535,0.006225465194,12.7293281971,6.21303911577
8016,0.00133333333333,0.0167647793282,0.0107371576089,16.7313166948,10.7157261566
12024,0.002,0.0196483377031,0.0137810432085,19.6091194642,13.7535361363
16032,0.00266666666667,0.0215026611826,0.0161057372736,21.4597416992,16.0735900934
20040,0.00333333333333,0.0225992434816,0.0176058025468,22.5541352111,17.5706612244
24048,0.004,0.0244871560135,0.0202577617767,24.4382794546,20.2173271224
28056,0.00466666666667,0.0256196942091,0.0220186975709,25.5685570949,21.9747480748
32064,0.00533333333333,0.0260485123234,0.0226361144617,25.9965192848,22.5909325965
36072,0.006,0.0264698948849,0.0233135664233,26.4170607634,23.2670323586
40080,0.00666666666667,0.0262596081787,0.0235584529862,26.2071937911,23.511430126
44088,0.00733333333333,0.0258666103776,0.0233590781435,25.8149804168,23.312453237
48096,0.008,0.0253701857493,0.022864428721,25.319546656,22.8187911387
52104,0.00866666666667,0.024545206062,0.0219355405996,24.4962136347,21.8917570854
56112,0.00933333333333,0.0237896954556,0.0205683161407,23.7422110335,20.5272616175
60120,0.01,0.0234626017484,0.0198455801982,23.415770208,19.8059682617
64128,0.0106666666667,0.0243242178533,0.0204159705795,24.2756665202,20.3752201392
68136,0.0113333333333,0.0250505171065,0.0216377336279,25.0005160743,21.5945445389
72144,0.012,0.0260122118571,0.0230389863437,25.9602912745,22.993000343
76152,0.0126666666667,0.026886175208,0.0244714406695,26.8325101877,24.4225954785
80160,0.0133333333333,0.0284196482392,0.0266870545885,28.3629223944,26.6337870145
84168,0.014,0.0296351795475,0.0284463762945,29.5760274925,28.3895971003
88176,0.0146666666667,0.0295289857872,0.028020313781,29.4700456958,27.964385011
92184,0.0153333333333,0.0289825502566,0.0267173953785,28.9247008549,26.6640672441
96192,0.016,0.0287174741957,0.0261250475147,28.6601538879,26.0729017112
100200,0.0166666666667,0.0294434259094,0.0267303278625,29.3846565962,26.6769739147
104208,0.0173333333333,0.0311443898279,0.0287646902189,31.0822253771,28.7072756676
108216,0.018,0.0331100023351,0.031417602434,33.0439145061,31.3548926487
112224,0.0186666666667,0.033914037771,0.03218425768,33.8463450808,32.1200176447
116232,0.0193333333333,0.0345605773008,0.0326257452089,34.4915941126,32.5606239609
120240,0.02,0.0344780218705,0.0325322546701,34.4092034635,32.46732003
124248,0.0206666666667,0.0340687005997,0.0325464806434,34.0006992013,32.4815176082
128256,0.0213333333333,0.03331667287,0.0320605113081,33.2501725249,31.9965182715
132264,0.022,0.0328856634356,0.0320574146949,32.8200233888,31.9934278392
136272,0.0226666666667,0.0319880391201,0.0311080240071,31.9241907386,31.0459321428
140280,0.0233333333333,0.0305746758655,0.0298673271118,30.5136485684,29.8077116884
144288,0.024,0.0287591442729,0.027815989589,28.7017407913,27.7604686516
148296,0.0246666666667,0.0281094010476,0.0270690627569,28.0532944587,27.0150326915
152304,0.0253333333333,0.0274966775812,0.0271290722343,27.4417939933,27.0749223896
156312,0.026,0.0256450750713,0.0252184929518,25.5938872967,25.1681566386
160320,0.0266666666667,0.0232946279888,0.0221495635655,23.2481317254,22.1053528598
164328,0.0273333333333,0.0213854527106,0.0192970473708,21.3427671762,19.2585303101
168336,0.028,0.0205635730896,0.0175778844639,20.5225280335,17.5427988662
172344,0.0286666666667,0.0199402888647,0.0165929998685,19.9004878889,16.5598801083
176352,0.0293333333333,0.0189832248845,0.0154440159923,18.9453342161,15.413189613
180360,0.03,0.0179076592336,0.0142100334098,17.8719154028,14.1816700696
184368,0.0306666666667,0.0168834411849,0.0129986570861,16.8497417015,12.9727116628
188376,0.0313333333333,0.0162074101707,0.0121164146832,16.1750600506,12.0922302227
192384,0.032,0.0156682640971,0.0113756032441,15.6369901169,11.3528974492
196392,0.0326666666667,0.0153970632949,0.0109617648538,15.3663306337,10.9398850836
200400,0.0333333333333,0.0153850890642,0.0109750975117,15.3543803036,10.9531911295
204408,0.034,0.0156113607963,0.0113069701664,15.5802003955,11.2844013637
208416,0.0346666666667,0.0161409623212,0.0119673133875,16.1087448316,11.9434265345
212424,0.0353333333333,0.0162937963176,0.0124564920883,16.2612737701,12.4316288307
216432,0.036,0.0161613233038,0.0124698297447,16.1290651734,12.444939865
220440,0.0366666666667,0.0161669807143,0.0125986329746,16.1347112917,12.5734860026
224448,0.0373333333333,0.0161424572117,0.0126333273413,16.1102367383,12.6081111191
228456,0.038,0.0163838291174,0.0127027975406,16.3511268636,12.6774426553
232464,0.0386666666667,0.0165741748213,0.0129269751039,16.541092636,12.9011727584
236472,0.0393333333333,0.0168059770635,0.0131072000835,16.7724321991,13.0810380075
240480,0.04,0.0168624614271,0.0132572207597,16.8288038195,13.2307592412
244488,0.0406666666667,0.0167086403814,0.0130726110837,16.6752898018,13.0465180476
248496,0.0413333333333,0.0167221701324,0.012852663505,16.6887925473,12.8270094861
252504,0.042,0.0168704597236,0.0126421137181,16.8367861513,12.6168799582
256512,0.0426666666667,0.0168489066785,0.0126224618147,16.8152761263,12.5972672802
260520,0.0433333333333,0.0165047838932,0.0122415270782,16.4718402128,12.2170928924
264528,0.044,0.0163757025763,0.0120167753214,16.3430165432,11.9927897419
268536,0.0446666666667,0.016303125213,0.0119862284594,16.2705840449,11.9623038517
272544,0.0453333333333,0.0162546884348,0.0119774444433,16.2222439469,11.9535373686
276552,0.046,0.0162106419753,0.0120151173964,16.1782854045,11.9911351262
280560,0.0466666666667,0.0166156217187,0.0122728062797,16.5824568051,12.2483096603
284568,0.0473333333333,0.017142910638,0.0126450600548,17.1086932515,12.619820414
288576,0.048,0.0181782685668,0.0138234345931,18.1419845976,13.7958429073
292584,0.0486666666667,0.0190183295723,0.0149730702988,18.9803688346,14.943183931
296592,0.0493333333333,0.0198395855916,0.0161298510587,19.7999856204,16.0976557473
300600,0.05,0.0216483980491,0.0185634188458,21.6051876737,18.5263661136
304608,0.0506666666667,0.0246636701892,0.0223433120946,24.6144413066,22.2987146653
308616,0.0513333333333,0.0261612113488,0.0244052881505,26.1089933621,24.3565750005
312624,0.052,0.0261363884278,0.0243447220146,26.0842199879,24.2961297551
316632,0.0526666666667,0.0257409449924,0.0236947603209,25.6895658607,23.6474653901
320640,0.0533333333333,0.0254894661665,0.0233963197913,25.4385889885,23.3496205502
324648,0.054,0.0252885296629,0.0226779774765,25.2380535557,22.6327120524
328656,0.0546666666667,0.025464155221,0.0221660594349,25.4133285638,22.1218158033
332664,0.0553333333333,0.0258189736978,0.0222215667237,25.7674388202,22.1772122991
336672,0.056,0.0262300980528,0.0225813965311,26.1777425676,22.5363238834
340680,0.0566666666667,0.0268911709847,0.0227588419662,26.8374959927,22.713415136
344688,0.0573333333333,0.0275926418534,0.0230271004323,27.5375667199,22.981138156
348696,0.058,0.027483121076,0.0228812341334,27.4282645469,22.8355630074
352704,0.0586666666667,0.0271260335731,0.0221118565355,27.0718897935,22.0677210933
356712,0.0593333333333,0.0270517776046,0.0213444709637,26.9977820405,21.3018672292
360720,0.06,0.0264014507921,0.0207452407989,26.3487532855,20.7038331327
364728,0.0606666666667,0.0257615294749,0.020027449631,25.7101092564,19.9874746816
368736,0.0613333333333,0.025751206661,0.0200800244861,25.6998070469,20.0399445969
372744,0.062,0.0258748030361,0.0205848443411,25.8231567227,20.5437568274
376752,0.0626666666667,0.0258300021925,0.0208136589424,25.7784453019,20.772114713
380760,0.0633333333333,0.0259489873167,0.020963863429,25.8971929308,20.9220193902
384768,0.064,0.0266072876349,0.0213111393331,26.5541792763,21.2686021288
388776,0.0646666666667,0.0264692321864,0.0211168602848,26.4163993876,21.0747108631
392784,0.0653333333333,0.0256302300329,0.0198537887986,25.5790718891,19.8141604777
396792,0.066,0.0240173584264,0.0179902245155,23.9694195872,17.9543158837
400800,0.0666666666667,0.0226889352706,0.0163281890748,22.6436479747,16.295597879
404808,0.0673333333333,0.0223598586113,0.0157829876013,22.315228155,15.7514846321
408816,0.068,0.0224347314641,0.0155286318078,22.389951561,15.4976365348
412824,0.0686666666667,0.0227146785428,0.0158370408467,22.6693398631,15.8054299868
416832,0.0693333333333,0.0235414410741,0.0167240769206,23.4944521698,16.6906955295
420840,0.07,0.0249714865673,0.0181904633591,24.9216432808,18.154155049
424848,0.0706666666667,0.026710249378,0.0202150381694,26.656935507,20.1746887918
428856,0.0713333333333,0.0276913296869,0.0215087907216,27.6360575718,21.4658590036
432864,0.072,0.0276557888022,0.0220255894394,27.600587627,21.981626187
436872,0.0726666666667,0.0271431541643,0.0216479520125,27.0889762118,21.6047425274
440880,0.0733333333333,0.0257741521802,0.0203767942149,25.7227067667,20.3361219709
444888,0.074,0.0251612082822,0.0192439201746,25.1109863096,19.2055091562
448896,0.0746666666667,0.0253888854914,0.019003225653,25.3382090733,18.9652950629
452904,0.0753333333333,0.0265095169321,0.0202097275846,26.4566037246,20.169388807
456912,0.076,0.0286271324514,0.0232239207365,28.5699924665,23.1775656052
460920,0.0766666666667,0.030422244251,0.0253767523033,30.3615212086,25.3261001031
464928,0.0773333333333,0.0326906709085,0.0281753115102,32.6254200684,28.1190733634
468936,0.078,0.0337452495428,0.0297090450904,33.6778937553,29.6497455992
472944,0.0786666666667,0.0343096720329,0.0304488647956,34.2411896536,30.3880886184
476952,0.0793333333333,0.0348951792769,0.0322726126514,34.8255282204,32.2081962589
480960,0.08,0.0352147034442,0.0334644318842,35.144414615,33.397636611
484968,0.0806666666667,0.0339168335484,0.0324375953702,33.8491352779,32.3728496708
488976,0.0813333333333,0.0325389964362,0.0314543563748,32.4740483395,31.3915732284
492984,0.082,0.0307240626568,0.029491236525,30.6627371825,29.4323717815
496992,0.0826666666667,0.0291399165819,0.0269903783573,29.0817530757,26.9365053466
501000,0.0833333333333,0.0277400420482,0.0253016552115,27.6846727028,25.2511529057
505008,0.084,0.0263619415357,0.0235785878243,26.30932289,23.5315247748
509016,0.0846666666667,0.0246316780092,0.0214628080315,24.5825129832,21.4199680953
513024,0.0853333333333,0.0237075137215,0.0205374425395,23.6601933348,20.4964496402
517032,0.086,0.0229342899303,0.0197774839583,22.8885129044,19.7380079425
521040,0.0866666666667,0.0221299618921,0.0190580252097,22.0857903115,19.0199852392
525048,0.0873333333333,0.0218402303263,0.0188000019132,21.7966370522,18.7624769593
529056,0.088,0.0227391309436,0.0204037825207,22.6937434567,20.3630564079
533064,0.0886666666667,0.0223798096042,0.020276738407,22.3351393255,20.2362658753
537072,0.0893333333333,0.0217633954547,0.0194984175682,21.7199555436,19.459498571
541080,0.09,0.0213942670543,0.0189790932123,21.3515639264,18.9412107907
545088,0.0906666666667,0.0213019642926,0.0189865676681,21.2594454018,18.9486703275
549096,0.0913333333333,0.0212114778749,0.0191828630153,21.1691395958,19.1445738676
553104,0.092,0.0220596537088,0.0204678975759,22.0156224638,20.427043489
557112,0.0926666666667,0.0227990122271,0.0214208590022,22.7535052166,21.3781027966
561120,0.0933333333333,0.0229090131424,0.0216036255921,22.8632865693,21.560504583
565128,0.094,0.0227341865005,0.0212007750721,22.6888088828,21.1584581558
569136,0.0946666666667,0.0225511475778,0.0206123444909,22.5061353072,20.5712020867
573144,0.0953333333333,0.0221825237214,0.0200992331666,22.138247227,20.0591149368
577152,0.096,0.0218842540489,0.019629719483,21.8405729031,19.5905384062
581160,0.0966666666667,0.0223309708275,0.0195998356397,22.2863980315,19.5607142112
585168,0.0973333333333,0.0228709563884,0.0201044785205,22.8253057768,20.0643498208
589176,0.098,0.0230334197836,0.0206297345411,22.9874448938,20.5885574263
593184,0.0986666666667,0.0236299062161,0.0211395793791,23.5827407346,21.0973846099
597192,0.0993333333333,0.023976469346,0.0217491603247,23.9286121217,21.7057488271
601200,0.1,0.0247852196059,0.0227091039651,24.7357481097,22.6637764123
605208,0.100666666667,0.0252572362959,0.023313715223,25.2068226506,23.2671808613
609216,0.101333333333,0.0252676340496,0.0230373693638,25.2171996503,22.9913865907
613224,0.102,0.0257103064745,0.0231402646188,25.6589884975,23.0940764659
617232,0.102666666667,0.0255843214754,0.0231173266448,25.5332549655,23.0711842762
621240,0.103333333333,0.0261499456282,0.024115781666,26.097750128,24.0676463733
625248,0.104,0.0274698266352,0.0261241542617,27.4149966419,26.0720102412
629256,0.104666666667,0.0277588851607,0.0268194659674,27.7034782043,26.7659340992
633264,0.105333333333,0.0273136853172,0.026354823415,27.2591669832,26.302218977
637272,0.106,0.026623383881,0.0255851887337,26.5702433943,25.5341204927
641280,0.106666666667,0.0254222720739,0.0240632472027,25.3715290159,24.0152167691
645288,0.107333333333,0.0236895188297,0.0217817748733,23.642234361,21.7382982768
649296,0.108,0.0216175003397,0.0194495266463,21.5743516365,19.4107052358
653304,0.108666666667,0.0196452879997,0.016877687285,19.606075848,16.8439992865
657312,0.109333333333,0.0185126452242,0.0149424444511,18.4756938366,14.9126192127
661320,0.11,0.0178176164804,0.0137111126439,17.7820523757,13.6837451536
665328,0.110666666667,0.0171657258643,0.0129019042906,17.1314629384,12.8761519866
669336,0.111333333333,0.0168330560191,0.0125536940801,16.7994571049,12.5286368065
673344,0.112,0.0166623452646,0.0121228280674,16.6290870904,12.0986308058
677352,0.112666666667,0.0165576343023,0.0115537169083,16.5245851321,11.5306555971
681360,0.113333333333,0.0163570773265,0.0110639651712,16.3244284696,11.0418814084
685368,0.114,0.0163857014488,0.0109048415472,16.3529954579,10.8830753964
689376,0.114666666667,0.01646806323,0.0109422360455,16.4351928443,10.920395255
693384,0.115333333333,0.0167012847767,0.0109361048879,16.6679488789,10.9142763352
697392,0.116,0.0171960779664,0.0114489601942,17.1617544575,11.4261079782
701400,0.116666666667,0.0183712291886,0.012756177189,18.3345600684,12.7307157575
705408,0.117333333333,0.0190802228504,0.0137824810564,19.0421385732,13.7549711142
709416,0.118,0.0194946139459,0.0141985935375,19.4557025409,14.1702530314
713424,0.118666666667,0.019705649105,0.0145610418495,19.666316472,14.5319778937
717432,0.119333333333,0.0201033675708,0.0153379979892,20.0632410886,15.3073832228
721440,0.12,0.0205071038693,0.0159979103274,20.4661715263,15.9659783706
725448,0.120666666667,0.020680409322,0.016249200003,20.6391310599,16.21676647
729456,0.121333333333,0.0211709258305,0.0168743682052,21.1286684935,16.8406868315
733464,0.122,0.0218187992398,0.0177143102676,21.7752487423,17.6789523629
737472,0.122666666667,0.0218525160126,0.0181206786802,21.8088982162,18.0845096609
741480,0.123333333333,0.0212956080395,0.0175587965756,21.2531018358,17.5237490774
745488,0.124,0.0207823106719,0.0166020092695,20.7408290139,16.5688715264
749496,0.124666666667,0.0203115714509,0.0159469729189,20.2710293922,15.9151426336
753504,0.125333333333,0.0198618814737,0.0152945295984,19.8222369997,15.2640015953
757512,0.126,0.0195929435504,0.0148973264692,19.5538358787,14.8675912867
761520,0.126666666667,0.019447307822,0.014435107595,19.4084908403,14.406295005
765528,0.127333333333,0.01935922233,0.0138901131123,19.3205811676,13.8623883356
769536,0.128,0.019285411899,0.0137315317376,19.2469180629,13.7041234906
773544,0.128666666667,0.0196366848821,0.0138398876833,19.5974899023,13.812263157
777552,0.129333333333,0.0200540831125,0.0141839605621,20.0140550025,14.1556492635
781560,0.13,0.0208902769449,0.0148577971743,20.8485797854,14.8281408926
785568,0.130666666667,0.0215010838095,0.0159159605341,21.4581674745,15.8841921498
789576,0.131333333333,0.0217383311459,0.0161230255801,21.6949412634,16.0908438924
793584,0.132,0.0219902894045,0.0162587246053,21.9463966113,16.2262720612
797592,0.132666666667,0.0227837977787,0.0168947583147,22.7383211364,16.8610362422
801600,0.133333333333,0.0233690590294,0.0175686750898,23.322414201,17.5336078741
805608,0.134,0.0236582026633,0.0182681538194,23.6109807019,18.2316904385
809616,0.134666666667,0.0242535012964,0.0191777843052,24.2050911142,19.1395052946
813624,0.135333333333,0.0242130550929,0.019134139259,24.1647256416,19.0959473643
817632,0.136,0.0241701958146,0.0188499930638,24.1219519107,18.8123683271
821640,0.136666666667,0.0237524637777,0.0183899625276,23.7050536703,18.3532560156
825648,0.137333333333,0.0233957757064,0.017662610381,23.3490775513,17.6273556697
829656,0.138,0.023250466967,0.0175893335373,23.2040588493,17.5542250871
833664,0.138666666667,0.0241334667291,0.0182422041496,24.0852961369,18.2057925645
837672,0.139333333333,0.0253877339229,0.0198007600111,25.3370598033,19.761237536
841680,0.14,0.0262437922243,0.0206382512623,26.1914094055,20.597057148
845688,0.140666666667,0.0277259552472,0.021817543905,27.6706140191,21.7739959132
849696,0.141333333333,0.029066412731,0.0227921629437,29.0083959391,22.7466696045
853704,0.142,0.0318418915861,0.025651638533,31.7783349163,25.6004376577
857712,0.142666666667,0.0344282984226,0.0281183837223,34.359579264,28.0622592039
861720,0.143333333333,0.0366196400838,0.0302568635301,36.5465469898,30.1964705889
865728,0.144,0.0385877532775,0.0323919466744,38.5107318139,32.3272920902
869736,0.144666666667,0.0399731310297,0.0343358273607,39.893344341,34.2672927751
873744,0.145333333333,0.0416540908864,0.0359483529684,41.5709489884,35.8765997689
877752,0.146,0.0411609932224,0.0361358563307,41.0788355513,36.063728873
881760,0.146666666667,0.0394891329384,0.0345910024081,39.4103123137,34.5219584911
885768,0.147333333333,0.037526515845,0.0330143869091,37.4516126198,32.9484899292
889776,0.148,0.0366364187857,0.0317335116933,36.5632922013,31.6701713506
893784,0.148666666667,0.0367889995695,0.0313038807144,36.7155684327,31.2413979185
897792,0.149333333333,0.036653324954,0.0322903469671,36.5801646248,32.2258951767
901800,0.15,0.0347346405245,0.0307650219904,34.6653099047,30.7036147608
905808,0.150666666667,0.0325163601572,0.0286188293022,32.4514572427,28.5617058904
909816,0.151333333333,0.0303284639532,0.0264890768407,30.267928097,26.4362044318
913824,0.152,0.0282110874987,0.0242805822792,28.1547779429,24.2321180431
917832,0.152666666667,0.026473533335,0.0223492323079,26.4206919511,22.3046230618
921840,0.153333333333,0.0258166806419,0.0213744496854,25.7651503412,21.3317861131
925848,0.154,0.0263907988524,0.0224028449807,26.3381226072,22.3581287233
929856,0.154666666667,0.0258788626882,0.0225187605863,25.8272082716,22.4738129604
933864,0.155333333333,0.025210337043,0.0220993847036,25.1600170089,22.0552741553
937872,0.156,0.0241306215885,0.0211309711708,24.0824566751,21.0887935836
941880,0.156666666667,0.0235822212637,0.020851281397,23.5351509618,20.8096620728
945888,0.157333333333,0.0224516974564,0.0199395780618,22.406883689,19.8997785048
949896,0.158,0.0213535905682,0.0187679980056,21.3109686309,18.7305369317
953904,0.158666666667,0.0212652650187,0.0189109021526,21.2228193799,18.8731558409
957912,0.159333333333,0.0214570670712,0.0195020954991,21.414238594,19.4631691608
961920,0.16,0.0210928646732,0.0193450445756,21.0507631469,19.3064317122
965928,0.160666666667,0.0209158416965,0.0187738608859,20.8740935094,18.7363881097
969936,0.161333333333,0.0204100621372,0.0182696672355,20.3693234902,18.2332008338
973944,0.162,0.0196380094536,0.0174182311555,19.5988118299,17.3834642271
977952,0.162666666667,0.0188450758151,0.0166006829154,18.8074608933,16.5675478198
981960,0.163333333333,0.0181442650004,0.0156896538128,18.1080489025,15.6583371385
985968,0.164,0.0175605856599,0.0148595727641,17.5255345907,14.8299129382
989976,0.164666666667,0.0173780188473,0.014481064183,17.3433321829,14.4521598632
993984,0.165333333333,0.0170887913359,0.0141203000321,17.0546819719,14.0921158004
997992,0.166,0.0171669333896,0.0140684320033,17.1326680535,14.0403513007
1002000,0.166666666667,0.0177049258506,0.0145521863232,17.6695866772,14.5231400431
1006008,0.167333333333,0.0182980403452,0.0152359347787,18.2615173106,15.2055237312
1010016,0.168,0.019223932126,0.0160925493661,19.185561004,16.0604285091
1014024,0.168666666667,0.0199057437531,0.0165671184046,19.8660117296,16.534050304
1018032,0.169333333333,0.0206581832002,0.0173026532892,20.6169493016,17.2681170551
1022040,0.17,0.0213784552639,0.0183299880151,21.3357836965,18.2934012127
1026048,0.170666666667,0.0220493897291,0.0195515351471,22.0053789711,19.5125101268
1030056,0.171333333333,0.0223327868516,0.0203413858211,22.2882104307,20.3007842526
1034064,0.172,0.0226974595925,0.0204891068623,22.652155282,20.4482104414
1038072,0.172666666667,0.0229026638335,0.0206996085822,22.8569499337,20.6582919982
1042080,0.173333333333,0.0232006886617,0.0213949252322,23.1543799019,21.3522207907
1046088,0.174,0.0223081368375,0.0205128179528,22.2636096182,20.4718742044
1050096,0.174666666667,0.0217225563621,0.0199207060001,21.6791979662,19.8809441119
1054104,0.175333333333,0.0211750739557,0.0191208834569,21.132808339,19.0827180208
1058112,0.176,0.0205153451335,0.0183293834273,20.4743963408,18.2927978317
1062120,0.176666666667,0.0197310372228,0.0173957955004,19.691653915,17.3610733537
1066128,0.177333333333,0.0192846502487,0.0165884593541,19.2461579329,16.5553486568
1070136,0.178,0.0187124949374,0.0157572629506,18.6751446481,15.7258113279
1074144,0.178666666667,0.0179639275878,0.0147189963812,17.9280714449,14.6896171469
1078152,0.179333333333,0.017381243835,0.0137291649336,17.3465507335,13.7017614108
1082160,0.18,0.0170144355781,0.0130931563363,16.9804746289,13.0670222917
1086168,0.180666666667,0.0168637734339,0.0126939351769,16.8301132075,12.6685979809
1090176,0.181333333333,0.0167806422453,0.0124297211786,16.7471479494,12.4049113559
1094184,0.182,0.0168101212318,0.0122804572032,16.7765680956,12.2559453126
1098192,0.182666666667,0.0168431041079,0.012150500436,16.8094851376,12.1262479401
1102200,0.183333333333,0.0167271233461,0.0119055154716,16.6937358744,11.8817519676
1106208,0.184,0.0168217470345,0.011760509619,16.7881706931,11.7370355479
1110216,0.184666666667,0.0166810101645,0.011734948963,16.6477147351,11.7115259112
1114224,0.185333333333,0.0166490672859,0.0116480689114,16.6158356147,11.6248192729
1118232,0.186,0.0167263866765,0.0116535479206,16.6930006751,11.6302873459
1122240,0.186666666667,0.0171446286267,0.0121488777375,17.110407811,12.1246284805
1126248,0.187333333333,0.0171486397874,0.0123124610832,17.1144109654,12.2878853125
1130256,0.188,0.0170699784497,0.0123287727483,17.0359066364,12.3041644195
1134264,0.188666666667,0.0169783321495,0.0123885914629,16.9444432629,12.3638637355
1138272,0.189333333333,0.016789566783,0.0123318966942,16.7560546736,12.3072821299
1142280,0.19,0.0168307193798,0.0122708676829,16.7971251295,12.2463749331
1146288,0.190666666667,0.0167931046684,0.0122285160288,16.7595854974,12.2041078132
1150296,0.191333333333,0.0165487264912,0.012083655077,16.515695101,12.0595360049
1154304,0.192,0.0164252012249,0.011962298668,16.3924163921,11.9384218244
1158312,0.192666666667,0.0162721294151,0.0117253369806,16.2396501148,11.7019331144
1162320,0.193333333333,0.016149925144,0.0114103206102,16.1176897645,11.3875455191
1166328,0.194,0.0162189810758,0.0113202163574,16.1866078601,11.2976211152
1170336,0.194666666667,0.0160811368067,0.0111824403071,16.0490387292,11.1601200669
1174344,0.195333333333,0.0160032307092,0.0109976077339,15.9712881329,10.9756564211
1178352,0.196,0.015874350703,0.0109393789366,15.8426653723,10.9175438489
1182360,0.196666666667,0.015934738472,0.0108341465105,15.9029326068,10.8125214675
1186368,0.197333333333,0.0162409015539,0.0111359835922,16.2084845847,11.1137560801
1190376,0.198,0.0171047456394,0.0121770203857,17.0706044305,12.1527149558
1194384,0.198666666667,0.0175751606273,0.0128290611025,17.5400804663,12.8034541942
1198392,0.199333333333,0.0180235412614,0.0132664419656,17.9875661291,13.2399620415
1202400,0.2,0.0186678560756,0.0138065590039,18.6305948858,13.7790010019
1206408,0.200666666667,0.0189788513966,0.0141525987803,18.9409694577,14.1243500802
1210416,0.201333333333,0.0189679855943,0.0142734335333,18.9301253436,14.244943646
1214424,0.202,0.0189634452206,0.0143069405032,18.9255940325,14.2783837358
1218432,0.202666666667,0.0187700751192,0.0142663337391,18.7326098994,14.2378580231
1222440,0.203333333333,0.0182577908288,0.0136707322401,18.2213481325,13.6434453494
1226448,0.204,0.0184392181483,0.013553510883,18.4024133217,13.526457967
1230456,0.204666666667,0.0189458483558,0.0138688919814,18.9080322912,13.8412095623
1234464,0.205333333333,0.0190137098563,0.0139472189893,18.9757583397,13.9193802288
1238472,0.206,0.0187147924369,0.0136542954377,18.6774375618,13.6270413549
1242480,0.206666666667,0.0184391747274,0.0133294486548,18.4023699874,13.3028429688
1246488,0.207333333333,0.0184444853613,0.0132509124237,18.4076700212,13.2244634967
1250496,0.208,0.0184578928035,0.0133164743734,18.4210507021,13.2898945843
1254504,0.208666666667,0.0185722064182,0.0135033745276,18.5351361459,13.4764216842
1258512,0.209333333333,0.018946591026,0.0140384196766,18.9087734791,14.0103988788
1262520,0.21,0.0190136467194,0.0142501486645,18.9756953287,14.221705254
1266528,0.210666666667,0.0187784533295,0.0139976334609,18.7409713867,13.9696940727
1270536,0.211333333333,0.0182821905524,0.013187300392,18.2456991541,13.1609784351
1274544,0.212,0.0177233290487,0.0125356780189,17.6879531425,12.5106567054
1278552,0.212666666667,0.0169421824528,0.0119331656485,16.9083657214,11.9093469546
1282560,0.213333333333,0.0162503545662,0.0111824900352,16.2179187287,11.1601696958
1286568,0.214,0.0156695119645,0.0105437002067,15.6382354935,10.5226548969
1290576,0.214666666667,0.0151186837499,0.0100654803434,15.0885067365,10.0453895643
1294584,0.215333333333,0.0147048572956,0.00970932023238,14.6755062831,9.68994035167
1298592,0.216,0.0144178726181,0.00937480438214,14.3890944293,9.35609219775
1302600,0.216666666667,0.0141512240342,0.00914860290892,14.122978078,9.13034222447
1306608,0.217333333333,0.0140879776511,0.00903164598941,14.0598579352,9.01361875191
1310616,0.218,0.0141975298476,0.00917804544497,14.1691914647,9.15972599299
1314624,0.218666666667,0.0144630399369,0.00935063989547,14.4341715937,9.33197594359
1318632,0.219333333333,0.0146336961203,0.00971639419035,14.6044871461,9.69700018997
1322640,0.22,0.0147594576944,0.0101084231544,14.729997699,10.0882466611
1326648,0.220666666667,0.0149840055496,0.0103002657184,14.9540973549,10.2797063058
1330656,0.221333333333,0.0154483866326,0.0107048543391,15.4175515296,10.6834873644
1334664,0.222,0.0158872514328,0.011281759725,15.8555403521,11.2592412425
1338672,0.222666666667,0.0165922899186,0.0122235882857,16.5591715754,12.1991899059
1342680,0.223333333333,0.0173766842821,0.0132839278786,17.3420002816,13.2574130525
1346688,0.224,0.0177310191278,0.0136776983334,17.6956278721,13.6503975384
1350696,0.224666666667,0.0177708198934,0.0138026939842,17.735349195,13.7751436968
1354704,0.225333333333,0.0184144112036,0.0142655002498,18.3776558919,14.2370261974
1358712,0.226,0.0186853601101,0.0147190443018,18.6480639821,14.6896649718
1362720,0.226666666667,0.0184175391924,0.0143259577762,18.3807776371,14.2973630501
1366728,0.227333333333,0.0181109384945,0.0139397632606,18.0747889167,13.9119393818
1370736,0.228,0.0177427848342,0.0136437995873,17.707370094,13.6165664544
1374744,0.228666666667,0.0174760623086,0.0131833320535,17.4411799487,13.1570180175
1378752,0.229333333333,0.0172382187885,0.0128982306525,17.2038111662,12.8724856811
1382760,0.23,0.0173186609069,0.0130985911293,17.2840927214,13.0724462368
1386768,0.230666666667,0.0172236479822,0.0131654661267,17.1892694433,13.1391877512
1390776,0.231333333333,0.0169612518203,0.0129033374609,16.9273970262,12.8775822963
1394784,0.232,0.016992497253,0.0128875565873,16.9585800928,12.8618329215
1398792,0.232666666667,0.0169299149511,0.013023926779,16.8961227057,12.9979309171
1402800,0.233333333333,0.0167081580335,0.0130063233745,16.6748084167,12.9803626492
1406808,0.234,0.0167372337208,0.0130838132083,16.7038260686,13.0576978127
1410816,0.234666666667,0.0170783985736,0.0131545689421,17.0443099537,13.1283123175
1414824,0.235333333333,0.0172879359499,0.0131942800108,17.2534290917,13.1679441225
1418832,0.236,0.0171337741303,0.013026158308,17.0995749803,13.0001579921
1422840,0.236666666667,0.016879450845,0.0127410434229,16.8457593263,12.7156121985
1426848,0.237333333333,0.0167016777522,0.0126199990826,16.6683410701,12.5948094636
1430856,0.238,0.0167222549708,0.0127472949173,16.6888772164,12.7218512149
1434864,0.238666666667,0.0168203103216,0.0130622876222,16.7867368479,13.0362151918
1438872,0.239333333333,0.0176462942214,0.0138020910004,17.6110720772,13.7745419166
1442880,0.24,0.0182478329631,0.0147286894206,18.2114101428,14.699290839
1446888,0.240666666667,0.0186222306788,0.0153823480141,18.5850605577,15.3516447246
1450896,0.241333333333,0.0186927747984,0.0157003558824,18.6554638707,15.6690178467
1454904,0.242,0.0188738540726,0.0160288774642,18.8361817092,15.9968836968
1458912,0.242666666667,0.0192979862286,0.0164697419232,19.259467294,16.4368681868
1462920,0.243333333333,0.0197803728578,0.0173194712122,19.7408910757,17.2849014094
1466928,0.244,0.0204422830155,0.0182623484843,20.4014800554,18.2258966909
1470936,0.244666666667,0.020693858139,0.0186639196122,20.6525530329,18.6266662796
1474944,0.245333333333,0.0204733965599,0.018403604821,20.4325314969,18.3668710789
1478952,0.246,0.0200106915159,0.0177466341203,19.9707500159,17.7112116969
1482960,0.246666666667,0.0191681203546,0.0166862118448,19.1298606334,16.6529060327
1486968,0.247333333333,0.018377389744,0.015652590069,18.3407083273,15.6213473742
1490976,0.248,0.0179533155325,0.0147511646412,17.9174805714,14.7217211988
1494984,0.248666666667,0.0180843658875,0.0144911821205,18.0482693488,14.4622576053
1498992,0.249333333333,0.0180915256195,0.014414013029,18.0554147899,14.3852425439
1503000,0.25,0.0179371730622,0.0142197635869,17.9013703216,14.1913808252
1507008,0.250666666667,0.0177953771618,0.0140396983249,17.7598574469,14.011674975
1511016,0.251333333333,0.0176782591149,0.0136556029572,17.6429731685,13.6283462647
1515024,0.252,0.0177294705786,0.0133144972554,17.6940824138,13.2879214126
1519032,0.252666666667,0.0179128880697,0.0132397470478,17.8771338021,13.213320407
1523040,0.253333333333,0.0182993002983,0.0137726793907,18.2627747488,13.7451890127
1527048,0.254,0.0195006582611,0.0150902983578,19.4617347915,15.0601780018
1531056,0.254666666667,0.0203251195294,0.0160820444652,20.2845504285,16.0499445761
1535064,0.255333333333,0.0209511549305,0.0169374657858,20.909336258,16.9036584689
1539072,0.256,0.0214216583646,0.0175690441996,21.3789005635,17.5339762471
1543080,0.256666666667,0.0219801939729,0.0183083936035,21.9363213302,18.2718499037
1547088,0.257333333333,0.0226204260002,0.0191644547317,22.5752754493,19.126202327
1551096,0.258,0.0230522398835,0.0197457465378,23.0062274286,19.7063338701
1555104,0.258666666667,0.0241509851122,0.0207172888812,24.1027795531,20.6759370072
1559112,0.259333333333,0.0246130027892,0.0215189491366,24.5638750391,21.4759971423
1563120,0.26,0.0251677268895,0.0221748244537,25.1174919056,22.130563327
1567128,0.260666666667,0.025291022983,0.0226517374655,25.2405418992,22.6065244166
1571136,0.261333333333,0.0242388706563,0.021281942416,24.190489677,21.239463489
1575144,0.262,0.0230864208985,0.0197442194281,23.0403402181,19.7048098085
1579152,0.262666666667,0.022135611233,0.0188108944943,22.0914283762,18.7733477987
1583160,0.263333333333,0.0214691089175,0.0181245624214,21.4262564047,18.0883856501
1587168,0.264,0.0213150821301,0.017798550137,21.272537056,17.7630240888
1591176,0.264666666667,0.0214466465378,0.0181228829977,21.4038388601,18.0867095785
1595184,0.265333333333,0.022362467246,0.0191371476604,22.3178315829,19.0989497609
1599192,0.266,0.0228841480416,0.019937509003,22.8384710994,19.8977135759
1603200,0.266666666667,0.0233373045682,0.0202904512561,23.2907231219,20.2499513534
1607208,0.267333333333,0.023762772289,0.0197416036571,23.7153416058,19.7021992586
1611216,0.268,0.0232954568693,0.0193072068225,23.2489589514,19.2686694835
1615224,0.268666666667,0.0219933733555,0.0177536439439,21.9494744067,17.7182075288
1619232,0.269333333333,0.0206622469075,0.016306071807,20.6210048977,16.2735247574
1623240,0.27,0.0198292825522,0.0153366766361,19.7897031459,15.306064507
1627248,0.270666666667,0.0196790018893,0.0154284626111,19.6397224444,15.3976672766
1631256,0.271333333333,0.0196719790423,0.0157006774146,19.6327136151,15.6693387371
1635264,0.272,0.0190260306253,0.0151297989078,18.9880545163,15.0995997084
1639272,0.272666666667,0.0184680967054,0.0144233028016,18.4312342369,14.3945137741
1643280,0.273333333333,0.0179324323689,0.0137421249367,17.8966390907,13.7146955457
1647288,0.274,0.0174114445557,0.0130176954797,17.3766911734,12.9917120556
1651296,0.274666666667,0.0171893943466,0.012605969529,17.1550841782,12.5808079132
1655304,0.275333333333,0.0169859214148,0.0123165961297,16.95201738,12.2920121055
1659312,0.276,0.0168522020517,0.0120121533142,16.8185649218,11.9881769603
1663320,0.276666666667,0.0169997365493,0.0120054538886,16.9658049394,11.9814909068
1667328,0.277333333333,0.0175705315235,0.0124833236275,17.5354606022,12.4584068139
1671336,0.278,0.018118053387,0.0132013276336,18.0818896077,13.1749776782
1675344,0.278666666667,0.0189327987391,0.0141834505911,18.8950087216,14.1551403104
1679352,0.279333333333,0.0209054655242,0.0168266334596,20.8637380481,16.7930473649
1683360,0.28,0.0214824075838,0.0177627370175,21.4395285267,17.7272824526
1687368,0.280666666667,0.0216338697281,0.0180677830882,21.5906883514,18.0317196489
1691376,0.281333333333,0.0214034145961,0.0177615036952,21.3606932097,17.726051592
1695384,0.282,0.0208705282428,0.0172032333691,20.8288705018,17.168895578
1699392,0.282666666667,0.0202290731044,0.0164791710276,20.188695713,16.4462784706
1703400,0.283333333333,0.0197759611109,0.0156978563436,19.7364881347,15.666523297
1707408,0.284,0.0196960097424,0.0155021927771,19.6566963497,15.4712502765
1711416,0.284666666667,0.019538778887,0.0153247653135,19.4997793283,15.2941769595
1715424,0.285333333333,0.0195763758603,0.0153399173842,19.5373012578,15.3092987866
1719432,0.286,0.0200300770828,0.0157636785546,19.9900968891,15.7322141263
1723440,0.286666666667,0.0206955482692,0.0168001274075,20.6542397896,16.7665942191
1727448,0.287333333333,0.0223063879348,0.0191571726742,22.2618642064,19.1189348046
1731456,0.288,0.0232245966152,0.020008028072,23.1782401349,19.9680918882
1735464,0.288666666667,0.0240553778084,0.0207608465099,24.0073630822,20.7194076945
1739472,0.289333333333,0.0244338332609,0.0212885911384,24.3850631346,21.2460989405
1743480,0.29,0.0249285465071,0.020941168746,24.8787889293,20.8993700059
1747488,0.290666666667,0.0252676269199,0.0207627494567,25.2171925349,20.721306843
1751496,0.291333333333,0.0251677772659,0.0204827894338,25.1175421815,20.4419056226
1755504,0.292,0.0251173024684,0.0199903771874,25.0671681322,19.9504762349
1759512,0.292666666667,0.025241917079,0.0194179375792,25.191534011,19.3791792208
1763520,0.293333333333,0.0252898685393,0.019373097059,25.2393897598,19.3344282026
1767528,0.294,0.0261001579474,0.0197164485915,26.0480618237,19.6770944027
1771536,0.294666666667,0.0279181423686,0.0218118765943,27.8624175336,21.7683399144
1775544,0.295333333333,0.0303505741306,0.0248265593844,30.2899941423,24.7770053736
1779552,0.296,0.0332121221126,0.0282722349473,33.1458304517,28.2158033406
1783560,0.296666666667,0.0366910813032,0.0323655647916,36.617845612,32.3009628658
1787568,0.297333333333,0.0400574581017,0.0366927181635,39.9775030956,36.6194792051
1791576,0.298,0.0418147379381,0.0388796686477,41.7312753873,38.8020645186
1795584,0.298666666667,0.0434919398034,0.0419849532687,43.4051295443,41.9011509668
1799592,0.299333333333,0.0426689938572,0.0417589800152,42.5838262048,41.6756287577
1803600,0.3,0.0400925358543,0.0389197983565,40.0125108326,38.8421141282
1807608,0.300666666667,0.0370307547112,0.0353202859836,36.9568410291,35.2497864108
1811616,0.301333333333,0.0341353405906,0.0321218754049,34.0672061782,32.0577598852
1815624,0.302,0.0314648113214,0.0291477280109,31.4020073068,29.0895489131
1819632,0.302666666667,0.0296906217352,0.0271714899866,29.6313590172,27.1172554756
1823640,0.303333333333,0.0294284368157,0.0266735574532,29.3696974209,26.6203168195
1827648,0.304,0.0317860280578,0.0290434767585,31.7225828921,28.985505747
1831656,0.304666666667,0.0358565527867,0.0343642662563,35.7849828211,34.2956749065
1835664,0.305333333333,0.0373032334947,0.0366055657442,37.2287759428,36.5325007427
1839672,0.306,0.0365039675972,0.0361615301984,36.4311053864,36.0893514954
1843680,0.306666666667,0.0358370154754,0.035386308751,35.7654845063,35.3156773962
1847688,0.307333333333,0.0350773818839,0.0341448981277,35.0073671496,34.0767446384
1851696,0.308,0.034006546723,0.0327912668206,33.9386693842,32.7258151902
1855704,0.308666666667,0.0334768425477,0.0323704195011,33.4100225027,32.3058078853
1859712,0.309333333333,0.0321868593864,0.031110326611,32.122614158,31.0482301507
1863720,0.31,0.0294238561989,0.0277213117081,29.365125947,27.6659797486
1867728,0.310666666667,0.0272616694418,0.0248220693119,27.207254932,24.7725242633
1871736,0.311333333333,0.0258407042751,0.0226514520759,25.789126023,22.6062395967
1875744,0.312,0.0242773485081,0.0210081718341,24.2288907266,20.9662393554
1879752,0.312666666667,0.0240087277224,0.0207360644,23.9608061102,20.6946750499
1883760,0.313333333333,0.0250353364095,0.0225862373802,24.9853656782,22.5411550701
1887768,0.314,0.0252377072167,0.0230904956167,25.1873325516,23.0444068031
1891776,0.314666666667,0.0247589997936,0.0229706353864,24.7095806324,22.9247858148
1895784,0.315333333333,0.024055583631,0.0222408050187,24.007568494,22.1964121943
1899792,0.316,0.0234878355013,0.0214848095961,23.4409535941,21.4419257447
1903800,0.316666666667,0.0232046802943,0.0210042615294,23.1583635672,20.9623368557
1907808,0.317333333333,0.023734005873,0.0211791344148,23.6866326078,21.1368606934
1911816,0.318,0.0247276357172,0.0222829406408,24.6782791588,22.2384637134
1915824,0.318666666667,0.0257073898555,0.0236559070631,25.6560777001,23.6086896837
1919832,0.319333333333,0.0261017677482,0.0242828941147,26.0496684114,24.2344252641
1923840,0.32,0.0257989317271,0.0239922530398,25.7474368534,23.9443643112
1927848,0.320666666667,0.0259063587067,0.0239321294737,25.8546494079,23.8843607522
1931856,0.321333333333,0.0271044848743,0.0251265654324,27.0503841061,25.0764126071
1935864,0.322,0.0276910971738,0.025864200363,27.6358255228,25.8125752126
1939872,0.322666666667,0.0276100333997,0.0258696883656,27.5549235526,25.8180522611
1943880,0.323333333333,0.0272783432698,0.0254532771158,27.2238954788,25.4024721715
1947888,0.324,0.0267716520518,0.0243486209566,26.7182156206,24.3000209148
1951896,0.324666666667,0.0262121307917,0.023488983825,26.1598111694,23.4420996258
1955904,0.325333333333,0.0256743865886,0.0223437672732,25.623140308,22.2991689353
1959912,0.326,0.0260626254068,0.0225358926128,26.0106041984,22.4909107912
1963920,0.326666666667,0.0257190209621,0.0220243741085,25.6676855909,21.980413282
1967928,0.327333333333,0.0253618864112,0.0211256603023,25.3112638834,21.0834933156
1971936,0.328,0.0261867902636,0.0217341649482,26.1345212212,21.6907833814
1975944,0.328666666667,0.0271015511738,0.022893578189,27.0474562612,22.8478824242
1979952,0.329333333333,0.0275958327804,0.0233615191837,27.5407512778,23.3148894049
1983960,0.33,0.028178193125,0.0239642171066,28.1219492266,23.9163843379
1987968,0.330666666667,0.0285341863334,0.0242828315149,28.4772318696,24.2343627894
1991976,0.331333333333,0.0293311906379,0.0245690741649,29.2726453472,24.5200340967
1995984,0.332,0.0297936179013,0.0248636141078,29.7341496021,24.8139861355
1999992,0.332666666667,0.0314170954551,0.0264528350389,31.3543866818,26.400034969
2004000,0.333333333333,0.0336996330955,0.0291767477835,33.6323683588,29.118510762
2008008,0.334,0.0374980123268,0.0340644014635,37.4231659948,33.9964086462
2012016,0.334666666667,0.0397588288808,0.0372583601361,39.6794699409,37.1839921518
2016024,0.335333333333,0.0413538242465,0.0397275398293,41.2712816832,39.6482433426
2020032,0.336,0.0412965517043,0.0395744126858,41.2141234574,39.4954218422
2024040,0.336666666667,0.040142003297,0.0384287572445,40.0618795379,38.3520531383
2028048,0.337333333333,0.0384740014721,0.0364503680067,38.397207058,36.3776127812
2032056,0.338,0.0377296251696,0.0352451376717,37.6543165366,35.1747880956
2036064,0.338666666667,0.0371131736321,0.0344434230778,37.0390954412,34.3746737303
2040072,0.339333333333,0.0357952958538,0.0331189287556,35.7238481575,33.0528231094
2044080,0.34,0.0350224942214,0.0322230302205,34.9525890434,32.1587127949
2048088,0.340666666667,0.0340923737271,0.0307128573453,34.024325077,30.6515542369
2052096,0.341333333333,0.0332434728335,0.0300858599208,33.1771185963,30.0258083042
2056104,0.342,0.0320594729289,0.0285292535726,31.995481965,28.4723089547
2060112,0.342666666667,0.0310072022373,0.0272686542195,30.9453116141,27.2142257679
2064120,0.343333333333,0.0302429233297,0.0261019357522,30.1825582133,26.04983608
2068128,0.344,0.0297746551263,0.0255461445455,29.7152246769,25.495154237
2072136,0.344666666667,0.0320663834565,0.0285162139255,32.0023786991,28.4592953348
2076144,0.345333333333,0.0366009045133,0.0346868312371,36.5278488156,34.617596045
2080152,0.346,0.0394853191261,0.0395123059119,39.4065061139,39.4334390338
2084160,0.346666666667,0.0405686720509,0.0411986083609,40.4876966576,41.1163756097
2088168,0.347333333333,0.041367049898,0.042757314341,41.2844809362,42.6719704002
2092176,0.348,0.0410103348955,0.0424604740031,40.9284779396,42.3757225579
2096184,0.348666666667,0.0407353053583,0.0419997674716,40.6539973635,41.9159356004
2100192,0.349333333333,0.0417687844393,0.0429193512366,41.685413612,42.8336838688
2104200,0.35,0.0414950164358,0.0424419957343,41.4121920517,42.357281172
2108208,0.350666666667,0.0442394109195,0.0450004081957,44.1511087021,44.9105870217
2112216,0.351333333333,0.0475264401945,0.0487168637997,47.4315770405,48.6196245506
2116224,0.352,0.0504986857272,0.0522740079446,50.3978899473,52.1696686074
2120232,0.352666666667,0.0513020645485,0.0529578849489,51.1996652181,52.8521805877
2124240,0.353333333333,0.0515843567014,0.0531383164157,51.4813939136,53.0322519118
2128248,0.354,0.0538279079658,0.054770650597,53.7204670318,54.6613279411
2132256,0.354666666667,0.0612963838409,0.0627768289135,61.1740357693,62.6515258618
2136264,0.355333333333,0.0718591882904,0.0790850521278,71.7157567768,78.9271977323
2140272,0.356,0.0748888334152,0.0835994970647,74.7393547058,83.4326318011
2144280,0.356666666667,0.0764619540171,0.0859518678587,76.3093353464,85.7803072442
2148288,0.357333333333,0.0775065801695,0.0891161439932,77.3518764167,88.9382674583
2152296,0.358,0.0779545446985,0.0901127704138,77.7989468049,89.9329046046
2156304,0.358666666667,0.0745588341904,0.084438722717,74.4100141621,84.2701823523
2160312,0.359333333333,0.0702797177138,0.0784637013831,70.1394388362,78.3070872087
2164320,0.36,0.0639277759138,0.0709627305835,63.8001755627,70.8210884067
2168328,0.360666666667,0.0566894785489,0.06224402167,56.5763258971,62.1197821057
2172336,0.361333333333,0.050988035674,0.0553516345577,50.8862631477,55.2411522532
2176344,0.362,0.0463843555118,0.04884446069,46.2917719679,48.7469667564
2180352,0.362666666667,0.0447591230089,0.0454828069684,44.669783442,45.3920229226
2184360,0.363333333333,0.0424490591029,0.0414921728715,42.364330442,41.4093541632
2188368,0.364,0.0418997105983,0.039975054019,41.8160784414,39.895263492
2192376,0.364666666667,0.0420400748133,0.0397734133278,41.9561624883,39.6940252772
2196384,0.365333333333,0.0410422545083,0.038862239574,40.9603338407,38.7846702335
2200392,0.366,0.0384990600516,0.0359964770791,38.4222156203,35.9246278235
2204400,0.366666666667,0.0366891271299,0.0334938534997,36.6158953392,33.4269995007
2208408,0.367333333333,0.0359339647939,0.031808369434,35.8622403133,31.7448796747
2212416,0.368,0.0353771935622,0.0310554846148,35.3065804014,30.9934976196
2216424,0.368666666667,0.0362006411752,0.0318258357367,36.1283844063,31.7623111145
2220432,0.369333333333,0.0380954788622,0.0342145810135,38.0194399822,34.1462884367
2224440,0.37,0.0387286414674,0.0351486511896,38.6513387898,35.0784942012
2228448,0.370666666667,0.0391202720203,0.0354383884563,39.042187645,35.36765315
2232456,0.371333333333,0.042054996063,0.0384316133963,41.9710539551,38.3549035891
2236464,0.372,0.0451924347002,0.0426982113335,45.1022302397,42.6129853628
2240472,0.372666666667,0.048582916929,0.0473411735287,48.485945039,47.2466801683
2244480,0.373333333333,0.0508987421733,0.0515772141623,50.7971478776,51.4742656311
2248488,0.374,0.0515951346487,0.0533272274268,51.492150348,53.2207858551
2252496,0.374666666667,0.0543229464914,0.0559058403295,54.2145174565,55.7942518259
2256504,0.375333333333,0.0588912724373,0.0607801335323,58.7737249873,60.6588159005
2260512,0.376,0.0608596940495,0.0639724558627,60.7382176143,63.8447663301
2264520,0.376666666667,0.0583599623454,0.0617777392614,58.2434753946,61.6544304006
2268528,0.377333333333,0.0545179345704,0.0559855743147,54.4091163377,55.8738266614
2272536,0.378,0.0514023151208,0.0520801129597,51.2997156894,51.9761606384
2276544,0.378666666667,0.0492695075998,0.0494125973293,49.1711652692,49.3139693905
2280552,0.379333333333,0.0474580419476,0.0469547432934,47.363315317,46.8610212509
2284560,0.38,0.0441367323604,0.0426736256509,44.0486350902,42.5884487534
2288568,0.380666666667,0.0395552594286,0.0365435957721,39.476306815,36.4706544632
2292576,0.381333333333,0.0355291469926,0.0322179522813,35.4582305316,32.1536449913
2296584,0.382,0.0330883816196,0.0282591902211,33.0223369457,28.2027846518
2300592,0.382666666667,0.031718818283,0.0267460604596,31.6555072685,26.6926751094
2304600,0.383333333333,0.0308195146733,0.0262424026574,30.757998676,26.1900226122
2308608,0.384,0.0302683845037,0.0259719053299,30.2079685666,25.9200651995
2312616,0.384666666667,0.0292781689486,0.0253739389609,29.2197294897,25.3232923761
2316624,0.385333333333,0.0283172562091,0.0246217783083,28.2607347396,24.5726330422
2320632,0.386,0.0272159005516,0.0237776941491,27.1615773968,23.7302336817
2324640,0.386666666667,0.0260632511931,0.0224637449341,26.0112287357,22.4189071198
2328648,0.387333333333,0.0250580729933,0.0214576371234,25.0080568795,21.4148075084
2332656,0.388,0.0243984408833,0.0206781127531,24.3497414005,20.636839075
2336664,0.388666666667,0.0242654049722,0.0202403915191,24.2169710301,20.1999915361
2340672,0.389333333333,0.0251584703873,0.0211226882142,25.1082538795,21.0805271599
2344680,0.39,0.0254008601515,0.0215648645524,25.3501598319,21.5218209106
2348688,0.390666666667,0.0252941751589,0.0214909119226,25.2436877834,21.4480158908
2352696,0.391333333333,0.0255251715356,0.0215131441372,25.4742230895,21.4702037298
2356704,0.392,0.0270416832255,0.0232735102511,26.9877078099,23.2270561388
2360712,0.392666666667,0.0292945362196,0.0266018167566,29.2360640914,26.5487193179
2364720,0.393333333333,0.0313240006647,0.0284756275607,31.2614777092,28.4187899808
2368728,0.394,0.0327237501291,0.0294908218953,32.6584332625,29.4319579793
2372736,0.394666666667,0.0341884376526,0.0310386332481,34.1201972581,30.9766798883
2376744,0.395333333333,0.0346284205657,0.0320210295347,34.5593019618,31.957115304
2380752,0.396,0.0347473299751,0.0325041595788,34.6779740271,32.4392810168
2384760,0.396666666667,0.0343296935809,0.0320873404215,34.2611712384,32.0232938338
2388768,0.397333333333,0.0343077416509,0.0322822176593,34.2392631247,32.2177820951
2392776,0.398,0.0335291595488,0.0320341143388,33.4622350786,31.9701739908
2396784,0.398666666667,0.0327692452748,0.0312989221454,32.7038375996,31.2364492469
2400792,0.399333333333,0.0323400654653,0.0311756965499,32.2755144364,31.1134696107
2404800,0.4,0.0311481048218,0.0298102506912,31.0859329559,29.7507491928
2408808,0.400666666667,0.0310089335169,0.0291536617493,30.947039438,29.0954708076
2412816,0.401333333333,0.0306054762972,0.0288504925711,30.5443875222,28.7929067576
2416824,0.402,0.0294398033688,0.0278746391272,29.3810412862,27.8190011249
2420832,0.402666666667,0.0282318728779,0.0262099102468,28.1755218343,26.1575950567
2424840,0.403333333333,0.0270541350127,0.0247513986457,27.0001347432,24.7019946564
2428848,0.404,0.0263979531213,0.0235932167354,26.3452625961,23.5461244864
2432856,0.404666666667,0.0258652686009,0.0225822655234,25.8136413183,22.5371911411
2436864,0.405333333333,0.0265168943932,0.0232039280201,26.4639664603,23.1576127945
2440872,0.406,0.0272699417471,0.0243835160898,27.2155107256,24.334846397
2444880,0.406666666667,0.0281058219788,0.0254413223056,28.0497225338,25.3905412231
2448888,0.407333333333,0.0298787855763,0.0277297256334,29.8191472817,27.6743768797
2452896,0.408,0.030320304763,0.0278308175154,30.2597851926,27.7752669814
2456904,0.408666666667,0.0304010069505,0.0276976488282,30.3403262979,27.6423641
2460912,0.409333333333,0.0299091892716,0.0268253029901,29.849490291,26.7717594712
2464920,0.41,0.0281703799533,0.0250699581103,28.11415165,25.0199182737
2468928,0.410666666667,0.0265416511065,0.0232900864106,26.488673759,23.2435992122
2472936,0.411333333333,0.0253453287199,0.021571365589,25.2947392414,21.5283089711
2476944,0.412,0.0242451715436,0.0203235087282,24.1967779876,20.2829428425
2480952,0.412666666667,0.0234175469132,0.0195410652525,23.3708053026,19.5020611302
2484960,0.413333333333,0.0224937607229,0.0186788537508,22.4488629969,18.6415706096
2488968,0.414,0.0215920682903,0.0175970963543,21.5489703496,17.5619724095
2492976,0.414666666667,0.0206967587596,0.0165542781583,20.6554478639,16.521235687
2496984,0.415333333333,0.0201985650296,0.0158683557527,20.1582485326,15.8366823879
2500992,0.416,0.0199372399936,0.0156266037475,19.8974451034,15.5954129217
2505000,0.416666666667,0.0198163140252,0.0154861104521,19.7767605042,15.455200052
2509008,0.417333333333,0.0198865631867,0.0155214586837,19.8468694479,15.4904777282
2513016,0.418,0.0200283695048,0.0154751816039,19.9883927193,15.4442930179
2517024,0.418666666667,0.0202409208489,0.015555978381,20.2005198093,15.5249285239
2521032,0.419333333333,0.0206293807926,0.0156900333234,20.5882043839,15.6587158916
2525040,0.42,0.0209933726588,0.0162573076456,20.9514697194,16.2248579298
2529048,0.420666666667,0.0216615354072,0.0169749511797,21.6182988096,16.9410690417
2533056,0.421333333333,0.0218166659618,0.0174035944334,21.7731197224,17.36885672
2537064,0.422,0.0215504286835,0.0173606202342,21.5074138558,17.3259682976
2541072,0.422666666667,0.0213506948539,0.0175520317399,21.3080786965,17.5169977444
2545080,0.423333333333,0.02096223414,0.0171961316023,20.9203933533,17.1618079863
2549088,0.424,0.02036074691,0.0167245732869,20.3201066966,16.6911909051
2553096,0.424666666667,0.0198105743446,0.0161505943924,19.77103228,16.1183576771
2557104,0.425333333333,0.0195553516345,0.0158222108121,19.5163189965,15.790629553
2561112,0.426,0.0199649381851,0.0162539577795,19.925088009,16.22151475
2565120,0.426666666667,0.0217858444394,0.018632759959,21.7423597199,18.5955688213
2569128,0.427333333333,0.0226269596389,0.0199465224147,22.5817960468,19.9067089967
2573136,0.428,0.0235823878274,0.0211898272657,23.5353171931,21.1475322013
2577144,0.428666666667,0.0243414695113,0.0224043329258,24.2928837438,22.3596136984
2581152,0.429333333333,0.0253010555097,0.023457559135,25.2505544009,23.4107376597
2585160,0.43,0.0269157554082,0.0254189606357,26.8620313455,25.3682241874
2589168,0.430666666667,0.0288392757131,0.027301188393,28.7817122885,27.2466950029
2593176,0.431333333333,0.0311258505333,0.0302943265181,31.0637230871,30.2338588005
2597184,0.432,0.0323384411139,0.0323425744097,32.2738933273,32.278018373
2601192,0.432666666667,0.0338935477419,0.0350043557841,33.82589595,34.9344868105
2605200,0.433333333333,0.0348076516262,0.0367801832225,34.7381752757,36.7067696831
2609208,0.434,0.0353269420289,0.0371498791762,35.2564291706,37.0757277208
2613216,0.434666666667,0.0347561229315,0.0362590372456,34.6867494327,36.1866639178
2617224,0.435333333333,0.0337991107997,0.0348703305311,33.7316475047,34.800729073
2621232,0.436,0.0321592767751,0.0325592204326,32.0950866019,32.4942319686
2625240,0.436666666667,0.03028997074,0.0301296946927,30.2295117166,30.0695555815
2629248,0.437333333333,0.0287623712424,0.0277181727587,28.7049613198,27.6628470646
2633256,0.438,0.0275072435285,0.0254524617703,27.4523388508,25.4016584534
2637264,0.438666666667,0.025709412585,0.0227235856921,25.6580963923,22.6782292336
2641272,0.439333333333,0.0251861805964,0.0216185730788,25.1359087789,21.5754222343
2645280,0.44,0.0248852472104,0.0209886033153,24.8355760583,20.9467098955
2649288,0.440666666667,0.0251646450683,0.0209536746315,25.1144162359,20.9118509297
2653296,0.441333333333,0.0266188214249,0.0227748163662,26.5656900448,22.7293576508
2657304,0.442,0.0275845983185,0.0242092771531,27.52953924,24.1609552426
2661312,0.442666666667,0.0294996713293,0.0266922298533,29.4407897498,26.6389519494
2665320,0.443333333333,0.0306340905563,0.0282505261457,30.572944667,28.19413787
2669328,0.444,0.0326650501526,0.0299194869465,32.5998504517,29.8597674117
2673336,0.444666666667,0.0344739725048,0.0318756090345,34.4051621805,31.8119850643
2677344,0.445333333333,0.0350366075928,0.0326484487425,34.9666742444,32.5832821781
2681352,0.446,0.0340272996456,0.0316895139891,33.9593808838,31.6262614661
2685360,0.446666666667,0.0317229064933,0.0292658058495,31.6595873187,29.2073910673
2689368,0.447333333333,0.0295633173473,0.0269942141347,29.5043087298,26.9403334677
2693376,0.448,0.0266509537278,0.0237268377256,26.5977582114,23.6794787681
2697384,0.448666666667,0.0254249066167,0.0216567585269,25.3741583001,21.613531464
2701392,0.449333333333,0.0244779519073,0.0206452627851,24.4290937199,20.6040546758
2705400,0.45,0.0235714471148,0.0197477587173,23.5243983181,19.7083420332
2709408,0.450666666667,0.0230781508419,0.0193493483432,23.0320866686,19.3107268895
2713416,0.451333333333,0.0224079571992,0.0186307684756,22.3632307378,18.5935813129
2717424,0.452,0.0219667455649,0.0179643920894,21.9228997654,17.9285350194
2721432,0.452666666667,0.0215908489666,0.0173849446342,21.5477534597,17.350244146
2725440,0.453333333333,0.0211535215714,0.0168471947993,21.1112989735,16.8135676639
2729448,0.454,0.0210059200345,0.0165824637964,20.9639920504,16.5493650663
2733456,0.454666666667,0.021317854214,0.0169191436341,21.2753036068,16.8853728883
2737464,0.455333333333,0.0218491241533,0.0172528713748,21.8055131271,17.2184345058
2741472,0.456,0.0237140197518,0.0196280771151,23.666686379,19.5888993164
2745480,0.456666666667,0.0244773960194,0.0208613274887,24.4285389415,20.8196881125
2749488,0.457333333333,0.0247061922218,0.0212618989072,24.6568784649,21.2194599872
2753496,0.458,0.0250915466031,0.0221733103949,25.0414636758,22.1290522903
2757504,0.458666666667,0.0257993134976,0.0235068691766,25.7478178619,23.459949278
2761512,0.459333333333,0.0268470997246,0.0250175552223,26.7935126992,24.9676199823
2765520,0.46,0.0305126617164,0.0296809471615,30.4517582,29.621703754
2769528,0.460666666667,0.0346986367871,0.0355414627589,34.629378031,35.4705217155
2773536,0.461333333333,0.036432020877,0.0380917063418,36.3593022725,38.0156749918
2777544,0.462,0.0364751753539,0.0384079681606,36.4023706127,38.3313055495
2781552,0.462666666667,0.0358808853437,0.0376302814131,35.80926681,37.555171071
2785560,0.463333333333,0.035098612945,0.0367416662645,35.0285558333,36.6683296053
2789568,0.464,0.0358994749081,0.0385076976867,35.8278192695,38.4308360147
2793576,0.464666666667,0.0345379513783,0.0373342713892,34.4690133516,37.2597518854
2797584,0.465333333333,0.032745500463,0.0347218251272,32.6801401826,34.6525200871
2801592,0.466,0.0312143026637,0.0325311535714,31.1519986664,32.4662211291
2805600,0.466666666667,0.0291806574217,0.0299935168804,29.1224125965,29.9336495813
2809608,0.467333333333,0.026519327767,0.0264281322128,26.466394977,26.3753814499
2813616,0.468,0.0246219674692,0.0237817387693,24.5728218255,23.7342702288
2817624,0.468666666667,0.02309627454,0.0216041782763,23.0501741917,21.561056164
2821632,0.469333333333,0.0220346788179,0.0197743768285,21.9906974231,19.7349070145
2825640,0.47,0.0215927865221,0.0189490133157,21.5496871478,18.9111909338
2829648,0.470666666667,0.0219177441149,0.0191235373867,21.8739961226,19.0853666534
2833656,0.471333333333,0.0219254054716,0.0188455392364,21.8816421872,18.8079233896
2837664,0.472,0.0228027751722,0.0197576508529,22.7572606509,19.7182144241
2841672,0.472666666667,0.0228126694732,0.0197544524207,22.7671352028,19.7150223759
2845680,0.473333333333,0.022690529494,0.019250224862,22.645239016,19.2118012595
2849688,0.474,0.0229670001195,0.0188425941274,22.9211578039,18.8049841591
2853696,0.474666666667,0.0238018627339,0.0192194325147,23.7543540259,19.181070374
2857704,0.475333333333,0.0256354050284,0.0216748397954,25.5842365553,21.6315766421
2861712,0.476,0.0270642975695,0.0235743297223,27.0102770155,23.527275172
2865720,0.476666666667,0.0291777231745,0.026018421994,29.1194842061,25.966489016
2869728,0.477333333333,0.0319424305831,0.0289127134215,31.8786732367,28.8550034147
2873736,0.478,0.0335429827677,0.0310324575229,33.4760307063,30.97051649
2877744,0.478666666667,0.0346384009767,0.0322558990832,34.5692624518,32.1915160511
2881752,0.479333333333,0.0352155331939,0.0327189594284,35.1452427085,32.6536521242
2885760,0.48,0.0362581399164,0.0335351244272,36.1857683796,33.4681880511
2889768,0.480666666667,0.0375873915843,0.0356376001519,37.5123668506,35.5664672175
2893776,0.481333333333,0.0378710057993,0.0361669108242,37.7954149693,36.0947213814
2897784,0.482,0.0373570449646,0.0357696952451,37.2824800046,35.6982986479
2901792,0.482666666667,0.0375583253898,0.0360847449919,37.4833586724,36.0127195528
2905800,0.483333333333,0.0379901818054,0.0362806706361,37.9143530992,36.2082541278
2909808,0.484,0.0378550383366,0.0362340112047,37.7794793779,36.1616878291
2913816,0.484666666667,0.0377821640251,0.0355527111241,37.7067505241,35.4817476288
2917824,0.485333333333,0.0376172210267,0.035309468349,37.5421367532,35.2389903682
2921832,0.486,0.0384659455088,0.0356158319228,38.3891671744,35.5447424379
2925840,0.486666666667,0.0402278411986,0.0373751641628,40.1475461064,37.3005630367
2929848,0.487333333333,0.0402878131324,0.0379614015323,40.2073983357,37.8856302718
2933856,0.488,0.0392945210902,0.0367441117079,39.2160889124,36.6707701675
2937864,0.488666666667,0.0394362034789,0.0366477668203,39.3574885019,36.5746175851
2941872,0.489333333333,0.0394729831523,0.0375391009866,39.3941947628,37.4641726413
2945880,0.49,0.0385645609333,0.0370285436638,38.4875857618,36.954634395
2949888,0.490666666667,0.0374416636444,0.0359228409658,37.3669297848,35.8511386885
2953896,0.491333333333,0.0372521040455,0.0360418512274,37.1777485484,35.9699114046
2957904,0.492,0.0360065716111,0.0348209299245,35.9347022067,34.7514270704
2961912,0.492666666667,0.0349801955998,0.0333941548646,34.9103748501,33.3274998648
2965920,0.493333333333,0.0342920836372,0.032548933897,34.2236363644,32.4839659651
2969928,0.494,0.0347755537172,0.0319040549706,34.7061414343,31.8403742221
2973936,0.494666666667,0.0350610428602,0.0313077318535,34.9910607387,31.2452413708
2977944,0.495333333333,0.0347705632438,0.0307889536292,34.701160922,30.727498632
2981952,0.496,0.0352226145014,0.0313706262719,35.1523098817,31.3080102514
2985960,0.496666666667,0.0370576963546,0.0339289581971,36.9837288968,33.8612357257
2989968,0.497333333333,0.036158207499,0.0331567469304,36.0860354281,33.0905657988
2993976,0.498,0.0345431693237,0.0318055546344,34.4742208819,31.7420704934
2997984,0.498666666667,0.0326410062706,0.0303097623212,32.5758545614,30.2492637936
3001992,0.499333333333,0.0304480523588,0.0280300522372,30.3872778032,27.9741040292
3006000,0.5,0.0295548855061,0.0267909542636,29.4958937186,26.737479305
3010008,0.500666666667,0.0289081821171,0.0265619002484,28.8504811548,26.5088824835
3014016,0.501333333333,0.0292289662234,0.0274997104617,29.1706249734,27.4448208201
3018024,0.502,0.0299702982583,0.0291235451315,29.9104773037,29.0654143029
3022032,0.502666666667,0.0291224187793,0.0288198261617,29.0642901989,28.7623015586
3026040,0.503333333333,0.027387007423,0.0265699316511,27.3323427375,26.5168978554
3030048,0.504,0.0262021958385,0.0249037726852,26.1498960464,24.854064556
3034056,0.504666666667,0.0252790040376,0.023821068208,25.2285469437,23.7735211656
3038064,0.505333333333,0.0242594089137,0.0223168220729,24.2109869398,22.2722775179
3042072,0.506,0.0233432324905,0.0211741477064,23.2966392121,21.1318839385
3046080,0.506666666667,0.0234724684656,0.0214046533864,23.4256172311,21.3619295273
3050088,0.507333333333,0.0245538153672,0.0226792830056,24.5048057556,22.6340149756
3054096,0.508,0.0248008289103,0.0230626864156,24.7513262578,23.0166531093
3058104,0.508666666667,0.0245475965977,0.0227358797497,24.4985993989,22.6904987522
3062112,0.509333333333,0.024823013791,0.0230612556215,24.7734668573,23.0152251712
3066120,0.51,0.0247181818386,0.0230748953912,24.6688441503,23.0288377158
3070128,0.510666666667,0.0243825347932,0.022786077278,24.3338670591,22.7405960858
3074136,0.511333333333,0.0238134355517,0.0222393755357,23.7659037442,22.1949855646
3078144,0.512,0.0227805179899,0.0211387782238,22.7350478941,21.0965850537
3082152,0.512666666667,0.0216811362442,0.0194951167301,21.6378605232,19.4562043215
3086160,0.513333333333,0.0212776844551,0.0187019487469,21.2352140271,18.6646195079
3090168,0.514,0.0211458945711,0.0185783186288,21.1036871967,18.5412361565
3094176,0.514666666667,0.0215097886359,0.0190086250948,21.466854926,18.9706837273
3098184,0.515333333333,0.0214973870785,0.018998677938,21.4544781223,18.9607564251
3102192,0.516,0.0213477427907,0.0185237899201,21.3051325257,18.4868162875
3106200,0.516666666667,0.0210312279734,0.0178869773189,20.9892494744,17.8512747693
3110208,0.517333333333,0.0201867394894,0.0159408713217,20.1464465962,15.9090532152
3114216,0.518,0.0192603342663,0.0142757658984,19.2218904853,14.2472713557
3118224,0.518666666667,0.0192957226849,0.0138043365103,19.2572082684,13.7767829444
3122232,0.519333333333,0.0194263673741,0.0138242015867,19.3875921897,13.7966083699
3126240,0.52,0.0192099702284,0.0137752947524,19.1716269744,13.7477991541
3130248,0.520666666667,0.0191750752709,0.0137837011136,19.1368016675,13.7561887361
3134256,0.521333333333,0.019215073005,0.0139687045055,19.1767195659,13.9408228597
3138264,0.522,0.0192188424085,0.0138807452669,19.1804814456,13.8530391885
3142272,0.522666666667,0.0190053356802,0.0138136552648,18.9674008784,13.7860830986
3146280,0.523333333333,0.0187501065617,0.0136897923226,18.7126811993,13.6624673878
3150288,0.524,0.0188468243359,0.013875886922,18.809205924,13.8481905409
3154296,0.524666666667,0.0190044251382,0.0143069797241,18.9664921539,14.2784228783
3158304,0.525333333333,0.0188836863504,0.0144670832689,18.8459943617,14.4382068552
3162312,0.526,0.0185250259949,0.0141496560452,18.4880498951,14.1214132188
3166320,0.526666666667,0.017951170961,0.0134849717582,17.9153402804,13.458055647
3170328,0.527333333333,0.0173315057741,0.0126566342225,17.2969119502,12.6313714795
3174336,0.528,0.016978164345,0.0123310609726,16.9442757934,12.3064480764
3178344,0.528666666667,0.0168751456588,0.0122448757044,16.8414627333,12.2204348347
3182352,0.529333333333,0.0169956493397,0.012123251453,16.961725888,12.0990533463
3186360,0.53,0.0174897056105,0.0124903922136,17.4547960185,12.465461291
3190368,0.530666666667,0.0176176049668,0.0126995751908,17.5824400866,12.6742267373
3194376,0.531333333333,0.017547181528,0.0127478927818,17.5121572136,12.722447886
3198384,0.532,0.0172557342551,0.0126790275139,17.2212916718,12.6537200738
3202392,0.532666666667,0.0168584709995,0.012296799636,16.8248213568,12.2722551258
3206400,0.533333333333,0.0164862196947,0.0119578609691,16.4533130686,11.9339929832
3210408,0.534,0.0165059046461,0.0117996650027,16.4729587286,11.7761127771
3214416,0.534666666667,0.0166195209178,0.012043353769,16.5863482214,12.0193151387
3218424,0.535333333333,0.0163074153269,0.0119072574556,16.2748655957,11.8834904746
3222432,0.536,0.0158239000203,0.0115789016036,15.7923153895,11.5557900236
3226440,0.536666666667,0.0153077851358,0.011105780117,15.2772306745,11.0836128912
3230448,0.537333333333,0.0147742067991,0.0105740788146,14.7447173643,10.5529728689
3234456,0.538,0.0146047468956,0.0102879601817,14.5755957042,10.2674253311
3238464,0.538666666667,0.0145655004792,0.0102221823704,14.536427624,10.2017788128
3242472,0.539333333333,0.0144367766197,0.0101171706248,14.4079606983,10.0969766714
3246480,0.54,0.0143156484709,0.00998233069931,14.2870743223,9.96240588754
3250488,0.540666666667,0.0142838974736,0.0100388528702,14.2553867002,10.0188152397
3254496,0.541333333333,0.0143311193268,0.0102589843818,14.3025142982,10.238507367
3258504,0.542,0.0147800511294,0.0109468135837,14.7505500293,10.9249636564
3262512,0.542666666667,0.0147830310341,0.011071779437,14.7535239862,11.0496800769
3266520,0.543333333333,0.0148111474084,0.0111862429305,14.7815842399,11.1639151003
3270528,0.544,0.0148271666859,0.0110852857564,14.7975715429,11.0631594375
3274536,0.544666666667,0.014920152922,0.0111607761967,14.8903721777,11.1384991983
3278544,0.545333333333,0.0150590108142,0.0114255843918,15.0289529084,11.4027788341
3282552,0.546,0.0150438855077,0.0114942896813,15.0138577921,11.4713469873
3286560,0.546666666667,0.0148861606165,0.0113626952873,14.8564477211,11.3400152568
3290568,0.547333333333,0.0150642143613,0.0113410145978,15.0341460692,11.3183778422
3294576,0.548,0.0150994894614,0.0113508206364,15.0693507599,11.3281643078
3298584,0.548666666667,0.015165939638,0.0114666638069,15.1356683013,11.4437762544
3302592,0.549333333333,0.0152853927987,0.0117064906959,15.2548830326,11.683124447
3306600,0.55,0.0154277884749,0.0120437914521,15.3969944859,12.0197519482
3310608,0.550666666667,0.0155719002089,0.0122622502405,15.5408185717,12.2377746911
3314616,0.551333333333,0.015815663927,0.0123335543344,15.7840957355,12.3089364614
3318624,0.552,0.0162092622181,0.012404743772,16.1769084013,12.3799838044
3322632,0.552666666667,0.0165570811609,0.0125696902352,16.5240330947,12.5446010332
3326640,0.553333333333,0.016646127197,0.0125432619589,16.6129013942,12.5182255079
3330648,0.554,0.0166046789287,0.0124940616272,16.571535857,12.4691233805
3334656,0.554666666667,0.0165006860394,0.0124372493417,16.4677505383,12.4124244927
3338664,0.555333333333,0.016244821814,0.0121933992875,16.21239702,12.1690611651
3342672,0.556,0.0160811407862,0.0118678873783,16.0490427008,11.8441989803
3346680,0.556666666667,0.0161883283565,0.0118319411755,16.1560163239,11.8083245264
3350688,0.557333333333,0.0163515706237,0.0119185739983,16.3189327582,11.8947844295
3354696,0.558,0.01645722928,0.0121062626795,16.4243805189,12.0820984825
3358704,0.558666666667,0.0168429508952,0.0125909792829,16.8093322308,12.5658475877
3362712,0.559333333333,0.0180098799797,0.013701114699,17.9739321155,13.6737671646
3366720,0.56,0.0190225332066,0.0149233813273,18.9845640785,14.893594139
3370728,0.560666666667,0.0199302750334,0.0158324615682,19.8904940453,15.8008598485
3374736,0.561333333333,0.0208025200385,0.0167050813817,20.7609980424,16.6717379058
3378744,0.562,0.0220353582814,0.0180285992111,21.9913755304,17.9926139831
3382752,0.562666666667,0.0225360807861,0.0188218088923,22.4910985889,18.7842404115
3386760,0.563333333333,0.0232468175055,0.0197616620191,23.2004166721,19.7222175839
3390768,0.564,0.02367451125,0.020696628487,23.6272567365,20.6553178513
3394776,0.564666666667,0.0236539828877,0.0208572641829,23.606769349,20.815632917
3398784,0.565333333333,0.0240431684959,0.0209468218759,23.9951781396,20.9050118522
3402792,0.566,0.0254243470862,0.0224493559849,25.3735998864,22.4045468911
3406800,0.566666666667,0.0271391212061,0.0248174305868,27.0849513035,24.7678947972
3410808,0.567333333333,0.0282225893753,0.0261822699543,28.1662568616,26.1300099345
3414816,0.568,0.0291177786279,0.0273564442887,29.0596593093,27.3018406075
3418824,0.568666666667,0.0291979546682,0.0281597758283,29.1396753175,28.1035686909
3422832,0.569333333333,0.0286693958961,0.027978443684,28.612171553,27.922598487
3426840,0.57,0.0290617998868,0.0281712341666,29.0037923022,28.1150041583
3430848,0.570666666667,0.0298208423019,0.0294665987032,29.7613196626,29.4077831369
3434856,0.571333333333,0.0287159914344,0.0289321078877,28.6586740863,28.8743591694
3438864,0.572,0.0269831727049,0.0271606094278,26.9293140767,27.1063966345
3442872,0.572666666667,0.0253642353369,0.025150796367,25.3136081207,25.1005951766
3446880,0.573333333333,0.0236443517729,0.0227650876854,23.597157458,22.7196483886
3450888,0.574,0.0227632542173,0.0213972999188,22.7178185801,21.3545907373
3454896,0.574666666667,0.0219197015832,0.020185786761,21.8759496839,20.1454957695
3458904,0.575333333333,0.0214937774807,0.0195661279713,21.4508757292,19.5270738236
3462912,0.576,0.0216450506282,0.0193664089746,21.6018469343,19.3277534677
3466920,0.576666666667,0.0217327696952,0.0196597929957,21.6893909133,19.6205518919
3470928,0.577333333333,0.0214488590363,0.019248166171,21.4060469424,19.2097466776
3474936,0.578,0.0211329622783,0.0189578050456,21.0907807169,18.9199651154
3478944,0.578666666667,0.0212388900122,0.0191319306466,21.1964970181,19.0937431603
3482952,0.579333333333,0.0219885577605,0.0201880094728,21.9446684236,20.1477140447
3486960,0.58,0.022514044582,0.0208516473944,22.4691063692,20.8100273398
3490968,0.580666666667,0.0221423447175,0.0201191872753,22.0981484207,20.0790292169
3494976,0.581333333333,0.022011746616,0.019726971842,21.967810994,19.6875966487
3498984,0.582,0.0216396577501,0.0191721109303,21.5964648205,19.1338432438
3502992,0.582666666667,0.0210826520142,0.0185477426889,21.0405708725,18.5107212464
3507000,0.583333333333,0.0204460036683,0.0176749587216,20.4051932817,17.6396793628
3511008,0.584,0.0199322035395,0.0166566725559,19.8924187021,16.6234257044
3515016,0.584666666667,0.0195952287055,0.0159211886586,19.5561164726,15.889409839
3519024,0.585333333333,0.0195130188507,0.0154537154226,19.4740707093,15.4228696833
3523032,0.586,0.0191483306215,0.0150058727244,19.1101104007,14.9759208826
3527040,0.586666666667,0.018572975739,0.0143180577829,18.5359039312,14.2894788252
3531048,0.587333333333,0.0183143470243,0.0139605475901,18.2777914414,13.9326822256
3535056,0.588,0.0179951197939,0.0135432386705,17.9592013911,13.516206258
3539064,0.588666666667,0.0178016715732,0.0133432677844,17.7661392946,13.3166345153
3543072,0.589333333333,0.0176645713158,0.0133118868702,17.6293126905,13.2853162377
3547080,0.59,0.0178904599232,0.0136277201145,17.8547504224,13.6005190763
3551088,0.590666666667,0.0184955637542,0.0144161914121,18.4586464613,14.3874165789
3555096,0.591333333333,0.0184151124566,0.0143523109522,18.3783557451,14.323663625
3559104,0.592,0.0180893330666,0.0139441258096,18.0532266133,13.9162932231
3563112,0.592666666667,0.0182857978049,0.0141392975048,18.2492992065,14.1110753541
3567120,0.593333333333,0.0196279809578,0.0156061698335,19.5888033511,15.5750197939
3571128,0.594,0.0207787795373,0.0170831090937,20.7373049274,17.0490110716
3575136,0.594666666667,0.0219609699532,0.0185586604804,21.9171356819,18.5216172459
3579144,0.595333333333,0.0232914671456,0.0201406269713,23.2449771912,20.1004261191
3583152,0.596,0.0245349221911,0.0220040131193,24.4859502906,21.9600929334
3587160,0.596666666667,0.0258791461791,0.0234727871922,25.8274911967,23.4259353216
3591168,0.597333333333,0.0267156129239,0.0242437712518,26.6622883472,24.1953804909
3595176,0.598,0.027633824804,0.0253800555686,27.5786674691,25.329396775
3599184,0.598666666667,0.0314395051166,0.0309570016418,31.3767516134,30.8952112194
3603192,0.599333333333,0.0323429193843,0.0329640063262,32.278362659,32.8982099064
3607200,0.6,0.031840624953,0.0318177973527,31.7770708114,31.7542887752
3611208,0.600666666667,0.031048483628,0.0296939704812,30.9865106068,29.634701079
3615216,0.601333333333,0.0308023779931,0.0290385758446,30.7408962007,28.9806146153
3619224,0.602,0.0309330686997,0.0292357525442,30.8713260476,29.1773977487
3623232,0.602666666667,0.0310973305768,0.0297414661229,31.0352600567,29.682101919
3627240,0.603333333333,0.0312106380413,0.0306717113572,31.1483413586,30.6104903764
3631248,0.604,0.0309864433073,0.0310771795822,30.9245941191,31.0151492836
3635256,0.604666666667,0.0304039393959,0.0306372413445,30.3432528901,30.5760891662
3639264,0.605333333333,0.029047494063,0.0288138151787,28.9895150329,28.7563025735
3643272,0.606,0.0274648916798,0.0266924662621,27.4100715367,26.6391878863
3647280,0.606666666667,0.0260378247678,0.0245190985669,25.9858530617,24.4701582504
3651288,0.607333333333,0.0243086158411,0.0223914865589,24.2600956498,22.346792973
3655296,0.608,0.0232558440867,0.0209295659798,23.2094252363,20.887790399
3659304,0.608666666667,0.02257425354,0.0200861313519,22.5291951497,20.0460392734
3663312,0.609333333333,0.0219868219702,0.0193602486255,21.942936098,19.3216054147
3667320,0.61,0.0208634065215,0.0181279923477,20.8217629955,18.0918087302
3671328,0.610666666667,0.0202358922495,0.0172361264511,20.195501247,17.2017230051
3675336,0.611333333333,0.0205191453146,0.0173396915606,20.4781889367,17.3050813978
3679344,0.612,0.0208552211222,0.0173401166195,20.8135939343,17.3055056082
3683352,0.612666666667,0.0212541201017,0.0176265296485,21.2116967083,17.5913469546
3687360,0.613333333333,0.0217723935197,0.0185030652694,21.7289356484,18.4661330034
3691368,0.614,0.0223686036441,0.0192171162721,22.3239557326,19.1787587546
3695376,0.614666666667,0.0222508545519,0.0194055490786,22.2064416686,19.3668154477
3699384,0.615333333333,0.021940864401,0.0190079341803,21.8970702605,18.9699941919
3703392,0.616,0.0218863943013,0.0189283905068,21.8427088835,18.8906092882
3707400,0.616666666667,0.0221329742975,0.0191748829659,22.0887967041,19.1366097464
3711408,0.617333333333,0.0218233167637,0.0189791234271,21.7797572492,18.9412409452
3715416,0.618,0.0212507287556,0.0183422156673,21.2083121313,18.3056044584
3719424,0.618666666667,0.0210837590663,0.0179410198602,21.0416757149,17.9052094413
3723432,0.619333333333,0.021420058447,0.0183394216489,21.3773038393,18.3028160168
3727440,0.62,0.0213475863497,0.0182302715576,21.3049763969,18.19388379
3731448,0.620666666667,0.0215580380884,0.0181265190443,21.5150080722,18.0903383676
3735456,0.621333333333,0.0222961771046,0.0186545851849,22.2516737571,18.617350484
3739464,0.622,0.0233075973906,0.0198386916452,23.2610752401,19.7990934583
3743472,0.622666666667,0.0241272205991,0.0206508553578,24.0790624741,20.6096360857
3747480,0.623333333333,0.0251583884488,0.0219043324927,25.1081721046,21.8606112702
3751488,0.624,0.0255704123396,0.0220909726232,25.5193735924,22.0468788655
3755496,0.624666666667,0.0251762348532,0.0216182478932,25.1259828874,21.5750976978
3759504,0.625333333333,0.0242977555547,0.0204918715855,24.2492570406,20.4509696462
3763512,0.626,0.0235399016248,0.0197995348407,23.4929157932,19.760014811
3767520,0.626666666667,0.0229900583928,0.0191340357366,22.9441700527,19.0958440485
3771528,0.627333333333,0.0229202958454,0.0192069566818,22.8745467518,19.1686194429
3775536,0.628,0.0230151399221,0.0193295387182,22.969201519,19.2909568046
3779544,0.628666666667,0.0235256031041,0.019651829899,23.4786458124,19.6126046896
3783552,0.629333333333,0.0241738717044,0.0202869075271,24.1256204634,20.2464146977
3787560,0.63,0.0252827033734,0.0217419104858,25.2322388956,21.6985134589
3791568,0.630666666667,0.0257418798778,0.0226328642852,25.69049888,22.5876889074
3795576,0.631333333333,0.0252990422325,0.0225596722231,25.2485451422,22.5146429372
3799584,0.632,0.0239085502139,0.0212624790061,23.8608285568,21.2200389282
3803592,0.632666666667,0.0224511617259,0.0194858764215,22.4063490279,19.4469824566
3807600,0.633333333333,0.021272083822,0.0181829535791,21.2296245728,18.1466602585
3811608,0.634,0.0202218546471,0.0171327595822,20.1814916638,17.0985624573
3815616,0.634666666667,0.0195158734614,0.0163012496836,19.4769196222,16.2687122591
3819624,0.635333333333,0.0190183748758,0.0156569427292,18.9804140477,15.6256913465
3823632,0.636,0.0190921074698,0.0154891686562,19.0539994709,15.4582521519
3827640,0.636666666667,0.0194168653275,0.0158925892111,19.3781091093,15.8608674762
3831648,0.637333333333,0.0197646217496,0.0164971245527,19.7251714068,16.4641961604
3835656,0.638,0.0206801997458,0.0174328257081,20.638921902,17.3980296488
3839664,0.638666666667,0.0209056467163,0.0176433142061,20.8639188785,17.6080980101
3843672,0.639333333333,0.0207878015363,0.0175074916148,20.7463089184,17.4725465218
3847680,0.64,0.0205746989276,0.0173095884242,20.5336316643,17.2750383475
3851688,0.640666666667,0.0201821881647,0.0169369781497,20.141904356,16.9031718061
3855696,0.641333333333,0.0197347341289,0.0165292816823,19.6953434421,16.4962891041
3859704,0.642,0.019584560805,0.0164483053135,19.5454698653,16.4154743648
3863712,0.642666666667,0.0194172121867,0.0162550011442,19.3784552762,16.2225560322
3867720,0.643333333333,0.0191410249007,0.0160787005772,19.1028192622,16.0466073625
3871728,0.644,0.018709351692,0.0155269184682,18.6720076767,15.495926615
3875736,0.644666666667,0.01832361274,0.0150503223121,18.2870386627,15.0202817486
3879744,0.645333333333,0.0179741560089,0.0145255474889,17.93827945,14.4965543802
3883752,0.646,0.017854341687,0.0142996643752,17.8187042785,14.2711221309
3887760,0.646666666667,0.0179281458332,0.014257654572,17.892361111,14.2291961797
3891768,0.647333333333,0.0182338052236,0.0143531240816,18.1974104028,14.3244751313
3895776,0.648,0.0192378940581,0.0151367756549,19.199495068,15.1065625298
3899784,0.648666666667,0.0198901236079,0.0157556536472,19.8504227624,15.7242052367
3903792,0.649333333333,0.0202206103854,0.0162502279507,20.1802498856,16.2177923659
3907800,0.65,0.0205051757307,0.0166967534321,20.4642472362,16.663426579
3911808,0.650666666667,0.021128377975,0.0171494280206,21.0862055639,17.1151976253
3915816,0.651333333333,0.021218589841,0.0172540638335,21.1762373663,17.2196245843
3919824,0.652,0.0207579185977,0.0166932535238,20.7164856264,16.6599336565
3923832,0.652666666667,0.0203127851329,0.0159515186534,20.2722406516,15.9196792948
3927840,0.653333333333,0.0195498695439,0.0152088576674,19.5108478482,15.1785006661
3931848,0.654,0.0186446480152,0.0141678239323,18.6074331489,14.1395448426
3935856,0.654666666667,0.0182963534808,0.0137805518278,18.2598338131,13.7530457364
3939864,0.655333333333,0.0183120840734,0.0139321540667,18.2755330074,13.9043453759
3943872,0.656,0.0181165563139,0.0136662879918,18.0803955228,13.6390099719
3947880,0.656666666667,0.0181517368915,0.0135847209172,18.1155058797,13.5576057058
3951888,0.657333333333,0.0182107804813,0.0135167504286,18.174431618,13.4897708868
3955896,0.658,0.0184574439454,0.0136753374066,18.4206027399,13.648041324
3959904,0.658666666667,0.018836670101,0.014097192554,18.7990719571,14.0690544451
3963912,0.659333333333,0.0202810710691,0.0158217402964,20.2405898894,15.7901599765
3967920,0.66,0.0211006034695,0.0173030562348,21.0584864965,17.2685191964
3971928,0.660666666667,0.0211092538238,0.0177781475547,21.0671195846,17.7426622303
3975936,0.661333333333,0.0212740591516,0.0181399690571,21.2315959597,18.103761534
3979944,0.662,0.0218221156152,0.0188667177856,21.7785584982,18.8290596662
3983952,0.662666666667,0.0232421177488,0.0206105845208,23.1957262962,20.5694456296
3987960,0.663333333333,0.0239784886265,0.0214306677769,23.9306273717,21.3878919929
3991968,0.664,0.0241347022334,0.0216607489111,24.086529175,21.6175138833
3995976,0.664666666667,0.0240612847573,0.0216888848179,24.0132582409,21.6455936306
3999984,0.665333333333,0.0247336990537,0.022097890708,24.6843303929,22.0537831417
4003992,0.666,0.0273422301996,0.0253124043416,27.2876548898,25.2618805805
4008000,0.666666666667,0.0288093442714,0.0274054653819,28.7518405902,27.3507638542
4010005,0.667000166334,0.0290228225879,0.0276816136401,28.9648928023,27.6263609182
