4008,0.000666666666667,0.098965927699,0.049876224408,0.110273288377,0.0969156623062,0.0496660761872,0.113477711495
8016,0.00133333333333,0.32665500931,0.204661830515,0.351042982299,0.294479008531,0.185100647685,0.322334499176
12024,0.002,0.516402138962,0.374693337519,0.557104135767,0.447208942414,0.323057940648,0.476105150302
16032,0.00266666666667,0.645403657232,0.513156036588,0.690316351991,0.548598804254,0.42291045289,0.580050032927
20040,0.00333333333333,0.730866668131,0.600520924722,0.773792207804,0.608725868459,0.482629572969,0.65063932956
24048,0.004,0.846315788751,0.688134307999,0.880219007073,0.710840441198,0.530791040678,0.75612818416
28056,0.00466666666667,0.927505746643,0.772452758015,0.970391741474,0.78557225502,0.596815444673,0.827490474979
32064,0.00533333333333,0.964239557638,0.822483668891,1.0379348806,0.814672876368,0.635726117843,0.888596689097
36072,0.006,1.00239677591,0.853917279815,1.08024136504,0.853773522817,0.667481795526,0.917238113933
40080,0.00666666666667,1.01605171342,0.857821601539,1.08706003061,0.881602686542,0.671331884382,0.913302465378
44088,0.00733333333333,1.01129670807,0.849306220518,1.08534949285,0.871889240277,0.663611465307,0.897082844499
48096,0.008,1.0125117363,0.831421207921,1.08095784937,0.862037086085,0.640880399221,0.878882547222
52104,0.00866666666667,1.00444052131,0.815384602936,1.05943196812,0.843671733189,0.613531554424,0.847827824423
56112,0.00933333333333,0.985457945396,0.795768658061,1.02907429118,0.807867697293,0.589668283572,0.797328857846
60120,0.01,0.964126468437,0.776864365848,1.01765528804,0.773820866326,0.565492154568,0.772949145332
64128,0.0106666666667,0.988888523463,0.796587074779,1.06891710108,0.796777966357,0.571060247513,0.803998919239
68136,0.0113333333333,1.02858685305,0.830967556094,1.11949723439,0.845998025582,0.600127467734,0.854258173317
72144,0.012,1.07249790245,0.863056346671,1.16685228476,0.897410483569,0.627055689641,0.894878701424
76152,0.0126666666667,1.10946840074,0.90414136052,1.20845896406,0.951064986422,0.670472265074,0.943165187774
80160,0.0133333333333,1.14272546238,0.938810416849,1.2786697075,0.994884022832,0.712078111339,1.01847410412
84168,0.014,1.18367695224,0.994666507232,1.35335899499,1.04780777497,0.780099299259,1.11103681948
88176,0.0146666666667,1.16945967345,1.00417019819,1.36058200481,1.02179146092,0.785382732854,1.10014755497
92184,0.0153333333333,1.15061489852,0.995249451821,1.3595775985,0.988241063298,0.774828018081,1.05931075766
96192,0.016,1.13773870148,0.990427064601,1.35953370068,0.969659803407,0.771004121012,1.0399565379
100200,0.0166666666667,1.16010232214,1.01085068057,1.37790967968,0.985309807063,0.785639899128,1.00762833262
104208,0.0173333333333,1.20872116911,1.04668569379,1.42955767182,1.02923776469,0.815719261811,1.04392712827
108216,0.018,1.30947016199,1.10413078946,1.52231879072,1.14173718571,0.879731268859,1.15073932875
112224,0.0186666666667,1.37411618161,1.16189834534,1.57737256825,1.21662109105,0.934502379902,1.21690390518
116232,0.0193333333333,1.41453546979,1.19654575307,1.62885860284,1.25488821453,0.955177279849,1.25570747573
120240,0.02,1.44634968077,1.2082205267,1.65437842153,1.26005058402,0.957200324516,1.28189672013
124248,0.0206666666667,1.46771530009,1.21775302255,1.66905843759,1.26134912321,0.957891554176,1.29782167763
128256,0.0213333333333,1.44812338034,1.21485028113,1.65832144492,1.22465905862,0.953237212559,1.29187246278
132264,0.022,1.43943164478,1.20146606485,1.68896696474,1.20267122353,0.940664407956,1.3484109642
136272,0.0226666666667,1.40970147919,1.17781916635,1.69950721929,1.16063595997,0.92065314618,1.37911694782
140280,0.0233333333333,1.33503386927,1.1428746076,1.66793988293,1.06860246929,0.876667374478,1.3388418672
144288,0.024,1.24507084741,1.09114621839,1.6011849201,0.96826782363,0.832374276808,1.2532969994
148296,0.0246666666667,1.18617711881,1.04073146105,1.55484635414,0.902254351333,0.794256447675,1.2039289153
152304,0.0253333333333,1.14945776357,1.01325732085,1.52236805864,0.889997044326,0.789526689548,1.20924850232
156312,0.026,1.06751172846,0.947943803503,1.42930428243,0.819622582168,0.739808192301,1.1411814571
160320,0.0266666666667,0.958632921129,0.848216636127,1.28567491736,0.710751515721,0.657625083827,1.02178253474
164328,0.0273333333333,0.860371861103,0.749793443039,1.14728433899,0.623075978905,0.576182225928,0.909243087912
168336,0.028,0.81566968436,0.678792620741,1.07053935792,0.580021817716,0.508669888705,0.852615249352
172344,0.0286666666667,0.790116016184,0.630278768848,1.0114810616,0.552422337087,0.471555566362,0.81663042525
176352,0.0293333333333,0.740735275502,0.577900660016,0.936112822582,0.515144720911,0.431083956763,0.760617539338
180360,0.03,0.6870339129,0.530495825419,0.857682047046,0.47722602094,0.396139572983,0.695397351781
184368,0.0306666666667,0.629407483681,0.481504612278,0.777028873012,0.437458876137,0.357533300397,0.624000248033
188376,0.0313333333333,0.592695201672,0.441725774702,0.710124165393,0.415249479306,0.324217739443,0.562375657419
192384,0.032,0.564730530632,0.41001918803,0.657999807619,0.394920363865,0.300282216715,0.514023839954
196392,0.0326666666667,0.549246792217,0.388202148194,0.623703339457,0.387470989416,0.282030577441,0.485591627861
200400,0.0333333333333,0.545167312136,0.382836221658,0.609584188295,0.387283802453,0.279530775487,0.478722665848
204408,0.034,0.556803356154,0.393657362444,0.615762048987,0.401169193374,0.296933649027,0.486583763704
208416,0.0346666666667,0.598940891403,0.408081112681,0.637649098841,0.448535253393,0.312336767125,0.502354697023
212424,0.0353333333333,0.621930303547,0.413067430818,0.649439138596,0.479339039145,0.319786796646,0.511589547684
216432,0.036,0.636811579238,0.409422151116,0.644384920896,0.495894678899,0.315711447994,0.506505389014
220440,0.0366666666667,0.664885863251,0.401555685802,0.638821595628,0.532001669647,0.309634917619,0.498294124001
224448,0.0373333333333,0.673358727936,0.392440736918,0.632999753812,0.551765863553,0.304783351083,0.489991689456
228456,0.038,0.680649663339,0.383806791512,0.635183457779,0.558017608498,0.296567743272,0.495584366578
232464,0.0386666666667,0.678508851015,0.375965565059,0.629936456662,0.560429406492,0.292078774502,0.494786456715
236472,0.0393333333333,0.677268382028,0.374012059579,0.627861399014,0.562417290638,0.292411649488,0.496969738443
240480,0.04,0.693965302368,0.368152860101,0.616288643711,0.589515702012,0.287578340109,0.491596376814
244488,0.0406666666667,0.696571654161,0.362077800335,0.602871110178,0.595303907005,0.278558131318,0.480605937421
248496,0.0413333333333,0.709084110896,0.357639487319,0.596562434622,0.592548419258,0.267666852412,0.474883911525
252504,0.042,0.717622571867,0.357764976469,0.602919210567,0.595152016483,0.264894402131,0.482312135471
256512,0.0426666666667,0.711841868461,0.356059153436,0.607222876049,0.587877990321,0.261804822377,0.49147341939
260520,0.0433333333333,0.693565360749,0.349853857003,0.592937082114,0.569332469753,0.256696495191,0.477842824627
264528,0.044,0.681978017553,0.353261113509,0.584441420502,0.556090110698,0.25980622271,0.465995553595
268536,0.0446666666667,0.671145352775,0.357228674283,0.57765315229,0.546127857763,0.264555635887,0.460786286049
272544,0.0453333333333,0.665964537462,0.362395205616,0.564292235738,0.542013570537,0.271464857904,0.444876123219
276552,0.046,0.65953987353,0.366077276654,0.551498373653,0.539582988698,0.27403191418,0.431978184749
280560,0.0466666666667,0.66295496542,0.374785150522,0.554222176365,0.541208975054,0.283530410907,0.437681434191
284568,0.0473333333333,0.673636441769,0.384509452682,0.559464468157,0.549730049479,0.294297916967,0.43708833175
288576,0.048,0.705363785838,0.399932785915,0.591837578004,0.587254154467,0.302784023603,0.465104816024
292584,0.0486666666667,0.74424038188,0.421505623511,0.618038306395,0.635755602773,0.321003834057,0.49404748365
296592,0.0493333333333,0.784101651817,0.447576648165,0.644466584413,0.675680242014,0.336245819135,0.521352441678
300600,0.05,0.86649484448,0.498783539005,0.699672822012,0.759990988479,0.374025339924,0.580721627049
304608,0.0506666666667,0.994626418705,0.574184756783,0.82986649624,0.877003632704,0.444864328994,0.730749522936
308616,0.0513333333333,1.08991916323,0.638049737078,0.938012483419,0.969110807005,0.502625127589,0.849118178832
312624,0.052,1.11032032012,0.665817911801,0.976766060093,0.970775423769,0.51955072295,0.880183259389
316632,0.0526666666667,1.08448650992,0.675914017837,0.979275029499,0.931850697417,0.523974506522,0.879740844173
320640,0.0533333333333,1.06111183554,0.685223997686,0.991080277794,0.889459030499,0.522866617454,0.889281841121
324648,0.054,1.05218073821,0.685846834589,1.00389044822,0.847937516153,0.512171445139,0.896838420788
328656,0.0546666666667,1.04912996873,0.68837165004,1.01431391084,0.816655614847,0.498463901474,0.894363356821
332664,0.0553333333333,1.0519270546,0.716974232189,1.01429741748,0.805371428761,0.51930535604,0.886977219262
336672,0.056,1.07076346788,0.743359776311,1.03440819918,0.807509806329,0.537093333965,0.891459919545
340680,0.0566666666667,1.09382467987,0.781631161186,1.07902382529,0.813245430459,0.560252460705,0.914382809579
344688,0.0573333333333,1.11260580966,0.811566743194,1.12412863697,0.814681339864,0.583610799402,0.929413448838
348696,0.058,1.13576482549,0.833577582601,1.1583257155,0.826798499499,0.595390813172,0.932886553945
352704,0.0586666666667,1.14016734636,0.838801877572,1.18420525245,0.829971591848,0.595813357552,0.935420701759
356712,0.0593333333333,1.15123666989,0.84457038318,1.23555557558,0.83710196475,0.598383354867,0.968831394047
360720,0.06,1.12787262882,0.839145222742,1.24190339061,0.820043765078,0.589258839722,0.980221361962
364728,0.0606666666667,1.09278823297,0.826965858121,1.23547204374,0.793990333805,0.583141722307,0.96885409387
368736,0.0613333333333,1.08100405769,0.839280364959,1.24587535961,0.774738491961,0.59809982282,0.979742433745
372744,0.062,1.06807290354,0.854018555397,1.24530090043,0.764107639448,0.617735926331,0.975693474288
376752,0.0626666666667,1.06167003937,0.850929788356,1.22130152064,0.760432633,0.612327323931,0.951895011373
380760,0.0633333333333,1.07613823881,0.841673346597,1.20856226139,0.78578147615,0.600238652099,0.926830435889
384768,0.064,1.11263473419,0.836328745546,1.23142692592,0.819615137963,0.598463958073,0.933928539459
388776,0.0646666666667,1.12743384107,0.834214018471,1.2385906113,0.835135195615,0.588966819127,0.935091976291
392784,0.0653333333333,1.1324338553,0.828794768219,1.22438600045,0.834248675649,0.573054317961,0.909422830662
396792,0.066,1.09192402363,0.798500516248,1.15960103754,0.792084654504,0.546748283744,0.83749908568
400800,0.0666666666667,1.03341744145,0.757292439295,1.08483025237,0.732141283179,0.519166198901,0.755748499885
404808,0.0673333333333,0.995263420836,0.74203325204,1.03424825133,0.6961047623,0.511889575615,0.701464775934
408816,0.068,0.990503707616,0.745225974196,1.01672820558,0.683897232828,0.530886530173,0.685623493969
412824,0.0686666666667,1.00337900469,0.750221845512,1.0089671344,0.698334737338,0.542444582524,0.683185438732
416832,0.0693333333333,1.06992022962,0.785807647739,1.04657559025,0.767903732243,0.569411406394,0.714824036041
420840,0.07,1.15400958132,0.853158074034,1.10563775672,0.829355324041,0.630818308357,0.771930822194
424848,0.0706666666667,1.22839140456,0.916353246178,1.18742627983,0.877182675226,0.671567238237,0.83597082637
428856,0.0713333333333,1.27359618113,0.981615555704,1.24637435789,0.901606880447,0.708780585871,0.879444370098
432864,0.072,1.29400761903,1.02758739449,1.27245671404,0.928982804602,0.747855756339,0.901492801566
436872,0.0726666666667,1.2965329728,1.06244322655,1.2671132048,0.934670419862,0.777830107695,0.894658618884
440880,0.0733333333333,1.25698380552,1.04764678428,1.22823176866,0.896483941959,0.763515591063,0.847705514563
444888,0.074,1.22072198092,1.0342043216,1.19811469403,0.853566318183,0.743601305388,0.776356963351
448896,0.0746666666667,1.2008056483,1.02481406049,1.16738152429,0.831407132082,0.723222146779,0.727818720266
452904,0.0753333333333,1.22823654004,1.03292362403,1.22480809186,0.858029828738,0.720620116431,0.749392053511
456912,0.076,1.31082262238,1.10156526134,1.33001293247,0.958321912055,0.779545979244,0.873657880539
460920,0.0766666666667,1.39302087156,1.17278926774,1.4144057375,1.04462936731,0.867098645261,0.971467781109
464928,0.0773333333333,1.47663976868,1.24923122244,1.53269627589,1.13678140014,0.954678579103,1.12331044151
468936,0.078,1.52464280855,1.31056878026,1.60178820184,1.21135350501,1.02464424127,1.23159078118
472944,0.0786666666667,1.58401825633,1.35245479133,1.6302063661,1.25743022526,1.05788778409,1.25508009574
476952,0.0793333333333,1.63253753618,1.38023113249,1.68156229259,1.31310650581,1.07904959706,1.27914706949
480960,0.08,1.64203879139,1.40861949678,1.72517644524,1.33086614251,1.10970681937,1.32810448313
484968,0.0806666666667,1.62022695276,1.40166122492,1.73197242074,1.3257352773,1.10555949922,1.34944678288
488976,0.0813333333333,1.52664248701,1.34079728634,1.64586477627,1.22793108017,1.04534600009,1.28264543228
492984,0.082,1.41224724914,1.25389571067,1.52823204857,1.10175552404,0.968511754398,1.2009577037
496992,0.0826666666667,1.31603448961,1.16789689794,1.42656983625,1.01235104179,0.884268445911,1.11163209244
501000,0.0833333333333,1.24642615412,1.09800669631,1.35489948971,0.97001920119,0.821905287463,1.05128391098
505008,0.084,1.18719072392,1.02065270183,1.26547062068,0.934838816679,0.763068536115,0.974739042728
509016,0.0846666666667,1.13786254959,0.941611735058,1.17563225206,0.90033837163,0.689091509627,0.891485004852
513024,0.0853333333333,1.08276926158,0.882381263439,1.10332232081,0.868328448586,0.637723759135,0.840153315427
517032,0.086,1.04260673511,0.833464239002,1.03312921203,0.835476607821,0.607812950015,0.788972606186
521040,0.0866666666667,0.991121851737,0.780254236567,0.959796593422,0.78709470468,0.570712571034,0.730759098695
525048,0.0873333333333,0.969497201105,0.738890701759,0.911923569937,0.766973335855,0.543027739942,0.697218283314
529056,0.088,0.954756877447,0.699833191173,0.878687585771,0.757030123454,0.518919817878,0.680086428999
533064,0.0886666666667,0.998013791028,0.681127430405,0.867283756468,0.823248028472,0.50786196312,0.698079128027
537072,0.0893333333333,1.01365864706,0.678531532379,0.856377244967,0.854007728386,0.517023456974,0.705721523332
541080,0.09,1.00901712435,0.690899281357,0.838141010607,0.865741515974,0.544914778401,0.691584432592
545088,0.0906666666667,0.983530134413,0.672867072044,0.813028988616,0.850407189693,0.533003425054,0.673091940579
549096,0.0913333333333,0.968305222314,0.648411998467,0.811305109385,0.848284033272,0.512598023818,0.68070468394
553104,0.092,0.960483145808,0.625789959617,0.801547195769,0.851193528368,0.490176364526,0.66939979132
557112,0.0926666666667,1.03108403295,0.612907641064,0.810328520507,0.966330015511,0.473083727333,0.676416225549
561120,0.0933333333333,1.07810106556,0.630573785374,0.846689831664,1.02397724804,0.480247465611,0.713698905711
565128,0.094,1.08361377323,0.645539391256,0.859638906947,1.02320215704,0.492538502128,0.724091875648
569136,0.0946666666667,1.07468787911,0.652558532981,0.853446941684,0.99280750553,0.499410170762,0.709608124456
573144,0.0953333333333,1.05600860986,0.646801305029,0.836391778977,0.960368067891,0.496239634133,0.6902017476
577152,0.096,1.03937223653,0.638144696899,0.831955922944,0.929848762992,0.485620533924,0.678480120044
581160,0.0966666666667,1.07198181073,0.647829353897,0.843992211302,0.960760140897,0.490478099118,0.685526263593
585168,0.0973333333333,1.08509443496,0.657553622121,0.838886607829,0.975588735454,0.502491844734,0.68206101086
589176,0.098,1.07753281792,0.662729865462,0.823601714503,0.962868250178,0.511988409079,0.66915149492
593184,0.0986666666667,1.10979311657,0.687718414053,0.852410620072,1.00221645677,0.540276289557,0.70088460899
597192,0.0993333333333,1.12184638486,0.710899911111,0.877869776903,0.998560419906,0.559324939052,0.726404125331
601200,0.1,1.12879365185,0.73086000203,0.899388383703,0.991187546509,0.571353444337,0.741594461309
605208,0.100666666667,1.13639407427,0.752193732388,0.921356954514,0.982984484302,0.578057571606,0.747669518841
609216,0.101333333333,1.14050318535,0.78780274663,0.945548649344,0.974680961406,0.589130242928,0.760520918665
613224,0.102,1.17530653136,0.825374112955,0.977396998051,0.987282294765,0.605858282239,0.770248502007
617232,0.102666666667,1.19623609184,0.859226432988,1.01557713171,0.996217682324,0.617577203379,0.794482736065
621240,0.103333333333,1.20537058941,0.894123658853,1.04448240574,1.00547276675,0.642174418623,0.824336697512
625248,0.104,1.27584349021,0.952948146436,1.09341025997,1.07550806913,0.700618298927,0.872200486104
629256,0.104666666667,1.38657153311,1.01905739239,1.1500558971,1.18213980573,0.766906069692,0.919308485024
633264,0.105333333333,1.40493432177,1.0468842507,1.15341107709,1.19685129692,0.790040356259,0.922991354421
637272,0.106,1.36007923108,1.03544005895,1.11402774571,1.14468310411,0.778768069291,0.884055742396
641280,0.106666666667,1.29860699106,0.993426763331,1.06410766359,1.05746135184,0.737451570794,0.823467346414
645288,0.107333333333,1.2358628542,0.948092300907,1.01039262866,0.985607997082,0.690215399279,0.765420938863
649296,0.108,1.14275297843,0.884328731238,0.943810824869,0.881122600817,0.630451112665,0.702208206969
653304,0.108666666667,1.02503577001,0.812428973311,0.869713239325,0.76212142679,0.572103763553,0.627715100381
657312,0.109333333333,0.935444586835,0.757021793534,0.814425487924,0.681896980693,0.527125919962,0.569448184038
661320,0.11,0.8731932669,0.710677644116,0.781166859753,0.626324170639,0.492755258769,0.532563841258
665328,0.110666666667,0.82238678979,0.671313429065,0.743326994122,0.586201152816,0.459785000475,0.496348478597
669336,0.111333333333,0.792289067774,0.649796006566,0.720167789481,0.557374187356,0.434286766529,0.477532304057
673344,0.112,0.770953995692,0.631300183817,0.705883042389,0.540030333173,0.424771181213,0.465354889537
677352,0.112666666667,0.755290611494,0.61527509052,0.698337690637,0.527450787117,0.419076593251,0.46364668676
681360,0.113333333333,0.743874790793,0.605668017094,0.696407066027,0.515711461854,0.411796712094,0.456584757882
685368,0.114,0.748341222044,0.600238033907,0.704443166817,0.518086257455,0.402755587016,0.463211912788
689376,0.114666666667,0.760148929985,0.584728257659,0.691520631433,0.539436368675,0.394263225433,0.460691599057
693384,0.115333333333,0.785193995087,0.570700583018,0.671058390306,0.588597509642,0.393376008792,0.452208719045
697392,0.116,0.796665007463,0.565386404164,0.65765499498,0.616452494483,0.399316163721,0.444974054672
701400,0.116666666667,0.809819899165,0.573467784252,0.655880512515,0.636954047125,0.419103983606,0.446799211539
705408,0.117333333333,0.81963344638,0.585746236929,0.656172799378,0.652097559176,0.448095009392,0.447438853172
709416,0.118,0.825938406671,0.584082459217,0.673734197536,0.664118354912,0.459133763248,0.461941572598
713424,0.118666666667,0.855312057888,0.58218126597,0.719302260147,0.691228297418,0.459996389436,0.496441714866
717432,0.119333333333,0.920586720346,0.601126196227,0.773773359464,0.767910673065,0.48063264458,0.544582516351
721440,0.12,0.961540614572,0.617691552577,0.81902300246,0.809011374379,0.494747486438,0.597726199523
725448,0.120666666667,0.972024292531,0.624444143593,0.84147661125,0.810024012649,0.500084285574,0.627932621224
729456,0.121333333333,0.986831150288,0.631802982441,0.873666395744,0.82098133439,0.500239842106,0.674575647953
733464,0.122,0.997371782066,0.637539625744,0.8872778884,0.831719230807,0.502502755099,0.685130466827
737472,0.122666666667,1.01225012485,0.640837272028,0.923443020166,0.841842318199,0.502551039807,0.719180360163
741480,0.123333333333,1.00535899611,0.635087154879,0.926434430373,0.825635984656,0.492282717247,0.715984215674
745488,0.124,1.00154600066,0.626870446952,0.937141720991,0.798447862537,0.471719580832,0.70388936482
749496,0.124666666667,0.987179054006,0.624077143532,0.942758292335,0.777953448939,0.462662743702,0.707903108556
753504,0.125333333333,0.960029206508,0.614313743731,0.91930850088,0.745050605119,0.453347796349,0.680811412926
757512,0.126,0.928956990559,0.601151904343,0.88289246658,0.702722496131,0.433552748162,0.628620306512
761520,0.126666666667,0.905433334716,0.588724884022,0.843446846692,0.675983437058,0.418453779465,0.576960689246
765528,0.127333333333,0.884810835308,0.576090313642,0.819363740735,0.646137364519,0.403497979122,0.533774255568
769536,0.128,0.868904105961,0.576697778414,0.801201653761,0.624120297111,0.413098260247,0.509788779319
773544,0.128666666667,0.849327665639,0.579140801679,0.792080389332,0.605491303408,0.423277680607,0.497758385417
777552,0.129333333333,0.847353633541,0.586444992938,0.798243467214,0.584335579337,0.422823840896,0.490649523815
781560,0.13,0.861850705601,0.586018210471,0.7915733718,0.576845413768,0.421363347504,0.493232684405
785568,0.130666666667,0.889059518283,0.598637871411,0.7944722431,0.593802634032,0.426188374758,0.517188899555
789576,0.131333333333,0.892332193239,0.598788452521,0.788084696407,0.5893197774,0.424572653618,0.516226289306
793584,0.132,0.885676752216,0.584479916913,0.781199770732,0.585779037505,0.410941189849,0.519617126607
797592,0.132666666667,0.88479180276,0.575893243118,0.785313689758,0.592314593588,0.40111337565,0.527368838406
801600,0.133333333333,0.880683888052,0.565788599723,0.775115205629,0.592341224773,0.3951732789,0.521672164314
801601,0.133333499667,0.880682113023,0.56578617638,0.775111468616,0.592341904287,0.395171841055,0.52166943617
