4008,0.000666666666667,0.124446527782,0.08702495243,0.140938437127,0.225515909095,0.137241694666,0.222755584364
8016,0.00133333333333,0.34264262232,0.250289218192,0.367683067655,0.377815869805,0.257567582504,0.38639178546
12024,0.002,0.527929755705,0.410679967739,0.557399075199,0.504020833399,0.371722441369,0.517106306898
16032,0.00266666666667,0.662399631414,0.528639095128,0.693579214308,0.593113024528,0.446258492329,0.616399353917
20040,0.00333333333333,0.760389422086,0.609829642939,0.785503624998,0.656280574687,0.492991434963,0.681591123643
24048,0.004,0.876217741763,0.689838753646,0.898352076718,0.755217707769,0.546437740586,0.778889248277
28056,0.00466666666667,0.953274272005,0.760225798079,0.989007606438,0.821147873659,0.597984391443,0.846577271796
32064,0.00533333333333,0.991495960494,0.802753910591,1.05175792423,0.848723574305,0.632094640379,0.891601397077
36072,0.006,1.02879253447,0.828230186094,1.09003532296,0.885546993222,0.661163698322,0.913586642064
40080,0.00666666666667,1.04175042628,0.829207060511,1.09802923578,0.90144746134,0.662359068158,0.905565038686
44088,0.00733333333333,1.03815731382,0.818769136112,1.09736123762,0.890977331629,0.651706974579,0.891317567899
48096,0.008,1.03375235369,0.804603754422,1.08995092352,0.879155490943,0.628453257846,0.871093936888
52104,0.00866666666667,1.01791506856,0.792917188822,1.06887647076,0.850931059024,0.604356989827,0.835270361455
56112,0.00933333333333,0.994180978693,0.777375393781,1.04216575479,0.812703594845,0.582534130561,0.790700524328
60120,0.01,0.975842287537,0.765646855159,1.03858585022,0.784095555798,0.564896379632,0.776066504779
64128,0.0106666666667,1.0057341257,0.788881243126,1.08878382697,0.811133336932,0.578715916609,0.812897902349
68136,0.0113333333333,1.04488835169,0.821560267824,1.13886369169,0.862799647805,0.607164137977,0.863699219966
72144,0.012,1.0921885142,0.846927239864,1.18581577789,0.926565891232,0.633650304674,0.91205860908
76152,0.0126666666667,1.12634526583,0.882849288608,1.22854929298,0.971609807291,0.672862795011,0.958748881761
80160,0.0133333333333,1.16257341304,0.919121156885,1.30083845945,1.01575651363,0.713655161128,1.04021644526
84168,0.014,1.19525471947,0.973395275114,1.37436748581,1.05346181793,0.772662046448,1.11589137367
88176,0.0146666666667,1.18023485837,0.983511930188,1.38143426914,1.02759044119,0.782497453106,1.10017692669
92184,0.0153333333333,1.16038755751,0.97407735816,1.37238704788,0.995333114196,0.773713558474,1.06422430515
96192,0.016,1.15298749855,0.97447330951,1.36872053587,0.981388784195,0.772672328321,1.03759377411
100200,0.0166666666667,1.181876796,0.997640766825,1.39074696099,1.00997538378,0.781727701506,1.01453542131
104208,0.0173333333333,1.23813960699,1.03827686203,1.45258526462,1.0602689783,0.80609216183,1.05492186439
108216,0.018,1.33633959292,1.09242590918,1.5440097387,1.17419428277,0.863881572701,1.15818473572
112224,0.0186666666667,1.40206763429,1.13740268647,1.59443304191,1.24204785359,0.911025534799,1.21742805727
116232,0.0193333333333,1.44846698595,1.16016698997,1.6283568001,1.27919505487,0.927650755499,1.2558199673
120240,0.02,1.48069281298,1.16425249538,1.64976760481,1.29462612816,0.926583721093,1.28256163786
124248,0.0206666666667,1.49445555115,1.17110514614,1.66409462401,1.29344608937,0.926167720288,1.29503463278
128256,0.0213333333333,1.47494062311,1.16512081656,1.6623240708,1.25644364281,0.91744070777,1.30094957118
132264,0.022,1.45513935081,1.15705344216,1.69473566731,1.22434246856,0.912863830867,1.36170774741
136272,0.0226666666667,1.41801869019,1.13998866121,1.70049453609,1.16275766336,0.899803870958,1.37583350506
140280,0.0233333333333,1.33499248634,1.10819443898,1.65932494045,1.05636790226,0.864012321729,1.32399573475
144288,0.024,1.24788424116,1.05062291072,1.59321590837,0.956574155935,0.815711256101,1.24332422971
148296,0.0246666666667,1.19376333146,1.00445878589,1.54435430845,0.906711083628,0.784164114026,1.21138357997
152304,0.0253333333333,1.15690618567,0.975154621028,1.50713522682,0.889221574255,0.775212591834,1.20836307454
156312,0.026,1.06667660624,0.909024423592,1.40519674987,0.802315840681,0.723700472757,1.12960260132
160320,0.0266666666667,0.950764232305,0.807657028311,1.25828374933,0.692336596789,0.63762966836,1.00834624869
164328,0.0273333333333,0.858785358687,0.708466660959,1.12606058287,0.613403617581,0.551607878625,0.903825171555
168336,0.028,0.813928827991,0.64259279174,1.04706603597,0.573524799019,0.501975123983,0.850602509173
172344,0.0286666666667,0.777710535108,0.59253647127,0.979073771845,0.547986313437,0.461901643579,0.806001031506
176352,0.0293333333333,0.725411923976,0.542159457621,0.901943843829,0.511329170318,0.422733348572,0.746347080946
180360,0.03,0.671907215047,0.496712888052,0.823652825397,0.476849955766,0.387865328716,0.678560453545
184368,0.0306666666667,0.615235464866,0.449785873187,0.746340310788,0.440452124111,0.352667427234,0.608224369863
188376,0.0313333333333,0.58112160994,0.411807668998,0.684579940439,0.419943996993,0.326211165683,0.552985775442
192384,0.032,0.555402128443,0.383774943163,0.636540979475,0.402623339335,0.306555764131,0.510598711064
196392,0.0326666666667,0.545839396707,0.36624863488,0.608116196511,0.402208941701,0.294415550057,0.489535857704
200400,0.0333333333333,0.550731870167,0.363486838592,0.597523082972,0.408868108172,0.29844335707,0.487260688035
204408,0.034,0.571728533771,0.372516998968,0.605264724865,0.428890036578,0.311967740745,0.493721749641
208416,0.0346666666667,0.610035257726,0.383792641275,0.62544478964,0.471256763297,0.32666914242,0.512150264041
212424,0.0353333333333,0.6357338424,0.388779468256,0.638223350219,0.498724478383,0.330538300863,0.52055319633
216432,0.036,0.651231062232,0.38536720438,0.634568232175,0.516963691513,0.325660370294,0.512734816159
220440,0.0366666666667,0.67118276074,0.378868329336,0.631888224065,0.543444085893,0.318736209815,0.506103538479
224448,0.0373333333333,0.681171535796,0.371305349794,0.627562763148,0.558944551198,0.31229491303,0.504054116159
228456,0.038,0.688069147872,0.362375127364,0.626168741609,0.564606553976,0.304078794457,0.505643732642
232464,0.0386666666667,0.689751350474,0.355877360892,0.618917272163,0.568420527957,0.298412318271,0.505454974955
236472,0.0393333333333,0.695630804271,0.353178694147,0.613666983963,0.575192964779,0.296384830842,0.50934904535
240480,0.04,0.709896951503,0.347725820113,0.600672585361,0.593295859187,0.292611568895,0.504634482341
244488,0.0406666666667,0.712024843138,0.34261120663,0.588239447858,0.595225335698,0.284823418585,0.49550016992
248496,0.0413333333333,0.718997807794,0.339597927903,0.583300623906,0.596915970716,0.27946619508,0.494029415869
252504,0.042,0.72243873442,0.338755333503,0.587281394593,0.598439830766,0.275732285057,0.502685653778
256512,0.0426666666667,0.716361246088,0.336914941956,0.587794518172,0.590607905316,0.272156470426,0.50517913691
260520,0.0433333333333,0.697112726499,0.336060208961,0.573253114948,0.573359826542,0.269299126591,0.489576744931
264528,0.044,0.687323534501,0.34124519676,0.565896049862,0.561277720177,0.273700911743,0.482748774813
268536,0.0446666666667,0.678311041798,0.345187546958,0.560600388763,0.552852415687,0.276903394867,0.476843712955
272544,0.0453333333333,0.673874698728,0.350910993405,0.549765005088,0.549737914029,0.281093527467,0.459762366591
276552,0.046,0.671073201636,0.357353491251,0.542494101801,0.54787867536,0.284224573224,0.448046191546
280560,0.0466666666667,0.679834477174,0.36806377372,0.548979221239,0.556535611526,0.291863576505,0.451453519644
284568,0.0473333333333,0.698051898122,0.380121295403,0.558941789333,0.571542667805,0.299587996891,0.45866572589
288576,0.048,0.735496552525,0.397805036985,0.587854198695,0.614646840061,0.310981067535,0.486884074567
292584,0.0486666666667,0.776988085094,0.423057609014,0.619075766772,0.659053375404,0.324344996232,0.514656286722
296592,0.0493333333333,0.822965113997,0.453494953722,0.651479530859,0.702669846795,0.345012735449,0.548444144571
300600,0.05,0.906752397951,0.504913124692,0.7190465583,0.785002737058,0.392601758014,0.624649573441
304608,0.0506666666667,1.02542429786,0.571081322131,0.845427142009,0.907197168372,0.454053462892,0.768755269549
308616,0.0513333333333,1.1091562181,0.624854472178,0.943531771739,0.985928915301,0.501445522312,0.871127599492
312624,0.052,1.12014188656,0.650111755214,0.977948422912,0.977966014454,0.513038578497,0.891098151557
316632,0.0526666666667,1.09596636837,0.659066020267,0.984078248133,0.934628321052,0.513552434578,0.889704309963
320640,0.0533333333333,1.07679745677,0.666912486733,1.00107165202,0.893954546326,0.510997197525,0.897200597664
324648,0.054,1.06826038911,0.673508199836,1.01859261301,0.858457646098,0.501212907482,0.898337291318
328656,0.0546666666667,1.06811037152,0.683958922892,1.02860289987,0.832045211025,0.496514662265,0.891441014838
332664,0.0553333333333,1.0791785858,0.714154137754,1.04016311101,0.820859959236,0.520019139536,0.885874353358
336672,0.056,1.10071889061,0.742244356188,1.07215837132,0.820965316765,0.53820823169,0.89105444631
340680,0.0566666666667,1.11923438278,0.779367125204,1.1124145513,0.825673496739,0.562024140235,0.907645393368
344688,0.0573333333333,1.13799418605,0.810111593871,1.15828996778,0.829655107983,0.582806593,0.922961912689
348696,0.058,1.15601968706,0.828850295613,1.18954613228,0.837790507392,0.591246720054,0.924462212703
352704,0.0586666666667,1.15371652616,0.836228634354,1.21127496918,0.837389349385,0.59254077126,0.934445623489
356712,0.0593333333333,1.15798957412,0.83920285806,1.25715370762,0.841609224218,0.591896184682,0.975765039818
360720,0.06,1.13835345505,0.832033831335,1.25945647361,0.820721158031,0.585635420509,0.984720074482
364728,0.0606666666667,1.11087886533,0.819769800203,1.24599497363,0.793167752932,0.578370916926,0.96901201826
368736,0.0613333333333,1.10271048569,0.833106993596,1.25224492301,0.782630903813,0.596332706991,0.976541002858
372744,0.062,1.09752682609,0.843084727729,1.24826427939,0.774691317222,0.607241894372,0.970346498368
376752,0.0626666666667,1.09556200026,0.838196111641,1.22924420652,0.776027661505,0.595344065064,0.949193596396
380760,0.0633333333333,1.11276098201,0.829403992353,1.22070999135,0.801359475569,0.582582825751,0.925108428315
384768,0.064,1.14653123954,0.829099230018,1.24435005769,0.835688653551,0.582614572717,0.942381458657
388776,0.0646666666667,1.1545731297,0.828726137156,1.24599595197,0.846627954575,0.575585800391,0.937612126342
392784,0.0653333333333,1.14653584417,0.821745081194,1.2228428378,0.83452443078,0.561434093904,0.901099398716
396792,0.066,1.09900657892,0.79343718502,1.14914410879,0.783464425547,0.537156700524,0.820387240883
400800,0.0666666666667,1.03907004894,0.755856196212,1.07313423062,0.723489132191,0.519433463696,0.745905385041
404808,0.0673333333333,1.00856552632,0.740066589075,1.02643997628,0.688405391635,0.518012905715,0.698006602571
408816,0.068,1.01319685811,0.745228619131,1.01574217637,0.690647686611,0.534341828531,0.687303258745
412824,0.0686666666667,1.03510654316,0.759093001228,1.01736468515,0.711516062385,0.545550437548,0.688445456282
416832,0.0693333333333,1.10931781517,0.800485217655,1.05839282669,0.782953380647,0.577498033843,0.726397400514
420840,0.07,1.18359860988,0.871477127801,1.11598053841,0.842329207629,0.637900088803,0.782623810539
424848,0.0706666666667,1.25044440529,0.937316190981,1.19011468352,0.88505613972,0.679892739449,0.84481611549
428856,0.0713333333333,1.28981913338,0.995111931002,1.24162793,0.916891694667,0.722408305627,0.879525473682
432864,0.072,1.311759455,1.03110970745,1.26612725266,0.944223424678,0.75561342383,0.900506956716
436872,0.0726666666667,1.31178504081,1.05718932,1.26364900892,0.946413376814,0.77628794834,0.889330201817
440880,0.0733333333333,1.26952424788,1.03997465916,1.22717517378,0.900745172704,0.756018126672,0.836116704441
444888,0.074,1.23290972293,1.02668004476,1.19825142529,0.85617980538,0.737349423399,0.774251692257
448896,0.0746666666667,1.21484644132,1.0162296167,1.17787616456,0.840522390646,0.721512843591,0.73517486839
452904,0.0753333333333,1.24668271468,1.02865560766,1.23874487471,0.878400031233,0.726354301622,0.784629119267
456912,0.076,1.32990688484,1.09513477882,1.33582387562,0.984164999795,0.792879690647,0.900801683971
460920,0.0766666666667,1.41597752843,1.16891390916,1.41800068675,1.07740982374,0.883355805093,1.00271134564
464928,0.0773333333333,1.49385778588,1.23704574901,1.53744526353,1.16375165906,0.957247008034,1.16682565317
468936,0.078,1.54582571585,1.28330081102,1.60991512778,1.23671768923,1.00505812432,1.26602112838
472944,0.0786666666667,1.59825183654,1.31611127154,1.64081204096,1.29058159129,1.03232429425,1.28173528964
476952,0.0793333333333,1.63587565153,1.34173252458,1.67551296968,1.33292069544,1.05434563934,1.30851681625
480960,0.08,1.64672800027,1.36034806253,1.71361880759,1.34731640278,1.07810342846,1.3635219647
484968,0.0806666666667,1.61045228663,1.34969966235,1.70652014879,1.32189288618,1.06788699213,1.37247952469
488976,0.0813333333333,1.51343261613,1.27951670221,1.61137785297,1.20940670239,0.997771033244,1.30024604993
492984,0.082,1.40147039388,1.18892609567,1.49597510053,1.08881916877,0.916450373513,1.2131515804
496992,0.0826666666667,1.31521087157,1.10631801049,1.39798086758,1.01739215393,0.84217970887,1.12595624939
501000,0.0833333333333,1.25085135293,1.03824653351,1.32348750818,0.972120337259,0.788279704602,1.0590842291
505008,0.084,1.19051907658,0.961456710401,1.23532233459,0.936682087938,0.725597023696,0.979831539912
509016,0.0846666666667,1.13546817785,0.890398399698,1.14199780838,0.89324333811,0.659038119361,0.899844473962
513024,0.0853333333333,1.08146304136,0.833434919645,1.07111915086,0.864809021558,0.616586432346,0.852347744069
517032,0.086,1.04125067362,0.787753194485,1.00010419105,0.833017653954,0.584614690896,0.79798114334
521040,0.0866666666667,0.993052215177,0.744651861872,0.924432798204,0.788189421314,0.555081677009,0.739139758855
525048,0.0873333333333,0.97416897521,0.705004412287,0.880067054116,0.777283677886,0.530370152217,0.7061293337
529056,0.088,0.966483557191,0.672595625008,0.846933817121,0.780102852765,0.511317946164,0.685335324227
533064,0.0886666666667,1.00621600987,0.660039229998,0.841441190143,0.84029644703,0.509765656381,0.711067566546
537072,0.0893333333333,1.01797915,0.661471107343,0.829973116408,0.866008739586,0.522574378348,0.713271557749
541080,0.09,1.01254853966,0.670512667513,0.815160589167,0.87313592614,0.54180437056,0.698240866081
545088,0.0906666666667,0.988648025295,0.652340616382,0.795730271665,0.855485749028,0.52631340786,0.679616689005
549096,0.0913333333333,0.979667275536,0.630377830686,0.793288121218,0.855987750941,0.504983612222,0.677914059016
553104,0.092,0.980817844447,0.611158777103,0.787265541819,0.868133824633,0.480632918118,0.665949943702
557112,0.0926666666667,1.05567453561,0.601100509683,0.798617976187,0.990552385149,0.463752375556,0.681227888327
561120,0.0933333333333,1.09646560699,0.620511297279,0.830691082493,1.04194111873,0.474722709629,0.719218223099
565128,0.094,1.1005824721,0.63353212171,0.840462247757,1.03372200364,0.481782541345,0.721573934907
569136,0.0946666666667,1.09204369593,0.641278620425,0.834889522752,1.00286732101,0.484359302401,0.705199184589
573144,0.0953333333333,1.07625312995,0.639341064439,0.823095138366,0.972029377463,0.481133751945,0.687598964399
577152,0.096,1.06720845059,0.635749823418,0.818889361715,0.956671963225,0.475689086786,0.679262953856
581160,0.0966666666667,1.09252457606,0.647953525734,0.82707684397,0.981407953078,0.488907120895,0.680951662025
585168,0.0973333333333,1.10622544732,0.662754696753,0.826057178828,0.994705609563,0.502636060953,0.678704988267
589176,0.098,1.09667830898,0.668581782514,0.813742264768,0.978985554102,0.518256854637,0.670634355109
593184,0.0986666666667,1.12955923489,0.693720630251,0.848494682197,1.01159719386,0.544766936943,0.699951220199
597192,0.0993333333333,1.14321704241,0.721205416306,0.878440662678,1.00898153003,0.564004582679,0.723033550495
601200,0.1,1.15201613989,0.743599149552,0.904201387288,0.998875038798,0.57080379692,0.736937402346
605208,0.100666666667,1.16101412106,0.763461196966,0.926266491291,0.990998512358,0.570873311888,0.746860298335
609216,0.101333333333,1.17097926772,0.79393002481,0.952737290306,0.98293988108,0.584683545855,0.760991777633
613224,0.102,1.19891143105,0.828104516328,0.989361419377,0.991448509831,0.598873516114,0.782637349327
617232,0.102666666667,1.21447447653,0.862770041233,1.0261347401,0.994741852538,0.615455557142,0.813422273368
621240,0.103333333333,1.22840961248,0.898327530642,1.05927876092,1.00448346109,0.646205653784,0.846022526993
625248,0.104,1.31466401706,0.959343719902,1.10776191372,1.09289017665,0.703395644922,0.897153423167
629256,0.104666666667,1.41587456703,1.01566339038,1.15552950914,1.20015524984,0.758270351934,0.948166808
633264,0.105333333333,1.42626547813,1.03471268595,1.15298309211,1.20498599292,0.779288607003,0.940166815528
637272,0.106,1.38049470923,1.01640422306,1.10907032985,1.14703922735,0.761549210617,0.889263792461
641280,0.106666666667,1.31414049965,0.974901034557,1.05025771755,1.06360187537,0.720958924291,0.822303700356
645288,0.107333333333,1.23748277318,0.929490219825,0.99344193567,0.981338236707,0.674122837683,0.760742136948
649296,0.108,1.13280812339,0.864130826367,0.931416924529,0.868021025878,0.611381614164,0.690810349388
653304,0.108666666667,1.01132891599,0.792060709428,0.861712112707,0.74788710885,0.556117696916,0.617993189443
657312,0.109333333333,0.927359104619,0.739159747597,0.811524602126,0.672192993376,0.515670619754,0.562876101746
661320,0.11,0.867799894097,0.696940958965,0.772833636296,0.621173068092,0.484448036212,0.526293335928
665328,0.110666666667,0.820441287832,0.661465726544,0.736594417165,0.582495664344,0.454886765403,0.495150687578
669336,0.111333333333,0.789124972156,0.640982250606,0.718748570061,0.554097353936,0.43639447421,0.476287225786
673344,0.112,0.771141363964,0.622147326349,0.708041897837,0.540178435204,0.427190080141,0.465546768312
677352,0.112666666667,0.757965257574,0.608341539752,0.701396013231,0.528668985805,0.422408522859,0.466266701291
681360,0.113333333333,0.750766271704,0.598088342345,0.698096382552,0.521301125451,0.413079693693,0.465158636558
685368,0.114,0.755642298503,0.589203201451,0.697269829955,0.531873901131,0.404621790966,0.468353405609
689376,0.114666666667,0.765584684408,0.572890172255,0.682821432236,0.557561259544,0.399192370267,0.460332930661
693384,0.115333333333,0.789418389026,0.561184398222,0.666865891845,0.597870701096,0.402797117299,0.451905624473
697392,0.116,0.804146887717,0.555032747263,0.660487171521,0.620578917498,0.416154153412,0.448251365403
701400,0.116666666667,0.819149107925,0.55844389652,0.660469522557,0.643290141217,0.43721073112,0.45004004904
705408,0.117333333333,0.829886879821,0.564307104227,0.668558804748,0.659578467608,0.458726660793,0.454677904482
709416,0.118,0.840590819556,0.562161465242,0.689311077609,0.673046094373,0.462972161442,0.46841995277
713424,0.118666666667,0.876168906335,0.564073424825,0.733001143348,0.711136671247,0.468454045826,0.509047348097
717432,0.119333333333,0.936434236227,0.581883793193,0.783544543236,0.779439925257,0.487721448806,0.567584521559
721440,0.12,0.971797499669,0.599733758989,0.825002444742,0.807942336524,0.503009250689,0.615481520075
725448,0.120666666667,0.978878425701,0.606813795041,0.846539512552,0.807642962787,0.508772548983,0.637827000904
729456,0.121333333333,0.994064125567,0.609443886192,0.875819019247,0.821093270674,0.509411940578,0.678749133972
733464,0.122,1.00776951892,0.61380411664,0.891447527104,0.832115003193,0.508218022671,0.69130235336
737472,0.122666666667,1.02470470205,0.618450965559,0.924340681055,0.835856935386,0.504647688724,0.718979771545
741480,0.123333333333,1.01795458122,0.614219514101,0.927416287205,0.814672235098,0.492616967811,0.71379650632
745488,0.124,1.00980638667,0.608353645522,0.936302837615,0.796184522814,0.469932889617,0.710169047795
749496,0.124666666667,0.994049774482,0.607510305093,0.93718926341,0.771538027028,0.461421394999,0.708671131193
753504,0.125333333333,0.96768212249,0.599047231848,0.912193043667,0.735349232193,0.447560490223,0.673559119974
757512,0.126,0.939088951365,0.589850689037,0.877464968358,0.695190578932,0.430400578405,0.617818998333
761520,0.126666666667,0.919650427462,0.579490288171,0.839907029071,0.667439983164,0.4186876598,0.565885976245
765528,0.127333333333,0.901701676897,0.571721130643,0.816773436483,0.638551874633,0.410787214803,0.52801930619
769536,0.128,0.889478122346,0.574554435069,0.801671161185,0.62069646802,0.417565440383,0.508597570465
773544,0.128666666667,0.874506457753,0.579506062537,0.794110264254,0.59922098169,0.427025749142,0.503171061222
777552,0.129333333333,0.877539481725,0.583878599888,0.794371137779,0.583230156267,0.426873112746,0.502602274341
781560,0.13,0.886253248573,0.581119509068,0.785426085896,0.587066330825,0.426760790256,0.509515453475
785568,0.130666666667,0.906773584497,0.587697321741,0.78475185853,0.597608488747,0.429858424854,0.526831741048
789576,0.131333333333,0.907595105586,0.58556943404,0.778609962506,0.590770555768,0.423837861658,0.523213425918
793584,0.132,0.899771313672,0.57115483029,0.774963215241,0.591090187271,0.410361747917,0.525391864193
797592,0.132666666667,0.89699808716,0.563976156577,0.779270211686,0.596125719884,0.40555899191,0.535806933334
801600,0.133333333333,0.892921645658,0.554989112149,0.7729087976,0.598300128597,0.40062446596,0.532274715494
801601,0.133333499667,0.892920484911,0.554986689574,0.772907015377,0.598300043705,0.400621892319,0.532274200929
