601,9.99667332003e-05,0.0111300123758,0.00426142817305,11.1077967822,4.2529223284
1202,0.000199933466401,0.0129112743585,0.00636704350215,12.8855033518,6.35433483249
1803,0.000299900199601,0.0163663095795,0.0102978839503,16.3336422949,10.2773292917
2404,0.000399866932801,0.0213104116502,0.0157586834543,21.2678758984,15.7272289963
3005,0.000499833666001,0.0267677936267,0.0218198307992,26.7143648969,21.7762782427
3606,0.000599800399202,0.032071503792,0.0278710715768,32.0074888143,27.8154406954
4207,0.000699767132402,0.038224896251,0.0349205704109,38.1485990529,34.8508686736
4808,0.000799733865602,0.0439514254542,0.0416684787605,43.8636980581,41.5853081442
5409,0.000899700598802,0.0497365797776,0.0485149546649,49.6373051672,48.4181184281
6010,0.000999667332003,0.0544175461635,0.0540157459477,54.3089283069,53.9079300875
6611,0.0010996340652,0.0606346350479,0.0613372587645,60.5136078322,61.2148291063
7212,0.0011996007984,0.0655571986837,0.0663692279579,65.4263459917,66.236754449
7813,0.0012995675316,0.0728367140471,0.0729936539246,72.6913313843,72.8479580086
8414,0.0013995342648,0.081610680925,0.081619885428,81.4477853543,81.456971485
9015,0.001499500998,0.0895749101788,0.0896784440928,89.3961179429,89.4994452023
9616,0.0015994677312,0.0988131490843,0.0987125126445,98.6159172499,98.5154816811
10217,0.0016994344644,0.113000916749,0.110690985133,112.775366017,110.470045043
10818,0.0017994011976,0.126899670133,0.126574233582,126.646377379,126.321590401
11419,0.00189936793081,0.136273565776,0.137630055532,136.001562651,137.355344842
12020,0.00199933466401,0.141293579132,0.144834213444,141.01155602,144.545123198
12621,0.00209930139721,0.143734308047,0.146442982615,143.447413221,146.150681252
13222,0.00219926813041,0.153791707772,0.154773408614,153.484738295,154.464479655
13823,0.00229923486361,0.151581712469,0.154288044421,151.279154161,153.980084252
14424,0.00239920159681,0.146916581694,0.151923180242,146.623335023,151.619940361
15025,0.00249916833001,0.152484656568,0.164773971374,152.180295976,164.445081212
15626,0.00259913506321,0.154304056572,0.163663865213,153.996064443,163.337190831
16227,0.00269910179641,0.147190688075,0.153308311111,146.896894286,153.002306498
16828,0.00279906852961,0.153220456953,0.158438574424,152.914627697,158.122329765
17429,0.00289903526281,0.162867605187,0.171660720014,162.542520147,171.318083846
18030,0.00299900199601,0.153509630885,0.165280787448,153.203224436,164.950885677
18631,0.00309896872921,0.145383474451,0.154501723034,145.093287875,154.193336362
19232,0.00319893546241,0.147969162621,0.157379347958,147.673814991,157.065217523
19833,0.00329890219561,0.158957611662,0.175707039768,158.640331,175.356327114
20434,0.00339886892881,0.166768235431,0.191438299182,166.435364702,191.056186808
21035,0.00349883566201,0.176344420087,0.201494900201,175.992435217,201.092714772
21636,0.00359880239521,0.188887062904,0.210356755852,188.510042818,209.936882088
22237,0.00369876912841,0.193279246579,0.21191859429,192.89345966,211.495603084
22838,0.00379873586161,0.203625576343,0.218671518093,203.219138067,218.235047997
23439,0.00389870259481,0.202870111345,0.219772036879,202.465180983,219.333370139
24040,0.00399866932801,0.193440151002,0.208972283546,193.054042916,208.555173199
24641,0.00409863606121,0.184491970458,0.203441484305,184.123723012,203.035413478
25242,0.00419860279441,0.195403158019,0.218592610762,195.013131756,218.156298165
25843,0.00429856952761,0.210749394154,0.238297423836,210.32873668,237.821780276
26444,0.00439853626081,0.242024875562,0.266343876285,241.541791978,265.812251782
27045,0.00449850299401,0.248259417985,0.277521760685,247.763890204,276.967825035
27646,0.00459846972721,0.224350219405,0.251426734678,223.902414576,250.924884908
28247,0.00469843646041,0.218622706179,0.236605677051,218.186333512,236.133410231
28848,0.00479840319361,0.224474299431,0.246395771472,224.026246937,245.903963545
29449,0.00489836992681,0.2129628959,0.2431695954,212.537820259,242.684226947
30050,0.00499833666001,0.215541981263,0.239298805476,215.111757747,238.82116315
30651,0.00509830339321,0.212123433986,0.238158265592,211.700033918,237.682899792
31252,0.00519827012641,0.215149997478,0.24772409887,214.720556366,247.229639591
31853,0.00529823685961,0.20180874578,0.231630219582,201.405933912,231.167883815
32454,0.00539820359281,0.204384290127,0.231071611038,203.976337452,230.610390257
33055,0.00549817032601,0.202387547161,0.232761751408,201.983580001,232.297157094
33656,0.00559813705921,0.184503363722,0.207629127856,184.135093535,207.214698459
34257,0.00569810379242,0.171895557358,0.191124505205,171.552452453,190.743019166
34858,0.00579807052562,0.168158615911,0.185856283438,167.822969972,185.485312813
35459,0.00589803725882,0.172228813399,0.190034057916,171.885043312,189.654748419
36060,0.00599800399202,0.172301054156,0.190273894547,171.957139876,189.894106334
36661,0.00609797072522,0.186334408045,0.20219339181,185.962483079,201.789812185
37262,0.00619793745842,0.234380179206,0.250110806558,233.912354497,249.611583391
37863,0.00629790419162,0.23982024374,0.248932725379,239.341560619,248.435853671
38464,0.00639787092482,0.211380664989,0.221010629631,210.958747494,220.56949065
39065,0.00649783765802,0.210754036959,0.216993590724,210.333370219,216.560469784
39666,0.00659780439122,0.243866218392,0.246045890964,243.379459473,245.554781401
40267,0.00669777112442,0.278714818928,0.289291266856,278.158501924,288.713839177
40868,0.00679773785762,0.336444325509,0.348647027074,335.772779949,347.951124825
41469,0.00689770459082,0.373180572573,0.390418135154,372.43570117,389.638857439
42070,0.00699767132402,0.356903586452,0.394574011198,356.191204044,393.786438321
42671,0.00709763805722,0.369476509269,0.411038373197,368.739031206,410.217937322
43272,0.00719760479042,0.368028251316,0.401159199174,367.293663988,400.35848221
43873,0.00729757152362,0.464568960668,0.472293851231,463.641677313,471.351148934
44474,0.00739753825682,0.632015561382,0.663654177711,630.754053275,662.329518673
45075,0.00749750499002,0.868188825702,0.98992293143,866.455913874,987.947037356
45676,0.00759747172322,0.867948012927,1.03074653001,866.215581764,1028.68915171
46277,0.00769743845642,0.849290082946,1.03431155399,847.59489316,1032.24705987
46878,0.00779740518962,0.77080075705,0.934288598926,769.262232585,932.423751423
47479,0.00789737192282,0.677917618423,0.758651939828,676.564489444,757.137664499
48080,0.00799733865602,0.63546020149,0.690140604633,634.191817855,688.763078476
48681,0.00809730538922,0.525458871412,0.546906291808,524.41005131,545.814662483
49282,0.00819727212242,0.477448003759,0.498991412607,476.495013731,497.995421763
49883,0.00829723885562,0.532956096268,0.584372421414,531.892311644,583.206009395
50484,0.00839720558882,0.658944988987,0.747593659314,657.629729528,746.101456401
51085,0.00849717232202,0.671835553878,0.801576186464,670.494564749,799.976233996
51686,0.00859713905522,0.576273400984,0.652277680926,575.123154674,650.975729467
52287,0.00869710578842,0.454216222625,0.4831897959,453.309603418,482.22534521
52888,0.00879707252162,0.431637260554,0.468772496073,430.775709136,467.836822428
53489,0.00889703925482,0.484147633084,0.51774751334,483.181270543,516.71408517
54090,0.00899700598802,0.536436087273,0.60105665095,535.36535656,599.856937076
54691,0.00909697272122,0.512800058776,0.59176888533,511.776505764,590.587709911
55292,0.00919693945442,0.447510818629,0.504548930139,446.617583463,503.541846446
55893,0.00929690618762,0.400302286004,0.438716308335,399.503279445,437.840627081
56494,0.00939687292083,0.399193341174,0.430450701048,398.396548078,429.591518012
57095,0.00949683965403,0.432182161444,0.449529757044,431.319522399,448.63249206
57696,0.00959680638723,0.555415122974,0.590209914688,554.306509954,589.031850986
58297,0.00969677312043,0.575482317427,0.618341812209,574.333650127,617.107597015
58898,0.00979673985363,0.520313582749,0.578247221036,519.275032684,577.093034966
59499,0.00989670658683,0.474345950423,0.54334660507,473.399152119,542.262080908
60100,0.00999667332003,0.415907143347,0.495787845246,415.076989369,494.798248749
60701,0.0100966400532,0.288019911851,0.362643975475,287.445021807,361.920135205
61302,0.0101966067864,0.256756743523,0.310118106025,256.244255013,309.499107809
61903,0.0102965735196,0.232365404058,0.280543849451,231.901600856,279.983881688
62504,0.0103965402528,0.234999033795,0.270050531229,234.529973848,269.511508213
63105,0.010496506986,0.258825413196,0.304696546247,258.308795605,304.088369508
63706,0.0105964737192,0.223785467859,0.27548327074,223.338790278,274.933403932
64307,0.0106964404524,0.200474251881,0.248488299007,200.074103674,247.992314379
64908,0.0107964071856,0.196469236653,0.233424989902,196.077082488,232.959071759
65509,0.0108963739188,0.211715208379,0.240428120619,211.292623133,239.94822417
66110,0.010996340652,0.217673703141,0.234616139457,217.239224691,234.147843769
66711,0.0110963073852,0.231914829284,0.245289129099,231.451925433,244.799530038
67312,0.0111962741184,0.258631616951,0.274360002875,258.115386179,273.812378119
67913,0.0112962408516,0.278429727574,0.300584580942,277.873979615,299.984611718
68514,0.0113962075848,0.290606426145,0.325699593426,290.026373398,325.049494438
69115,0.011496174318,0.340323108847,0.365472001827,339.643821204,364.742516793
69716,0.0115961410512,0.356218565813,0.377334233581,355.507550711,376.581071439
70317,0.0116961077844,0.340515608827,0.3599392376,339.835936953,359.220796008
70918,0.0117960745176,0.376218312255,0.383489120224,375.4673775,382.723672879
71519,0.0118960412508,0.39728104821,0.410375497776,396.488072066,409.556385006
72120,0.011996007984,0.398082201155,0.413604672508,397.287625903,412.77911428
72721,0.0120959747172,0.429437742169,0.448037349008,428.580581007,447.143062882
73322,0.0121959414504,0.471121134576,0.491051867709,470.18077303,490.071724261
73923,0.0122959081836,0.494368417357,0.529263379641,493.381654049,528.20696571
74524,0.0123958749168,0.473297472402,0.524444352956,472.352766869,523.39755784
75125,0.01249584165,0.498981556381,0.548151318878,497.98558521,547.057204469
75726,0.0125958083832,0.432666151577,0.490940130849,431.802546484,489.960210428
76327,0.0126957751164,0.371592658079,0.431439168174,370.850956167,430.57801215
76928,0.0127957418496,0.307913419011,0.351759580196,307.298821368,351.057465265
77529,0.0128957085828,0.292994099497,0.336071433373,292.409280935,335.400632108
78130,0.012995675316,0.292830832424,0.325181374686,292.246339745,324.532310065
78731,0.0130956420492,0.323492180902,0.3467646031,322.846487926,346.072458184
79332,0.0131956087824,0.301375390077,0.328227659384,300.773842392,327.572514356
79933,0.0132955755156,0.277706346109,0.300357941786,277.152042025,299.758424936
80534,0.0133955422488,0.240134243279,0.248153926636,239.654933412,247.658609417
81135,0.013495508982,0.218899655207,0.213764650172,218.462729747,213.337974224
81736,0.0135954757152,0.206688499973,0.195608071829,206.275948077,195.217636556
82337,0.0136954424484,0.214926263079,0.206488537129,214.497268542,206.07638436
82938,0.0137954091816,0.260820791897,0.266414721626,260.300191514,265.882955715
83539,0.0138953759148,0.27419447475,0.28145635894,273.647180389,280.8945698
84140,0.013995342648,0.319450871562,0.318449670355,318.813245071,317.81404227
84741,0.0140953093812,0.340810243221,0.352498098551,340.129983254,351.794509531
85342,0.0141952761144,0.390855671625,0.406617320336,390.075520584,405.805708918
85943,0.0142952428476,0.420727902731,0.451755309336,419.888126478,450.853602132
86544,0.0143952095808,0.498244686108,0.561148711169,497.250185737,560.028653861
87145,0.014495176314,0.539768881835,0.617094254412,538.691498837,615.862529353
87746,0.0145951430472,0.5397412666,0.604255063335,538.663938722,603.048965404
88347,0.0146951097804,0.483153381626,0.538366765858,482.189003619,537.292181496
88948,0.0147950765136,0.415129517217,0.470999557923,414.300915386,470.059439045
89549,0.0148950432468,0.392982607355,0.458054652972,392.198210933,457.140372228
90150,0.01499500998,0.500528510331,0.573384839761,499.529451428,572.240359043
90751,0.0150949767132,0.587305978413,0.665547944295,586.133710991,664.219505285
91352,0.0151949434464,0.481360156752,0.58039192076,480.399358036,579.233453852
91953,0.0152949101796,0.352982050918,0.425917511628,352.277495926,425.067376874
92554,0.0153948769128,0.344923749361,0.378077513685,344.235278803,377.322867949
93155,0.015494843646,0.425217753343,0.483586845339,424.369015313,482.621602135
93756,0.0155948103792,0.435467186245,0.515888069004,434.597990264,514.858352299
94357,0.0156947771124,0.429002543876,0.499100253004,428.146251373,498.104044914
94958,0.0157947438456,0.546908480305,0.606231313379,545.816846612,605.021270838
95559,0.0158947105788,0.68781816261,0.756948336314,686.445272066,755.437461392
96160,0.015994677312,0.937239420049,0.954651947061,935.368682683,952.746454153
96761,0.0160946440452,0.950142310739,1.05356827507,948.2458191,1051.46534438
97362,0.0161946107784,0.850864977757,0.958752384336,849.166644468,956.838706922
97963,0.0162945775116,0.83394075445,0.910164595329,832.276202046,908.34789953
98564,0.0163945442448,0.881826997855,0.980319989368,880.066864126,978.363262842
99165,0.016494510978,0.902653160352,0.989718494689,900.851457438,987.743008672
99766,0.0165944777112,0.812141484626,0.886725507732,810.520443738,884.955596539
100367,0.0166944444444,0.804742815873,0.958315003788,803.136542787,956.40219939
100968,0.0167944111776,0.924230028604,1.139250677,922.385258088,1136.97672355
101569,0.0168943779108,1.14253847338,1.41071925735,1140.25795746,1407.90345045
102170,0.016994344644,1.13326805141,1.32263744257,1131.00603933,1319.99744767
102771,0.0170943113772,1.08632287378,1.19563937024,1084.15456465,1193.25286451
103372,0.0171942781104,1.02637656263,1.23776527706,1024.32790682,1235.29468768
103973,0.0172942448436,0.811315689532,0.968093247562,809.696296938,966.160925711
104574,0.0173942115768,1.03477195897,1.23083663514,1032.70654588,1228.37987539
105175,0.01749417831,1.11344844901,1.35794499938,1111.22599702,1355.23453032
105776,0.0175941450432,1.03699696976,1.26314573324,1034.92711553,1260.62448428
106377,0.0176941117764,1.20996938045,1.48365051326,1207.55427191,1480.68913499
106978,0.0177940785096,1.20732811984,1.51655268138,1204.91828327,1513.52563012
107579,0.0178940452428,0.908763628849,1.09886774107,906.94972939,1096.67439228
108180,0.017994011976,0.804959671437,1.05822549525,803.352965506,1056.11326871
108781,0.0180939787092,0.732307326602,0.941578539459,730.845635332,939.699141177
109382,0.0181939454424,0.477191735864,0.609487005916,476.239257349,608.270464986
109983,0.0182939121756,0.37537713754,0.424084381867,374.627881777,423.237906055
110584,0.0183938789088,0.362694374071,0.391831342808,361.970433205,391.049244319
111185,0.018493845642,0.330353854334,0.375285088073,329.694465403,374.536016041
111786,0.0185938123752,0.284684018019,0.326909912231,284.115786446,326.257397436
112387,0.0186937791084,0.263696600782,0.301819429363,263.170260262,301.216995372
112988,0.0187937458417,0.258877777014,0.287882328325,258.361054904,287.307712899
113589,0.0188937125749,0.229013575168,0.252793028219,228.556462244,252.288451316
114190,0.0189936793081,0.19698529774,0.219413784266,196.592113513,218.975832601
114791,0.0190936460413,0.168892897702,0.188667929626,168.55578613,188.291346932
115392,0.0191936127745,0.146044593228,0.169310525018,145.753087054,168.972579858
115993,0.0192935795077,0.145090575365,0.16108517095,144.800973418,160.763643662
116594,0.0193935462409,0.152077480081,0.171233156334,151.773932216,170.891373587
117195,0.0194935129741,0.161782555561,0.186573255703,161.459636288,186.200853995
117796,0.0195934797073,0.162793010564,0.190354514256,162.468074415,189.974565126
118397,0.0196934464405,0.172379965814,0.198968488012,172.035894026,198.571345321
118998,0.0197934131737,0.196738021853,0.226182930656,196.345331191,225.731467721
119599,0.0198933799069,0.183146291179,0.21296067369,182.780729719,212.535602485
120200,0.0199933466401,0.162237395823,0.188105090415,161.913568685,187.729631153
120801,0.0200933133733,0.148535481114,0.17064505144,148.239003108,170.304442555
121402,0.0201932801065,0.149985463437,0.166197328356,149.686091254,165.865597162
122003,0.0202932468397,0.148953636784,0.158978874221,148.656324136,158.661551119
122604,0.0203932135729,0.154183136192,0.16245590849,153.875385422,162.131645199
123205,0.0204931803061,0.16287747326,0.167966779692,162.552368523,167.631516659
123806,0.0205931470393,0.167744074198,0.169140283177,167.409255686,168.802677821
124407,0.0206931137725,0.159348887276,0.164059569359,159.030825625,163.732105149
125008,0.0207930805057,0.151779364691,0.154040018459,151.476411867,153.732553352
125609,0.0208930472389,0.15118667589,0.148760121911,150.884906078,148.46319552
126210,0.0209930139721,0.156369982438,0.154240875053,156.057866705,153.933009035
126811,0.0210929807053,0.174332242769,0.178777481353,173.98427422,178.420640073
127412,0.0211929474385,0.171541391024,0.178082382411,171.198993038,177.726928554
128013,0.0212929141717,0.180143354357,0.183091390775,179.783786783,182.725938897
128614,0.0213928809049,0.184332529774,0.190963506163,183.964600573,190.58234148
129215,0.0214928476381,0.178556380734,0.180592438571,178.199980773,180.231974622
129816,0.0215928143713,0.188116699868,0.193253660765,187.741217433,192.867924915
130417,0.0216927811045,0.193970257932,0.200253126313,193.583091748,199.853419474
131018,0.0217927478377,0.204320850819,0.21405861337,203.91302477,213.631350668
131619,0.0218927145709,0.214974133841,0.222604894169,214.545043753,222.160573023
132220,0.0219926813041,0.215518076754,0.227400117808,215.087900953,226.946225357
132821,0.0220926480373,0.209009887873,0.225841924998,208.592702468,225.391142713
133422,0.0221926147705,0.190505563341,0.211487001391,190.125312716,211.064871648
134023,0.0222925815037,0.1779479219,0.19502849682,177.592736427,194.639218383
134624,0.0223925482369,0.192848015507,0.20946575629,192.463089329,209.047660968
135225,0.0224925149701,0.189877686367,0.204326354466,189.498688989,203.918517431
135826,0.0225924817033,0.189276253687,0.198375696265,188.898456774,197.979736791
136427,0.0226924484365,0.188764653139,0.201432104831,188.387877384,201.030044741
137028,0.0227924151697,0.177207319478,0.192110351526,176.853612254,191.726897731
137629,0.0228923819029,0.170737561737,0.179540552447,170.3967682,179.18218807
138230,0.0229923486361,0.179925339203,0.193174839994,179.566206789,192.789261471
138831,0.0230923153693,0.175284736729,0.191916264197,174.934866995,191.533197801
139432,0.0231922821025,0.187374629778,0.197740669492,187.000628521,197.345977537
140033,0.0232922488357,0.191191827427,0.204380657486,190.810207013,203.972712062
140634,0.0233922155689,0.183126913102,0.200608523663,182.761390322,200.208107448
141235,0.0234921823021,0.169722597236,0.186212893117,169.383829577,185.841210696
141836,0.0235921490353,0.162934539997,0.17606654032,162.609321354,175.7151101
142437,0.0236921157685,0.166712866898,0.176001580262,166.380106684,175.650279702
143038,0.0237920825017,0.151859568069,0.160433302373,151.556455159,160.11307622
143639,0.0238920492349,0.150004362745,0.15475619047,149.704952839,154.447295878
144240,0.0239920159681,0.167415718875,0.173454297262,167.081555763,173.108081099
144841,0.0240919827013,0.16940916213,0.177380264104,169.07102009,177.026211681
145442,0.0241919494345,0.181471776537,0.193467028987,181.109557422,193.080867253
146043,0.0242919161677,0.182491656097,0.192961418487,182.127401295,192.576265955
146644,0.0243918829009,0.196875550333,0.203058227452,196.482585163,202.652921609
147245,0.0244918496341,0.218271305262,0.223970612108,217.835633994,223.523564978
147846,0.0245918163673,0.248625384682,0.265956022568,248.129126429,265.425172223
148447,0.0246917831005,0.246151587598,0.259174012914,245.660267064,258.656699515
149048,0.0247917498337,0.254685039496,0.26329841709,254.176686124,262.772871347
149649,0.0248917165669,0.298366534041,0.316425082769,297.770992057,315.793495777
150250,0.0249916833001,0.294841396192,0.315614292367,294.252890411,314.98432372
150851,0.0250916500333,0.274464821662,0.288284066628,273.916987687,287.708649329
151452,0.0251916167665,0.257462389499,0.277489620692,256.948492513,276.935749194
152053,0.0252915834997,0.267569156922,0.289504438724,267.035086748,288.926585553
152654,0.0253915502329,0.295284007831,0.317721735945,294.694618594,317.087560823
153255,0.0254915169661,0.344589876332,0.36403910518,343.902072188,363.31248022
153856,0.0255914836993,0.430342293062,0.449602005804,429.483326409,448.704596611
154457,0.0256914504325,0.553402266717,0.563552040365,552.297671374,562.427185993
155058,0.0257914171657,0.511932616508,0.527286019026,510.910794918,526.233551922
155659,0.0258913838989,0.451333220792,0.466255558467,450.43235608,465.32490865
156260,0.0259913506321,0.423163884113,0.432706041201,422.319245621,431.842356488
156861,0.0260913173653,0.471455613428,0.478731133695,470.514584259,477.77558253
157462,0.0261912840985,0.552057975576,0.577159689927,550.956063449,576.007674578
158063,0.0262912508317,0.572969907525,0.584524680103,571.826255015,583.357964174
158664,0.0263912175649,0.63014823624,0.694205667643,628.890455329,692.820027588
159265,0.0264911842981,0.660920500942,0.765645314535,659.601298346,764.117080375
159866,0.0265911510313,0.583997369725,0.660697268014,582.831706312,659.378510992
160467,0.0266911177645,0.536078492586,0.635985125911,535.008475635,634.715694522
161068,0.0267910844977,0.459026983037,0.549700838941,458.110761514,548.603631678
161669,0.0268910512309,0.366360095567,0.416086812332,365.628837892,415.256299733
162270,0.0269910179641,0.345499022453,0.379350366261,344.809403646,378.593179901
162871,0.0270909846973,0.323927928407,0.359036653768,323.281365675,358.320013741
163472,0.0271909514305,0.301027410825,0.34011149623,300.42655771,339.432630968
164073,0.0272909181637,0.252341162813,0.286079218156,251.837487837,285.508201752
164674,0.0273908848969,0.254895096188,0.281445182145,254.386323541,280.883415315
165275,0.0274908516301,0.269605109428,0.302594080468,269.066975477,301.990100267
165876,0.0275908183633,0.255080113085,0.27937426207,254.570971143,278.816628813
166477,0.0276907850965,0.242158991782,0.269288933605,241.675640501,268.751430744
167078,0.0277907518297,0.230730903683,0.25838366012,230.270362957,257.867924271
167679,0.0278907185629,0.237653028335,0.266270955859,237.178670993,265.739476905
168280,0.0279906852961,0.2397231764,0.261841283047,239.244687026,261.318645755
168881,0.0280906520293,0.268341346033,0.290798877161,267.805734564,290.218440281
169482,0.0281906187625,0.271378657202,0.293623194754,270.836983236,293.037120512
170083,0.0282905854957,0.296824577153,0.3070975387,296.232112927,306.484569561
170684,0.0283905522289,0.303327894264,0.307342691235,302.722449365,306.72923277
171285,0.0284905189621,0.310758414777,0.30847545713,310.1381385,307.859737655
171886,0.0285904856953,0.321574803333,0.30510418914,320.932937458,304.495198743
172487,0.0286904524285,0.303332028402,0.287242381546,302.726575252,286.669043459
173088,0.0287904191617,0.302746117127,0.284913201839,302.14183346,284.344512814
173689,0.0288903858949,0.315071849579,0.303951870054,314.442963651,303.345179695
174290,0.0289903526281,0.276498270737,0.26891003909,275.946377981,268.373292505
174891,0.0290903193613,0.244116681754,0.232382135661,243.629422909,231.918299063
175492,0.0291902860945,0.230290319948,0.222070754305,229.830658631,221.627499306
176093,0.0292902528277,0.244581293606,0.238574967698,244.093107392,238.098770157
176694,0.0293902195609,0.27440723675,0.282628516084,273.859517714,282.064387309
177295,0.0294901862941,0.313351881771,0.331240979777,312.726428913,330.579820136
177896,0.0295901530273,0.374974634946,0.435932823916,374.226182581,435.062698519
178497,0.0296901197605,0.426384747711,0.51884252134,425.53368035,517.806907525
179098,0.0297900864937,0.609292385957,0.702495267846,608.07623349,701.093081682
179699,0.0298900532269,0.752548238063,0.910686717218,751.046145772,908.868979259
180300,0.0299900199601,0.768547629979,0.891511088991,767.013602774,889.731625739
180901,0.0300899866933,0.928673801277,1.03015041191,926.820160955,1028.09422346
181502,0.0301899534265,1.17321225373,1.36572791029,1170.8705127,1363.00190648
182103,0.0302899201597,1.07048963686,1.26959974492,1068.352931,1267.0656137
182704,0.0303898868929,1.32968515622,1.52283118836,1327.03109404,1519.79160515
183305,0.0304898536261,1.06726960212,1.39438226765,1065.13932347,1391.59906951
183906,0.0305898203593,0.718036272258,0.943671866853,716.603066126,941.788290272
184507,0.0306897870925,0.656872059044,0.746473157686,655.560937169,744.983191303
185108,0.0307897538257,0.580930956268,0.673651417563,579.771413441,672.306803955
185709,0.0308897205589,0.53441373972,0.629639753554,533.347045629,628.382987579
186310,0.0309896872921,0.497776324896,0.604910554422,496.782759378,603.703148126
186911,0.0310896540253,0.43522792458,0.526085833271,434.359206168,525.035761748
187512,0.0311896207585,0.392836629597,0.478967415477,392.052524548,478.011392692
188113,0.0312895874917,0.380720367464,0.435026126462,379.960446571,434.15781084
188714,0.0313895542249,0.400305059694,0.473176695701,399.506047599,472.232231238
189315,0.0314895209581,0.387564037379,0.46842252292,386.790456466,467.487547825
189916,0.0315894876913,0.371472039576,0.447666537529,370.730578419,446.772991546
190517,0.0316894544245,0.352233321106,0.401160157224,351.530260585,400.359438347
191118,0.0317894211577,0.346883780289,0.379207786214,346.191397494,378.450884445
191719,0.0318893878909,0.386515184968,0.420029757188,385.743697572,419.191374439
192320,0.0319893546241,0.442785978748,0.478057195102,441.902174399,477.102989123
192921,0.0320893213573,0.391656287409,0.436201492987,390.874538332,435.330831325
193522,0.0321892880905,0.402281969653,0.428176560741,401.47901163,427.321916907
194123,0.0322892548237,0.366334747717,0.393295949629,365.603540636,392.510927773
194724,0.0323892215569,0.408942083233,0.434539918437,408.12583157,433.67257329
195325,0.0324891882901,0.407773621882,0.427251085394,406.959702477,426.398288816
195926,0.0325891550233,0.403917294064,0.407187748515,403.111071921,406.374998518
196527,0.0326891217565,0.349907143135,0.350042731112,349.208725684,349.344043026
197128,0.0327890884897,0.319525150639,0.320260590332,318.887375887,319.621347637
197729,0.0328890552229,0.301238071929,0.300858128961,300.636798333,300.257613734
198330,0.0329890219561,0.282525971722,0.273152181541,281.962047626,272.606967605
198931,0.0330889886893,0.242273463035,0.230398048735,241.789883269,229.93817239
199532,0.0331889554225,0.225253468329,0.209675683697,224.803860608,209.257169359
200133,0.0332889221557,0.241922101653,0.218168245887,241.439223207,217.732780327
200734,0.0333888888889,0.261831809615,0.226676243687,261.309191233,226.223796095
201335,0.0334888556221,0.292709780031,0.267956961182,292.125528973,267.422116948
201936,0.0335888223553,0.277683780304,0.255525631186,277.129521262,255.015599986
202537,0.0336887890885,0.262721304273,0.23881581702,262.196910453,238.339138742
203138,0.0337887558217,0.268251299717,0.252288306218,267.715867981,251.784736744
203739,0.0338887225549,0.266532123244,0.252179094551,266.000122998,251.675743065
204340,0.0339886892881,0.258362265801,0.239071499257,257.846572656,238.594310636
204941,0.0340886560213,0.256473221751,0.242667583148,255.961299152,242.183216714
205542,0.0341886227545,0.243306264681,0.240506378395,242.820623435,240.026325743
206143,0.0342885894877,0.215099580144,0.214802329324,214.670239665,214.37358216
206744,0.0343885562209,0.200124331796,0.195184671842,199.724882032,194.795081679
207345,0.0344885229541,0.189465722067,0.183175293294,189.087546973,182.809673946
207946,0.0345884896873,0.185710472786,0.17858653511,185.339793199,178.23007496
208547,0.0346884564205,0.169872874828,0.165241765026,169.533807213,164.911941144
209148,0.0347884231537,0.163189006307,0.157128282196,162.863279747,156.81465289
209749,0.0348883898869,0.163658543087,0.156646572554,163.331879328,156.333904745
210350,0.0349883566201,0.1607246553,0.153766051924,160.403847604,153.459133657
210951,0.0350883233533,0.155118554824,0.150450069819,154.808936951,150.149770279
211552,0.0351882900865,0.149067519734,0.144777243241,148.769979775,144.488266708
212153,0.0352882568197,0.145613379443,0.142158226158,145.322733975,141.874477203
212754,0.0353882235529,0.150337079549,0.145847727122,150.037005538,145.556613894
213355,0.0354881902861,0.164604635022,0.163896260384,164.276082856,163.56912214
213956,0.0355881570193,0.171850424405,0.172117352896,171.507409586,171.773805285
214557,0.0356881237525,0.170473631438,0.174113521795,170.133364708,173.765989816
215158,0.0357880904857,0.170708236273,0.172868673642,170.367501271,172.523626389
215759,0.0358880572189,0.176273746468,0.17538122763,175.921902663,175.031165299
216360,0.0359880239521,0.176581820498,0.175528759089,176.229361774,175.178402285
216961,0.0360879906853,0.164225316656,0.168095686139,163.897521613,167.760165807
217562,0.0361879574185,0.15455007731,0.156389152951,154.241594122,156.076998953
218163,0.0362879241517,0.165801696111,0.166314319229,165.470754601,165.98235452
218764,0.0363878908849,0.181927095172,0.186037435455,181.563967238,185.666103248
219365,0.0364878576181,0.200546937697,0.20416108819,200.146644408,203.753581028
219966,0.0365878243513,0.193268084403,0.196177197032,192.882319764,195.78562578
220567,0.0366877910845,0.181398772742,0.18319758757,181.036699344,182.831923723
221168,0.0367877578177,0.179396718698,0.17968416808,179.038641416,179.325517046
221769,0.0368877245509,0.195625730776,0.196717194047,195.235260255,196.324544957
222370,0.0369876912841,0.208252974934,0.212157635324,207.837300334,211.734166991
222971,0.0370876580173,0.208151862891,0.214334174301,207.736390111,213.906361577
223572,0.0371876247505,0.204140339439,0.219171988518,203.732873692,218.734519479
224173,0.0372875914837,0.187328202057,0.204615551392,186.95429347,204.207137118
224774,0.0373875582169,0.215818533488,0.224319093322,215.387757972,223.871350621
225375,0.0374875249501,0.279852113343,0.279854969887,279.29352629,279.296377132
225976,0.0375874916833,0.331690061513,0.319737506163,331.028005502,319.099307548
226577,0.0376874584165,0.36544708133,0.359802467548,364.717646038,359.08429895
227178,0.0377874251497,0.450931934876,0.464359410475,450.031871134,463.432545385
227779,0.0378873918829,0.494755238483,0.532179195944,493.767703077,531.11696202
228380,0.0379873586161,0.479252102803,0.520727059264,478.295511779,519.687683896
228981,0.0380873253493,0.488924027634,0.543919991881,487.948131371,542.834323234
229582,0.0381872920825,0.480782033765,0.556970646354,479.822388987,555.858928497
230183,0.0382872588157,0.537502777369,0.617377380022,536.429917534,616.145089842
230784,0.0383872255489,0.592469314486,0.695930749135,591.286741004,694.541665804
231385,0.0384871922821,0.560732916289,0.648496932702,559.613688911,647.202527646
231986,0.0385871590153,0.494034945889,0.559277657826,493.048848193,558.161335155
232587,0.0386871257485,0.372280911028,0.432249375332,371.537835358,431.386602128
233188,0.0387870924817,0.354223487345,0.385914331798,353.516454436,385.144043711
233789,0.0388870592149,0.310724342526,0.324881413649,310.104134257,324.232947753
234390,0.0389870259481,0.285025722721,0.295510563064,284.456809103,294.920721621
234991,0.0390869926813,0.277143854592,0.2859868411,276.590673246,285.416009082
235592,0.0391869594145,0.26176711705,0.271812378689,261.244627794,271.269839011
236193,0.0392869261477,0.252972600171,0.265919753698,252.467664842,265.388975747
236794,0.0393868928809,0.239981507702,0.254109548477,239.502502697,253.602343789
237395,0.0394868596141,0.231520499675,0.245315983005,231.058382909,244.826330344
237996,0.0395868263473,0.202888400014,0.213877741249,202.483433148,213.45083957
238597,0.0396867930805,0.196549410698,0.204768478498,196.157096505,204.35975898
239198,0.0397867598137,0.205868019058,0.209642087032,205.457104848,209.223639752
239799,0.0398867265469,0.212436460514,0.208500801897,212.012435643,208.084632632
240400,0.0399866932801,0.247817429507,0.244265882646,247.322783939,243.778325994
241001,0.0400866600133,0.326601769574,0.343192401741,325.949869835,342.507386967
241602,0.0401866267465,0.325523898889,0.351240141335,324.874150588,350.539063209
242203,0.0402865934797,0.313418810424,0.337966516945,312.793223976,337.291933079
242804,0.0403865602129,0.342229228278,0.362706127351,341.546136006,361.982163025
243405,0.0404865269461,0.362815391895,0.399316786932,362.091209476,398.519747437
244006,0.0405864936793,0.397671793579,0.448014587998,396.878037504,447.120347303
244607,0.0406864604125,0.438084569292,0.483797127373,437.210148994,482.831464444
245208,0.0407864271457,0.45942533166,0.523590364998,458.50831503,522.545274449
245809,0.0408863938789,0.541794212513,0.622474668342,540.712786939,621.232203934
246410,0.0409863606121,0.556552957419,0.687250035356,555.442073272,685.878278798
247011,0.0410863273453,0.573977787455,0.658582811829,572.832123209,657.268275278
247612,0.0411862940785,0.554082490185,0.622507252633,552.97653711,621.264723186
248213,0.0412862608117,0.594883066438,0.671592260906,593.695675088,670.251757392
248814,0.0413862275449,0.550080333886,0.624384908356,548.982369148,623.138631094
249415,0.0414861942781,0.525318358188,0.58671636025,524.269818551,585.545269711
250016,0.0415861610113,0.428065196901,0.500751802823,427.21077535,499.752298227
250617,0.0416861277445,0.321273794148,0.390348819975,320.63252909,389.569680614
251218,0.0417860944777,0.313446335647,0.36669634858,312.820694259,365.96441974
251819,0.0418860612109,0.36341525104,0.412386687681,362.689871297,411.563560559
252420,0.0419860279441,0.430692209909,0.479202131817,429.832544819,478.245640535
253021,0.0420859946773,0.482748655006,0.560643317498,481.785084836,559.52426896
253622,0.0421859614105,0.483520768422,0.572269970788,482.555657108,571.127715357
254223,0.0422859281437,0.461489409664,0.545202989941,460.568273117,544.11476042
254824,0.0423858948769,0.392318504194,0.468148925985,391.535433327,467.214496991
255425,0.0424858616101,0.375901673757,0.433617040181,375.151371015,432.751537106
256026,0.0425858283433,0.389285695655,0.432040498682,388.508678298,431.178142397
256627,0.0426857950765,0.410177254783,0.439118497461,409.358537707,438.242013434
257228,0.0427857618097,0.498023220347,0.551004496797,497.029162022,549.904687422
257829,0.0428857285429,0.496125473761,0.549286821362,495.135203355,548.190440481
258430,0.0429856952761,0.54013676083,0.592348961704,539.058643543,591.166628447
259031,0.0430856620093,0.488048786791,0.534936074545,487.074637515,533.868337869
259632,0.0431856287425,0.376396720691,0.40833057701,375.645429831,407.515545918
260233,0.0432855954757,0.327295838934,0.342384921553,326.642553826,341.701518516
260834,0.0433855622089,0.295553949047,0.312595082778,294.964021005,311.971140497
261435,0.0434855289421,0.310903456269,0.308092943486,310.282890488,307.477987511
262036,0.0435854956753,0.321800334237,0.329450343564,321.158018201,328.792758048
262637,0.0436854624085,0.301061538317,0.31879080027,300.460617083,318.154491288
263238,0.0437854291417,0.298220861283,0.325625872582,297.625610063,324.97592074
263839,0.0438853958749,0.290720760265,0.332117292047,290.140479306,331.454383281
264440,0.0439853626081,0.245951180324,0.273930241519,245.460259805,273.38347457
265041,0.0440853293413,0.219241640453,0.233208710045,218.804032388,232.743223598
265642,0.0441852960745,0.190008418393,0.196029392506,189.629160073,195.638116273
266243,0.0442852628077,0.186960276929,0.191823608381,186.587102724,191.440726928
266844,0.0443852295409,0.205495430809,0.214129149477,205.085260289,213.701745985
267445,0.0444851962741,0.217922718624,0.234776235262,217.487743138,234.307620022
268046,0.0445851630073,0.234232674584,0.247170951563,233.765144295,246.67759637
268647,0.0446851297405,0.271665231246,0.295645822656,271.122985275,295.055711233
269248,0.0447850964737,0.315854244168,0.354149177915,315.223796575,353.442293328
269849,0.0448850632069,0.312189756228,0.352913420094,311.566622982,352.20900209
270450,0.0449850299401,0.314015345119,0.370136033638,313.388567983,369.397239159
271051,0.0450849966733,0.295164695515,0.349275062579,294.575544426,348.577906766
271652,0.0451849634065,0.266053772134,0.315193819556,265.522726681,314.564690176
272253,0.0452849301397,0.282226312587,0.328137840779,281.662986614,327.482875029
272854,0.0453848968729,0.277192126754,0.327603286697,276.638849056,326.949387921
273455,0.0454848636061,0.29230469589,0.338027551145,291.721253383,337.352845454
274056,0.0455848303393,0.257464403491,0.310925220319,256.950502486,310.304611097
274657,0.0456847970725,0.248193296071,0.29062710507,247.69790027,290.047011048
275258,0.0457847638057,0.283246413287,0.33057912638,282.681051185,329.919287804
275859,0.0458847305389,0.259123225322,0.299031057446,258.606013296,298.434189068
276460,0.0459846972721,0.249640374496,0.28585483877,249.142090315,285.284270229
277061,0.0460846640053,0.246055665963,0.289142960486,245.564536889,288.565828828
277662,0.0461846307385,0.233065907043,0.275882532904,232.600705632,275.331869166
278263,0.0462845974717,0.222683229829,0.263436817787,222.238752325,262.910995795
278864,0.0463845642049,0.186278908835,0.218075159573,185.907094646,217.639879813
279465,0.0464845309381,0.169410206117,0.196800861963,169.072061993,196.408045872
280066,0.0465844976713,0.156957942924,0.178981105433,156.644653616,178.623857717
280667,0.0466844644045,0.163355504554,0.183308987567,163.029445663,182.943101365
281268,0.0467844311377,0.1609751384,0.178295933152,160.653830739,177.940053046
281869,0.0468843978709,0.173954722699,0.18970970303,173.607507684,189.331040948
282470,0.0469843646041,0.176427247192,0.199471247807,176.075096998,199.073101604
283071,0.0470843313373,0.161492761707,0.182739718733,161.170420866,182.374968795
283672,0.0471842980705,0.153508851162,0.172011293379,153.20244627,171.667957464
284273,0.0472842648037,0.172224468534,0.190176485342,171.88070712,189.796891559
284874,0.0473842315369,0.19291169744,0.216057927729,192.526644151,215.62667438
285475,0.0474841982701,0.197573134852,0.224455060157,197.178777297,224.007046065
286076,0.0475841650033,0.1976064242,0.222439617836,197.2120002,221.995626582
286677,0.0476841317365,0.199640650934,0.219621852562,199.242166601,219.183485591
287278,0.0477840984697,0.184718943389,0.204437590845,184.350242903,204.029531782
287879,0.0478840652029,0.190397404529,0.211206510754,190.017369789,210.784940872
288480,0.0479840319361,0.198693139054,0.218468276543,198.296545962,218.032212119
289081,0.0480839986693,0.193187884419,0.206985905272,192.802279859,206.572759752
289682,0.0481839654025,0.199442997002,0.203040421627,199.044907188,202.635151324
290283,0.0482839321357,0.194407408416,0.199837008691,194.019369677,199.438132426
290884,0.0483838988689,0.173744251536,0.18438492279,173.397456622,184.016889012
291485,0.0484838656021,0.159523709729,0.167469873941,159.205299131,167.135602735
292086,0.0485838323353,0.154215000426,0.158043121024,153.907186054,157.727665692
292687,0.0486837990685,0.151625345033,0.152497689639,151.322699633,152.193303033
293288,0.0487837658017,0.147792347433,0.1547577482,147.497352728,154.448850499
293889,0.0488837325349,0.141793972984,0.149700475355,141.510951082,149.401672011
294490,0.0489836992681,0.142770138508,0.146113099384,142.485168171,145.821456471
295091,0.0490836660013,0.150807554431,0.149006211511,150.506541349,148.708793923
295692,0.0491836327345,0.158306665268,0.153397172731,157.9906839,153.090990749
296293,0.0492835994677,0.159748428539,0.151054072373,159.4295694,150.752567239
296894,0.0493835662009,0.166348328231,0.162738371912,166.01629564,162.413544822
297495,0.0494835329341,0.161758871082,0.163962997162,161.435999084,163.635725711
298096,0.0495834996673,0.156393123926,0.157388233248,156.080962002,157.074085078
298697,0.0496834664005,0.151726928785,0.148537471492,151.424080624,148.240989513
299298,0.0497834331337,0.152239892772,0.145670138361,151.936020731,145.379379602
299899,0.0498833998669,0.158872966828,0.145862050234,158.555855118,145.570908417
300500,0.0499833666001,0.185094337789,0.166498399559,184.724888013,166.166067424
301101,0.0500833333333,0.204528893814,0.183068365877,204.120652509,182.702959957
301702,0.0501833000665,0.203126780475,0.17837399294,202.721337799,178.017957026
302303,0.0502832667997,0.222178875781,0.199912385099,221.735404971,199.513358383
302904,0.0503832335329,0.233741474735,0.223542191738,233.274924885,223.095999738
303505,0.0504832002661,0.236316444702,0.244044196313,235.844755192,243.557082148
304106,0.0505831669993,0.229319774364,0.241009139069,228.862050264,240.528082903
304707,0.0506831337325,0.22920954132,0.239735108025,228.752037246,239.256594836
305308,0.0507831004657,0.225155299292,0.237080757613,224.705887517,236.607542528
305909,0.0508830671989,0.219343099134,0.228168398499,218.905288557,227.712972554
306510,0.0509830339321,0.223361044589,0.221738922467,222.915214161,221.296329808
307111,0.0510830006653,0.227665495405,0.220670414182,227.211073259,220.229954273
307712,0.0511829673985,0.226944351203,0.227225079884,226.491368466,226.771536811
308313,0.0512829341317,0.232013656203,0.247599488417,231.550555093,247.105277861
308914,0.0513829008649,0.23915414698,0.257139401385,238.676793393,256.626149087
309515,0.0514828675981,0.234328720801,0.253524503003,233.860998803,253.018466071
310116,0.0515828343313,0.225461290053,0.248455767613,225.011267518,247.959847917
310717,0.0516828010645,0.223652289335,0.24073123045,223.20587758,240.250728992
311318,0.0517827677977,0.236947340593,0.262417121205,236.474391809,261.893334536
311919,0.0518827345309,0.238898980095,0.274361283258,238.422135823,273.813655946
312520,0.0519827012641,0.232352105738,0.266132540505,231.88832908,265.60133783
313121,0.0520826679973,0.253419402423,0.287606126776,252.913575273,287.032062651
313722,0.0521826347305,0.280435596555,0.338491198305,279.875844865,337.81556717
314323,0.0522826014637,0.289908419165,0.355349949596,289.329759646,354.64066826
314924,0.0523825681969,0.288387254497,0.360641148463,287.811631234,359.921305851
315525,0.0524825349301,0.280550212813,0.34001900707,279.990232348,339.340326417
316126,0.0525825016633,0.296180195857,0.338203657184,295.589017822,337.528599984
316727,0.0526824683965,0.302730627,0.343531182103,302.126374252,342.845491121
317328,0.0527824351297,0.317428039179,0.348146776834,316.794450279,347.451873088
317929,0.0528824018629,0.309005719571,0.343347626693,308.388941688,342.662302089
318530,0.0529823685961,0.297996302156,0.35028836242,297.401499158,349.589184052
319131,0.0530823353293,0.284720064286,0.333057691325,284.151760765,332.392905514
319732,0.0531823020625,0.249078520844,0.288032562473,248.581358128,287.457647178
320333,0.0532822687957,0.235973638657,0.278467728734,235.50263339,277.911904924
320934,0.0533822355289,0.228814702523,0.269646675189,228.35798655,269.108458272
321535,0.0534822022621,0.231583873236,0.262862167328,231.121629976,262.337492343
322136,0.0535821689953,0.257418324787,0.296662972871,256.904515756,296.070831209
322737,0.0536821357285,0.255915849025,0.291098270688,255.405038947,290.517236216
323338,0.0537821024617,0.226019339588,0.24821099014,225.568203182,247.715559022
323939,0.0538820691949,0.207476155493,0.229992874441,207.06203143,229.533806828
324540,0.0539820359281,0.205425890602,0.235281236987,205.015858884,234.81161376
325141,0.0540820026613,0.195592947042,0.226077470519,195.202541958,225.626218082
325742,0.0541819693945,0.206001030671,0.237355358412,205.589850969,236.881595222
326343,0.0542819361277,0.228192855029,0.258798668623,227.737380269,258.282104414
326944,0.0543819028609,0.242970061398,0.28018468213,242.485091216,279.625431268
327545,0.0544818695941,0.239865114458,0.281621141449,239.386341774,281.059023402
328146,0.0545818363273,0.242173860763,0.295437886484,241.690479803,294.848190103
328747,0.0546818030605,0.252594483557,0.309029535348,252.090302951,308.412709929
329348,0.0547817697937,0.297550050075,0.35534175842,296.9561378,354.632493433
329949,0.0548817365269,0.35422698345,0.41080472708,353.519943563,409.984757565
330550,0.0549817032601,0.558084013745,0.651081144318,556.970073598,649.781581156
331151,0.0550816699933,0.678540064621,0.79229242392,677.185693235,790.711001916
331752,0.0551816367265,0.630422405792,0.75702301661,629.164077637,755.511992624
332353,0.0552816034597,0.54964305952,0.692094647764,548.545967585,690.713221321
332954,0.0553815701929,0.44548049235,0.566600787894,444.59130973,565.469848198
333555,0.0554815369261,0.370602597301,0.461615573824,369.862871557,460.694185453
334156,0.0555815036593,0.327679789315,0.377392115622,327.025737839,376.638837946
334757,0.0556814703925,0.29396093622,0.32162205235,293.374187844,320.980092166
335358,0.0557814371257,0.254663436463,0.271035699314,254.155126211,270.494709894
335959,0.0558814038589,0.282655996358,0.30033154522,282.091812732,299.732081058
336560,0.0559813705921,0.344486717918,0.377093250849,343.799119679,376.34056971
337161,0.0560813373253,0.399403125762,0.469169866029,398.605913934,468.23339923
337762,0.0561813040585,0.375325829796,0.439555330558,374.576676443,438.677974609
338363,0.0562812707917,0.366486561813,0.435447368389,365.755051709,434.578211965
338964,0.056381237525,0.379561574727,0.432235698731,378.803966793,431.372952826
339565,0.0564812042582,0.410504170572,0.471013624467,409.68480097,470.073477512
340166,0.0565811709914,0.495019096167,0.571679998393,494.031034099,570.538920552
340767,0.0566811377246,0.548943594114,0.644403496917,547.847898318,643.117262392
341368,0.0567811044578,0.498399879677,0.563686764982,497.405069538,562.561641699
341969,0.056881071191,0.499673284272,0.553154508605,498.675932407,552.05040779
342570,0.0569810379242,0.556703705591,0.622755350576,555.59252055,621.512325924
343171,0.0570810046574,0.459447274793,0.521878906864,458.530214364,520.8372324
343772,0.0571809713906,0.415175560747,0.485245925925,414.346867013,484.277371182
344373,0.0572809381238,0.446052560634,0.518600701637,445.162236162,517.565570496
344974,0.057380904857,0.64127337504,0.772938529871,639.993388264,771.395738394
345575,0.0574808715902,0.538957372248,0.684190492971,537.88160903,682.824843285
346176,0.0575808383234,0.425298781895,0.53914652822,424.449882131,538.070387445
346777,0.0576808050566,0.428322624095,0.535996263429,427.467688717,534.926410608
347378,0.0577807717898,0.371951220227,0.472467014205,371.208802622,471.523966273
347979,0.057880738523,0.310305056029,0.39646041626,309.685684659,395.669078104
348580,0.0579807052562,0.285094336107,0.342752456611,284.525285536,342.068319971
349181,0.0580806719894,0.297315967766,0.347840639627,296.72252272,347.146346933
349782,0.0581806387226,0.305078569227,0.345266172038,304.469629967,344.577018002
350383,0.0582806054558,0.28820398509,0.324634076242,287.628727635,323.986104034
350984,0.058380572189,0.270750285513,0.30083651671,270.209865781,300.23604462
351585,0.0584805389222,0.252974030494,0.276349883464,252.46909231,275.79828689
352186,0.0585805056554,0.243091793799,0.25795723355,242.606580638,257.442348852
352787,0.0586804723886,0.230077205242,0.242770591456,229.617969304,242.286019417
353388,0.0587804391218,0.237648508125,0.246087783454,237.174159805,245.596590273
353989,0.058880405855,0.262758401904,0.274386037628,262.233934036,273.838360906
354590,0.0589803725882,0.280192848514,0.28574765462,279.633581351,285.17730002
355191,0.0590803393214,0.321739113802,0.321875423461,321.096919962,321.232957546
355792,0.0591803060546,0.367279283625,0.374696350258,366.546191243,373.948453351
356393,0.0592802727878,0.419161242672,0.407215123453,418.324593485,406.402318815
356994,0.059380239521,0.412151644162,0.403938056318,411.32898619,403.131792732
357595,0.0594802062542,0.438252966206,0.434353518467,437.378209787,433.486545376
358196,0.0595801729874,0.431962800935,0.443774602207,431.100599736,442.888824558
358797,0.0596801397206,0.40642789456,0.434119974648,405.616661237,433.253467712
359398,0.0597801064538,0.389445232307,0.444067935544,388.667896514,443.181572399
359999,0.059880073187,0.402769620545,0.474672474628,401.965689167,473.725024579
360600,0.0599800399202,0.407579916539,0.464527695972,406.766383772,463.600494982
361201,0.0600800066534,0.411984998242,0.457247668069,411.162672896,456.334998073
361802,0.0601799733866,0.415790042372,0.458568053105,414.960122128,457.65274761
362403,0.0602799401198,0.427255438519,0.492986222491,426.402633253,492.002218054
363004,0.060379906853,0.468026038833,0.569836180733,467.091855123,568.698783167
363605,0.0604798735862,0.432845763289,0.542451549923,431.98179969,541.368812298
364206,0.0605798403194,0.381015275243,0.465210957703,380.254765712,464.282392917
364807,0.0606798070526,0.425811670812,0.528276980002,424.961747317,527.222534932
365408,0.0607797737858,0.397151716352,0.493310355321,396.358998355,492.325703914
366009,0.060879740519,0.359864314345,0.432881946861,359.1460223,432.017911039
366610,0.0609797072522,0.304772386637,0.35476592025,304.16405852,354.057804641
367211,0.0610796739854,0.27526354361,0.308851795987,274.714115379,308.235325337
367812,0.0611796407186,0.267495925721,0.300111962951,266.962001718,299.512937077
368413,0.0612796074518,0.25807736581,0.29540373243,257.562241327,294.814104222
369014,0.061379574185,0.302246091996,0.334417591381,301.642806383,333.750091199
369615,0.0614795409182,0.359379863173,0.390955148643,358.662538097,390.174799045
370216,0.0615795076514,0.402907647385,0.437357468056,402.103440504,436.484499058
370817,0.0616794743846,0.471504298774,0.515547369616,470.563172429,514.518332951
371418,0.0617794411178,0.715635253009,0.79240586346,714.206839331,790.82421503
372019,0.061879407851,0.811266128468,0.924336967177,809.646834799,922.49198321
372620,0.0619793745842,0.630284209773,0.703907924885,629.026157458,702.502919047
373221,0.0620793413174,0.53172909125,0.584147457513,530.667755738,582.981494524
373822,0.0621793080506,0.541316913707,0.61146320943,540.236440826,610.242723982
374423,0.0622792747838,0.643560598527,0.716035400718,642.276046434,714.606188342
375024,0.062379241517,0.63011947302,0.694706103835,628.861749521,693.319464905
375625,0.0624792082502,0.502263511996,0.600613838267,501.260990016,599.415008251
376226,0.0625791749834,0.439854446503,0.561890330153,438.976493516,560.768792568
376827,0.0626791417166,0.334146906275,0.426115259169,333.479946382,425.264729709
377428,0.0627791084498,0.277964112291,0.336645470635,277.409293704,335.973523587
378029,0.062879075183,0.26848786327,0.308988834121,267.951959351,308.372089941
378630,0.0629790419162,0.320433858223,0.34717077277,319.794269684,346.477817136
379231,0.0630790086494,0.370057796208,0.396566993834,369.319157892,395.775442948
379832,0.0631789753826,0.452258700384,0.505879692791,451.355988408,504.869952885
380433,0.0632789421158,0.496679819255,0.603250255852,495.68844237,602.046163525
381034,0.063378908849,0.591290590069,0.720109106338,590.11036933,718.671762813
381635,0.0634788755822,0.711508874095,0.823682664879,710.088696702,822.038587704
382236,0.0635788423154,0.640140255147,0.748742938117,638.862530086,747.248441235
382837,0.0636788090486,0.645407251112,0.763550540051,644.119013086,762.026487077
383438,0.0637787757818,0.620790880305,0.753979388091,619.551776752,752.474439213
384039,0.063878742515,0.561183824239,0.655981762123,560.063696845,654.672417288
384640,0.0639787092482,0.550671682588,0.636482514626,549.572537513,635.212090445
385241,0.0640786759814,0.487139520199,0.584450080916,486.167185828,583.283513888
385842,0.0641786427146,0.45981639338,0.542879884444,458.898596188,541.796291861
386443,0.0642786094478,0.431098448526,0.528968998893,430.237972581,527.913172548
387044,0.064378576181,0.405070860833,0.513837686689,404.26233616,512.812062563
387645,0.0644785429142,0.442577886529,0.577314640458,441.694497534,576.162315826
388246,0.0645785096474,0.598269202691,0.827915731882,597.075052586,826.263205472
388847,0.0646784763806,0.506955581965,0.715513825141,505.943694576,714.085653833
389448,0.0647784431138,0.473844792409,0.652122936083,472.898994421,650.821293496
390049,0.064878409847,0.454172802342,0.629819901548,453.266269803,628.562775996
390650,0.0649783765802,0.381112338802,0.532782373172,380.351635531,531.718935302
391251,0.0650783433134,0.321911686495,0.425024966847,321.269148198,424.176613619
391852,0.0651783100466,0.297883693776,0.380266584417,297.289115545,379.507569278
392453,0.0652782767798,0.287374270339,0.366650936473,286.800669001,365.919098277
393054,0.065378243513,0.284511479882,0.347534569008,283.943592696,346.840887234
393655,0.0654782102462,0.288497918338,0.346760075708,287.922074189,346.067939828
394256,0.0655781769794,0.264589108445,0.31688745239,264.060986472,316.254942505
394857,0.0656781437126,0.276319623133,0.329198031144,275.768086959,328.540949245
395458,0.0657781104458,0.270304856602,0.325572337405,269.76532595,324.92249242
396059,0.065878077179,0.257925345498,0.310485570773,257.410524449,309.865839095
396660,0.0659780439122,0.221921651504,0.270884246762,221.478694116,270.343559642
397261,0.0660780106454,0.201228811249,0.24752619509,200.827156936,247.032130828
397862,0.0661779773786,0.1882007647,0.228925079753,187.825114471,228.468143466
398463,0.0662779441118,0.221781097575,0.265561858631,221.338420734,265.031795041
399064,0.066377910845,0.229782783252,0.276284583909,229.324134982,275.733117674
399665,0.0664778775782,0.207314359214,0.250017861466,206.900558098,249.518823818
400266,0.0665778443114,0.215460517001,0.258346980932,215.030456089,257.831318295
400867,0.0666778110446,0.260289070824,0.298728877229,259.769531761,298.132612005
401468,0.0667777777778,0.250178336826,0.287169842493,249.678978868,286.596649195
402069,0.066877744511,0.222395228072,0.256915673477,221.951325421,256.402867741
402670,0.0669777112442,0.21365244169,0.246367168859,213.22598971,245.875418023
403271,0.0670776779774,0.25314692955,0.291025239785,252.641646257,290.444351083
403872,0.0671776447106,0.271585935585,0.316064364836,271.04384789,315.43349784
404473,0.0672776114438,0.27630769813,0.312119986874,275.756185759,311.496992888
405074,0.067377578177,0.282492235988,0.322063301875,281.92837923,321.420460953
405675,0.0674775449102,0.23900771847,0.275809561132,238.530657156,275.259043046
406276,0.0675775116434,0.210155311518,0.236415058466,209.735839838,235.943172122
406877,0.0676774783766,0.218245915421,0.240150524154,217.810294831,239.671181791
407478,0.0677774451098,0.234152890202,0.254782426428,233.685519163,254.27387867
408079,0.067877411843,0.322570049041,0.360080470518,321.926196647,359.361747024
408680,0.0679773785762,0.382887074415,0.449099993988,382.122828757,448.203586814
409281,0.0680773453094,0.377652598547,0.444225037945,376.898800945,443.338361223
409882,0.0681773120426,0.362399620125,0.4214669319,361.67626759,420.625680539
410483,0.0682772787758,0.299616822451,0.344031246022,299.018784882,343.344556908
411084,0.068377245509,0.268892725906,0.299910455702,268.356013878,299.311832037
411685,0.0684772122422,0.252035268684,0.284646417647,251.532204275,284.078261125
412286,0.0685771789754,0.246858784815,0.282306611046,246.36605271,281.743124797
412887,0.0686771457086,0.276223165586,0.327963027522,275.671821942,327.308410701
413488,0.0687771124418,0.257737412992,0.303777118265,257.222967058,303.170776711
414089,0.068877079175,0.233218776375,0.272818419279,232.753269835,272.273871536
414690,0.0689770459082,0.228430462728,0.260119202388,227.974513701,259.600002383
415291,0.0690770126414,0.240006260453,0.260105282007,239.527206041,259.586109787
415892,0.0691769793746,0.266064768418,0.287745499837,265.533701016,287.171157522
416493,0.0692769461078,0.267113824349,0.291759128158,266.580663023,291.176774609
417094,0.069376912841,0.237560963629,0.254043151371,237.086790049,253.536079212
417695,0.0694768795742,0.218186130033,0.22850962747,217.750628776,228.053520429
418296,0.0695768463074,0.183839999049,0.199518422698,183.473052943,199.120182333
418897,0.0696768130406,0.160573955008,0.173310218271,160.253448112,172.964289691
419498,0.0697767797738,0.139886479024,0.146365898566,139.607264495,146.073751063
420099,0.069876746507,0.127475063632,0.129197292787,127.220622387,128.939413959
420700,0.0699767132402,0.123996699813,0.125297096658,123.74920141,125.047002653
421301,0.0700766799734,0.123768470027,0.124396948398,123.521427172,124.148651096
421902,0.0701766467066,0.128534278174,0.126998057116,128.277722729,126.74456798
422503,0.0702766134398,0.13660028275,0.134920052001,136.327627495,134.6507505
423104,0.070376580173,0.140867053568,0.140167372575,140.585881804,139.887597381
423705,0.0704765469062,0.134398167769,0.130080261973,134.129907953,129.820620731
424306,0.0705765136394,0.140095480772,0.133954863313,139.815849074,133.687488336
424907,0.0706764803726,0.134571720408,0.129953160246,134.30311418,129.6937727
425508,0.0707764471058,0.133678623104,0.13207027348,133.411799505,131.806660159
426109,0.070876413839,0.142695955195,0.144084836649,142.411132929,143.797242164
426710,0.0709763805722,0.153786394007,0.152558215211,153.479435136,152.253707795
427311,0.0710763473054,0.161043569201,0.159302465943,160.722124952,158.984496949
427912,0.0711763140386,0.17683330465,0.169532692253,176.480343962,169.194303646
428513,0.0712762807718,0.198411242867,0.181806815163,198.015212442,181.443927308
429114,0.071376247505,0.208081036278,0.191013430253,207.665704868,190.632165921
429715,0.0714762142382,0.187471529131,0.173671674008,187.097334462,173.32502396
430316,0.0715761809714,0.198117328636,0.179903802571,197.721884866,179.544713145
430917,0.0716761477046,0.199338358581,0.188273703924,198.940477626,187.897908108
431518,0.0717761144378,0.201635725456,0.191904358877,201.233258938,191.521316244
432119,0.071876081171,0.232496069335,0.223727753366,232.032005325,223.281190984
432720,0.0719760479042,0.247301912068,0.231332462153,246.808295477,230.870720712
433321,0.0720760146374,0.271776922236,0.257494874362,271.23445333,256.980912537
433922,0.0721759813706,0.282790500351,0.272324018642,282.226048255,271.780457727
434523,0.0722759481038,0.296922689652,0.296065861911,296.330029593,295.474912087
435124,0.072375914837,0.315203996298,0.324662419984,314.574846605,324.014391202
435725,0.0724758815702,0.313612371617,0.328397929444,312.986398819,327.742444555
436326,0.0725758483034,0.264535141324,0.266274408654,264.00712707,265.742922808
436927,0.0726758150366,0.220345727948,0.217848940504,219.905916116,217.41411228
437528,0.0727757817698,0.201860051489,0.194638370775,201.457137214,194.249871033
438129,0.072875748503,0.206681493325,0.195145029521,206.268955414,194.755518484
438730,0.0729757152362,0.226654636859,0.215190087797,226.202232394,214.760566663
439331,0.0730756819694,0.236127414511,0.227439957833,235.656102306,226.985985862
439932,0.0731756487026,0.242857295944,0.224811048968,242.372550842,224.362324319
440533,0.0732756154358,0.276694383314,0.262292095971,276.142099116,261.768558853
441134,0.073375582169,0.312268775995,0.312147375325,311.645485025,311.524326671
441735,0.0734755489022,0.341411259176,0.352694594896,340.729799577,351.990613669
442336,0.0735755156354,0.369175069047,0.401292996873,368.438192662,400.492012847
442937,0.0736754823686,0.373605570877,0.414822377776,372.859851174,413.994388998
443538,0.0737754491018,0.382280762934,0.426040751655,381.517727479,425.190370913
444139,0.073875415835,0.395155002363,0.432750522861,394.366269823,431.886749362
444740,0.0739753825682,0.406493188914,0.45592490074,405.681825263,455.014870998
445341,0.0740753493014,0.49212621662,0.530540617589,491.143928762,529.481654281
445942,0.0741753160346,0.542504416346,0.562070944012,541.421573199,560.94904592
446543,0.0742752827678,0.584284364963,0.622437295952,583.118128705,621.194906139
447144,0.074375249501,0.559840559981,0.621670192481,558.723113753,620.429333813
447745,0.0744752162342,0.498524452861,0.578461973766,497.529394073,577.307359048
448346,0.0745751829674,0.404882071588,0.46852918258,404.073923741,467.593994591
448947,0.0746751497006,0.40434003157,0.447702625082,403.532965638,446.809007068
449548,0.0747751164338,0.44376200126,0.503211179147,442.876248763,502.206765616
450149,0.074875083167,0.564193125728,0.631493196022,563.066991744,630.232730561
450750,0.0749750499002,0.435914144019,0.474130332666,435.044055907,473.183964737
451351,0.0750750166334,0.359901571364,0.35421392078,359.183204954,353.506906966
451952,0.0751749833666,0.36294676447,0.359120960041,362.22231983,358.404151737
452553,0.0752749500998,0.351267499461,0.365752103042,350.566366727,365.022058924
453154,0.075374916833,0.315173854066,0.330530428926,314.544764537,329.870687551
453755,0.0754748835662,0.315423459051,0.327252691659,314.793871309,326.599492673
454356,0.0755748502994,0.29604165389,0.309544294113,295.450752385,308.926441231
454957,0.0756748170326,0.266018532236,0.280066621761,265.487557121,279.507606548
455558,0.0757747837658,0.268577243487,0.26651560306,268.041161165,265.983635788
456159,0.075874750499,0.27519656742,0.256969795706,274.647272874,256.456881942
456760,0.0759747172322,0.315260833647,0.290371638227,314.631570506,289.792054119
457361,0.0760746839654,0.334847900143,0.311513478656,334.179541061,310.891695266
457962,0.0761746506986,0.365374772775,0.348956982453,364.645481811,348.26046153
458563,0.0762746174318,0.34022856417,0.342030404588,339.54946524,341.34770917
459164,0.076374584165,0.326319461156,0.328628114361,325.668124906,327.972170021
459765,0.0764745508982,0.305283988573,0.306163890615,304.674639294,305.552785045
460366,0.0765745176314,0.3445049137,0.348206837424,343.817279142,347.511813796
460967,0.0766744843646,0.365118824317,0.366197340514,364.390044229,365.466407698
461568,0.0767744510978,0.371603780349,0.36631638037,370.862056236,365.58520995
462169,0.076874417831,0.334735420123,0.338923032089,334.067285551,338.246539011
462770,0.0769743845642,0.321424335088,0.327200447251,320.782769549,326.547352546
463371,0.0770743512974,0.322545922181,0.33066589473,321.902117945,330.005882964
463972,0.0771743180306,0.378286381262,0.41059741989,377.531318625,409.777864162
464573,0.0772742847638,0.334025945626,0.355691952497,333.359227172,354.98198852
465174,0.077374251497,0.265775052925,0.28076889885,265.244563797,280.208481886
465775,0.0774742182302,0.239226551556,0.258827950727,238.749053449,258.311328071
466376,0.0775741849634,0.237269923511,0.269587607261,236.79633085,269.049508244
466977,0.0776741516966,0.233987585673,0.266312952181,233.520544584,265.781389403
467578,0.0777741184298,0.212826629497,0.251872454338,212.401825845,251.369714908
468179,0.077874085163,0.21356482758,0.250848069352,213.138550479,250.347374602
468780,0.0779740518962,0.211079018491,0.248042275272,210.657703084,247.547180911
469381,0.0780740186294,0.194177812118,0.234798490506,193.790231655,234.329830844
469982,0.0781739853626,0.181583149799,0.217669071358,181.220708382,217.234602154
470583,0.0782739520958,0.173992299049,0.205353171857,173.645009031,204.943285286
471184,0.078373918829,0.189950643175,0.220227464616,189.571500175,219.787888838
471785,0.0784738855622,0.20532011985,0.231726820304,204.910299252,231.26429172
472386,0.0785738522954,0.231885925533,0.253114366082,231.423079374,252.609147786
472987,0.0786738190286,0.219630455643,0.243489970047,219.1920715,243.003962123
473588,0.0787737857618,0.233212466587,0.254521861268,232.746972642,254.013833601
474189,0.078873752495,0.267473729924,0.295243660441,266.939850223,294.654351737
474790,0.0789737192282,0.277696123539,0.308423690796,277.14183986,307.808074647
475391,0.0790736859614,0.266325233366,0.29461625317,265.793646073,294.028196776
475992,0.0791736526946,0.257677974767,0.270619123313,257.163647473,270.078965382
476593,0.0792736194278,0.258487964508,0.264910484705,257.972020467,264.381721262
477194,0.079373586161,0.238096921301,0.250916024715,237.621677946,250.415194326
477795,0.0794735528942,0.217350114385,0.231307612568,216.916281821,230.845920726
478396,0.0795735196274,0.212225427326,0.225111698115,211.801823678,224.662373368
478997,0.0796734863606,0.220349692626,0.23887269874,219.90987288,238.395906926
479598,0.0797734530938,0.246438011733,0.273009497612,245.946119494,272.464568475
480199,0.079873419827,0.261030895654,0.28998078969,260.509875902,289.401985718
480800,0.0799733865602,0.290422999991,0.308494957002,289.843313364,307.879198605
481401,0.0800733532934,0.325965061038,0.347713483567,325.314432174,347.019444678
482002,0.0801733200266,0.404027622053,0.442614192954,403.221179694,441.730731491
482603,0.0802732867598,0.510057831844,0.568709837281,509.039752339,567.574687905
483204,0.080373253493,0.479868977821,0.530262635929,478.91115551,529.204227474
483805,0.0804732202262,0.55691516701,0.642903959375,555.803559891,641.620717939
484406,0.0805731869594,0.514026516049,0.614157988462,513.000515019,612.932124214
485007,0.0806731536926,0.515446554527,0.587270232338,514.417719089,586.098036265
485608,0.0807731204258,0.608884528891,0.7073387898,607.66919051,705.926935928
486209,0.080873087159,0.564536049601,0.65498489898,563.409231139,653.677543893
486810,0.0809730538922,0.551361760918,0.617515642209,550.261238441,616.283076057
487411,0.0810730206254,0.442442679239,0.501412449337,441.559560119,500.411626084
488012,0.0811729873586,0.338777735998,0.384538994387,338.101532932,383.771451484
488613,0.0812729540918,0.339196716842,0.388893558864,338.519677487,388.117324215
489214,0.081372920825,0.347708668073,0.411471666883,347.014638795,410.650366151
489815,0.0814728875582,0.344546157665,0.392299319749,343.858440783,391.516287174
490416,0.0815728542914,0.316881066014,0.345464108813,316.248568876,344.774559694
491017,0.0816728210246,0.34674633088,0.364360274723,346.054222435,363.633008705
491618,0.0817727877578,0.346810099876,0.390432927351,346.117864147,389.653620111
492219,0.081872754491,0.28740221965,0.329973634329,286.828562525,329.31500432
492820,0.0819727212242,0.244819516794,0.282088705504,244.330855084,281.525654196
493421,0.0820726879574,0.241079014662,0.277392920729,240.597819024,276.839242244
494022,0.0821726546906,0.282694473545,0.332381809409,282.130213118,331.718372664
494623,0.0822726214238,0.310726903431,0.351861260035,310.106690051,351.158942151
495224,0.082372588157,0.304276087742,0.350192370472,303.668750242,349.493383705
495825,0.0824725548902,0.266639281661,0.294342362419,266.107067526,293.754852714
496426,0.0825725216234,0.248065196975,0.270658407939,247.570056861,270.118171596
497027,0.0826724883566,0.230393617203,0.243006715536,229.933749703,242.521672191
497628,0.0827724550898,0.232535617231,0.229858331982,232.071474282,229.399532916
498229,0.082872421823,0.249764783762,0.244772073247,249.26625126,244.283506235
498830,0.0829723885562,0.260382768791,0.259736612078,259.863042705,259.218175726
499431,0.0830723552894,0.287731390722,0.293124732235,287.157076569,292.539652929
500032,0.0831723220226,0.277943896549,0.294693179676,277.389118312,294.104969736
500633,0.0832722887558,0.242070692111,0.257043299441,241.587517077,256.530238963
501234,0.083372255489,0.23317402632,0.243098237663,232.708609102,242.613011639
501835,0.0834722222222,0.259336366525,0.273221103378,258.818729067,272.675751874
502436,0.0835721889554,0.305764062241,0.313008444215,305.153754731,312.383676861
503037,0.0836721556886,0.350151339733,0.359054578476,349.452434864,358.337902671
503638,0.0837721224218,0.383176387149,0.377344331232,382.411564021,376.591148934
504239,0.083872089155,0.416281759019,0.399448478252,415.450857304,398.6511759
504840,0.0839720558882,0.40161478699,0.391076088879,400.813160669,390.295497883
505441,0.0840720226214,0.369166044445,0.368514618854,368.429186073,367.779060732
506042,0.0841719893546,0.340136951777,0.338757287651,339.458035706,338.081125401
506643,0.0842719560878,0.335195526537,0.336573583261,334.52647359,335.901779702
507244,0.084371922821,0.349154094139,0.359447780164,348.45717978,358.730319525
507845,0.0844718895542,0.409031254952,0.418327268604,408.214825301,417.492284036
508446,0.0845718562874,0.478794224395,0.479890819843,477.8385473,478.932953935
509047,0.0846718230206,0.490680295331,0.471719906202,489.700893544,470.778349503
509648,0.0847717897538,0.595160463131,0.585219494268,593.972518094,584.051391485
510249,0.084871756487,0.641536840454,0.653818855583,640.256327799,652.513827927
510850,0.0849717232202,0.646374897596,0.659023531535,645.08472814,657.708115304
511451,0.0850716899534,0.732987864856,0.818023178561,731.524815226,816.390397765
512052,0.0851716566866,0.814338653292,0.886287436481,812.713226838,884.518399682
512653,0.0852716234198,0.909947779159,0.989906425432,908.131516127,987.930564303
513254,0.085371590153,0.715944566652,0.79245182679,714.515535581,790.870086617
513855,0.0854715568862,0.524827590556,0.576009446601,523.780030495,574.859727147
514456,0.0855715236194,0.475276568913,0.516366371518,474.327913086,515.335700118
515057,0.0856714903526,0.591053968232,0.611905431472,589.874219793,610.684063346
515658,0.0857714570858,0.833716407048,0.8762463079,832.052302443,874.497313274
516259,0.085871423819,0.845393231933,0.929281300695,843.705820293,927.426447799
516860,0.0859713905522,0.787542383745,0.937317763061,785.970442859,935.446869322
517461,0.0860713572854,0.730611826245,0.893539582039,729.153519207,891.7560699
518062,0.0861713240186,0.60714856994,0.701073679356,605.936696547,699.674330695
518663,0.0862712907518,0.504265062367,0.547017655571,503.258545276,545.925803963
519264,0.086371257485,0.488808362708,0.526276295664,487.832697313,525.225843977
519865,0.0864712242182,0.439095471015,0.508269181981,438.219032949,507.254672636
520466,0.0865711909514,0.409902666201,0.488289384357,409.084497207,487.314754847
521067,0.0866711576846,0.365926192092,0.433510184837,365.195800491,432.644895047
521668,0.0867711244178,0.314851784046,0.370005282629,314.223337371,369.266749131
522269,0.086871091151,0.314770881736,0.347921870702,314.142596543,347.22741587
522870,0.0869710578842,0.333420228087,0.371988962437,332.75471865,371.246469498
523471,0.0870710246174,0.364574836838,0.421076488736,363.847142553,420.236016703
524072,0.0871709913506,0.334476392096,0.400120524521,333.808774547,399.32188076
524673,0.0872709580838,0.316904564459,0.378662570805,316.272020419,377.90675729
525274,0.087370924817,0.30566404943,0.364653794397,305.053941547,363.925942512
525875,0.0874708915502,0.282941531717,0.339607209489,282.37677816,338.929350787
526476,0.0875708582834,0.256017170115,0.297053919921,255.506157799,296.460997926
527077,0.0876708250166,0.298460256877,0.333094364272,297.864527821,332.429505261
527678,0.0877707917498,0.314342543676,0.360466262088,313.715113449,359.74676855
528279,0.087870758483,0.297961311119,0.330441203554,297.366577963,329.781640273
528880,0.0879707252162,0.272329712507,0.295263698763,271.786140227,294.674350063
529481,0.0880706919494,0.253739998598,0.272235217219,253.233531535,271.691833552
530082,0.0881706586826,0.243384188913,0.270011158991,242.898392129,269.472214562
530683,0.0882706254158,0.22748978853,0.249013889836,227.035717095,248.516856124
531284,0.088370592149,0.239141861823,0.26972539419,238.664532758,269.18702015
531885,0.0884705588822,0.245975472519,0.276527175884,245.484503512,275.975225434
532486,0.0885705256154,0.235332894555,0.260751610027,234.863168219,260.231147731
533087,0.0886704923486,0.269383179892,0.291314371045,268.845488914,290.732905234
533688,0.0887704590818,0.243055383446,0.261151228845,242.57024296,260.629968908
534289,0.088870425815,0.197079852243,0.21306062988,196.686479285,212.635359161
534890,0.0889703925482,0.174674662327,0.18942117646,174.326010306,189.04309028
535491,0.0890703592814,0.183117723651,0.1926879815,182.752219213,192.303374751
536092,0.0891703260146,0.194197690364,0.202829643133,193.810070223,202.424793546
536693,0.0892702927478,0.197763556591,0.208344019082,197.368818953,207.928162757
537294,0.089370259481,0.192035093539,0.204765184399,191.651789959,204.356471456
537895,0.0894702262142,0.192206540097,0.207754582302,191.822894308,207.339902497
538496,0.0895701929474,0.187577538202,0.202429679477,187.203131938,202.025628221
539097,0.0896701596806,0.207230693078,0.221561179769,206.81705896,221.118941886
539698,0.0897701264138,0.210607444559,0.227423996003,210.187070419,226.970055891
540299,0.089870093147,0.201717511807,0.219779397242,201.314882042,219.340715811
540900,0.0899700598802,0.185921600409,0.201226975711,185.55049941,200.825325061
541501,0.0900700266134,0.159618876166,0.170063948519,159.300275615,169.72449952
542102,0.0901699933466,0.135326979933,0.143868890704,135.056866201,143.581727249
542703,0.0902699600798,0.123495883985,0.129732009957,123.249385214,129.47306383
543304,0.090369926813,0.123056698837,0.125402556483,122.811076684,125.152251979
543905,0.0904698935462,0.128641493464,0.126684528618,128.384724016,126.431665287
544506,0.0905698602794,0.122566772375,0.120487811829,122.322128118,120.247317194
545107,0.0906698270126,0.120840536765,0.11880641624,120.599338089,118.569277684
545708,0.0907697937458,0.122807334729,0.121763384679,122.562210309,121.520343991
546309,0.090869760479,0.132934522501,0.134809892829,132.669184133,134.540811206
546910,0.0909697272122,0.150301977992,0.158289925064,150.001974044,157.97397711
547511,0.0910696939454,0.152563500429,0.167228700148,152.258982464,166.894910327
548112,0.0911696606786,0.141135000179,0.157898645298,140.853293592,157.583478342
548713,0.0912696274118,0.13405919709,0.151358311118,133.791613862,151.056198721
549314,0.091369594145,0.138889440409,0.150921928194,138.612215977,150.620686821
549915,0.0914695608782,0.158305002402,0.170676832313,157.989024353,170.336159993
550516,0.0915695276114,0.176688280979,0.184499368752,176.33560976,184.131106539
551117,0.0916694943446,0.185523562688,0.191652600579,185.153256176,191.270060458
551718,0.0917694610778,0.238898806415,0.252096092162,238.42196249,251.592906349
552319,0.091869427811,0.26046262056,0.27892436058,259.94273509,278.36762533
552920,0.0919693945442,0.303652691119,0.311543289704,303.046597924,310.921446811
553521,0.0920693612774,0.381213937427,0.402492514749,380.453031364,401.689136476
554122,0.0921693280106,0.414761292011,0.457934814395,413.933425161,457.020772849
554723,0.0922692947438,0.42563072386,0.481643248884,424.781161537,480.681885114
555324,0.092369261477,0.49628656479,0.584572628644,495.295972844,583.40581701
555925,0.0924692282102,0.582716456326,0.721995598109,581.553349626,720.55448913
556526,0.0925691949434,0.613497017601,0.756048972534,612.272472656,754.539892749
557127,0.0926691616766,0.561136281021,0.690379398439,560.016248524,689.001395648
557728,0.0927691284098,0.502854115714,0.566305673572,501.850414884,565.175322926
558329,0.092869095143,0.390384028241,0.440826225659,389.604818604,439.946332993
558930,0.0929690618762,0.305753009477,0.333718909956,305.142724029,333.052804348
559531,0.0930690286094,0.281768700863,0.301205842896,281.206288286,300.604633629
560132,0.0931689953426,0.286379912198,0.308504894492,285.808295606,307.889116259
560733,0.0932689620758,0.261012487119,0.280521390938,260.49150411,279.961468002
561334,0.093368928809,0.221372088298,0.236478373209,220.930227843,236.006360488
561935,0.0934688955422,0.215724188213,0.227640812371,215.293601011,227.186439492
562536,0.0935688622754,0.224747200438,0.242018583652,224.298603231,241.535512627
563137,0.0936688290086,0.253597543196,0.276839397935,253.091360475,276.286824287
563738,0.0937687957418,0.307667439501,0.344711194155,307.053332835,344.02314786
564339,0.093868762475,0.346237777225,0.393541033115,345.546683858,392.755522071
564940,0.0939687292083,0.380322950402,0.433481106633,379.563822757,432.615874883
565541,0.0940686959415,0.389403517244,0.447017149253,388.626264715,446.124899454
566142,0.0941686626747,0.397775462808,0.477727097283,396.981499808,476.773550182
566743,0.0942686294079,0.430529029601,0.516888948826,429.66969022,515.857234357
567344,0.0943685961411,0.489448891642,0.610880249336,488.471947747,609.660927481
567945,0.0944685628743,0.617902166353,0.748401503635,616.668828696,746.907688259
568546,0.0945685296075,0.758847337588,0.964358387337,757.332672243,962.433520297
569147,0.0946684963407,0.959463466585,1.25084129348,957.548369845,1248.34460427
569748,0.0947684630739,0.877927296961,1.14562518464,876.174947067,1143.33850763
570349,0.0948684298071,0.937365629556,1.18099821515,935.494640275,1178.64093328
570950,0.0949683965403,0.770178804032,0.966036435538,768.64152099,964.1082191
571551,0.0950683632735,0.611055000702,0.775480303106,609.835330041,773.932438229
572152,0.0951683300067,0.673937373204,0.914214636248,672.592188826,912.389856535
572753,0.0952682967399,0.739871818851,0.999122307907,738.395028793,997.128051803
573354,0.0953682634731,0.679366560811,0.901500928541,678.010539731,899.70152549
573955,0.0954682302063,0.802696952765,1.02966163563,801.094763239,1027.60642278
574556,0.0955681969395,0.894237202035,1.10554408336,892.45229744,1103.33740855
575157,0.0956681636727,0.771738569267,0.945395792418,770.198172921,943.508774868
575758,0.0957681304059,0.576378323767,0.683845689141,575.227868031,682.480727686
576359,0.0958680971391,0.490271351994,0.580966203407,489.292766461,579.806590227
576960,0.0959680638723,0.517620228272,0.614607542159,516.587054163,613.380780597
577561,0.0960680306055,0.463880715405,0.558567847318,462.954805794,557.452941435
578162,0.0961679973387,0.377439744334,0.488977607379,376.686371591,488.001604171
578763,0.0962679640719,0.308295631918,0.383211599988,307.680271375,382.446706575
579364,0.0963679308051,0.273364482138,0.333938611437,272.818844449,333.272067303
579965,0.0964678975383,0.267329040371,0.322898105735,266.795449472,322.253598538
580566,0.0965678642715,0.27896290478,0.314977979712,278.406092595,314.34928115
581167,0.0966678310047,0.311858980544,0.345078633061,311.236507529,344.389853354
581768,0.0967677977379,0.36047561829,0.406661212258,359.756106078,405.849513232
582369,0.0968677644711,0.377830444117,0.429938337885,377.076291533,429.08017753
582970,0.0969677312043,0.370308018992,0.432349963156,369.568881229,431.486989178
583571,0.0970676979375,0.359053984143,0.421293469065,358.337309524,420.452563937
584172,0.0971676646707,0.357619223354,0.412381332093,356.905412529,411.558215662
584773,0.0972676314039,0.361243734401,0.392890258268,360.522689023,392.106046176
585374,0.0973675981371,0.42989913568,0.445134773897,429.041053573,444.246281334
585975,0.0974675648703,0.476793347091,0.49720866405,475.841663764,496.216231587
586576,0.0975675316035,0.580045432121,0.604839187602,578.887656808,603.631923754
587177,0.0976674983367,0.64375875163,0.688866634175,642.473804021,687.491650874
587778,0.0977674650699,0.683027575516,0.743660897801,681.664247022,742.176544711
588379,0.0978674318031,0.798559047469,0.893078270973,796.965117235,891.295679614
588980,0.0979673985363,0.92295490316,1.05252290537,921.112677804,1050.42206125
589581,0.0980673652695,0.813235612853,0.892751875363,811.612388077,890.969935492
590182,0.0981673320027,0.637027641209,0.729254073217,635.756128951,727.798476264
590783,0.0982672987359,0.480949869316,0.541078451106,479.989889537,539.998454198
591384,0.0983672654691,0.456384165163,0.5102136573,455.473218726,509.195266766
591985,0.0984672322023,0.477218324471,0.54621963919,476.265792886,545.129380429
592586,0.0985671989355,0.499159228141,0.580394723032,498.162902336,579.236250531
593187,0.0986671656687,0.408624491872,0.4839046791,407.808874124,482.938801497
593788,0.0987671324019,0.314911309906,0.366632527719,314.282744418,365.900726266
594389,0.0988670991351,0.316043015001,0.365224207441,315.41219062,364.495217007
594990,0.0989670658683,0.31937846484,0.360983576,318.740982874,360.263049901
595591,0.0990670326015,0.301153570409,0.335116238618,300.552465478,334.44734393
596192,0.0991669993347,0.289591985416,0.30641200001,289.013957501,305.800399212
596793,0.0992669660679,0.255010860402,0.267706604979,254.501856689,267.172260458
597394,0.0993669328011,0.228348953627,0.240421295365,227.893167293,239.94141254
597995,0.0994668995343,0.239689186713,0.250726235528,239.210765182,250.22578396
598596,0.0995668662675,0.24200648411,0.254055555355,241.523437236,253.548458438
599197,0.0996668330007,0.275245904957,0.283848469011,274.696511933,283.281905201
599798,0.0997667997339,0.279986870493,0.295581867203,279.428014464,294.991883436
600399,0.0998667664671,0.288712514453,0.291736105792,288.136241969,291.153798196
601000,0.0999667332003,0.320913358654,0.322496028498,320.272813028,321.85232385
601201,0.100000166334,0.321236600757,0.322489220077,320.595409937,321.845529019
