200,3.32667997339e-05,0.0109859232899,0.00401092480257,10.9639952993,4.00291896464
400,6.65335994677e-05,0.0119520461531,0.00524028767219,11.9281897736,5.22982801616
600,9.98003992016e-05,0.0142309697254,0.007890670778,14.2025645962,7.87492093612
800,0.000133067198935,0.0180075106252,0.0121130990986,17.9715674902,12.088921256
1000,0.000166333998669,0.0225853050061,0.0172628653669,22.540224557,17.2284085498
1200,0.000199600798403,0.0278783729395,0.0234064171385,27.8227274846,23.359697743
1400,0.000232867598137,0.0335790401184,0.0299772294089,33.5120160862,29.9173946197
1600,0.000266134397871,0.0396699947544,0.0369460498556,39.5908131282,36.8723052452
1800,0.000299401197605,0.0450101444479,0.0429489464092,44.9203038403,42.8632199693
2000,0.000332667997339,0.0508382421459,0.0496341682246,50.7367686087,49.5350980285
2200,0.000365934797073,0.0562142374279,0.0557053647457,56.1020333611,55.5941763929
2400,0.000399201596806,0.0619218661792,0.062848666261,61.7982696399,62.7232198213
2600,0.00043246839654,0.0669834859787,0.0676783641099,66.8497864059,67.5432775548
2800,0.000465735196274,0.0733958220915,0.073321082436,73.2493234446,73.1747329701
3000,0.000499001996008,0.0838237045986,0.0833018714808,83.656391815,83.1356002803
3200,0.000532268795742,0.0961084374413,0.0955457918067,95.9166042328,95.3550816434
3400,0.000565535595476,0.106864340413,0.10552294234,106.651038336,105.312317705
3600,0.00059880239521,0.123647892974,0.120900301753,123.401090793,120.658983785
3800,0.000632069194943,0.132994395252,0.131138079562,132.728937377,130.876326908
4000,0.000665335994677,0.145490501287,0.144571350317,145.200101085,144.282784748
4200,0.000698602794411,0.1558506205,0.156246965209,155.539541417,155.935095019
4400,0.000731869594145,0.158680180715,0.160504704386,158.363453807,160.184335714
4600,0.000765136393879,0.180472945349,0.18801644128,180.112719909,187.641158962
4800,0.000798403193613,0.180751015209,0.189684345173,180.390234739,189.305733706
5000,0.000831669993347,0.173819315553,0.180746570686,173.472370811,180.385799088
5200,0.000864936793081,0.191688549142,0.202778172962,191.305937268,202.37342611
5400,0.000898203592814,0.210391499135,0.228931471359,209.971556023,228.474522314
5600,0.000931470392548,0.219470976105,0.249421140738,219.032910284,248.92329415
5800,0.000964737192282,0.229201953962,0.26043812529,228.744465032,259.918288712
6000,0.000998003992016,0.21756781241,0.245699453511,217.133545319,245.20903544
6200,0.00103127079175,0.215545797903,0.244307219476,215.11556677,243.819580316
6400,0.00106453759148,0.223398051523,0.254408016703,222.952147228,253.900216271
6600,0.00109780439122,0.224930542798,0.253342702134,224.481579638,252.837028078
6800,0.00113107119095,0.227322862539,0.258506147135,226.86912429,257.990166801
7000,0.00116433799069,0.21385573812,0.2436973942,213.428880359,243.210972256
7200,0.00119760479042,0.205184936541,0.232409813969,204.775385769,231.945922125
7400,0.00123087159015,0.18956887747,0.216212478711,189.190496477,215.780916877
7600,0.00126413838989,0.178578940402,0.202481060748,178.222495411,202.076906934
7800,0.00129740518962,0.183674659781,0.212579138067,183.308043694,212.15482841
8000,0.00133067198935,0.191033986446,0.212348493047,190.652681084,211.92464376
8200,0.00136393878909,0.205937547299,0.227796012055,205.52649431,227.341329396
8400,0.00139720558882,0.22014894042,0.241993767411,219.709521377,241.510745919
8600,0.00143047238856,0.22325776717,0.247837454262,222.812142884,247.342768725
8800,0.00146373918829,0.209503495228,0.220263965673,209.085324579,219.824317039
9000,0.00149700598802,0.208741249523,0.208430640304,208.324600322,208.014611081
9200,0.00153027278776,0.20873636065,0.215903664021,208.319721208,215.472718584
9400,0.00156353958749,0.198936822654,0.21452492169,198.539743167,214.096728233
9600,0.00159680638723,0.208370175238,0.231225781849,207.954266705,230.764253342
9800,0.00163007318696,0.22379676851,0.249038210654,223.350068373,248.541128397
10000,0.00166333998669,0.247149149401,0.269179708949,246.655837726,268.6424241
10200,0.00169660678643,0.263650174534,0.288841481866,263.12392668,288.264951962
10400,0.00172987358616,0.2922569318,0.32605134783,291.67358463,325.400546737
10600,0.00176314038589,0.285108303088,0.321615512037,284.539224639,320.973564907
10800,0.00179640718563,0.287292995218,0.323373200037,286.719556105,322.727744548
11000,0.00182967398536,0.284918567819,0.329000139071,284.349868083,328.343452167
11200,0.0018629407851,0.260343960982,0.311838265386,259.824312357,311.215833718
11400,0.00189620758483,0.223909398889,0.27956402349,223.462473941,279.006011467
11600,0.00192947438456,0.203536281946,0.248431301852,203.130021902,247.93543099
11800,0.0019627411843,0.203670540839,0.237490030547,203.264012814,237.01599855
12000,0.00199600798403,0.205336704145,0.230480644932,204.926850444,230.020603725
12200,0.00202927478377,0.219720522856,0.234512897531,219.281958938,234.044807915
12400,0.0020625415835,0.208590922178,0.223463614173,208.174573032,223.017579015
12600,0.00209580838323,0.210541418669,0.238354065171,210.121176316,237.878308554
12800,0.00212907518297,0.198454921343,0.225408287639,198.058803736,224.958370898
13000,0.0021623419827,0.185220783005,0.204662623608,184.851080843,204.254115377
13200,0.00219560878244,0.176020027481,0.186500235513,175.668690101,186.127979554
13400,0.00222887558217,0.170353974331,0.178348451242,170.013946438,177.992466309
13600,0.0022621423819,0.177107056706,0.188147529497,176.753549607,187.771985526
13800,0.00229540918164,0.159141584354,0.171636311352,158.823936481,171.293723904
14000,0.00232867598137,0.144300210715,0.154434443262,144.012186342,154.12619088
14200,0.0023619427811,0.153664756133,0.166468436548,153.358040053,166.136164219
14400,0.00239520958084,0.172641540065,0.1819019969,172.296946173,181.538919062
14600,0.00242847638057,0.197645156617,0.205148036619,197.250655306,204.7385595
14800,0.00246174318031,0.216066026924,0.224675953244,215.634757409,224.227498248
15000,0.00249500998004,0.209088070034,0.219665750251,208.670728577,219.22729566
15200,0.00252827677977,0.19997683125,0.213718299068,199.577675898,213.291715637
15400,0.00256154357951,0.185045200283,0.195571445996,184.675848586,195.181083829
15600,0.00259481037924,0.182798917337,0.192698979364,182.434049239,192.314350663
15800,0.00262807717898,0.188734875871,0.201052425473,188.358159552,200.651123227
16000,0.00266134397871,0.195830487599,0.209812432449,195.439608382,209.393645159
16200,0.00269461077844,0.202297443666,0.219185807555,201.893656353,218.748310933
16400,0.00272787757818,0.210181612781,0.225106339763,209.762088604,224.657025712
16600,0.00276114437791,0.206582013808,0.22221728704,206.169674459,221.77373956
16800,0.00279441117764,0.22151038067,0.2322164675,221.068244181,231.752961577
17000,0.00282767797738,0.240838619815,0.251455782513,240.357904007,250.953874764
17200,0.00286094477711,0.225104649308,0.234577190302,224.655338631,234.108972358
17400,0.00289421157685,0.229920534793,0.241259605036,229.46161157,240.778048938
17600,0.00292747837658,0.2403393313,0.251584660538,239.859612076,251.082495547
17800,0.00296074517631,0.271869008881,0.280273620292,271.326356169,279.714191908
18000,0.00299401197605,0.325813466607,0.33431379726,325.163140326,333.646504251
18200,0.00302727877578,0.408176611146,0.431170452323,407.361887371,430.309832657
18400,0.00306054557552,0.475730245668,0.503870761968,474.7806843,502.865031904
18600,0.00309381237525,0.462000586833,0.493709924073,461.078429974,492.724475122
18800,0.00312707917498,0.465751613571,0.504836677288,464.821969632,503.829019249
19000,0.00316034597472,0.423346206141,0.50543164751,422.501203733,504.422801906
19200,0.00319361277445,0.363613654828,0.447889411466,362.88787907,446.995420625
19400,0.00322687957418,0.28944100105,0.347607353669,288.863274501,346.913526616
19600,0.00326014637392,0.256575829702,0.314633344248,256.063702297,314.00533358
19800,0.00329341317365,0.197456485791,0.241925504,197.062361068,241.442618762
20000,0.00332667997339,0.163065803459,0.195577251217,162.740322814,195.186877462
20200,0.00335994677312,0.15287788613,0.180901408444,152.572740649,180.540327788
20400,0.00339321357285,0.14018404051,0.162886582144,139.904232045,162.561459226
20600,0.00342648037259,0.132515399309,0.154758681542,132.250897514,154.449781978
20800,0.00345974717232,0.120869742484,0.142290578489,120.628485513,142.006565358
21000,0.00349301397206,0.11789991968,0.133558617835,117.664590499,133.292033767
21200,0.00352628077179,0.122585131086,0.132990425809,122.340450185,132.724975857
21400,0.00355954757152,0.136552912956,0.146612320932,136.280352251,146.319681569
21600,0.00359281437126,0.138544214318,0.154155306962,138.26767896,153.847611738
21800,0.00362608117099,0.128687980163,0.142010029065,128.431117928,141.726575913
22000,0.00365934797073,0.131322002988,0.140301246238,131.059883222,140.02120383
22200,0.00369261477046,0.134647826816,0.142385591341,134.379068678,142.101388564
22400,0.00372588157019,0.145078886707,0.154112312369,144.789308091,153.804702963
22600,0.00375914836993,0.161991690026,0.17165342406,161.668353319,171.310802455
22800,0.00379241516966,0.18400708355,0.200017669881,183.639803942,199.618433015
23000,0.00382568196939,0.201850653865,0.228857674955,201.447758348,228.400873208
23200,0.00385894876913,0.223098860267,0.269541103264,222.65355316,269.00309707
23400,0.00389221556886,0.223835205004,0.280907327332,223.388428148,280.346634064
23600,0.0039254823686,0.212138277727,0.261720810871,211.714848031,261.198414043
23800,0.00395874916833,0.203227817542,0.24251527143,202.822173196,242.031209012
24000,0.00399201596806,0.190415353682,0.220679897962,190.035283116,220.239419124
24200,0.0040252827678,0.205849583527,0.227602619872,205.438706115,227.148323226
24400,0.00405854956753,0.226356459444,0.250630869298,225.904650144,250.130608082
24600,0.00409181636727,0.227872954015,0.264086268833,227.418117779,263.559150531
24800,0.004125083167,0.225940291475,0.268949637598,225.48931285,268.412811974
25000,0.00415834996673,0.210823825875,0.254964113721,210.403019835,254.455203315
25200,0.00419161676647,0.219202600082,0.250190912366,218.765069942,249.691529308
25400,0.0042248835662,0.219428891642,0.242177554615,218.990909823,241.694166283
25600,0.00425815036593,0.242759966097,0.259528457319,242.275415266,259.010436446
25800,0.00429141716567,0.299728517729,0.32312492835,299.130257214,322.479968413
26000,0.0043246839654,0.332218180204,0.347602811312,331.555070064,346.908993326
26200,0.00435795076514,0.343537695929,0.348976224666,342.851991945,348.279665336
26400,0.00439121756487,0.373395837767,0.398881237553,372.650536693,398.085067418
26600,0.0044244843646,0.353763490746,0.369448520677,353.057375994,368.71109848
26800,0.00445775116434,0.432636801948,0.442524662685,431.773255437,441.641379925
27000,0.00449101796407,0.441622348345,0.456167015413,440.740866612,455.256502408
27200,0.00452428476381,0.405537144473,0.412958884326,404.727689095,412.134615096
27400,0.00455755156354,0.488710126853,0.496989114064,487.734657538,495.997119824
27600,0.00459081836327,0.522423785128,0.549108384415,521.381023082,548.012359695
27800,0.00462408516301,0.467493197484,0.489044288926,466.560077329,488.068152621
28000,0.00465735196274,0.431451195414,0.44962244751,430.590015383,448.724997515
28200,0.00469061876248,0.55237151732,0.563779815781,551.268979362,562.654506768
28400,0.00472388556221,0.50766135567,0.516667526094,506.648059551,515.636253587
28600,0.00475715236194,0.534329876715,0.518827254542,533.263350015,517.7916712
28800,0.00479041916168,0.694086459009,0.693150694264,692.701056895,691.767159945
29000,0.00482368596141,0.634783565973,0.655986367022,633.516532907,654.677012996
29200,0.00485695276114,0.767741251803,0.778797888382,766.208834135,777.243401579
29400,0.00489021956088,0.811018323361,0.853325400976,809.399524312,851.622156663
29600,0.00492348636061,0.744795325941,0.845332417139,743.308708524,843.645126885
29800,0.00495675316035,0.703829346536,0.811926474505,702.424497541,810.305862779
30000,0.00499001996008,0.678982101885,0.801884090034,677.626848189,800.283522988
30200,0.00502328675981,0.629685820228,0.777162973111,628.428962304,775.611749612
30400,0.00505655355955,0.634061216084,0.809493250899,632.795624835,807.877495907
30600,0.00508982035928,0.520930757514,0.685073247786,519.890975563,683.705836114
30800,0.00512308715902,0.477393770472,0.599769454461,476.440888695,598.572309841
31000,0.00515635395875,0.384695782491,0.469270744615,383.927926637,468.334076462
31200,0.00518962075848,0.405420064972,0.464566199166,404.610843286,463.638921324
31400,0.00522288755822,0.387992510957,0.44995971856,387.218074807,449.06159537
31600,0.00525615435795,0.312033280596,0.355845692841,311.410459676,355.135421997
31800,0.00528942115768,0.276632308481,0.312001830509,276.080148184,311.379072364
32000,0.00532268795742,0.292696129456,0.324479383922,292.111905645,323.831720481
32200,0.00535595475715,0.332157196158,0.365557140612,331.494207742,364.827485641
32400,0.00538922155689,0.362852469559,0.391382982904,362.128213133,390.601779345
32600,0.00542248835662,0.394291447334,0.429323436729,393.504438457,428.466503721
32800,0.00545575515635,0.424356347802,0.487548598251,423.509329144,486.575447356
33000,0.00548902195609,0.431711499791,0.503765616801,430.849800191,502.760096608
33200,0.00552228875582,0.419986512664,0.496126967494,419.148216232,495.136694106
33400,0.00555555555556,0.370407022792,0.43676171573,369.667687417,435.889935858
33600,0.00558882235529,0.351598939252,0.404775105002,350.897144962,403.96717066
33800,0.00562208915502,0.341179401115,0.410459306604,340.498404306,409.640026551
34000,0.00565535595476,0.356910931892,0.429003473475,356.198534822,428.147179117
34200,0.00568862275449,0.361549971985,0.428877488213,360.828315355,428.021445322
34400,0.00572188955422,0.339801357121,0.403988213638,339.123110899,403.181849938
34600,0.00575515635396,0.294181697684,0.357549670657,293.594508667,356.83599866
34800,0.00578842315369,0.300967810738,0.360373373711,300.367076585,359.654065579
35000,0.00582168995343,0.379772978535,0.431046218462,379.014948637,430.185846768
35200,0.00585495675316,0.442071170775,0.498653563528,441.188793189,497.658247034
35400,0.00588822355289,0.493744603341,0.553132122706,492.759085171,552.028066573
35600,0.00592149035263,0.502271601287,0.575210057517,501.269063161,574.06193365
35800,0.00595475715236,0.513927971056,0.588368899898,512.902166722,587.194510877
36000,0.0059880239521,0.44416542502,0.492246925714,443.278867285,491.26439692
36200,0.00602129075183,0.418224708214,0.486769394137,417.389928358,485.79779854
36400,0.00605455755156,0.316166131635,0.382408619028,315.535061512,381.645328371
36600,0.0060878243513,0.28370848567,0.32953887993,283.142201267,328.881117695
36800,0.00612109115103,0.276521181279,0.314278562063,275.969242794,313.651259544
37000,0.00615435795077,0.312979504498,0.348532187888,312.354794908,347.836514858
37200,0.0061876247505,0.336871965354,0.377193507586,336.199566222,376.440626333
37400,0.00622089155023,0.391858602268,0.446345439912,391.076449369,445.45453085
37600,0.00625415834997,0.388658267725,0.446693516261,387.882502719,445.801912436
37800,0.0062874251497,0.361408402204,0.415642965167,360.687028148,414.81333849
38000,0.00632069194943,0.332685521692,0.382891547937,332.021478734,382.12729335
38200,0.00635395874917,0.383101523752,0.41911144566,382.336850052,418.274895868
38400,0.0063872255489,0.390776846786,0.424607339691,389.99685308,423.75982005
38600,0.00642049234864,0.357234807537,0.392957889654,356.521764009,392.173542569
38800,0.00645375914837,0.381412620957,0.411987594849,380.65131832,411.16526432
39000,0.0064870259481,0.478706247706,0.523779949834,477.750746214,522.734480872
39200,0.00652029274784,0.509049775562,0.578404258809,508.033708145,577.24975929
39400,0.00655355954757,0.509295451992,0.589041878556,508.278894204,587.866146264
39600,0.00658682634731,0.482932432545,0.526161309951,481.968495554,525.111087776
39800,0.00662009314704,0.426885210381,0.437699981232,426.033144093,436.826328575
40000,0.00665335994677,0.368966238008,0.366812739477,368.229778451,366.08057832
40081,0.00666683300067,0.363738828453,0.356965480971,363.012802847,356.252975021
