4810,0.000800066533599,0.0296719262145,0.0
9620,0.0016001330672,0.0294536424141,0.0
14430,0.0024001996008,0.0293959101705,0.0
19240,0.0032002661344,0.0293857368536,0.0
24050,0.004000332668,0.0294410475071,0.0
28860,0.0048003992016,0.0290262799393,0.0
33670,0.0056004657352,0.0292638927386,0.0
38480,0.0064005322688,0.0293063426201,0.0
43290,0.0072005988024,0.0292579950366,0.0
48100,0.00800066533599,0.0292478709038,0.0
52910,0.00880073186959,0.0293284761288,0.0
57720,0.00960079840319,0.0291480609919,0.0
62530,0.0104008649368,0.0291536982001,0.0
67340,0.0112009314704,0.0293382020316,0.0
72150,0.012000998004,0.0292659603115,0.0
76960,0.0128010645376,0.0292198557282,0.0
81770,0.0136011310712,0.0292944286598,0.0
86580,0.0144011976048,0.0293173141385,0.0
91390,0.0152012641384,0.0290546579146,0.0
96200,0.016001330672,0.0294102381162,0.0
101010,0.0168013972056,0.0292264100013,0.0
105820,0.0176014637392,0.0292096141145,0.0
110630,0.0184015302728,0.0291959457372,0.0
115440,0.0192015968064,0.0292520754124,0.0
120250,0.02000166334,0.0288424476443,0.0
125060,0.0208017298736,0.0292306108897,0.0
129870,0.0216017964072,0.0291309393051,0.0
134680,0.0224018629408,0.0291527048321,0.0
139490,0.0232019294744,0.0290956612981,0.0
144300,0.024001996008,0.0291789868286,0.0
149110,0.0248020625416,0.0289597857076,0.0
153920,0.0256021290752,0.0291177452041,0.0
158730,0.0264021956088,0.0291048334121,0.0
163540,0.0272022621424,0.0290639334652,0.0
168350,0.028002328676,0.029054656196,0.0
173160,0.0288023952096,0.0290503675349,0.0
177970,0.0296024617432,0.0289194342038,0.0
182780,0.0304025282768,0.0288981184145,0.0
187590,0.0312025948104,0.0289149294531,0.0
192400,0.032002661344,0.0288224291424,0.0
197210,0.0328027278776,0.0289482097822,0.0
202020,0.0336027944112,0.0289326553339,0.0
206830,0.0344028609448,0.0290431932105,0.0
211640,0.0352029274784,0.0289821458311,0.0
216450,0.036002994012,0.0291353023455,0.0
221260,0.0368030605456,0.0289811977023,0.0
226070,0.0376031270792,0.029083956888,0.0
230880,0.0384031936128,0.0290195271999,0.0
235690,0.0392032601464,0.0290578324753,0.0
240500,0.04000332668,0.0288453152029,0.0
245310,0.0408033932136,0.0292030437637,0.0
250120,0.0416034597472,0.0290652497581,0.0
254930,0.0424035262808,0.0289766455492,0.0
259740,0.0432035928144,0.0289953176039,0.0
264550,0.044003659348,0.0289679059085,0.0
269360,0.0448037258816,0.0289479201702,0.0
274170,0.0456037924152,0.0291558637755,0.0
278980,0.0464038589488,0.0291696679324,0.0
283790,0.0472039254824,0.0290329421163,0.0
288600,0.048003992016,0.029148282858,0.0
293410,0.0488040585496,0.029335335977,0.0
298220,0.0496041250832,0.0290935981827,0.0
303030,0.0504041916168,0.0290452455949,0.0
307840,0.0512042581504,0.0291067968301,0.0
312650,0.052004324684,0.0290594634054,0.0
317460,0.0528043912176,0.0290851103323,0.0
322270,0.0536044577512,0.029190293487,0.0
327080,0.0544045242848,0.0292123490192,0.0
331890,0.0552045908184,0.0289531013765,0.0
336700,0.056004657352,0.0291000238486,0.0
341510,0.0568047238856,0.0291234416539,0.0
346320,0.0576047904192,0.0290262267041,0.0
351130,0.0584048569528,0.0290275134722,0.0
355940,0.0592049234864,0.0290228731372,0.0
360750,0.06000499002,0.0288393864974,0.0
365560,0.0608050565536,0.0290963937014,0.0
370370,0.0616051230872,0.029047478232,0.0
375180,0.0624051896208,0.0290831693584,0.0
379990,0.0632052561544,0.029133713938,0.0
384800,0.064005322688,0.0293077072265,0.0
389610,0.0648053892216,0.0290034463652,0.0
394420,0.0656054557552,0.0291275035686,0.0
399230,0.0664055222888,0.0291628109407,0.0
404040,0.0672055888224,0.0291527608173,0.0
408850,0.068005655356,0.0291949864843,0.0
413660,0.0688057218896,0.0292837151864,0.0
418470,0.0696057884232,0.0290963266036,0.0
423280,0.0704058549568,0.0290972766596,0.0
428090,0.0712059214904,0.0292415628301,0.0
432900,0.072005988024,0.0291443612577,0.0
437710,0.0728060545576,0.0291706504038,0.0
442520,0.0736061210912,0.0292495262395,0.0
447330,0.0744061876248,0.0291786323589,0.0
452140,0.0752062541583,0.0289886845427,0.0
456950,0.0760063206919,0.0292819246472,0.0
461760,0.0768063872255,0.0292395824681,0.0
466570,0.0776064537591,0.0292419734081,0.0
471380,0.0784065202927,0.0292529772014,0.0
476190,0.0792065868263,0.0293193794782,0.0
481000,0.0800066533599,0.0288483026148,0.0
485810,0.0808067198935,0.0293394798157,0.0
490620,0.0816067864271,0.0292116806635,0.0
495430,0.0824068529607,0.0291929993817,0.0
500240,0.0832069194943,0.0291697499321,0.0
505050,0.0840069860279,0.0292816573833,0.0
509860,0.0848070525615,0.0289932639803,0.0
514670,0.0856071190951,0.0292166686656,0.0
519480,0.0864071856287,0.0292260733368,0.0
524290,0.0872072521623,0.0292029695575,0.0
529100,0.0880073186959,0.0292267693153,0.0
533910,0.0888073852295,0.029265602946,0.0
538720,0.0896074517631,0.0290813427395,0.0
543530,0.0904075182967,0.0290940826716,0.0
548340,0.0912075848303,0.0291984503858,0.0
553150,0.0920076513639,0.0291708714354,0.0
557960,0.0928077178975,0.02915419041,0.0
562770,0.0936077844311,0.0291529734766,0.0
567580,0.0944078509647,0.0291004850681,0.0
572390,0.0952079174983,0.0289570439604,0.0
577200,0.0960079840319,0.0291914737542,0.0
582010,0.0968080505655,0.0291654737207,0.0
586820,0.0976081170991,0.0291850612378,0.0
591630,0.0984081836327,0.029096114008,0.0
596440,0.0992082501663,0.0291349953392,0.0
601250,0.1000083167,0.0288461318657,0.0
606060,0.100808383234,0.0291792546337,0.0
610870,0.101608449767,0.0291075437561,0.0
615680,0.102408516301,0.0290639891078,0.0
620490,0.103208582834,0.0290995255934,0.0
625300,0.104008649368,0.0292641299906,0.0
630110,0.104808715902,0.0289617233955,0.0
634920,0.105608782435,0.0290819455186,0.0
639730,0.106408848969,0.0290849810555,0.0
644540,0.107208915502,0.0290387717654,0.0
649350,0.108008982036,0.0290591830755,0.0
654160,0.10880904857,0.0291538709428,0.0
658970,0.109609115103,0.0290438115554,0.0
663780,0.110409181637,0.0290342239267,0.0
668590,0.11120924817,0.0290523643109,0.0
673400,0.112009314704,0.0290368781272,0.0
678210,0.112809381238,0.0290351537246,0.0
683020,0.113609447771,0.029127587238,0.0
687830,0.114409514305,0.029128163518,0.0
692640,0.115209580838,0.0290162189605,0.0
697450,0.116009647372,0.0292687991869,0.0
702260,0.116809713906,0.0291250178631,0.0
707070,0.117609780439,0.0291328183879,0.0
711880,0.118409846973,0.029107047193,0.0
716690,0.119209913506,0.0290895885532,0.0
721500,0.12000998004,0.0288492552384,0.0
726310,0.120810046574,0.0291454174627,0.0
731120,0.121610113107,0.0290736211594,0.0
735930,0.122410179641,0.0290863368693,0.0
740740,0.123210246174,0.0291201021739,0.0
745550,0.124010312708,0.0291069409824,0.0
750360,0.124810379242,0.0289407825453,0.0
755170,0.125610445775,0.0291386855402,0.0
759980,0.126410512309,0.0291604283331,0.0
764790,0.127210578842,0.0290896580077,0.0
769600,0.128010645376,0.0290605719866,0.0
774410,0.12881071191,0.0291686387715,0.0
779220,0.129610778443,0.0290376526634,0.0
784030,0.130410844977,0.0290421033348,0.0
788840,0.13121091151,0.0291641319641,0.0
793650,0.132010978044,0.0290902365953,0.0
798460,0.132811044578,0.029152144997,0.0
803270,0.133611111111,0.0291857883674,0.0
808080,0.134411177645,0.0291967642294,0.0
812890,0.135211244178,0.0290312724129,0.0
817700,0.136011310712,0.0293657680441,0.0
822510,0.136811377246,0.0292497609151,0.0
827320,0.137611443779,0.0291714334191,0.0
832130,0.138411510313,0.0291219100894,0.0
836940,0.139211576846,0.0291402703854,0.0
841750,0.14001164338,0.0288505973797,0.0
846560,0.140811709914,0.02920741781,0.0
851370,0.141611776447,0.029102515356,0.0
856180,0.142411842981,0.0290727696659,0.0
860990,0.143211909514,0.0290710175028,0.0
865800,0.144011976048,0.029075283714,0.0
870610,0.144812042582,0.0289193882027,0.0
875420,0.145612109115,0.0291330372813,0.0
880230,0.146412175649,0.0291794719204,0.0
885040,0.147212242182,0.0291635783394,0.0
889850,0.148012308716,0.0291494176582,0.0
894660,0.14881237525,0.0293769922606,0.0
899470,0.149612441783,0.02916013301,0.0
904280,0.150412508317,0.0291850711999,0.0
909090,0.15121257485,0.0293086998981,0.0
913900,0.152012641384,0.0292174234344,0.0
918710,0.152812707917,0.0292047215923,0.0
923520,0.153612774451,0.0292017651362,0.0
928330,0.154412840985,0.0291663791104,0.0
933140,0.155212907518,0.0289587604377,0.0
937950,0.156012974052,0.0290233320488,0.0
942760,0.156813040585,0.0288953124915,0.0
947570,0.157613107119,0.0290536299784,0.0
952380,0.158413173653,0.0289899612343,0.0
957190,0.159213240186,0.0290895268673,0.0
962000,0.16001330672,0.0288507940529,0.0
966810,0.160813373253,0.0291113882138,0.0
971620,0.161613439787,0.0292403233718,0.0
976430,0.162413506321,0.0291010893344,0.0
981240,0.163213572854,0.0289593236253,0.0
986050,0.164013639388,0.0288501448755,0.0
990860,0.164813705921,0.0288403372716,0.0
995670,0.165613772455,0.028873436179,0.0
1000480,0.166413838989,0.0289119923495,0.0
1005290,0.167213905522,0.0290403948769,0.0
1010100,0.168013972056,0.0289577413509,0.0
1014910,0.168814038589,0.0289297934107,0.0
1019720,0.169614105123,0.028936886297,0.0
1024530,0.170414171657,0.0289893952993,0.0
1029340,0.17121423819,0.0291989901463,0.0
1034150,0.172014304724,0.0293165674493,0.0
1038960,0.172814371257,0.0292646006449,0.0
1043770,0.173614437791,0.0293201258451,0.0
1048580,0.174414504325,0.0292286655342,0.0
1053390,0.175214570858,0.0290121367651,0.0
1058200,0.176014637392,0.0292261456299,0.0
1063010,0.176814703925,0.02909160531,0.0
1067820,0.177614770459,0.029227388365,0.0
1072630,0.178414836993,0.0290816212978,0.0
1077440,0.179214903526,0.0292494736281,0.0
1082250,0.18001497006,0.0288539112068,0.0
1087060,0.180815036593,0.0292811688839,0.0
1091870,0.181615103127,0.0292116621439,0.0
1096680,0.182415169661,0.0293410840981,0.0
1101490,0.183215236194,0.029259286342,0.0
1106300,0.184015302728,0.0293335025053,0.0
1111110,0.184815369261,0.0290085907485,0.0
1115920,0.185615435795,0.0292998057147,0.0
1120730,0.186415502329,0.0292833120902,0.0
1125540,0.187215568862,0.0292941007017,0.0
1130350,0.188015635396,0.0292796220885,0.0
1135160,0.188815701929,0.0293481722784,0.0
1139970,0.189615768463,0.0291943668837,0.0
1144780,0.190415834997,0.0292021103556,0.0
1149590,0.19121590153,0.0293894315733,0.0
1154400,0.192015968064,0.0292954328633,0.0
1159210,0.192816034597,0.0292319827589,0.0
1164020,0.193616101131,0.0292333519029,0.0
1168830,0.194416167665,0.0292258741394,0.0
1173640,0.195216234198,0.029006409909,0.0
1178450,0.196016300732,0.0292301639799,0.0
1183260,0.196816367265,0.0291711200398,0.0
1188070,0.197616433799,0.0291147882165,0.0
1192880,0.198416500333,0.0291981381205,0.0
1197690,0.199216566866,0.0292295678348,0.0
1202500,0.2000166334,0.0288595665887,0.0
1207310,0.200816699933,0.0292568267399,0.0
1212120,0.201616766467,0.0291790179547,0.0
1216930,0.202416833001,0.0291690786221,0.0
1221740,0.203216899534,0.0291825678794,0.0
1226550,0.204016966068,0.0292116774492,0.0
1231360,0.204817032601,0.0289715812643,0.0
1236170,0.205617099135,0.0291615723233,0.0
1240980,0.206417165669,0.0291595040925,0.0
1245790,0.207217232202,0.0291347708503,0.0
1250600,0.208017298736,0.0291455608986,0.0
1255410,0.208817365269,0.0292022123437,0.0
1260220,0.209617431803,0.0290355314939,0.0
1265030,0.210417498337,0.0290490460351,0.0
1269840,0.21121756487,0.0293243120732,0.0
1274650,0.212017631404,0.0292419463473,0.0
1279460,0.212817697937,0.0292112408947,0.0
1284270,0.213617764471,0.0291855977746,0.0
1289080,0.214417831005,0.0290991348674,0.0
1293890,0.215217897538,0.0289746916393,0.0
1298700,0.216017964072,0.0291607904865,0.0
1303510,0.216818030605,0.0290638671882,0.0
1308320,0.217618097139,0.0290416878737,0.0
1313130,0.218418163673,0.0290196067649,0.0
1317940,0.219218230206,0.029056268784,0.0
1322750,0.22001829674,0.0288494619338,0.0
1327560,0.220818363273,0.029097472206,0.0
1332370,0.221618429807,0.0290739089863,0.0
1337180,0.222418496341,0.0290413135549,0.0
1341990,0.223218562874,0.0290654614993,0.0
1346800,0.224018629408,0.0292366472177,0.0
1351610,0.224818695941,0.0289634056842,0.0
1356420,0.225618762475,0.0291442235731,0.0
1361230,0.226418829009,0.0291721539425,0.0
1366040,0.227218895542,0.0291246299379,0.0
1370850,0.228018962076,0.0291319312351,0.0
1375660,0.228819028609,0.0292117224697,0.0
1380470,0.229619095143,0.0290705619418,0.0
1385280,0.230419161677,0.0290971362363,0.0
1390090,0.23121922821,0.0292384212025,0.0
1394900,0.232019294744,0.0291683349635,0.0
1399710,0.232819361277,0.0291781434834,0.0
1404520,0.233619427811,0.0292189198378,0.0
1409330,0.234419494345,0.0292046133613,0.0
1414140,0.235219560878,0.0290142624491,0.0
1418950,0.236019627412,0.0292711181233,0.0
1423760,0.236819693945,0.0291697073276,0.0
1428570,0.237619760479,0.0291666821168,0.0
1433380,0.238419827013,0.0291547329228,0.0
1438190,0.239219893546,0.0292606842225,0.0
1443000,0.24001996008,0.0288619239718,0.0
1447810,0.240820026613,0.0292729364808,0.0
1452620,0.241620093147,0.0291393312807,0.0
1457430,0.242420159681,0.0291492737193,0.0
1462240,0.243220226214,0.0290928522748,0.0
1467050,0.244020292748,0.0291993572637,0.0
1471860,0.244820359281,0.0289432126177,0.0
1476670,0.245620425815,0.02916453487,0.0
1481480,0.246420492349,0.0291563093804,0.0
1486290,0.247220558882,0.0291257148639,0.0
1491100,0.248020625416,0.0291268425606,0.0
1495910,0.248820691949,0.0291970344551,0.0
1500720,0.249620758483,0.0290449250508,0.0
1505530,0.250420825017,0.0290304682273,0.0
1510340,0.25122089155,0.0291889106784,0.0
1515150,0.252020958084,0.0291606119329,0.0
1519960,0.252821024617,0.0292140727431,0.0
1524770,0.253621091151,0.0292134662984,0.0
1529580,0.254421157685,0.0291255303911,0.0
1534390,0.255221224218,0.0289670992892,0.0
1539200,0.256021290752,0.0292189483695,0.0
1544010,0.256821357285,0.0290926667263,0.0
1548820,0.257621423819,0.0291184859022,0.0
1553630,0.258421490353,0.0290717693532,0.0
1558440,0.259221556886,0.0291434157231,0.0
1563250,0.26002162342,0.0288522745677,0.0
1568060,0.260821689953,0.0291490731637,0.0
1572870,0.261621756487,0.0290664069269,0.0
1577680,0.262421823021,0.0290649452989,0.0
1582490,0.263221889554,0.0290592734289,0.0
1587300,0.264021956088,0.0291633049552,0.0
1592110,0.264822022621,0.0289569594629,0.0
1596920,0.265622089155,0.0291595650051,0.0
1601730,0.266422155689,0.0291265710847,0.0
1606540,0.267222222222,0.029143559829,0.0
1611350,0.268022288756,0.029115959171,0.0
1616160,0.268822355289,0.0291788665511,0.0
1620970,0.269622421823,0.0290730431406,0.0
1625780,0.270422488357,0.0291136048137,0.0
1630590,0.27122255489,0.0292894648871,0.0
1635400,0.272022621424,0.0291777409148,0.0
1640210,0.272822687957,0.0291835765437,0.0
1645020,0.273622754491,0.0291814857665,0.0
1649830,0.274422821025,0.0291956825845,0.0
1654640,0.275222887558,0.0289907519063,0.0
1659450,0.276022954092,0.0292243015269,0.0
1664260,0.276823020625,0.0291569489668,0.0
1669070,0.277623087159,0.0291364357245,0.0
1673880,0.278423153693,0.0291866003955,0.0
1678690,0.279223220226,0.0292689713848,0.0
1683500,0.28002328676,0.0288615992353,0.0
1688310,0.280823353293,0.0292265733432,0.0
1693120,0.281623419827,0.0291539378469,0.0
1697930,0.282423486361,0.0291828635871,0.0
1702740,0.283223552894,0.0291390804878,0.0
1707550,0.284023619428,0.0291980950239,0.0
1712360,0.284823685961,0.0289597776563,0.0
1717170,0.285623752495,0.0291486729641,0.0
1721980,0.286423819029,0.0292533502941,0.0
1726790,0.287223885562,0.0291769476442,0.0
1731600,0.288023952096,0.029171634769,0.0
1736410,0.288824018629,0.0291934315054,0.0
1741220,0.289624085163,0.029061743245,0.0
1746030,0.290424151697,0.0290835727283,0.0
1750840,0.29122421823,0.0292290307562,0.0
1755650,0.292024284764,0.029211558333,0.0
1760460,0.292824351297,0.0292062006013,0.0
1765270,0.293624417831,0.0292660259759,0.0
1770080,0.294424484365,0.0292290136365,0.0
1774890,0.295224550898,0.0290396590991,0.0
1779700,0.296024617432,0.0293135570558,0.0
1784510,0.296824683965,0.0292613494233,0.0
1789320,0.297624750499,0.0292691273107,0.0
1794130,0.298424817033,0.0292295187229,0.0
1798940,0.299224883566,0.0292856439512,0.0
1803750,0.3000249501,0.028864197512,0.0
1808560,0.300825016633,0.0292564887774,0.0
1813370,0.301625083167,0.0291583905965,0.0
1818180,0.302425149701,0.029139610319,0.0
1822990,0.303225216234,0.0291731208789,0.0
1827800,0.304025282768,0.029204998151,0.0
1832610,0.304825349301,0.0289487677453,0.0
1837420,0.305625415835,0.0291476929063,0.0
1842230,0.306425482369,0.0292102965318,0.0
1847040,0.307225548902,0.029195051846,0.0
1851850,0.308025615436,0.029202969996,0.0
1856660,0.308825681969,0.0291770336806,0.0
1861470,0.309625748503,0.0290242199487,0.0
1866280,0.310425815037,0.0290319855334,0.0
1871090,0.31122588157,0.02916888609,0.0
1875900,0.312025948104,0.0291570055101,0.0
1880710,0.312826014637,0.0290831085994,0.0
1885520,0.313626081171,0.0291159857921,0.0
1890330,0.314426147705,0.0290783734519,0.0
1895140,0.315226214238,0.0289762554765,0.0
1899950,0.316026280772,0.0291727998322,0.0
1904760,0.316826347305,0.0291661671959,0.0
1909570,0.317626413839,0.0291922547206,0.0
1914380,0.318426480373,0.029202256835,0.0
1919190,0.319226546906,0.0292120370962,0.0
1924000,0.32002661344,0.02886313634,0.0
1928810,0.320826679973,0.0291698025804,0.0
1933620,0.321626746507,0.0291540788642,0.0
1938430,0.322426813041,0.0291535624484,0.0
1943240,0.323226879574,0.0291479437869,0.0
1948050,0.324026946108,0.0291741388209,0.0
1952860,0.324827012641,0.0289324342516,0.0
1957670,0.325627079175,0.0291122523275,0.0
1962480,0.326427145709,0.0292005796032,0.0
1967290,0.327227212242,0.0291994996965,0.0
1972100,0.328027278776,0.0292025538021,0.0
1976910,0.328827345309,0.0292579387255,0.0
1981720,0.329627411843,0.0290680807941,0.0
1986530,0.330427478377,0.0290741568779,0.0
1991340,0.33122754491,0.0291746437413,0.0
1996150,0.332027611444,0.029180296431,0.0
2000960,0.332827677977,0.0291784318745,0.0
2005770,0.333627744511,0.029180204806,0.0
2010580,0.334427811045,0.0291548820221,0.0
2015390,0.335227877578,0.0289955049753,0.0
2020200,0.336027944112,0.0292326955403,0.0
2025010,0.336828010645,0.029175829906,0.0
2029820,0.337628077179,0.0291627287559,0.0
2034630,0.338428143713,0.0291530736863,0.0
2039440,0.339228210246,0.0292126314856,0.0
2044250,0.34002827678,0.0288625242064,0.0
2049060,0.340828343313,0.0291632456306,0.0
2053870,0.341628409847,0.0291079566755,0.0
2058680,0.342428476381,0.0291864947795,0.0
2063490,0.343228542914,0.0291351359462,0.0
2068300,0.344028609448,0.0292511883276,0.0
2073110,0.344828675981,0.028977668173,0.0
2077920,0.345628742515,0.0291881930317,0.0
2082730,0.346428809049,0.0291787410737,0.0
2087540,0.347228875582,0.029274858977,0.0
2092350,0.348028942116,0.029174230811,0.0
2097160,0.348829008649,0.0292472182173,0.0
2101970,0.349629075183,0.0290732700864,0.0
2106780,0.350429141717,0.0291081180061,0.0
2111590,0.35122920825,0.0292508327748,0.0
2116400,0.352029274784,0.0292059046112,0.0
2121210,0.352829341317,0.0291900725781,0.0
2126020,0.353629407851,0.0292177948875,0.0
2130830,0.354429474385,0.0291620488928,0.0
2135640,0.355229540918,0.0290410489198,0.0
2140450,0.356029607452,0.0292862627931,0.0
2145260,0.356829673985,0.0291613381255,0.0
2150070,0.357629740519,0.0292001588776,0.0
2154880,0.358429807053,0.0291653387601,0.0
2159690,0.359229873586,0.0292339466647,0.0
2164500,0.36002994012,0.0288665533807,0.0
2169310,0.360830006653,0.0292687756443,0.0
2174120,0.361630073187,0.0291449195244,0.0
2178930,0.362430139721,0.0292013731926,0.0
2183740,0.363230206254,0.0291647016392,0.0
2188550,0.364030272788,0.0292868928573,0.0
2193360,0.364830339321,0.0289878742624,0.0
2198170,0.365630405855,0.0292283490076,0.0
2202980,0.366430472389,0.0291662495511,0.0
2207790,0.367230538922,0.0291801148655,0.0
2212600,0.368030605456,0.0291542524057,0.0
2217410,0.368830671989,0.0292070379558,0.0
2222220,0.369630738523,0.0290742966513,0.0
2227030,0.370430805057,0.029120213571,0.0
2231840,0.37123087159,0.0292655320299,0.0
2236650,0.372030938124,0.0292361795993,0.0
2241460,0.372831004657,0.0292638510796,0.0
2246270,0.373631071191,0.0292606973167,0.0
2251080,0.374431137725,0.0291561183477,0.0
2255890,0.375231204258,0.0289793035763,0.0
2260700,0.376031270792,0.0292031100622,0.0
2265510,0.376831337325,0.0291182311521,0.0
2270320,0.377631403859,0.0291280501564,0.0
2275130,0.378431470393,0.0291212673098,0.0
2279940,0.379231536926,0.0292231203819,0.0
2284750,0.38003160346,0.0288727672643,0.0
2289560,0.380831669993,0.029290746925,0.0
2294370,0.381631736527,0.0291375913543,0.0
2299180,0.382431803061,0.0292017088384,0.0
2303990,0.383231869594,0.0291302350407,0.0
2308800,0.384031936128,0.029263356679,0.0
2313610,0.384832002661,0.0289761504162,0.0
2318420,0.385632069195,0.0292270264142,0.0
2323230,0.386432135729,0.0292046150744,0.0
2328040,0.387232202262,0.029227185502,0.0
2332850,0.388032268796,0.0291957663319,0.0
2337660,0.388832335329,0.0292338238721,0.0
2342470,0.389632401863,0.0290771699648,0.0
2347280,0.390432468397,0.0290911294128,0.0
2352090,0.39123253493,0.0291679364523,0.0
2356900,0.392032601464,0.0291579600173,0.0
2361710,0.392832667997,0.0291940799359,0.0
2366520,0.393632734531,0.0292246968253,0.0
2371330,0.394432801065,0.0292073503438,0.0
2376140,0.395232867598,0.0290273888116,0.0
2380950,0.396032934132,0.0292910760959,0.0
2385760,0.396833000665,0.0291897760459,0.0
2390570,0.397633067199,0.0292221475309,0.0
2395380,0.398433133733,0.0292105457781,0.0
2400190,0.399233200266,0.0291641913677,0.0
2405000,0.4000332668,0.0288661907333,0.0
2409810,0.400833333333,0.0291580062723,0.0
2414620,0.401633399867,0.0291247752566,0.0
2419430,0.402433466401,0.0290358857094,0.0
2424240,0.403233532934,0.0290093136542,0.0
2429050,0.404033599468,0.0291839551715,0.0
2433860,0.404833666001,0.0289756642121,0.0
2438670,0.405633732535,0.0291092279265,0.0
2443480,0.406433799069,0.0290124263665,0.0
2448290,0.407233865602,0.0290191010359,0.0
2453100,0.408033932136,0.0290669436215,0.0
2457910,0.408833998669,0.0290235145635,0.0
2462720,0.409634065203,0.0289751895329,0.0
2467530,0.410434131737,0.0290323244593,0.0
2472340,0.41123419827,0.0291090977534,0.0
2477150,0.412034264804,0.0291077045579,0.0
2481960,0.412834331337,0.0291632456696,0.0
2486770,0.413634397871,0.0291689602744,0.0
2491580,0.414434464405,0.0291736663158,0.0
2496390,0.415234530938,0.0290186911329,0.0
2501200,0.416034597472,0.0292449005417,0.0
2506010,0.416834664005,0.0291368526041,0.0
2510820,0.417634730539,0.0292041917806,0.0
2515630,0.418434797073,0.0291340077198,0.0
2520440,0.419234863606,0.0292349724939,0.0
2525250,0.42003493014,0.0288737467624,0.0
2530060,0.420834996673,0.0292331595937,0.0
2534870,0.421635063207,0.0290794181499,0.0
2539680,0.422435129741,0.0291512256148,0.0
2544490,0.423235196274,0.0290955030245,0.0
2549300,0.424035262808,0.0292597572703,0.0
2554110,0.424835329341,0.0289731309727,0.0
2558920,0.425635395875,0.0292108475759,0.0
2563730,0.426435462409,0.0291736636447,0.0
2568540,0.427235528942,0.0291937760963,0.0
2573350,0.428035595476,0.0291779282464,0.0
2578160,0.428835662009,0.0292625974413,0.0
2582970,0.429635728543,0.0290896200183,0.0
2587780,0.430435795077,0.029127425103,0.0
2592590,0.43123586161,0.0292503528124,0.0
2597400,0.432035928144,0.0291922146416,0.0
2602210,0.432835994677,0.0291841668931,0.0
2607020,0.433636061211,0.0292051166324,0.0
2611830,0.434436127745,0.0291709387945,0.0
2616640,0.435236194278,0.0290065668411,0.0
2621450,0.436036260812,0.0292618511646,0.0
2626260,0.436836327345,0.0291591282976,0.0
2631070,0.437636393879,0.0291380992179,0.0
2635880,0.438436460413,0.029101850738,0.0
2640690,0.439236526946,0.0291640543378,0.0
2645500,0.44003659348,0.0288692551938,0.0
2650310,0.440836660013,0.0292007630916,0.0
2655120,0.441636726547,0.0290620554291,0.0
2659930,0.442436793081,0.0291734663893,0.0
2664740,0.443236859614,0.0291451789571,0.0
2669550,0.444036926148,0.0291998344668,0.0
2674360,0.444836992681,0.0289325160892,0.0
2679170,0.445637059215,0.0291098427584,0.0
2683980,0.446437125749,0.0291835721614,0.0
2688790,0.447237192282,0.0291457186626,0.0
2693600,0.448037258816,0.0291702997623,0.0
2698410,0.448837325349,0.0292226163728,0.0
2703220,0.449637391883,0.0290403020786,0.0
2708030,0.450437458417,0.029086765398,0.0
2712840,0.45123752495,0.0292784351623,0.0
2717650,0.452037591484,0.0292199386229,0.0
2722460,0.452837658017,0.0292270667199,0.0
2727270,0.453637724551,0.0292670151926,0.0
2732080,0.454437791084,0.0292317177672,0.0
2736890,0.455237857618,0.0290078942974,0.0
2741700,0.456037924152,0.0292589257818,0.0
2746510,0.456837990685,0.0291786574955,0.0
2751320,0.457638057219,0.0291809211735,0.0
2756130,0.458438123752,0.0291691421005,0.0
2760940,0.459238190286,0.029241125073,0.0
2765750,0.46003825682,0.0288708787054,0.0
2770560,0.460838323353,0.029205392151,0.0
2775370,0.461638389887,0.0290294894916,0.0
2780180,0.46243845642,0.0291096117048,0.0
2784990,0.463238522954,0.0290812970244,0.0
2789800,0.464038589488,0.0292136315189,0.0
2794610,0.464838656021,0.0289468854039,0.0
2799420,0.465638722555,0.0290418412394,0.0
2804230,0.466438789088,0.0290869974544,0.0
2809040,0.467238855622,0.0291872432908,0.0
2813850,0.468038922156,0.0290856004019,0.0
2818660,0.468838988689,0.029131138903,0.0
2823470,0.469639055223,0.0290174619874,0.0
2828280,0.470439121756,0.0290645247876,0.0
2833090,0.47123918829,0.0291144111956,0.0
2837900,0.472039254824,0.0290637040416,0.0
2842710,0.472839321357,0.0290587149051,0.0
2847520,0.473639387891,0.0291450630151,0.0
2852330,0.474439454424,0.0289614597959,0.0
2857140,0.475239520958,0.0288846633162,0.0
2861950,0.476039587492,0.0290616887166,0.0
2866760,0.476839654025,0.0289753154821,0.0
2871570,0.477639720559,0.0289852741922,0.0
2876380,0.478439787092,0.0291583721456,0.0
2881190,0.479239853626,0.0292306146915,0.0
2886000,0.48003992016,0.0288564639987,0.0
2890810,0.480839986693,0.0291052614334,0.0
2895620,0.481640053227,0.029127943074,0.0
2900430,0.48244011976,0.0290816860547,0.0
2905240,0.483240186294,0.0290890746296,0.0
2910050,0.484040252828,0.0290498206539,0.0
2914860,0.484840319361,0.028941924501,0.0
2919670,0.485640385895,0.0290631777555,0.0
2924480,0.486440452428,0.0289916050457,0.0
2929290,0.487240518962,0.0289954415658,0.0
2934100,0.488040585496,0.0289757186894,0.0
2938910,0.488840652029,0.0291173740522,0.0
2943720,0.489640718563,0.029041086545,0.0
2948530,0.490440785096,0.0290643946989,0.0
2953340,0.49124085163,0.0291646311311,0.0
2958150,0.492040918164,0.0293570610781,0.0
2962960,0.492840984697,0.0293225742237,0.0
2967770,0.493641051231,0.0292630872694,0.0
2972580,0.494441117764,0.0290910215417,0.0
2977390,0.495241184298,0.0289516982323,0.0
2982200,0.496041250832,0.0291370280126,0.0
2987010,0.496841317365,0.0292219483361,0.0
2991820,0.497641383899,0.029191981597,0.0
2996630,0.498441450432,0.0291355802392,0.0
3001440,0.499241516966,0.0291802052298,0.0
3006250,0.5000415835,0.0288671027731,0.0
3011060,0.500841650033,0.0291236808714,0.0
3015870,0.501641716567,0.0290726228432,0.0
3020680,0.5024417831,0.0290433741373,0.0
3025490,0.503241849634,0.0290776596813,0.0
3030300,0.504041916168,0.0290946274176,0.0
3035110,0.504841982701,0.0289236949232,0.0
3039920,0.505642049235,0.0290912083493,0.0
3044730,0.506442115768,0.0290811801598,0.0
3049540,0.507242182302,0.0290489924805,0.0
3054350,0.508042248836,0.0290373414901,0.0
3059160,0.508842315369,0.0290238503059,0.0
3063970,0.509642381903,0.0289958286863,0.0
3068780,0.510442448436,0.0290535230553,0.0
3073590,0.51124251497,0.0292777829588,0.0
3078400,0.512042581504,0.0291228533596,0.0
3083210,0.512842648037,0.0291283434392,0.0
3088020,0.513642714571,0.0290936079846,0.0
3092830,0.514442781104,0.029077675093,0.0
3097640,0.515242847638,0.0289478856999,0.0
3102450,0.516042914172,0.0290390679957,0.0
3107260,0.516842980705,0.0290716835497,0.0
3112070,0.517643047239,0.0291377887917,0.0
3116880,0.518443113772,0.0290354389438,0.0
3121690,0.519243180306,0.0290630365971,0.0
3126500,0.52004324684,0.0288594591934,0.0
3131310,0.520843313373,0.0291295608132,0.0
3136120,0.521643379907,0.0290836530778,0.0
3140930,0.52244344644,0.0291115814542,0.0
3145740,0.523243512974,0.0291075693137,0.0
3150550,0.524043579508,0.029128270495,0.0
3155360,0.524843646041,0.0289163825762,0.0
3160170,0.525643712575,0.0290779767942,0.0
3164980,0.526443779108,0.029161323446,0.0
3169790,0.527243845642,0.0291703126044,0.0
3174600,0.528043912176,0.0292119199645,0.0
3179410,0.528843978709,0.0292731229706,0.0
3184220,0.529644045243,0.0291087862027,0.0
3189030,0.530444111776,0.0291256967562,0.0
3193840,0.53124417831,0.0292477380603,0.0
3198650,0.532044244844,0.0291829324554,0.0
3203460,0.532844311377,0.0291773969049,0.0
3208270,0.533644377911,0.0291700076868,0.0
3213080,0.534444444444,0.0291078163601,0.0
3217890,0.535244510978,0.0289888469756,0.0
3222700,0.536044577512,0.0291771494765,0.0
3227510,0.536844644045,0.0290621122657,0.0
3232320,0.537644710579,0.0290393870689,0.0
3237130,0.538444777112,0.0291259979458,0.0
3241940,0.539244843646,0.0291603783748,0.0
3246750,0.54004491018,0.0288660572348,0.0
3251560,0.540844976713,0.0291784924935,0.0
3256370,0.541645043247,0.0290367545668,0.0
3261180,0.54244510978,0.0289671357974,0.0
3265990,0.543245176314,0.0289627513236,0.0
3270800,0.544045242848,0.0290170527935,0.0
3275610,0.544845309381,0.0289060019558,0.0
3280420,0.545645375915,0.0290084896279,0.0
3285230,0.546445442448,0.0290186980399,0.0
3290040,0.547245508982,0.0290306571298,0.0
3294850,0.548045575516,0.0290302660401,0.0
3299660,0.548845642049,0.0290902289488,0.0
3304470,0.549645708583,0.0290211568299,0.0
3309280,0.550445775116,0.0289727210745,0.0
3314090,0.55124584165,0.0292006176607,0.0
3318900,0.552045908184,0.0291307778232,0.0
3323710,0.552845974717,0.0290864557938,0.0
3328520,0.553646041251,0.0291296168011,0.0
3333330,0.554446107784,0.02909352552,0.0
3338140,0.555246174318,0.0289605382994,0.0
3342950,0.556046240852,0.029152986707,0.0
3347760,0.556846307385,0.0291913260111,0.0
3352570,0.557646373919,0.029184199551,0.0
3357380,0.558446440452,0.0293114291625,0.0
3362190,0.559246506986,0.0292376087283,0.0
3367000,0.56004657352,0.0288720446486,0.0
3371810,0.560846640053,0.0293085394273,0.0
3376620,0.561646706587,0.0291711068568,0.0
3381430,0.56244677312,0.0291009331599,0.0
3386240,0.563246839654,0.0290859391504,0.0
3391050,0.564046906188,0.0291888070128,0.0
3395860,0.564846972721,0.0289725119679,0.0
3400670,0.565647039255,0.0292065378128,0.0
3405480,0.566447105788,0.0291105206891,0.0
3410290,0.567247172322,0.0290779481339,0.0
3415100,0.568047238856,0.0290278093706,0.0
3419910,0.568847305389,0.028950142194,0.0
3424720,0.569647371923,0.0288993068589,0.0
3429530,0.570447438456,0.0290209157065,0.0
3434340,0.57124750499,0.0289423736127,0.0
3439150,0.572047571524,0.0287362572738,0.0
3443960,0.572847638057,0.0287627744302,0.0
3448770,0.573647704591,0.0291069390585,0.0
3453580,0.574447771124,0.0291193797435,0.0
3458390,0.575247837658,0.0290579731507,0.0
3463200,0.576047904192,0.0291604773775,0.0
3468010,0.576847970725,0.0289878734994,0.0
3472820,0.577648037259,0.0291707872098,0.0
3477630,0.578448103792,0.029201326963,0.0
3482440,0.579248170326,0.0290949438988,0.0
3487250,0.58004823686,0.028856703724,0.0
3492060,0.580848303393,0.0291010101546,0.0
3496870,0.581648369927,0.0290515068267,0.0
3501680,0.58244843646,0.0290358181927,0.0
3506490,0.583248502994,0.0288865830737,0.0
3511300,0.584048569528,0.0288095129642,0.0
3516110,0.584848636061,0.0287785394094,0.0
3520920,0.585648702595,0.0290640014262,0.0
3525730,0.586448769128,0.0288247407126,0.0
3530540,0.587248835662,0.0291027839562,0.0
3535350,0.588048902196,0.0290103038117,0.0
3540160,0.588848968729,0.0290335843033,0.0
3544970,0.589649035263,0.0292479419912,0.0
3549780,0.590449101796,0.0292467739769,0.0
3554590,0.59124916833,0.0284431418455,0.0
3559400,0.592049234864,0.0293476823902,0.0
3564210,0.592849301397,0.0292199219549,0.0
3569020,0.593649367931,0.029301370048,0.0
3573830,0.594449434464,0.0291980514807,0.0
3578640,0.595249500998,0.0290593847921,0.0
3583450,0.596049567532,0.0289270978878,0.0
3588260,0.596849634065,0.0289942049207,0.0
3593070,0.597649700599,0.0291364022775,0.0
3597880,0.598449767132,0.0292800523519,0.0
3602690,0.599249833666,0.0290396359073,0.0
3607500,0.6000499002,0.028891819361,0.0
3612310,0.600849966733,0.0295734177304,0.0
3617120,0.601650033267,0.0289431306264,0.0
3621930,0.6024500998,0.0290436209747,0.0
3626740,0.603250166334,0.0291295252677,0.0
3631550,0.604050232868,0.0290062428675,0.0
3636360,0.604850299401,0.0289421194671,0.0
3641170,0.605650365935,0.0291765930223,0.0
3645980,0.606450432468,0.0289709928071,0.0
3650790,0.607250499002,0.0290829935569,0.0
3655600,0.608050565536,0.0292107524826,0.0
3660410,0.608850632069,0.0293533733598,0.0
3665220,0.609650698603,0.0291770583912,0.0
3670030,0.610450765136,0.029380122222,0.0
3674840,0.61125083167,0.0295726109134,0.0
3679650,0.612050898204,0.0293351705231,0.0
3684460,0.612850964737,0.0292658255859,0.0
3689270,0.613651031271,0.0290897251989,0.0
3694080,0.614451097804,0.0291155856786,0.0
3698890,0.615251164338,0.0289000866319,0.0
3703700,0.616051230872,0.029049504001,0.0
3708510,0.616851297405,0.0292934694423,0.0
3713320,0.617651363939,0.0293520943179,0.0
3718130,0.618451430472,0.0292379171055,0.0
3722940,0.619251497006,0.0289724704884,0.0
3727750,0.62005156354,0.0288634612663,0.0
3732560,0.620851630073,0.0291095040867,0.0
3737370,0.621651696607,0.0291551305916,0.0
3742180,0.62245176314,0.0293831110452,0.0
3746990,0.623251829674,0.0290966777659,0.0
3751800,0.624051896208,0.0291390377869,0.0
3756610,0.624851962741,0.0290249603173,0.0
3761420,0.625652029275,0.029550899535,0.0
3766230,0.626452095808,0.0288147778349,0.0
3771040,0.627252162342,0.0291488365059,0.0
3775850,0.628052228876,0.0292264712223,0.0
3780660,0.628852295409,0.0294440640346,0.0
3785470,0.629652361943,0.0290324502173,0.0
3790280,0.630452428476,0.029223524248,0.0
3795090,0.63125249501,0.0293753949712,0.0
3799900,0.632052561544,0.0290654583202,0.0
3804710,0.632852628077,0.0289416759576,0.0
3809520,0.633652694611,0.0285110576161,0.0
3814330,0.634452761144,0.0290217261407,0.0
3819140,0.635252827678,0.0289286731321,0.0
3823950,0.636052894212,0.0289982390073,0.0
3828760,0.636852960745,0.0288303738361,0.0
3833570,0.637653027279,0.0289585448677,0.0
3838380,0.638453093812,0.0286909779111,0.0
3843190,0.639253160346,0.0288931176577,0.0
3848000,0.64005322688,0.0288255210876,0.0
3852810,0.640853293413,0.0289321533685,0.0
3857620,0.641653359947,0.0292797226975,0.0
3862430,0.64245342648,0.0292322006385,0.0
3867240,0.643253493014,0.0289557471659,0.0
3872050,0.644053559548,0.0293590409501,0.0
3876860,0.644853626081,0.0288882628483,0.0
3881670,0.645653692615,0.0291280777378,0.0
3886480,0.646453759148,0.0291388910556,0.0
3891290,0.647253825682,0.0292114242567,0.0
3896100,0.648053892216,0.0292848524788,0.0
3900910,0.648853958749,0.02919436535,0.0
3905720,0.649654025283,0.0291771551308,0.0
3910530,0.650454091816,0.0290903360695,0.0
3915340,0.65125415835,0.0291201500184,0.0
3920150,0.652054224884,0.0291581012888,0.0
3924960,0.652854291417,0.0289701390084,0.0
3929770,0.653654357951,0.0291208811861,0.0
3934580,0.654454424484,0.0293353638268,0.0
3939390,0.655254491018,0.0289989571354,0.0
3944200,0.656054557552,0.0290042434826,0.0
3949010,0.656854624085,0.029019618963,0.0
3953820,0.657654690619,0.0291320206184,0.0
3958630,0.658454757152,0.0294469334661,0.0
3963440,0.659254823686,0.0295430762625,0.0
3968250,0.66005489022,0.0288969455022,0.0
3973060,0.660854956753,0.0291932289717,0.0
3977870,0.661655023287,0.0291679990951,0.0
3982680,0.66245508982,0.0292101340168,0.0
3987490,0.663255156354,0.0293749584781,0.0
3992300,0.664055222888,0.0296362856801,0.0
3997110,0.664855289421,0.0289630676122,0.0
4001920,0.665655355955,0.0291013497878,0.0
4006730,0.666455422488,0.0295151117318,0.0
4011540,0.667255489022,0.0294730491053,0.0
4016350,0.668055555556,0.0292105135824,0.0
4021160,0.668855622089,0.0292717183112,0.0
4025970,0.669655688623,0.0290551235423,0.0
4030780,0.670455755156,0.0292525148532,0.0
4035590,0.67125582169,0.0291134078095,0.0
4040400,0.672055888224,0.0292137752622,0.0
4045210,0.672855954757,0.0294086596678,0.0
4050020,0.673656021291,0.0293019004119,0.0
4054830,0.674456087824,0.0290202357458,0.0
4059640,0.675256154358,0.0290985422736,0.0
4064450,0.676056220892,0.0290701899682,0.0
4069260,0.676856287425,0.0291561788846,0.0
4074070,0.677656353959,0.0290528389904,0.0
4078880,0.678456420492,0.0292771930427,0.0
4083690,0.679256487026,0.0290087055111,0.0
4088500,0.68005655356,0.0288446985236,0.0
4093310,0.680856620093,0.029269850428,0.0
4098120,0.681656686627,0.0289039378496,0.0
4102930,0.68245675316,0.0290798074764,0.0
4107740,0.683256819694,0.0290490479171,0.0
4112550,0.684056886228,0.0294587915246,0.0
4117360,0.684856952761,0.0289940942625,0.0
4122170,0.685657019295,0.0293341401598,0.0
4126980,0.686457085828,0.0290896537528,0.0
4131790,0.687257152362,0.0292126073185,0.0
4136600,0.688057218896,0.0289600067614,0.0
4141410,0.688857285429,0.0294372746585,0.0
4146220,0.689657351963,0.0291085928371,0.0
4151030,0.690457418496,0.0291904324111,0.0
4155840,0.69125748503,0.0295213949628,0.0
4160650,0.692057551564,0.0291341316616,0.0
4165460,0.692857618097,0.0290456897208,0.0
4170270,0.693657684631,0.0292879698382,0.0
4175080,0.694457751164,0.0289928355602,0.0
4179890,0.695257817698,0.0290938449588,0.0
4184700,0.696057884232,0.0288876184556,0.0
4189510,0.696857950765,0.0292839863748,0.0
4194320,0.697658017299,0.0294167560706,0.0
4199130,0.698458083832,0.0294951183392,0.0
4203940,0.699258150366,0.0296479485541,0.0
4208750,0.7000582169,0.0289089859261,0.0
4213560,0.700858283433,0.0292081979591,0.0
4218370,0.701658349967,0.029456803814,0.0
4223180,0.7024584165,0.0289601405112,0.0
4227990,0.703258483034,0.0289991651339,0.0
4232800,0.704058549568,0.0294548955335,0.0
4237610,0.704858616101,0.028993125867,0.0
4242420,0.705658682635,0.0292708025665,0.0
4247230,0.706458749168,0.0290477886361,0.0
4252040,0.707258815702,0.0291736001542,0.0
4256850,0.708058882236,0.0292845944256,0.0
4261660,0.708858948769,0.0290302653979,0.0
4266470,0.709659015303,0.029028010828,0.0
4271280,0.710459081836,0.0290470455149,0.0
4276090,0.71125914837,0.0291998900334,0.0
4280900,0.712059214904,0.0291891731877,0.0
4285710,0.712859281437,0.0291711823241,0.0
4290520,0.713659347971,0.0295046573858,0.0
4295330,0.714459414504,0.0291621047693,0.0
4300140,0.715259481038,0.0289328509276,0.0
4304950,0.716059547572,0.0288752869743,0.0
4309760,0.716859614105,0.0292343838993,0.0
4314570,0.717659680639,0.0291040109065,0.0
4319380,0.718459747172,0.0290805353687,0.0
4324190,0.719259813706,0.0292872842915,0.0
4329000,0.72005988024,0.0288955661867,0.0
4333810,0.720859946773,0.0291885660411,0.0
4338620,0.721660013307,0.0289817806392,0.0
4343430,0.72246007984,0.029287107476,0.0
4348240,0.723260146374,0.0290278020963,0.0
4353050,0.724060212908,0.0293238052829,0.0
4357860,0.724860279441,0.0289729422854,0.0
4362670,0.725660345975,0.0291909276997,0.0
4367480,0.726460412508,0.029233888023,0.0
4372290,0.727260479042,0.0292689864821,0.0
4377100,0.728060545576,0.0292165742748,0.0
4381910,0.728860612109,0.029228581981,0.0
4386720,0.729660678643,0.0290563852888,0.0
4391530,0.730460745176,0.0291256134638,0.0
4396340,0.73126081171,0.0292300328046,0.0
4401150,0.732060878244,0.0292064189448,0.0
4405960,0.732860944777,0.0291519412183,0.0
4410770,0.733661011311,0.0292134454131,0.0
4415580,0.734461077844,0.0291959467547,0.0
4420390,0.735261144378,0.0290263044411,0.0
4425200,0.736061210912,0.0291404246823,0.0
4430010,0.736861277445,0.0290686107665,0.0
4434820,0.737661343979,0.0291965302752,0.0
4439630,0.738461410512,0.0290098542969,0.0
4444440,0.739261477046,0.0292155053127,0.0
4449250,0.74006154358,0.0288940044628,0.0
4454060,0.740861610113,0.0289521888041,0.0
4458870,0.741661676647,0.0289407085713,0.0
4463680,0.74246174318,0.02906321509,0.0
4468490,0.743261809714,0.0289774557779,0.0
4473300,0.744061876248,0.0290367137926,0.0
4478110,0.744861942781,0.0288811201802,0.0
4482920,0.745662009315,0.0290639520266,0.0
4487730,0.746462075848,0.0290832661207,0.0
4492540,0.747262142382,0.0290486382421,0.0
4497350,0.748062208916,0.0291229211383,0.0
4502160,0.748862275449,0.0290972422437,0.0
4506970,0.749662341983,0.0290216216712,0.0
4511780,0.750462408516,0.0290576738399,0.0
4516590,0.75126247505,0.0290944172759,0.0
4521400,0.752062541583,0.0290500857681,0.0
4526210,0.752862608117,0.0291105316335,0.0
4531020,0.753662674651,0.0290140884046,0.0
4535830,0.754462741184,0.0288175133986,0.0
4540640,0.755262807718,0.0287689852246,0.0
4545450,0.756062874251,0.0288308914419,0.0
4550260,0.756862940785,0.0289982306916,0.0
4555070,0.757663007319,0.0289443437,0.0
4559880,0.758463073852,0.0290826574721,0.0
4564690,0.759263140386,0.0292853215982,0.0
4569500,0.760063206919,0.0288174498105,0.0
4574310,0.760863273453,0.0287891917571,0.0
4579120,0.761663339987,0.0290135636586,0.0
4583930,0.76246340652,0.0292305265166,0.0
4588740,0.763263473054,0.028789788335,0.0
4593550,0.764063539587,0.0294094184385,0.0
4598360,0.764863606121,0.0289334047975,0.0
4603170,0.765663672655,0.0294332299953,0.0
4607980,0.766463739188,0.0290716567215,0.0
4612790,0.767263805722,0.0291623969857,0.0
4617600,0.768063872255,0.0293300163831,0.0
4622410,0.768863938789,0.0293003672139,0.0
4627220,0.769664005323,0.0289098491096,0.0
4632030,0.770464071856,0.0290692422875,0.0
4636840,0.77126413839,0.0293784985326,0.0
4641650,0.772064204923,0.0295420575441,0.0
4646460,0.772864271457,0.0296107207999,0.0
