4810,0.000800066533599,0.100366483688,0.0
9620,0.0016001330672,0.0893122040025,0.0
14430,0.0024001996008,0.0834837259355,0.0
19240,0.0032002661344,0.0796567954235,0.0
24050,0.004000332668,0.0788611755088,0.0
28860,0.0048003992016,0.0769768282626,0.0
33670,0.0056004657352,0.073489359338,0.0
38480,0.0064005322688,0.0717613802967,0.0
43290,0.0072005988024,0.0716632234047,0.0
48100,0.00800066533599,0.0707613630597,0.0
52910,0.00880073186959,0.0714471194786,0.0
57720,0.00960079840319,0.0748050638187,0.0
62530,0.0104008649368,0.072916372062,0.0
67340,0.0112009314704,0.0720008575261,0.0
72150,0.012000998004,0.0725796654592,0.0
76960,0.0128010645376,0.0708272812819,0.0
81770,0.0136011310712,0.072299662718,0.0
86580,0.0144011976048,0.0751752068163,0.0
91390,0.0152012641384,0.0774480767613,0.0
96200,0.016001330672,0.0747377049874,0.0
101010,0.0168013972056,0.071409806571,0.0
105820,0.0176014637392,0.0708962209238,0.0
110630,0.0184015302728,0.0721925475975,0.0
115440,0.0192015968064,0.0719987193056,0.0
120250,0.02000166334,0.0728328255452,0.0
125060,0.0208017298736,0.0706441926799,0.0
129870,0.0216017964072,0.0702620685342,0.0
134680,0.0224018629408,0.0706271580437,0.0
139490,0.0232019294744,0.071461367335,0.0
144300,0.024001996008,0.0710691845228,0.0
149110,0.0248020625416,0.0707198236827,0.0
153920,0.0256021290752,0.0721350241748,0.0
158730,0.0264021956088,0.0685959915048,0.0
163540,0.0272022621424,0.0652869044112,0.0
168350,0.028002328676,0.0606206729781,0.0
173160,0.0288023952096,0.0585280278287,0.0
177970,0.0296024617432,0.0539080666154,0.0
182780,0.0304025282768,0.049266421705,0.0
187590,0.0312025948104,0.051929781405,0.0
192400,0.032002661344,0.0501764617921,0.0
197210,0.0328027278776,0.0550842827296,0.0
202020,0.0336027944112,0.0570899840306,0.0
206830,0.0344028609448,0.0624746921318,0.0
211640,0.0352029274784,0.0633868333476,0.0
216450,0.036002994012,0.0662963816959,0.0
221260,0.0368030605456,0.0672308481427,0.0
226070,0.0376031270792,0.0701555502179,0.0
230880,0.0384031936128,0.0672075533157,0.0
235690,0.0392032601464,0.0634069610117,0.0
240500,0.04000332668,0.0695628393317,0.0
245310,0.0408033932136,0.0678642106466,0.0
250120,0.0416034597472,0.0695114242874,0.0
254930,0.0424035262808,0.063134148857,0.0
259740,0.0432035928144,0.0668539708773,0.0
264550,0.044003659348,0.0587472865358,0.0
269360,0.0448037258816,0.0633508844743,0.0
274170,0.0456037924152,0.0732070123478,0.0
278980,0.0464038589488,0.0688576361378,0.0
283790,0.0472039254824,0.0646734928292,0.0
288600,0.048003992016,0.060628500739,0.0
293410,0.0488040585496,0.0625751118763,0.0
298220,0.0496041250832,0.0637642584393,0.0
303030,0.0504041916168,0.0598496665733,0.0
307840,0.0512042581504,0.0557566361081,0.0
312650,0.052004324684,0.051905202518,0.0
317460,0.0528043912176,0.0585027187314,0.0
322270,0.0536044577512,0.0641008049128,0.0
327080,0.0544045242848,0.0670055106504,0.0
331890,0.0552045908184,0.0665275683902,0.0
336700,0.056004657352,0.0646202106318,0.0
341510,0.0568047238856,0.0645968961171,0.0
346320,0.0576047904192,0.0583262698867,0.0
351130,0.0584048569528,0.054637048873,0.0
355940,0.0592049234864,0.0528891886887,0.0
360750,0.06000499002,0.0565251454484,0.0
365560,0.0608050565536,0.0602458224873,0.0
370370,0.0616051230872,0.0606135705675,0.0
375180,0.0624051896208,0.0597182341488,0.0
379990,0.0632052561544,0.0626043642681,0.0
384800,0.064005322688,0.0627717072385,0.0
389610,0.0648053892216,0.0654030170635,0.0
394420,0.0656054557552,0.0604366130668,0.0
399230,0.0664055222888,0.0605066026269,0.0
404040,0.0672055888224,0.0612956953375,0.0
408850,0.068005655356,0.0647660059652,0.0
413660,0.0688057218896,0.0654439994076,0.0
418470,0.0696057884232,0.0657206852288,0.0
423280,0.0704058549568,0.0659190969992,0.0
428090,0.0712059214904,0.0659610271492,0.0
432900,0.072005988024,0.0629432721354,0.0
437710,0.0728060545576,0.0640192292943,0.0
442520,0.0736061210912,0.0665442384394,0.0
447330,0.0744061876248,0.0666715781282,0.0
452140,0.0752062541583,0.0681686089404,0.0
456950,0.0760063206919,0.0664526111595,0.0
461760,0.0768063872255,0.06691388773,0.0
466570,0.0776064537591,0.0681355557328,0.0
471380,0.0784065202927,0.0678809497845,0.0
476190,0.0792065868263,0.0677835455667,0.0
481000,0.0800066533599,0.0691099368712,0.0
485810,0.0808067198935,0.0685319678698,0.0
490620,0.0816067864271,0.0669679058371,0.0
495430,0.0824068529607,0.0655772968507,0.0
500240,0.0832069194943,0.0659718650028,0.0
505050,0.0840069860279,0.0647690249243,0.0
509860,0.0848070525615,0.0668840453364,0.0
514670,0.0856071190951,0.065713235246,0.0
519480,0.0864071856287,0.0636106681355,0.0
524290,0.0872072521623,0.0641548693554,0.0
529100,0.0880073186959,0.066716719751,0.0
533910,0.0888073852295,0.0673082792205,0.0
538720,0.0896074517631,0.0680469151625,0.0
543530,0.0904075182967,0.0682625489381,0.0
548340,0.0912075848303,0.0671051811074,0.0
553150,0.0920076513639,0.0668645091776,0.0
557960,0.0928077178975,0.06619451031,0.0
562770,0.0936077844311,0.0675934928007,0.0
567580,0.0944078509647,0.0666617618913,0.0
572390,0.0952079174983,0.0690530311633,0.0
577200,0.0960079840319,0.0675180200992,0.0
582010,0.0968080505655,0.0684137266612,0.0
586820,0.0976081170991,0.0666951615305,0.0
591630,0.0984081836327,0.0653043378485,0.0
596440,0.0992082501663,0.0642607508828,0.0
601250,0.1000083167,0.0651978177614,0.0
606060,0.100808383234,0.0649490990498,0.0
610870,0.101608449767,0.0645296609394,0.0
615680,0.102408516301,0.0636519294653,0.0
620490,0.103208582834,0.0654645568215,0.0
625300,0.104008649368,0.0649142477354,0.0
630110,0.104808715902,0.0644307583328,0.0
634920,0.105608782435,0.0634151825598,0.0
639730,0.106408848969,0.0625362428652,0.0
644540,0.107208915502,0.0635149823009,0.0
649350,0.108008982036,0.0645394397089,0.0
654160,0.10880904857,0.0660923148998,0.0
658970,0.109609115103,0.0699981970015,0.0
663780,0.110409181637,0.0715284517242,0.0
668590,0.11120924817,0.0634869130551,0.0
673400,0.112009314704,0.0621306654508,0.0
678210,0.112809381238,0.0605227810663,0.0
683020,0.113609447771,0.0611966435975,0.0
687830,0.114409514305,0.0662408602083,0.0
692640,0.115209580838,0.0693168199875,0.0
697450,0.116009647372,0.0679737139277,0.0
702260,0.116809713906,0.0689146343185,0.0
707070,0.117609780439,0.0703301517846,0.0
711880,0.118409846973,0.069513718262,0.0
716690,0.119209913506,0.0687290736315,0.0
721500,0.12000998004,0.0696719211798,0.0
726310,0.120810046574,0.0676170281549,0.0
731120,0.121610113107,0.0663935507765,0.0
735930,0.122410179641,0.0642972657008,0.0
740740,0.123210246174,0.0645600031606,0.0
745550,0.124010312708,0.0604423341547,0.0
750360,0.124810379242,0.0595097275312,0.0
755170,0.125610445775,0.0607654215504,0.0
759980,0.126410512309,0.0587025172412,0.0
764790,0.127210578842,0.056199583588,0.0
769600,0.128010645376,0.05512132226,0.0
774410,0.12881071191,0.0590108784799,0.0
779220,0.129610778443,0.0596358321317,0.0
784030,0.130410844977,0.0575304491416,0.0
788840,0.13121091151,0.0593400975166,0.0
793650,0.132010978044,0.0648571703262,0.0
798460,0.132811044578,0.0650572750956,0.0
803270,0.133611111111,0.0651893651656,0.0
808080,0.134411177645,0.0657158146913,0.0
812890,0.135211244178,0.0666443693115,0.0
817700,0.136011310712,0.0663217309752,0.0
822510,0.136811377246,0.069310203383,0.0
827320,0.137611443779,0.067842813133,0.0
832130,0.138411510313,0.0668313129756,0.0
836940,0.139211576846,0.064727423595,0.0
841750,0.14001164338,0.0679822140246,0.0
846560,0.140811709914,0.0645900817958,0.0
851370,0.141611776447,0.0624554401733,0.0
856180,0.142411842981,0.0630424531291,0.0
860990,0.143211909514,0.0596206221847,0.0
865800,0.144011976048,0.0564078195208,0.0
870610,0.144812042582,0.056239867367,0.0
875420,0.145612109115,0.0602994356241,0.0
880230,0.146412175649,0.0638345351808,0.0
885040,0.147212242182,0.0578527708375,0.0
889850,0.148012308716,0.0617632662528,0.0
894660,0.14881237525,0.0692616084375,0.0
899470,0.149612441783,0.0667667034446,0.0
904280,0.150412508317,0.0671852031372,0.0
909090,0.15121257485,0.0650165432767,0.0
913900,0.152012641384,0.0668345126888,0.0
918710,0.152812707917,0.0635738547236,0.0
923520,0.153612774451,0.059493820692,0.0
928330,0.154412840985,0.060777896997,0.0
933140,0.155212907518,0.0614775979814,0.0
937950,0.156012974052,0.0578770651297,0.0
942760,0.156813040585,0.0507447330897,0.0
947570,0.157613107119,0.0606038783717,0.0
952380,0.158413173653,0.0546084255382,0.0
957190,0.159213240186,0.0582096850362,0.0
962000,0.16001330672,0.0675836946973,0.0
966810,0.160813373253,0.0642570725634,0.0
971620,0.161613439787,0.0684196656151,0.0
976430,0.162413506321,0.0633163612553,0.0
981240,0.163213572854,0.0536418478986,0.0
986050,0.164013639388,0.0491523648874,0.0
990860,0.164813705921,0.0544156682249,0.0
995670,0.165613772455,0.0550775391522,0.0
1000480,0.166413838989,0.048522189148,0.0
1005290,0.167213905522,0.0555240632967,0.0
1010100,0.168013972056,0.053688462329,0.0
1014910,0.168814038589,0.0582560738123,0.0
1019720,0.169614105123,0.0592474680808,0.0
1024530,0.170414171657,0.0573943743587,0.0
1029340,0.17121423819,0.0629647086023,0.0
1034150,0.172014304724,0.0650404792687,0.0
1038960,0.172814371257,0.0656519196984,0.0
1043770,0.173614437791,0.0659105138354,0.0
1048580,0.174414504325,0.0655802894546,0.0
1053390,0.175214570858,0.0639187871703,0.0
1058200,0.176014637392,0.0625960940854,0.0
1063010,0.176814703925,0.0640108181198,0.0
1067820,0.177614770459,0.0646463926751,0.0
1072630,0.178414836993,0.0634749908717,0.0
1077440,0.179214903526,0.0635173672787,0.0
1082250,0.18001497006,0.0668573311118,0.0
1087060,0.180815036593,0.068501972635,0.0
1091870,0.181615103127,0.0707328795349,0.0
1096680,0.182415169661,0.0726051294693,0.0
1101490,0.183215236194,0.0729451068826,0.0
1106300,0.184015302728,0.0705165287281,0.0
1111110,0.184815369261,0.0720781924057,0.0
1115920,0.185615435795,0.0720256691531,0.0
1120730,0.186415502329,0.0712532293001,0.0
1125540,0.187215568862,0.0706419465174,0.0
1130350,0.188015635396,0.0702511459384,0.0
1135160,0.188815701929,0.0701663908265,0.0
1139970,0.189615768463,0.072729831891,0.0
1144780,0.190415834997,0.0720810609728,0.0
1149590,0.19121590153,0.0725342386983,0.0
1154400,0.192015968064,0.0740988283887,0.0
1159210,0.192816034597,0.0692625885349,0.0
1164020,0.193616101131,0.0679111281674,0.0
1168830,0.194416167665,0.0675096074164,0.0
1173640,0.195216234198,0.0648947431314,0.0
1178450,0.196016300732,0.062466297924,0.0
1183260,0.196816367265,0.0653605111876,0.0
1188070,0.197616433799,0.0638508646427,0.0
1192880,0.198416500333,0.0649743902052,0.0
1197690,0.199216566866,0.0652642293326,0.0
1202500,0.2000166334,0.0685751094154,0.0
1207310,0.200816699933,0.0645589255463,0.0
1212120,0.201616766467,0.0650507087096,0.0
1216930,0.202416833001,0.0625852372612,0.0
1221740,0.203216899534,0.0642229110113,0.0
1226550,0.204016966068,0.0598641218721,0.0
1231360,0.204817032601,0.0643119451198,0.0
1236170,0.205617099135,0.0640000193901,0.0
1240980,0.206417165669,0.0596553393799,0.0
1245790,0.207217232202,0.0615143413914,0.0
1250600,0.208017298736,0.0613013741776,0.0
1255410,0.208817365269,0.0618702781436,0.0
1260220,0.209617431803,0.0624976181712,0.0
1265030,0.210417498337,0.062945134644,0.0
1269840,0.21121756487,0.0652025907463,0.0
1274650,0.212017631404,0.0647019804703,0.0
1279460,0.212817697937,0.0652519677518,0.0
1284270,0.213617764471,0.0657697369734,0.0
1289080,0.214417831005,0.0630477136692,0.0
1293890,0.215217897538,0.0645164869709,0.0
1298700,0.216017964072,0.0625716174948,0.0
1303510,0.216818030605,0.0601948292537,0.0
1308320,0.217618097139,0.059364012863,0.0
1313130,0.218418163673,0.0583256577264,0.0
1317940,0.219218230206,0.0578429402069,0.0
1322750,0.22001829674,0.0600771399848,0.0
1327560,0.220818363273,0.0595982347316,0.0
1332370,0.221618429807,0.0601106707497,0.0
1337180,0.222418496341,0.0597101509303,0.0
1341990,0.223218562874,0.0607890850633,0.0
1346800,0.224018629408,0.0623761130973,0.0
1351610,0.224818695941,0.0637917592856,0.0
1356420,0.225618762475,0.0645288271826,0.0
1361230,0.226418829009,0.066615573396,0.0
1366040,0.227218895542,0.0650304775588,0.0
1370850,0.228018962076,0.0647497659581,0.0
1375660,0.228819028609,0.0659816691153,0.0
1380470,0.229619095143,0.067304526806,0.0
1385280,0.230419161677,0.0684341188568,0.0
1390090,0.23121922821,0.0685856524184,0.0
1394900,0.232019294744,0.068173946813,0.0
1399710,0.232819361277,0.0680908261862,0.0
1404520,0.233619427811,0.0678025268843,0.0
1409330,0.234419494345,0.06831225967,0.0
1414140,0.235219560878,0.067781685962,0.0
1418950,0.236019627412,0.0652167217854,0.0
1423760,0.236819693945,0.0649494407817,0.0
1428570,0.237619760479,0.0649462321724,0.0
1433380,0.238419827013,0.0649261726337,0.0
1438190,0.239219893546,0.0670806004162,0.0
1443000,0.24001996008,0.0693211390512,0.0
1447810,0.240820026613,0.066886340121,0.0
1452620,0.241620093147,0.0663818649881,0.0
1457430,0.242420159681,0.0656575524372,0.0
1462240,0.243220226214,0.0648494358001,0.0
1467050,0.244020292748,0.0640316092125,0.0
1471860,0.244820359281,0.0646689708368,0.0
1476670,0.245620425815,0.065786916092,0.0
1481480,0.246420492349,0.0639567382513,0.0
1486290,0.247220558882,0.0618892023656,0.0
1491100,0.248020625416,0.0618756814725,0.0
1495910,0.248820691949,0.0618920967493,0.0
1500720,0.249620758483,0.0617797642458,0.0
1505530,0.250420825017,0.0602706895377,0.0
1510340,0.25122089155,0.0595074788393,0.0
1515150,0.252020958084,0.0600525196268,0.0
1519960,0.252821024617,0.062459603715,0.0
1524770,0.253621091151,0.0633653931155,0.0
1529580,0.254421157685,0.064476469851,0.0
1534390,0.255221224218,0.0643630282431,0.0
1539200,0.256021290752,0.0657434393064,0.0
1544010,0.256821357285,0.0641973530499,0.0
1548820,0.257621423819,0.0657144818427,0.0
1553630,0.258421490353,0.0655757368855,0.0
1558440,0.259221556886,0.0650543107971,0.0
1563250,0.26002162342,0.0665779161005,0.0
1568060,0.260821689953,0.0644721842492,0.0
1572870,0.261621756487,0.0632509059392,0.0
1577680,0.262421823021,0.0646277935011,0.0
1582490,0.263221889554,0.0639815767252,0.0
1587300,0.264021956088,0.0630470443025,0.0
1592110,0.264822022621,0.0631360481442,0.0
1596920,0.265622089155,0.0629437760009,0.0
1601730,0.266422155689,0.0635422002657,0.0
1606540,0.267222222222,0.0638099862436,0.0
1611350,0.268022288756,0.0633567194796,0.0
1616160,0.268822355289,0.0639071604889,0.0
1620970,0.269622421823,0.0658862907246,0.0
1625780,0.270422488357,0.0668610025666,0.0
1630590,0.27122255489,0.0655522588375,0.0
1635400,0.272022621424,0.0630350090639,0.0
1640210,0.272822687957,0.0630459118391,0.0
1645020,0.273622754491,0.0634111912418,0.0
1649830,0.274422821025,0.0648983454848,0.0
1654640,0.275222887558,0.065034775598,0.0
1659450,0.276022954092,0.0646408795206,0.0
1664260,0.276823020625,0.0639889174631,0.0
1669070,0.277623087159,0.0638730931199,0.0
1673880,0.278423153693,0.0651269587209,0.0
1678690,0.279223220226,0.0668829426496,0.0
1683500,0.28002328676,0.0657412429461,0.0
1688310,0.280823353293,0.0631208053417,0.0
1693120,0.281623419827,0.0621161049485,0.0
1697930,0.282423486361,0.0637331712478,0.0
1702740,0.283223552894,0.0621206720329,0.0
1707550,0.284023619428,0.0620379744392,0.0
1712360,0.284823685961,0.0635496265366,0.0
1717170,0.285623752495,0.0630520538564,0.0
1721980,0.286423819029,0.0624266304197,0.0
1726790,0.287223885562,0.0602230275023,0.0
1731600,0.288023952096,0.0620741588656,0.0
1736410,0.288824018629,0.0620809625859,0.0
1741220,0.289624085163,0.0643710413063,0.0
1746030,0.290424151697,0.0648061427839,0.0
1750840,0.29122421823,0.0638831527798,0.0
1755650,0.292024284764,0.0642899804058,0.0
1760460,0.292824351297,0.064247851724,0.0
1765270,0.293624417831,0.066221132012,0.0
1770080,0.294424484365,0.0694613898118,0.0
1774890,0.295224550898,0.0716960458244,0.0
1779700,0.296024617432,0.0682892809008,0.0
1784510,0.296824683965,0.0693767375135,0.0
1789320,0.297624750499,0.0692091913352,0.0
1794130,0.298424817033,0.0688044805555,0.0
1798940,0.299224883566,0.0693423549978,0.0
1803750,0.3000249501,0.0695635387411,0.0
1808560,0.300825016633,0.0681913637001,0.0
1813370,0.301625083167,0.0676883865922,0.0
1818180,0.302425149701,0.0673512850517,0.0
1822990,0.303225216234,0.0678149000878,0.0
1827800,0.304025282768,0.0657490870868,0.0
1832610,0.304825349301,0.0654472954882,0.0
1837420,0.305625415835,0.0656271272101,0.0
1842230,0.306425482369,0.0659692209379,0.0
1847040,0.307225548902,0.0657737512965,0.0
1851850,0.308025615436,0.0647708899028,0.0
1856660,0.308825681969,0.064825028847,0.0
1861470,0.309625748503,0.0648989703468,0.0
1866280,0.310425815037,0.0613824291728,0.0
1871090,0.31122588157,0.0598556214061,0.0
1875900,0.312025948104,0.0611100629266,0.0
1880710,0.312826014637,0.0584524070969,0.0
1885520,0.313626081171,0.0591404597084,0.0
1890330,0.314426147705,0.0621659338751,0.0
1895140,0.315226214238,0.0646526772566,0.0
1899950,0.316026280772,0.0622676974346,0.0
1904760,0.316826347305,0.063218055912,0.0
1909570,0.317626413839,0.0657040317885,0.0
1914380,0.318426480373,0.065349181829,0.0
1919190,0.319226546906,0.0661853933022,0.0
1924000,0.32002661344,0.0657738624917,0.0
1928810,0.320826679973,0.0629629648736,0.0
1933620,0.321626746507,0.0633042879223,0.0
1938430,0.322426813041,0.0652501553293,0.0
1943240,0.323226879574,0.0655545335608,0.0
1948050,0.324026946108,0.0653750735578,0.0
1952860,0.324827012641,0.0657236923397,0.0
1957670,0.325627079175,0.0656311795685,0.0
1962480,0.326427145709,0.0654106920937,0.0
1967290,0.327227212242,0.066272684828,0.0
1972100,0.328027278776,0.0649223871418,0.0
1976910,0.328827345309,0.0644446724299,0.0
1981720,0.329627411843,0.064853045783,0.0
1986530,0.330427478377,0.0628783587543,0.0
1991340,0.33122754491,0.0611484678379,0.0
1996150,0.332027611444,0.0616063365977,0.0
2000960,0.332827677977,0.0625733723845,0.0
2005770,0.333627744511,0.0642663957668,0.0
2010580,0.334427811045,0.0664288679249,0.0
2015390,0.335227877578,0.0681438276506,0.0
2020200,0.336027944112,0.0664433925358,0.0
2025010,0.336828010645,0.0640794143971,0.0
2029820,0.337628077179,0.0638131059579,0.0
2034630,0.338428143713,0.0638446002975,0.0
2039440,0.339228210246,0.0657165601179,0.0
2044250,0.34002827678,0.066034478013,0.0
2049060,0.340828343313,0.0630872071856,0.0
2053870,0.341628409847,0.0634468482028,0.0
2058680,0.342428476381,0.064698272797,0.0
2063490,0.343228542914,0.065997986788,0.0
2068300,0.344028609448,0.066750978717,0.0
2073110,0.344828675981,0.0677059146232,0.0
2077920,0.345628742515,0.0668524659336,0.0
2082730,0.346428809049,0.0667091336951,0.0
2087540,0.347228875582,0.0678226830026,0.0
2092350,0.348028942116,0.0652074903399,0.0
2097160,0.348829008649,0.0673888986802,0.0
2101970,0.349629075183,0.0678725420207,0.0
2106780,0.350429141717,0.067775073796,0.0
2111590,0.35122920825,0.0675597719781,0.0
2116400,0.352029274784,0.0660720818746,0.0
2121210,0.352829341317,0.0652588546284,0.0
2126020,0.353629407851,0.0665598350015,0.0
2130830,0.354429474385,0.0681987758938,0.0
2135640,0.355229540918,0.0715385671638,0.0
2140450,0.356029607452,0.0679236837203,0.0
2145260,0.356829673985,0.0651026729439,0.0
2150070,0.357629740519,0.0660017149785,0.0
2154880,0.358429807053,0.0660901109536,0.0
2159690,0.359229873586,0.0657048584278,0.0
2164500,0.36002994012,0.0672450870518,0.0
2169310,0.360830006653,0.0662735379692,0.0
2174120,0.361630073187,0.0650243124884,0.0
2178930,0.362430139721,0.0655642960525,0.0
2183740,0.363230206254,0.0643774986861,0.0
2188550,0.364030272788,0.065188725886,0.0
2193360,0.364830339321,0.0693410660442,0.0
2198170,0.365630405855,0.0674646299507,0.0
2202980,0.366430472389,0.0647589998094,0.0
2207790,0.367230538922,0.0647473670261,0.0
2212600,0.368030605456,0.0640695166193,0.0
2217410,0.368830671989,0.06380229431,0.0
2222220,0.369630738523,0.0656586323101,0.0
2227030,0.370430805057,0.0662736309285,0.0
2231840,0.37123087159,0.0670644778793,0.0
2236650,0.372030938124,0.0678030030529,0.0
2241460,0.372831004657,0.0683933593425,0.0
2246270,0.373631071191,0.0681465856952,0.0
2251080,0.374431137725,0.0663908663071,0.0
2255890,0.375231204258,0.0664816189162,0.0
2260700,0.376031270792,0.0663040053621,0.0
2265510,0.376831337325,0.0652019777007,0.0
2270320,0.377631403859,0.0651676808015,0.0
2275130,0.378431470393,0.0656539977277,0.0
2279940,0.379231536926,0.0654453076733,0.0
2284750,0.38003160346,0.0673903831205,0.0
2289560,0.380831669993,0.0672737986583,0.0
2294370,0.381631736527,0.0669287894811,0.0
2299180,0.382431803061,0.0671437700851,0.0
2303990,0.383231869594,0.0657887597304,0.0
2308800,0.384031936128,0.067058875998,0.0
2313610,0.384832002661,0.0687583304117,0.0
2318420,0.385632069195,0.0685108915363,0.0
2323230,0.386432135729,0.0663864629604,0.0
2328040,0.387232202262,0.0669839782109,0.0
2332850,0.388032268796,0.0669538664072,0.0
2337660,0.388832335329,0.0669744398747,0.0
2342470,0.389632401863,0.0696619927679,0.0
2347280,0.390432468397,0.070073429233,0.0
2352090,0.39123253493,0.0670817389554,0.0
2356900,0.392032601464,0.0679124191774,0.0
2361710,0.392832667997,0.0682468923233,0.0
2366520,0.393632734531,0.0694342719481,0.0
2371330,0.394432801065,0.071871194698,0.0
2376140,0.395232867598,0.072559674158,0.0
2380950,0.396032934132,0.0700879492555,0.0
2385760,0.396833000665,0.0678164831271,0.0
2390570,0.397633067199,0.0700276638356,0.0
2395380,0.398433133733,0.0714346024784,0.0
2400190,0.399233200266,0.0673921569773,0.0
2405000,0.4000332668,0.0654327896172,0.0
2409810,0.400833333333,0.0635127113742,0.0
2414620,0.401633399867,0.0645557875332,0.0
2419430,0.402433466401,0.0621887783378,0.0
2424240,0.403233532934,0.0616352032562,0.0
2429050,0.404033599468,0.0628128543558,0.0
2433860,0.404833666001,0.0702102949633,0.0
2438670,0.405633732535,0.0600381396411,0.0
2443480,0.406433799069,0.054982133289,0.0
2448290,0.407233865602,0.0561844755891,0.0
2453100,0.408033932136,0.0589314741833,0.0
2457910,0.408833998669,0.0559358641333,0.0
2462720,0.409634065203,0.056112968773,0.0
2467530,0.410434131737,0.0566273702582,0.0
2472340,0.41123419827,0.0581118972837,0.0
2477150,0.412034264804,0.0601585343258,0.0
2481960,0.412834331337,0.0615594910277,0.0
2486770,0.413634397871,0.0625195466909,0.0
2491580,0.414434464405,0.0630386909069,0.0
2496390,0.415234530938,0.0629148165493,0.0
2501200,0.416034597472,0.0626529000159,0.0
2506010,0.416834664005,0.062767513045,0.0
2510820,0.417634730539,0.0635565895773,0.0
2515630,0.418434797073,0.0635840980837,0.0
2520440,0.419234863606,0.063519884132,0.0
2525250,0.42003493014,0.0654434132217,0.0
2530060,0.420834996673,0.0632711055962,0.0
2534870,0.421635063207,0.0633553879528,0.0
2539680,0.422435129741,0.0636704297784,0.0
2544490,0.423235196274,0.0639673056709,0.0
2549300,0.424035262808,0.0648573852435,0.0
2554110,0.424835329341,0.0661540315971,0.0
2558920,0.425635395875,0.065887012078,0.0
2563730,0.426435462409,0.0646772376071,0.0
2568540,0.427235528942,0.0644813251926,0.0
2573350,0.428035595476,0.0650452644238,0.0
2578160,0.428835662009,0.0653956740427,0.0
2582970,0.429635728543,0.0660610137271,0.0
2587780,0.430435795077,0.0664121714463,0.0
2592590,0.43123586161,0.0663980586133,0.0
2597400,0.432035928144,0.0668305457553,0.0
2602210,0.432835994677,0.0663559532272,0.0
2607020,0.433636061211,0.0654267100812,0.0
2611830,0.434436127745,0.065280930843,0.0
2616640,0.435236194278,0.0660399985692,0.0
2621450,0.436036260812,0.0658785985546,0.0
2626260,0.436836327345,0.0660366717289,0.0
2631070,0.437636393879,0.0642025789556,0.0
2635880,0.438436460413,0.0643156251043,0.0
2640690,0.439236526946,0.0645333447379,0.0
2645500,0.44003659348,0.0662276343872,0.0
2650310,0.440836660013,0.0654990319378,0.0
2655120,0.441636726547,0.0657710285007,0.0
2659930,0.442436793081,0.065877769889,0.0
2664740,0.443236859614,0.0640273911284,0.0
2669550,0.444036926148,0.0611736974441,0.0
2674360,0.444836992681,0.0619697597497,0.0
2679170,0.445637059215,0.0620436871675,0.0
2683980,0.446437125749,0.0638099340655,0.0
2688790,0.447237192282,0.0634817522933,0.0
2693600,0.448037258816,0.062216843592,0.0
2698410,0.448837325349,0.0613698765217,0.0
2703220,0.449637391883,0.0621412360407,0.0
2708030,0.450437458417,0.063149331191,0.0
2712840,0.45123752495,0.06721955066,0.0
2717650,0.452037591484,0.067425225891,0.0
2722460,0.452837658017,0.0676695726704,0.0
2727270,0.453637724551,0.0678332460024,0.0
2732080,0.454437791084,0.0702848209414,0.0
2736890,0.455237857618,0.0663509529132,0.0
2741700,0.456037924152,0.0652292387751,0.0
2746510,0.456837990685,0.0647473888668,0.0
2751320,0.457638057219,0.0628260800963,0.0
2756130,0.458438123752,0.0631533150896,0.0
2760940,0.459238190286,0.0636049287962,0.0
2765750,0.46003825682,0.0638846948818,0.0
2770560,0.460838323353,0.0608762526934,0.0
2775370,0.461638389887,0.0576235566891,0.0
2780180,0.46243845642,0.0607093968695,0.0
2784990,0.463238522954,0.0627470903321,0.0
2789800,0.464038589488,0.0645083627409,0.0
2794610,0.464838656021,0.0646552169721,0.0
2799420,0.465638722555,0.0575152959241,0.0
2804230,0.466438789088,0.0650740196715,0.0
2809040,0.467238855622,0.0668813286164,0.0
2813850,0.468038922156,0.0605722481735,0.0
2818660,0.468838988689,0.0627734992692,0.0
2823470,0.469639055223,0.0613356487119,0.0
2828280,0.470439121756,0.0615133173235,0.0
2833090,0.47123918829,0.0615859138846,0.0
2837900,0.472039254824,0.0611407985613,0.0
2842710,0.472839321357,0.0602257660004,0.0
2847520,0.473639387891,0.0620507995366,0.0
2852330,0.474439454424,0.0573575745899,0.0
2857140,0.475239520958,0.0590595075876,0.0
2861950,0.476039587492,0.063015713956,0.0
2866760,0.476839654025,0.0579886762524,0.0
2871570,0.477639720559,0.0556541236149,0.0
2876380,0.478439787092,0.0571512518563,0.0
2881190,0.479239853626,0.0577930439274,0.0
2886000,0.48003992016,0.057163038851,0.0
2890810,0.480839986693,0.0580929206601,0.0
2895620,0.481640053227,0.0614740455311,0.0
2900430,0.48244011976,0.058983911508,0.0
2905240,0.483240186294,0.0579719810424,0.0
2910050,0.484040252828,0.055685242457,0.0
2914860,0.484840319361,0.065608232288,0.0
2919670,0.485640385895,0.0624481532823,0.0
2924480,0.486440452428,0.057970604383,0.0
2929290,0.487240518962,0.0611423775085,0.0
2934100,0.488040585496,0.0566827097102,0.0
2938910,0.488840652029,0.0589300680985,0.0
2943720,0.489640718563,0.0606504939194,0.0
2948530,0.490440785096,0.061261801654,0.0
2953340,0.49124085163,0.0621281627079,0.0
2958150,0.492040918164,0.0676342051558,0.0
2962960,0.492840984697,0.0670054141724,0.0
2967770,0.493641051231,0.0669683475269,0.0
2972580,0.494441117764,0.069919136025,0.0
2977390,0.495241184298,0.0698177964877,0.0
2982200,0.496041250832,0.0649093284479,0.0
2987010,0.496841317365,0.0688426276803,0.0
2991820,0.497641383899,0.0675999760146,0.0
2996630,0.498441450432,0.066106804527,0.0
3001440,0.499241516966,0.065525260034,0.0
3006250,0.5000415835,0.064869477968,0.0
3011060,0.500841650033,0.0638773541408,0.0
3015870,0.501641716567,0.061128298672,0.0
3020680,0.5024417831,0.0624647107498,0.0
3025490,0.503241849634,0.0589565282444,0.0
3030300,0.504041916168,0.0603419229916,0.0
3035110,0.504841982701,0.0609215286434,0.0
3039920,0.505642049235,0.0617282449401,0.0
3044730,0.506442115768,0.0612856855608,0.0
3049540,0.507242182302,0.0600209773324,0.0
3054350,0.508042248836,0.059705795566,0.0
3059160,0.508842315369,0.0659007998728,0.0
3063970,0.509642381903,0.0723422334184,0.0
3068780,0.510442448436,0.0781134453702,0.0
3073590,0.51124251497,0.0748034027386,0.0
3078400,0.512042581504,0.0668954260614,0.0
3083210,0.512842648037,0.0664864486602,0.0
3088020,0.513642714571,0.065931523862,0.0
3092830,0.514442781104,0.0679131923638,0.0
3097640,0.515242847638,0.0633542154044,0.0
3102450,0.516042914172,0.0584080188202,0.0
3107260,0.516842980705,0.0604675541368,0.0
3112070,0.517643047239,0.0617336384414,0.0
3116880,0.518443113772,0.0587968371657,0.0
3121690,0.519243180306,0.0614071236887,0.0
3126500,0.52004324684,0.0635935285796,0.0
3131310,0.520843313373,0.0648295943684,0.0
3136120,0.521643379907,0.0626479062571,0.0
3140930,0.52244344644,0.0618089902982,0.0
3145740,0.523243512974,0.0625100214738,0.0
3150550,0.524043579508,0.0641033582637,0.0
3155360,0.524843646041,0.065366230744,0.0
3160170,0.525643712575,0.0648508031096,0.0
3164980,0.526443779108,0.0668732993024,0.0
3169790,0.527243845642,0.0700124718902,0.0
3174600,0.528043912176,0.0699563009719,0.0
3179410,0.528843978709,0.0700865769379,0.0
3184220,0.529644045243,0.072763631113,0.0
3189030,0.530444111776,0.0703749629331,0.0
3193840,0.53124417831,0.0679581681262,0.0
3198650,0.532044244844,0.0661417547018,0.0
3203460,0.532844311377,0.065657798713,0.0
3208270,0.533644377911,0.0651758362246,0.0
3213080,0.534444444444,0.0665251631626,0.0
3217890,0.535244510978,0.0709385831898,0.0
3222700,0.536044577512,0.0679833472822,0.0
3227510,0.536844644045,0.0655310638816,0.0
3232320,0.537644710579,0.0639974401241,0.0
3237130,0.538444777112,0.0652828894002,0.0
3241940,0.539244843646,0.0675541183618,0.0
3246750,0.54004491018,0.066883270137,0.0
3251560,0.540844976713,0.0647609817508,0.0
3256370,0.541645043247,0.0627217578292,0.0
3261180,0.54244510978,0.0604049674928,0.0
3265990,0.543245176314,0.0567902314138,0.0
3270800,0.544045242848,0.0567171364734,0.0
3275610,0.544845309381,0.0582777998083,0.0
3280420,0.545645375915,0.0573757659635,0.0
3285230,0.546445442448,0.0544933665186,0.0
3290040,0.547245508982,0.0595388199364,0.0
3294850,0.548045575516,0.0596333600354,0.0
3299660,0.548845642049,0.0581944937903,0.0
3304470,0.549645708583,0.0614405834466,0.0
3309280,0.550445775116,0.060660536254,0.0
3314090,0.55124584165,0.0645799622529,0.0
3318900,0.552045908184,0.0630855811758,0.0
3323710,0.552845974717,0.0619985901702,0.0
3328520,0.553646041251,0.0634040223895,0.0
3333330,0.554446107784,0.0642233815784,0.0
3338140,0.555246174318,0.0598344073431,0.0
3342950,0.556046240852,0.0588082972221,0.0
3347760,0.556846307385,0.0625372044952,0.0
3352570,0.557646373919,0.0664367154689,0.0
3357380,0.558446440452,0.0708518463902,0.0
3362190,0.559246506986,0.0691921483125,0.0
3367000,0.56004657352,0.0698405846236,0.0
3371810,0.560846640053,0.0680538600593,0.0
3376620,0.561646706587,0.069008640977,0.0
3381430,0.56244677312,0.0637480181581,0.0
3386240,0.563246839654,0.0568877672508,0.0
3391050,0.564046906188,0.0619504951425,0.0
3395860,0.564846972721,0.0621663194906,0.0
3400670,0.565647039255,0.065531251154,0.0
3405480,0.566447105788,0.0671352472954,0.0
3410290,0.567247172322,0.0695957918905,0.0
3415100,0.568047238856,0.0650354642169,0.0
3419910,0.568847305389,0.0638031186186,0.0
3424720,0.569647371923,0.0635609900213,0.0
3429530,0.570447438456,0.0695641740796,0.0
3434340,0.57124750499,0.0622436802961,0.0
3439150,0.572047571524,0.0709619229487,0.0
3443960,0.572847638057,0.0688104650713,0.0
3448770,0.573647704591,0.0705823096615,0.0
3453580,0.574447771124,0.0722229028755,0.0
3458390,0.575247837658,0.0730871688817,0.0
3463200,0.576047904192,0.0624780766689,0.0
3468010,0.576847970725,0.0610580382637,0.0
3472820,0.577648037259,0.0763341062356,0.0
3477630,0.578448103792,0.0716658031161,0.0
3482440,0.579248170326,0.0629910035579,0.0
3487250,0.58004823686,0.0680089315595,0.0
3492060,0.580848303393,0.0759181159181,0.0
3496870,0.581648369927,0.0786965242975,0.0
3501680,0.58244843646,0.0626955891303,0.0
3506490,0.583248502994,0.0621636930604,0.0
3511300,0.584048569528,0.0502751436377,0.0
3516110,0.584848636061,0.0646589118554,0.0
3520920,0.585648702595,0.0508704460362,0.0
3525730,0.586448769128,0.0385984130501,0.0
3530540,0.587248835662,0.0523125289712,0.0
3535350,0.588048902196,0.0652932413079,0.0
3540160,0.588848968729,0.0624127909662,0.0
3544970,0.589649035263,0.077430595513,0.0
3549780,0.590449101796,0.06792170801,0.0
3554590,0.59124916833,0.0577835555947,0.0
3559400,0.592049234864,0.0734615872177,0.0
3564210,0.592849301397,0.0668635549742,0.0
3569020,0.593649367931,0.0205318373356,0.0
3573830,0.594449434464,0.0808812679566,0.0
3578640,0.595249500998,0.0761416892548,0.0
3583450,0.596049567532,0.0361147651758,0.0
3588260,0.596849634065,0.0789247778897,0.0
3593070,0.597649700599,0.0578559402124,0.0
3597880,0.598449767132,0.0728260433292,0.0
3602690,0.599249833666,0.0559613219598,0.0
3607500,0.6000499002,0.076444383428,0.0
3612310,0.600849966733,0.0851463169721,0.0
3617120,0.601650033267,0.0638125458473,0.0
3621930,0.6024500998,0.0572657408753,0.0
3626740,0.603250166334,0.0658961334864,0.0
3631550,0.604050232868,0.0661685567618,0.0
3636360,0.604850299401,0.0598238834599,0.0
3641170,0.605650365935,0.05853962787,0.0
3645980,0.606450432468,0.0588168535614,0.0
3650790,0.607250499002,0.0687541915943,0.0
3655600,0.608050565536,0.0849718881019,0.0
3660410,0.608850632069,0.0785457570244,0.0
3665220,0.609650698603,0.0771769782098,0.0
3670030,0.610450765136,0.0818069797408,0.0
3674840,0.61125083167,0.0857699187936,0.0
3679650,0.612050898204,0.089817503978,0.0
3684460,0.612850964737,0.079625348281,0.0
3689270,0.613651031271,0.0684086864703,0.0
3694080,0.614451097804,0.0715784992126,0.0
3698890,0.615251164338,0.0633644932294,0.0
3703700,0.616051230872,0.0519878610946,0.0
3708510,0.616851297405,0.0717594390753,0.0
3713320,0.617651363939,0.0646978467868,0.0
3718130,0.618451430472,0.0710311337218,0.0
3722940,0.619251497006,0.0602920168501,0.0
3727750,0.62005156354,0.0648483145045,0.0
3732560,0.620851630073,0.0677877096161,0.0
3737370,0.621651696607,0.0638958627219,0.0
3742180,0.62245176314,0.0661113400957,0.0
3746990,0.623251829674,0.0590818752729,0.0
3751800,0.624051896208,0.0542623370866,0.0
3756610,0.624851962741,0.0689991255459,0.0
3761420,0.625652029275,0.0667514969153,0.0
3766230,0.626452095808,0.044668773533,0.0
3771040,0.627252162342,0.0657953890951,0.0
3775850,0.628052228876,0.0865303266925,0.0
3780660,0.628852295409,0.0824204593321,0.0
3785470,0.629652361943,0.0581893630937,0.0
3790280,0.630452428476,0.0748652818799,0.0
3795090,0.63125249501,0.0672431245939,0.0
3799900,0.632052561544,0.0660987980722,0.0
3804710,0.632852628077,0.0795708897821,0.0
3809520,0.633652694611,0.0896653050604,0.0
3814330,0.634452761144,0.0787595382423,0.0
3819140,0.635252827678,0.0499884306305,0.0
3823950,0.636052894212,0.0679822111785,0.0
3828760,0.636852960745,0.0395358257532,0.0
3833570,0.637653027279,0.0715651634012,0.0
3838380,0.638453093812,0.060600092854,0.0
3843190,0.639253160346,0.0771070920332,0.0
3848000,0.64005322688,0.068066826002,0.0
3852810,0.640853293413,0.0609384016898,0.0
3857620,0.641653359947,0.0586169481375,0.0
3862430,0.64245342648,0.0676802130463,0.0
3867240,0.643253493014,0.0535249025642,0.0
3872050,0.644053559548,0.0701101185371,0.0
3876860,0.644853626081,0.0519748173296,0.0
3881670,0.645653692615,0.0662383324468,0.0
3886480,0.646453759148,0.0670114430315,0.0
3891290,0.647253825682,0.0862921762267,0.0
3896100,0.648053892216,0.0857020816769,0.0
3900910,0.648853958749,0.0658732132798,0.0
3905720,0.649654025283,0.0666331548095,0.0
3910530,0.650454091816,0.0673671790392,0.0
3915340,0.65125415835,0.0616623234506,0.0
3920150,0.652054224884,0.0392354526994,0.0
3924960,0.652854291417,0.0545836227387,0.0
3929770,0.653654357951,0.0598932310997,0.0
3934580,0.654454424484,0.0764339079276,0.0
3939390,0.655254491018,0.0665465071862,0.0
3944200,0.656054557552,0.0702611947514,0.0
3949010,0.656854624085,0.078754607187,0.0
3953820,0.657654690619,0.0727535807547,0.0
3958630,0.658454757152,0.0731331400562,0.0
3963440,0.659254823686,0.0778780997723,0.0
3968250,0.66005489022,0.0983588519384,0.0
3973060,0.660854956753,0.0846479507993,0.0
3977870,0.661655023287,0.0568328148627,0.0
3982680,0.66245508982,0.0668699649538,0.0
3987490,0.663255156354,0.0865086013116,0.0
3992300,0.664055222888,0.0748352899547,0.0
3997110,0.664855289421,0.0651517405118,0.0
4001920,0.665655355955,0.0664447367767,0.0
4006730,0.666455422488,0.0867833682291,0.0
4011540,0.667255489022,0.0844533156622,0.0
4016350,0.668055555556,0.0476628709627,0.0
4021160,0.668855622089,0.0595484256501,0.0
4025970,0.669655688623,0.0589284484847,0.0
4030780,0.670455755156,0.0628631463135,0.0
4035590,0.67125582169,0.0520796252314,0.0
4040400,0.672055888224,0.0668673661388,0.0
4045210,0.672855954757,0.0797589239721,0.0
4050020,0.673656021291,0.0720119468558,0.0
4054830,0.674456087824,0.0663798187088,0.0
4059640,0.675256154358,0.0737148289357,0.0
4064450,0.676056220892,0.0565140245106,0.0
4069260,0.676856287425,0.0586962181751,0.0
4074070,0.677656353959,0.0708203432387,0.0
4078880,0.678456420492,0.0681098988972,0.0
4083690,0.679256487026,0.0684131441399,0.0
4088500,0.68005655356,0.0656032643975,0.0
4093310,0.680856620093,0.072002378521,0.0
4098120,0.681656686627,0.0614628524928,0.0
4102930,0.68245675316,0.0733871931467,0.0
4107740,0.683256819694,0.0794384204552,0.0
4112550,0.684056886228,0.0929831614723,0.0
4117360,0.684856952761,0.0997964626287,0.0
4122170,0.685657019295,0.0833968852405,0.0
4126980,0.686457085828,0.0662455851534,0.0
4131790,0.687257152362,0.0743946396184,0.0
4136600,0.688057218896,0.0600044084575,0.0
4141410,0.688857285429,0.0745849446988,0.0
4146220,0.689657351963,0.0760192512659,0.0
4151030,0.690457418496,0.0739384169238,0.0
4155840,0.69125748503,0.0834293711792,0.0
4160650,0.692057551564,0.0640204983392,0.0
4165460,0.692857618097,0.0510506331248,0.0
4170270,0.693657684631,0.0568084078456,0.0
4175080,0.694457751164,0.0390403611532,0.0
4179890,0.695257817698,0.08332324414,0.0
4184700,0.696057884232,0.0514475863697,0.0
4189510,0.696857950765,0.0782570660666,0.0
4194320,0.697658017299,0.0792041638235,0.0
4199130,0.698458083832,0.0823165970443,0.0
4203940,0.699258150366,0.0908528921978,0.0
4208750,0.7000582169,0.0519592093182,0.0
4213560,0.700858283433,0.0591186151865,0.0
4218370,0.701658349967,0.0635042687546,0.0
4223180,0.7024584165,0.0475851515739,0.0
4227990,0.703258483034,0.0368110976923,0.0
4232800,0.704058549568,0.0662787772166,0.0
4237610,0.704858616101,0.0738444994723,0.0
4242420,0.705658682635,0.0681669541227,0.0
4247230,0.706458749168,0.05794130008,0.0
4252040,0.707258815702,0.0676950528317,0.0
4256850,0.708058882236,0.0714859296418,0.0
4261660,0.708858948769,0.0590715245572,0.0
4266470,0.709659015303,0.0655584915125,0.0
4271280,0.710459081836,0.0657094194862,0.0
4276090,0.71125914837,0.0622969396589,0.0
4280900,0.712059214904,0.060558290922,0.0
4285710,0.712859281437,0.0616978732215,0.0
4290520,0.713659347971,0.0727883149393,0.0
4295330,0.714459414504,0.0576877566834,0.0
4300140,0.715259481038,0.050177157983,0.0
4304950,0.716059547572,0.0478225155576,0.0
4309760,0.716859614105,0.0652798834403,0.0
4314570,0.717659680639,0.065825951586,0.0
4319380,0.718459747172,0.0598785995646,0.0
4324190,0.719259813706,0.0639595547282,0.0
4329000,0.72005988024,0.0626479934543,0.0
4333810,0.720859946773,0.0560071350434,0.0
4338620,0.721660013307,0.0516425814893,0.0
4343430,0.72246007984,0.057029654837,0.0
4348240,0.723260146374,0.0531007364363,0.0
4353050,0.724060212908,0.0561872842542,0.0
4357860,0.724860279441,0.0630533461837,0.0
4362670,0.725660345975,0.0554345609996,0.0
4367480,0.726460412508,0.0674698971497,0.0
4372290,0.727260479042,0.0624378931395,0.0
4377100,0.728060545576,0.0643277662321,0.0
4381910,0.728860612109,0.0569977842657,0.0
4386720,0.729660678643,0.0623235596804,0.0
4391530,0.730460745176,0.0636128413897,0.0
4396340,0.73126081171,0.0653045505245,0.0
4401150,0.732060878244,0.0647958063824,0.0
4405960,0.732860944777,0.0641604134009,0.0
4410770,0.733661011311,0.0670721066684,0.0
4415580,0.734461077844,0.0660281675104,0.0
4420390,0.735261144378,0.0700243370364,0.0
4425200,0.736061210912,0.0643386982352,0.0
4430010,0.736861277445,0.0627727996743,0.0
4434820,0.737661343979,0.066484449443,0.0
4439630,0.738461410512,0.0610366562103,0.0
4444440,0.739261477046,0.0647330873094,0.0
4449250,0.74006154358,0.0660290985854,0.0
4454060,0.740861610113,0.0570714769684,0.0
4458870,0.741661676647,0.0548346938037,0.0
4463680,0.74246174318,0.0574472032244,0.0
4468490,0.743261809714,0.060441278912,0.0
4473300,0.744061876248,0.0610018080093,0.0
4478110,0.744861942781,0.0639621073081,0.0
4482920,0.745662009315,0.065198990833,0.0
4487730,0.746462075848,0.0627602059278,0.0
4492540,0.747262142382,0.0658330084248,0.0
4497350,0.748062208916,0.0649757285683,0.0
4502160,0.748862275449,0.0630465709358,0.0
4506970,0.749662341983,0.0684958413288,0.0
4511780,0.750462408516,0.0644178406335,0.0
4516590,0.75126247505,0.0610811064143,0.0
4521400,0.752062541583,0.0583092430339,0.0
4526210,0.752862608117,0.0611444480049,0.0
4531020,0.753662674651,0.0611253833264,0.0
4535830,0.754462741184,0.0494475323986,0.0
4540640,0.755262807718,0.0520801186976,0.0
4545450,0.756062874251,0.0594180657931,0.0
4550260,0.756862940785,0.0662319966177,0.0
4555070,0.757663007319,0.0549314593775,0.0
4559880,0.758463073852,0.0689535655144,0.0
4564690,0.759263140386,0.071707928177,0.0
4569500,0.760063206919,0.0458261720529,0.0
4574310,0.760863273453,0.0558735383058,0.0
4579120,0.761663339987,0.0658501349375,0.0
4583930,0.76246340652,0.0674634746181,0.0
4588740,0.763263473054,0.0582693269436,0.0
4593550,0.764063539587,0.0775722394815,0.0
4598360,0.764863606121,0.066414266635,0.0
4603170,0.765663672655,0.0864405967588,0.0
4607980,0.766463739188,0.0701815702107,0.0
4612790,0.767263805722,0.0723465406857,0.0
4617600,0.768063872255,0.0784205478534,0.0
4622410,0.768863938789,0.0639344080792,0.0
4627220,0.769664005323,0.0699942210428,0.0
4632030,0.770464071856,0.0670680084601,0.0
4636840,0.77126413839,0.0955472858328,0.0
4641650,0.772064204923,0.0995252671825,0.0
4646460,0.772864271457,0.0992196663099,0.0
