200,3.32667997339e-05,0.0,0.0,0.0,0.0,0.0,0.0
400,6.65335994677e-05,0.0,0.0,0.0,0.0,0.0,0.0
600,9.98003992016e-05,0.0,0.0,0.0,0.0,0.0,0.0
800,0.000133067198935,0.0,0.0,0.0,0.0,0.0,0.0
1000,0.000166333998669,0.0,0.0,0.0,0.0,0.0,0.0
1200,0.000199600798403,0.0,0.0,0.0,0.0,0.0,0.0
1400,0.000232867598137,0.0,0.0,0.0,0.0,0.0,0.0
1600,0.000266134397871,0.0,0.0,0.0,0.0,0.0,0.0
1800,0.000299401197605,0.0,0.0,0.0,0.0,0.0,0.0
2000,0.000332667997339,0.0,0.0,0.0,0.0,0.0,0.0
2200,0.000365934797073,0.0,0.0,0.0,0.0,0.0,0.0
2400,0.000399201596806,0.0,0.0,0.0,0.0,0.0,0.0
2600,0.00043246839654,0.0,0.0,0.0,0.0,0.0,0.0
2800,0.000465735196274,0.0,0.0,0.0,0.0,0.0,0.0
3000,0.000499001996008,0.0,0.0,0.0,0.0,0.0,0.0
3200,0.000532268795742,0.0,0.0,0.0,0.0,0.0,0.0
3400,0.000565535595476,0.0,0.0,0.0,0.0,0.0,0.0
3600,0.00059880239521,0.0,0.0,0.0,0.0,0.0,0.0
3800,0.000632069194943,0.0,0.0,0.0,0.0,0.0,0.0
4000,0.000665335994677,0.0,0.0,0.0,0.0,0.0,0.0
4200,0.000698602794411,0.0,0.0,0.0,0.0,0.0,0.0
4400,0.000731869594145,0.0,0.0,0.0,0.0,0.0,0.0
4600,0.000765136393879,0.0,0.0,0.0,0.0,0.0,0.0
4800,0.000798403193613,0.0,0.0,0.0,0.0,0.0,0.0
5000,0.000831669993347,0.0,0.0,0.0,0.0,0.0,0.0
5200,0.000864936793081,0.0,0.0,0.0,0.0,0.0,0.0
5400,0.000898203592814,0.0,0.0,0.0,0.0,0.0,0.0
5600,0.000931470392548,0.0,0.0,0.0,0.0,0.0,0.0
5800,0.000964737192282,0.0,0.0,0.0,0.0,0.0,0.0
6000,0.000998003992016,0.0,0.0,0.0,0.0,0.0,0.0
6200,0.00103127079175,0.0,0.0,0.0,0.0,0.0,0.0
6400,0.00106453759148,0.0,0.0,0.0,0.0,0.0,0.0
6600,0.00109780439122,0.0,0.0,0.0,0.0,0.0,0.0
6800,0.00113107119095,0.0,0.0,0.0,0.0,0.0,0.0
7000,0.00116433799069,0.0,0.0,0.0,0.0,0.0,0.0
7200,0.00119760479042,0.0,0.0,0.0,0.0,0.0,0.0
7400,0.00123087159015,0.0,0.0,0.0,0.0,0.0,0.0
7600,0.00126413838989,0.0,0.0,0.0,0.0,0.0,0.0
7800,0.00129740518962,0.0,0.0,0.0,0.0,0.0,0.0
8000,0.00133067198935,0.0,0.0,0.0,0.0,0.0,0.0
8200,0.00136393878909,0.0,0.0,0.0,0.0,0.0,0.0
8400,0.00139720558882,0.0,0.0,0.0,0.0,0.0,0.0
8600,0.00143047238856,0.0,0.0,0.0,0.0,0.0,0.0
8800,0.00146373918829,0.0,0.0,0.0,0.0,0.0,0.0
9000,0.00149700598802,0.0,0.0,0.0,0.0,0.0,0.0
9200,0.00153027278776,0.0,0.0,0.0,0.0,0.0,0.0
9400,0.00156353958749,0.0,0.0,0.0,0.0,0.0,0.0
9600,0.00159680638723,0.0,0.0,0.0,0.0,0.0,0.0
9800,0.00163007318696,0.0,0.0,0.0,0.0,0.0,0.0
10000,0.00166333998669,0.0,0.0,0.0,0.0,0.0,0.0
10200,0.00169660678643,0.0,0.0,0.0,0.0,0.0,0.0
10400,0.00172987358616,0.0,0.0,0.0,0.0,0.0,0.0
10600,0.00176314038589,0.0,0.0,0.0,0.0,0.0,0.0
10800,0.00179640718563,0.0,0.0,0.0,0.0,0.0,0.0
11000,0.00182967398536,0.0,0.0,0.0,0.0,0.0,0.0
11200,0.0018629407851,0.0,0.0,0.0,0.0,0.0,0.0
11400,0.00189620758483,0.0,0.0,0.0,0.0,0.0,0.0
11600,0.00192947438456,0.0,0.0,0.0,0.0,0.0,0.0
11800,0.0019627411843,0.0,0.0,0.0,0.0,0.0,0.0
12000,0.00199600798403,0.0,0.0,0.0,0.0,0.0,0.0
12200,0.00202927478377,0.0,0.0,0.0,0.0,0.0,0.0
12400,0.0020625415835,0.0,0.0,0.0,0.0,0.0,0.0
12600,0.00209580838323,0.0,0.0,0.0,0.0,0.0,0.0
12800,0.00212907518297,0.0,0.0,0.0,0.0,0.0,0.0
13000,0.0021623419827,0.0,0.0,0.0,0.0,0.0,0.0
13200,0.00219560878244,0.0,0.0,0.0,0.0,0.0,0.0
13400,0.00222887558217,0.0,0.0,0.0,0.0,0.0,0.0
13600,0.0022621423819,0.0,0.0,0.0,0.0,0.0,0.0
13800,0.00229540918164,0.0,0.0,0.0,0.0,0.0,0.0
14000,0.00232867598137,0.0,0.0,0.0,0.0,0.0,0.0
14200,0.0023619427811,0.0,0.0,0.0,0.0,0.0,0.0
14400,0.00239520958084,0.0,0.0,0.0,0.0,0.0,0.0
14600,0.00242847638057,0.0,0.0,0.0,0.0,0.0,0.0
14800,0.00246174318031,0.0,0.0,0.0,0.0,0.0,0.0
15000,0.00249500998004,0.0,0.0,0.0,0.0,0.0,0.0
15200,0.00252827677977,0.0,0.0,0.0,0.0,0.0,0.0
15400,0.00256154357951,0.0,0.0,0.0,0.0,0.0,0.0
15600,0.00259481037924,0.0,0.0,0.0,0.0,0.0,0.0
15800,0.00262807717898,0.0,0.0,0.0,0.0,0.0,0.0
16000,0.00266134397871,0.0,0.0,0.0,0.0,0.0,0.0
16200,0.00269461077844,0.0,0.0,0.0,0.0,0.0,0.0
16400,0.00272787757818,0.0,0.0,0.0,0.0,0.0,0.0
16600,0.00276114437791,0.0,0.0,0.0,0.0,0.0,0.0
16800,0.00279441117764,0.0,0.0,0.0,0.0,0.0,0.0
17000,0.00282767797738,0.0,0.0,0.0,0.0,0.0,0.0
17200,0.00286094477711,0.0,0.0,0.0,0.0,0.0,0.0
17400,0.00289421157685,0.0,0.0,0.0,0.0,0.0,0.0
17600,0.00292747837658,0.0,0.0,0.0,0.0,0.0,0.0
17800,0.00296074517631,0.0,0.0,0.0,0.0,0.0,0.0
18000,0.00299401197605,0.0,0.0,0.0,0.0,0.0,0.0
18200,0.00302727877578,0.0,0.0,0.0,0.0,0.0,0.0
18400,0.00306054557552,0.0,0.0,0.0,0.0,0.0,0.0
18600,0.00309381237525,0.0,0.0,0.0,0.0,0.0,0.0
18800,0.00312707917498,0.0,0.0,0.0,0.0,0.0,0.0
19000,0.00316034597472,0.0,0.0,0.0,0.0,0.0,0.0
19200,0.00319361277445,0.0,0.0,0.0,0.0,0.0,0.0
19400,0.00322687957418,0.0,0.0,0.0,0.0,0.0,0.0
19600,0.00326014637392,0.0,0.0,0.0,0.0,0.0,0.0
19800,0.00329341317365,0.0,0.0,0.0,0.0,0.0,0.0
20000,0.00332667997339,0.0,0.0,0.0,0.0,0.0,0.0
20200,0.00335994677312,0.0,0.0,0.0,0.0,0.0,0.0
20400,0.00339321357285,0.0,0.0,0.0,0.0,0.0,0.0
20600,0.00342648037259,0.0,0.0,0.0,0.0,0.0,0.0
20800,0.00345974717232,0.0,0.0,0.0,0.0,0.0,0.0
21000,0.00349301397206,0.0,0.0,0.0,0.0,0.0,0.0
21200,0.00352628077179,0.0,0.0,0.0,0.0,0.0,0.0
21400,0.00355954757152,0.0,0.0,0.0,0.0,0.0,0.0
21600,0.00359281437126,0.0,0.0,0.0,0.0,0.0,0.0
21800,0.00362608117099,0.0,0.0,0.0,0.0,0.0,0.0
22000,0.00365934797073,0.0,0.0,0.0,0.0,0.0,0.0
22200,0.00369261477046,0.0,0.0,0.0,0.0,0.0,0.0
22400,0.00372588157019,0.0,0.0,0.0,0.0,0.0,0.0
22600,0.00375914836993,0.0,0.0,0.0,0.0,0.0,0.0
22800,0.00379241516966,0.0,0.0,0.0,0.0,0.0,0.0
23000,0.00382568196939,0.0,0.0,0.0,0.0,0.0,0.0
23200,0.00385894876913,0.0,0.0,0.0,0.0,0.0,0.0
23400,0.00389221556886,0.0,0.0,0.0,0.0,0.0,0.0
23600,0.0039254823686,0.0,0.0,0.0,0.0,0.0,0.0
23800,0.00395874916833,0.0,0.0,0.0,0.0,0.0,0.0
24000,0.00399201596806,0.0,0.0,0.0,0.0,0.0,0.0
24200,0.0040252827678,0.0,0.0,0.0,0.0,0.0,0.0
24400,0.00405854956753,0.0,0.0,0.0,0.0,0.0,0.0
24600,0.00409181636727,0.0,0.0,0.0,0.0,0.0,0.0
24800,0.004125083167,0.0,0.0,0.0,0.0,0.0,0.0
25000,0.00415834996673,0.0,0.0,0.0,0.0,0.0,0.0
25200,0.00419161676647,0.0,0.0,0.0,0.0,0.0,0.0
25400,0.0042248835662,0.0,0.0,0.0,0.0,0.0,0.0
25600,0.00425815036593,0.0,0.0,0.0,0.0,0.0,0.0
25800,0.00429141716567,0.0,0.0,0.0,0.0,0.0,0.0
26000,0.0043246839654,0.0,0.0,0.0,0.0,0.0,0.0
26200,0.00435795076514,0.0,0.0,0.0,0.0,0.0,0.0
26400,0.00439121756487,0.0,0.0,0.0,0.0,0.0,0.0
26600,0.0044244843646,0.0,0.0,0.0,0.0,0.0,0.0
26800,0.00445775116434,0.0,0.0,0.0,0.0,0.0,0.0
27000,0.00449101796407,0.0,0.0,0.0,0.0,0.0,0.0
27200,0.00452428476381,0.0,0.0,0.0,0.0,0.0,0.0
27400,0.00455755156354,0.0,0.0,0.0,0.0,0.0,0.0
27600,0.00459081836327,0.0,0.0,0.0,0.0,0.0,0.0
27800,0.00462408516301,0.0,0.0,0.0,0.0,0.0,0.0
28000,0.00465735196274,0.0,0.0,0.0,0.0,0.0,0.0
28200,0.00469061876248,0.0,0.0,0.0,0.0,0.0,0.0
28400,0.00472388556221,0.0,0.0,0.0,0.0,0.0,0.0
28600,0.00475715236194,0.0,0.0,0.0,0.0,0.0,0.0
28800,0.00479041916168,0.0,0.0,0.0,0.0,0.0,0.0
29000,0.00482368596141,0.0,0.0,0.0,0.0,0.0,0.0
29200,0.00485695276114,0.0,0.0,0.0,0.0,0.0,0.0
29400,0.00489021956088,0.0,0.0,0.0,0.0,0.0,0.0
29600,0.00492348636061,0.0,0.0,0.0,0.0,0.0,0.0
29800,0.00495675316035,0.0,0.0,0.0,0.0,0.0,0.0
30000,0.00499001996008,0.0,0.0,0.0,0.0,0.0,0.0
30200,0.00502328675981,0.0,0.0,0.0,0.0,0.0,0.0
30400,0.00505655355955,0.0,0.0,0.0,0.0,0.0,0.0
30600,0.00508982035928,0.0,0.0,0.0,0.0,0.0,0.0
30800,0.00512308715902,0.0,0.0,0.0,0.0,0.0,0.0
31000,0.00515635395875,0.0,0.0,0.0,0.0,0.0,0.0
31200,0.00518962075848,0.0,0.0,0.0,0.0,0.0,0.0
31400,0.00522288755822,0.0,0.0,0.0,0.0,0.0,0.0
31600,0.00525615435795,0.0,0.0,0.0,0.0,0.0,0.0
31800,0.00528942115768,0.0,0.0,0.0,0.0,0.0,0.0
32000,0.00532268795742,0.0,0.0,0.0,0.0,0.0,0.0
32200,0.00535595475715,0.0,0.0,0.0,0.0,0.0,0.0
32400,0.00538922155689,0.0,0.0,0.0,0.0,0.0,0.0
32600,0.00542248835662,0.0,0.0,0.0,0.0,0.0,0.0
32800,0.00545575515635,0.0,0.0,0.0,0.0,0.0,0.0
33000,0.00548902195609,0.0,0.0,0.0,0.0,0.0,0.0
33200,0.00552228875582,0.0,0.0,0.0,0.0,0.0,0.0
33400,0.00555555555556,0.0,0.0,0.0,0.0,0.0,0.0
33600,0.00558882235529,0.0,0.0,0.0,0.0,0.0,0.0
33800,0.00562208915502,0.0,0.0,0.0,0.0,0.0,0.0
34000,0.00565535595476,0.0,0.0,0.0,0.0,0.0,0.0
34200,0.00568862275449,0.0,0.0,0.0,0.0,0.0,0.0
34400,0.00572188955422,0.0,0.0,0.0,0.0,0.0,0.0
34600,0.00575515635396,0.0,0.0,0.0,0.0,0.0,0.0
34800,0.00578842315369,0.0,0.0,0.0,0.0,0.0,0.0
35000,0.00582168995343,0.0,0.0,0.0,0.0,0.0,0.0
35200,0.00585495675316,0.0,0.0,0.0,0.0,0.0,0.0
35400,0.00588822355289,0.0,0.0,0.0,0.0,0.0,0.0
35600,0.00592149035263,0.0,0.0,0.0,0.0,0.0,0.0
35800,0.00595475715236,0.0,0.0,0.0,0.0,0.0,0.0
36000,0.0059880239521,0.0,0.0,0.0,0.0,0.0,0.0
36200,0.00602129075183,0.0,0.0,0.0,0.0,0.0,0.0
36400,0.00605455755156,0.0,0.0,0.0,0.0,0.0,0.0
36600,0.0060878243513,0.0,0.0,0.0,0.0,0.0,0.0
36800,0.00612109115103,0.0,0.0,0.0,0.0,0.0,0.0
37000,0.00615435795077,0.0,0.0,0.0,0.0,0.0,0.0
37200,0.0061876247505,0.0,0.0,0.0,0.0,0.0,0.0
37400,0.00622089155023,0.0,0.0,0.0,0.0,0.0,0.0
37600,0.00625415834997,0.0,0.0,0.0,0.0,0.0,0.0
37800,0.0062874251497,0.0,0.0,0.0,0.0,0.0,0.0
38000,0.00632069194943,0.0,0.0,0.0,0.0,0.0,0.0
38200,0.00635395874917,0.0,0.0,0.0,0.0,0.0,0.0
38400,0.0063872255489,0.0,0.0,0.0,0.0,0.0,0.0
38600,0.00642049234864,0.0,0.0,0.0,0.0,0.0,0.0
38800,0.00645375914837,0.0,0.0,0.0,0.0,0.0,0.0
39000,0.0064870259481,0.0,0.0,0.0,0.0,0.0,0.0
39200,0.00652029274784,0.0,0.0,0.0,0.0,0.0,0.0
39400,0.00655355954757,0.0,0.0,0.0,0.0,0.0,0.0
39600,0.00658682634731,0.0,0.0,0.0,0.0,0.0,0.0
39800,0.00662009314704,0.0,0.0,0.0,0.0,0.0,0.0
40000,0.00665335994677,0.0,0.0,0.0,0.0,0.0,0.0
40200,0.00668662674651,0.0,0.0,0.0,0.0,0.0,0.0
40400,0.00671989354624,0.0,0.0,0.0,0.0,0.0,0.0
40600,0.00675316034597,0.0,0.0,0.0,0.0,0.0,0.0
40800,0.00678642714571,0.0,0.0,0.0,0.0,0.0,0.0
41000,0.00681969394544,0.0,0.0,0.0,0.0,0.0,0.0
41200,0.00685296074518,0.0,0.0,0.0,0.0,0.0,0.0
41400,0.00688622754491,0.0,0.0,0.0,0.0,0.0,0.0
41600,0.00691949434464,0.0,0.0,0.0,0.0,0.0,0.0
41800,0.00695276114438,0.0,0.0,0.0,0.0,0.0,0.0
42000,0.00698602794411,0.0,0.0,0.0,0.0,0.0,0.0
42200,0.00701929474385,0.0,0.0,0.0,0.0,0.0,0.0
42400,0.00705256154358,0.0,0.0,0.0,0.0,0.0,0.0
42600,0.00708582834331,0.0,0.0,0.0,0.0,0.0,0.0
42800,0.00711909514305,0.0,0.0,0.0,0.0,0.0,0.0
43000,0.00715236194278,0.0,0.0,0.0,0.0,0.0,0.0
43200,0.00718562874251,0.0,0.0,0.0,0.0,0.0,0.0
43400,0.00721889554225,0.0,0.0,0.0,0.0,0.0,0.0
43600,0.00725216234198,0.0,0.0,0.0,0.0,0.0,0.0
43800,0.00728542914172,0.0,0.0,0.0,0.0,0.0,0.0
44000,0.00731869594145,0.0,0.0,0.0,0.0,0.0,0.0
44200,0.00735196274118,0.0,0.0,0.0,0.0,0.0,0.0
44400,0.00738522954092,0.0,0.0,0.0,0.0,0.0,0.0
44600,0.00741849634065,0.0,0.0,0.0,0.0,0.0,0.0
44800,0.00745176314039,0.0,0.0,0.0,0.0,0.0,0.0
45000,0.00748502994012,0.0,0.0,0.0,0.0,0.0,0.0
45200,0.00751829673985,0.0,0.0,0.0,0.0,0.0,0.0
45400,0.00755156353959,0.0,0.0,0.0,0.0,0.0,0.0
45600,0.00758483033932,0.0,0.0,0.0,0.0,0.0,0.0
45800,0.00761809713906,0.0,0.0,0.0,0.0,0.0,0.0
46000,0.00765136393879,0.0,0.0,0.0,0.0,0.0,0.0
46200,0.00768463073852,0.0,0.0,0.0,0.0,0.0,0.0
46400,0.00771789753826,0.0,0.0,0.0,0.0,0.0,0.0
46600,0.00775116433799,0.0,0.0,0.0,0.0,0.0,0.0
46800,0.00778443113772,0.0,0.0,0.0,0.0,0.0,0.0
47000,0.00781769793746,0.0,0.0,0.0,0.0,0.0,0.0
47200,0.00785096473719,0.0,0.0,0.0,0.0,0.0,0.0
47400,0.00788423153693,0.0,0.0,0.0,0.0,0.0,0.0
47600,0.00791749833666,0.0,0.0,0.0,0.0,0.0,0.0
47800,0.00795076513639,0.0,0.0,0.0,0.0,0.0,0.0
48000,0.00798403193613,0.0,0.0,0.0,0.0,0.0,0.0
48200,0.00801729873586,0.0,0.0,0.0,0.0,0.0,0.0
48400,0.0080505655356,0.0,0.0,0.0,0.0,0.0,0.0
48600,0.00808383233533,0.0,0.0,0.0,0.0,0.0,0.0
48800,0.00811709913506,0.0,0.0,0.0,0.0,0.0,0.0
49000,0.0081503659348,0.0,0.0,0.0,0.0,0.0,0.0
49200,0.00818363273453,0.0,0.0,0.0,0.0,0.0,0.0
49400,0.00821689953426,0.0,0.0,0.0,0.0,0.0,0.0
49600,0.008250166334,0.0,0.0,0.0,0.0,0.0,0.0
49800,0.00828343313373,0.0,0.0,0.0,0.0,0.0,0.0
50000,0.00831669993347,0.0,0.0,0.0,0.0,0.0,0.0
50200,0.0083499667332,0.0,0.0,0.0,0.0,0.0,0.0
50400,0.00838323353293,0.0,0.0,0.0,0.0,0.0,0.0
50600,0.00841650033267,0.0,0.0,0.0,0.0,0.0,0.0
50800,0.0084497671324,0.0,0.0,0.0,0.0,0.0,0.0
51000,0.00848303393214,0.0,0.0,0.0,0.0,0.0,0.0
51200,0.00851630073187,0.0,0.0,0.0,0.0,0.0,0.0
51400,0.0085495675316,0.0,0.0,0.0,0.0,0.0,0.0
51600,0.00858283433134,0.0,0.0,0.0,0.0,0.0,0.0
51800,0.00861610113107,0.0,0.0,0.0,0.0,0.0,0.0
52000,0.00864936793081,0.0,0.0,0.0,0.0,0.0,0.0
52200,0.00868263473054,0.0,0.0,0.0,0.0,0.0,0.0
52400,0.00871590153027,0.0,0.0,0.0,0.0,0.0,0.0
52600,0.00874916833001,0.0,0.0,0.0,0.0,0.0,0.0
52800,0.00878243512974,0.0,0.0,0.0,0.0,0.0,0.0
53000,0.00881570192947,0.0,0.0,0.0,0.0,0.0,0.0
53200,0.00884896872921,0.0,0.0,0.0,0.0,0.0,0.0
53400,0.00888223552894,0.0,0.0,0.0,0.0,0.0,0.0
53600,0.00891550232868,0.0,0.0,0.0,0.0,0.0,0.0
53800,0.00894876912841,0.0,0.0,0.0,0.0,0.0,0.0
54000,0.00898203592814,0.0,0.0,0.0,0.0,0.0,0.0
54200,0.00901530272788,0.0,0.0,0.0,0.0,0.0,0.0
54400,0.00904856952761,0.0,0.0,0.0,0.0,0.0,0.0
54600,0.00908183632735,0.0,0.0,0.0,0.0,0.0,0.0
54800,0.00911510312708,0.0,0.0,0.0,0.0,0.0,0.0
55000,0.00914836992681,0.0,0.0,0.0,0.0,0.0,0.0
55200,0.00918163672655,0.0,0.0,0.0,0.0,0.0,0.0
55400,0.00921490352628,0.0,0.0,0.0,0.0,0.0,0.0
55600,0.00924817032601,0.0,0.0,0.0,0.0,0.0,0.0
55800,0.00928143712575,0.0,0.0,0.0,0.0,0.0,0.0
56000,0.00931470392548,0.0,0.0,0.0,0.0,0.0,0.0
56200,0.00934797072522,0.0,0.0,0.0,0.0,0.0,0.0
56400,0.00938123752495,0.0,0.0,0.0,0.0,0.0,0.0
56600,0.00941450432468,0.0,0.0,0.0,0.0,0.0,0.0
56800,0.00944777112442,0.0,0.0,0.0,0.0,0.0,0.0
57000,0.00948103792415,0.0,0.0,0.0,0.0,0.0,0.0
57200,0.00951430472389,0.0,0.0,0.0,0.0,0.0,0.0
57400,0.00954757152362,0.0,0.0,0.0,0.0,0.0,0.0
57600,0.00958083832335,0.0,0.0,0.0,0.0,0.0,0.0
57800,0.00961410512309,0.0,0.0,0.0,0.0,0.0,0.0
58000,0.00964737192282,0.0,0.0,0.0,0.0,0.0,0.0
58200,0.00968063872255,0.0,0.0,0.0,0.0,0.0,0.0
58400,0.00971390552229,0.0,0.0,0.0,0.0,0.0,0.0
58600,0.00974717232202,0.0,0.0,0.0,0.0,0.0,0.0
58800,0.00978043912176,0.0,0.0,0.0,0.0,0.0,0.0
59000,0.00981370592149,0.0,0.0,0.0,0.0,0.0,0.0
59200,0.00984697272122,0.0,0.0,0.0,0.0,0.0,0.0
59400,0.00988023952096,0.0,0.0,0.0,0.0,0.0,0.0
59600,0.00991350632069,0.0,0.0,0.0,0.0,0.0,0.0
59800,0.00994677312043,0.0,0.0,0.0,0.0,0.0,0.0
60000,0.00998003992016,0.0,0.0,0.0,0.0,0.0,0.0
60200,0.0100133067199,0.0,0.0,0.0,0.0,0.0,0.0
60400,0.0100465735196,0.0,0.0,0.0,0.0,0.0,0.0
60600,0.0100798403194,0.0,0.0,0.0,0.0,0.0,0.0
60800,0.0101131071191,0.0,0.0,0.0,0.0,0.0,0.0
61000,0.0101463739188,0.0,0.0,0.0,0.0,0.0,0.0
61200,0.0101796407186,0.0,0.0,0.0,0.0,0.0,0.0
61400,0.0102129075183,0.0,0.0,0.0,0.0,0.0,0.0
61600,0.010246174318,0.0,0.0,0.0,0.0,0.0,0.0
61800,0.0102794411178,0.0,0.0,0.0,0.0,0.0,0.0
62000,0.0103127079175,0.0,0.0,0.0,0.0,0.0,0.0
62200,0.0103459747172,0.0,0.0,0.0,0.0,0.0,0.0
62400,0.010379241517,0.0,0.0,0.0,0.0,0.0,0.0
62600,0.0104125083167,0.0,0.0,0.0,0.0,0.0,0.0
62800,0.0104457751164,0.0,0.0,0.0,0.0,0.0,0.0
63000,0.0104790419162,0.0,0.0,0.0,0.0,0.0,0.0
63200,0.0105123087159,0.0,0.0,0.0,0.0,0.0,0.0
63400,0.0105455755156,0.0,0.0,0.0,0.0,0.0,0.0
63600,0.0105788423154,0.0,0.0,0.0,0.0,0.0,0.0
63800,0.0106121091151,0.0,0.0,0.0,0.0,0.0,0.0
64000,0.0106453759148,0.0,0.0,0.0,0.0,0.0,0.0
64200,0.0106786427146,0.0,0.0,0.0,0.0,0.0,0.0
64400,0.0107119095143,0.0,0.0,0.0,0.0,0.0,0.0
64600,0.010745176314,0.0,0.0,0.0,0.0,0.0,0.0
64800,0.0107784431138,0.0,0.0,0.0,0.0,0.0,0.0
65000,0.0108117099135,0.0,0.0,0.0,0.0,0.0,0.0
65200,0.0108449767132,0.0,0.0,0.0,0.0,0.0,0.0
65400,0.010878243513,0.0,0.0,0.0,0.0,0.0,0.0
65600,0.0109115103127,0.0,0.0,0.0,0.0,0.0,0.0
65800,0.0109447771124,0.0,0.0,0.0,0.0,0.0,0.0
66000,0.0109780439122,0.0,0.0,0.0,0.0,0.0,0.0
66200,0.0110113107119,0.0,0.0,0.0,0.0,0.0,0.0
66400,0.0110445775116,0.0,0.0,0.0,0.0,0.0,0.0
66600,0.0110778443114,0.0,0.0,0.0,0.0,0.0,0.0
66800,0.0111111111111,0.0,0.0,0.0,0.0,0.0,0.0
67000,0.0111443779108,0.0,0.0,0.0,0.0,0.0,0.0
67200,0.0111776447106,0.0,0.0,0.0,0.0,0.0,0.0
67400,0.0112109115103,0.0,0.0,0.0,0.0,0.0,0.0
67600,0.01124417831,0.0,0.0,0.0,0.0,0.0,0.0
67800,0.0112774451098,0.0,0.0,0.0,0.0,0.0,0.0
68000,0.0113107119095,0.0,0.0,0.0,0.0,0.0,0.0
68200,0.0113439787092,0.0,0.0,0.0,0.0,0.0,0.0
68400,0.011377245509,0.0,0.0,0.0,0.0,0.0,0.0
68600,0.0114105123087,0.0,0.0,0.0,0.0,0.0,0.0
68800,0.0114437791084,0.0,0.0,0.0,0.0,0.0,0.0
69000,0.0114770459082,0.0,0.0,0.0,0.0,0.0,0.0
69200,0.0115103127079,0.0,0.0,0.0,0.0,0.0,0.0
69400,0.0115435795077,0.0,0.0,0.0,0.0,0.0,0.0
69600,0.0115768463074,0.0,0.0,0.0,0.0,0.0,0.0
69800,0.0116101131071,0.0,0.0,0.0,0.0,0.0,0.0
70000,0.0116433799069,0.0,0.0,0.0,0.0,0.0,0.0
70200,0.0116766467066,0.0,0.0,0.0,0.0,0.0,0.0
70400,0.0117099135063,0.0,0.0,0.0,0.0,0.0,0.0
70600,0.0117431803061,0.0,0.0,0.0,0.0,0.0,0.0
70800,0.0117764471058,0.0,0.0,0.0,0.0,0.0,0.0
71000,0.0118097139055,0.0,0.0,0.0,0.0,0.0,0.0
71200,0.0118429807053,0.0,0.0,0.0,0.0,0.0,0.0
71400,0.011876247505,0.0,0.0,0.0,0.0,0.0,0.0
71600,0.0119095143047,0.0,0.0,0.0,0.0,0.0,0.0
71800,0.0119427811045,0.0,0.0,0.0,0.0,0.0,0.0
72000,0.0119760479042,0.0,0.0,0.0,0.0,0.0,0.0
72200,0.0120093147039,0.0,0.0,0.0,0.0,0.0,0.0
72400,0.0120425815037,0.0,0.0,0.0,0.0,0.0,0.0
72600,0.0120758483034,0.0,0.0,0.0,0.0,0.0,0.0
72800,0.0121091151031,0.0,0.0,0.0,0.0,0.0,0.0
73000,0.0121423819029,0.0,0.0,0.0,0.0,0.0,0.0
73200,0.0121756487026,0.0,0.0,0.0,0.0,0.0,0.0
73400,0.0122089155023,0.0,0.0,0.0,0.0,0.0,0.0
73600,0.0122421823021,0.0,0.0,0.0,0.0,0.0,0.0
73800,0.0122754491018,0.0,0.0,0.0,0.0,0.0,0.0
74000,0.0123087159015,0.0,0.0,0.0,0.0,0.0,0.0
74200,0.0123419827013,0.0,0.0,0.0,0.0,0.0,0.0
74400,0.012375249501,0.0,0.0,0.0,0.0,0.0,0.0
74600,0.0124085163007,0.0,0.0,0.0,0.0,0.0,0.0
74800,0.0124417831005,0.0,0.0,0.0,0.0,0.0,0.0
75000,0.0124750499002,0.0,0.0,0.0,0.0,0.0,0.0
75200,0.0125083166999,0.0,0.0,0.0,0.0,0.0,0.0
75400,0.0125415834997,0.0,0.0,0.0,0.0,0.0,0.0
75600,0.0125748502994,0.0,0.0,0.0,0.0,0.0,0.0
75800,0.0126081170991,0.0,0.0,0.0,0.0,0.0,0.0
76000,0.0126413838989,0.0,0.0,0.0,0.0,0.0,0.0
76200,0.0126746506986,0.0,0.0,0.0,0.0,0.0,0.0
76400,0.0127079174983,0.0,0.0,0.0,0.0,0.0,0.0
76600,0.0127411842981,0.0,0.0,0.0,0.0,0.0,0.0
76800,0.0127744510978,0.0,0.0,0.0,0.0,0.0,0.0
77000,0.0128077178975,0.0,0.0,0.0,0.0,0.0,0.0
77200,0.0128409846973,0.0,0.0,0.0,0.0,0.0,0.0
77400,0.012874251497,0.0,0.0,0.0,0.0,0.0,0.0
77600,0.0129075182967,0.0,0.0,0.0,0.0,0.0,0.0
77800,0.0129407850965,0.0,0.0,0.0,0.0,0.0,0.0
78000,0.0129740518962,0.0,0.0,0.0,0.0,0.0,0.0
78200,0.0130073186959,0.0,0.0,0.0,0.0,0.0,0.0
78400,0.0130405854957,0.0,0.0,0.0,0.0,0.0,0.0
78600,0.0130738522954,0.0,0.0,0.0,0.0,0.0,0.0
78800,0.0131071190951,0.0,0.0,0.0,0.0,0.0,0.0
79000,0.0131403858949,0.0,0.0,0.0,0.0,0.0,0.0
79200,0.0131736526946,0.0,0.0,0.0,0.0,0.0,0.0
79400,0.0132069194943,0.0,0.0,0.0,0.0,0.0,0.0
79600,0.0132401862941,0.0,0.0,0.0,0.0,0.0,0.0
79800,0.0132734530938,0.0,0.0,0.0,0.0,0.0,0.0
80000,0.0133067198935,0.0,0.0,0.0,0.0,0.0,0.0
80200,0.0133399866933,0.0,0.0,0.0,0.0,0.0,0.0
80400,0.013373253493,0.0,0.0,0.0,0.0,0.0,0.0
80600,0.0134065202927,0.0,0.0,0.0,0.0,0.0,0.0
80800,0.0134397870925,0.0,0.0,0.0,0.0,0.0,0.0
81000,0.0134730538922,0.0,0.0,0.0,0.0,0.0,0.0
81200,0.0135063206919,0.0,0.0,0.0,0.0,0.0,0.0
81400,0.0135395874917,0.0,0.0,0.0,0.0,0.0,0.0
81600,0.0135728542914,0.0,0.0,0.0,0.0,0.0,0.0
81800,0.0136061210912,0.0,0.0,0.0,0.0,0.0,0.0
82000,0.0136393878909,0.0,0.0,0.0,0.0,0.0,0.0
82200,0.0136726546906,0.0,0.0,0.0,0.0,0.0,0.0
82400,0.0137059214904,0.0,0.0,0.0,0.0,0.0,0.0
82600,0.0137391882901,0.0,0.0,0.0,0.0,0.0,0.0
82800,0.0137724550898,0.0,0.0,0.0,0.0,0.0,0.0
83000,0.0138057218896,0.0,0.0,0.0,0.0,0.0,0.0
83200,0.0138389886893,0.0,0.0,0.0,0.0,0.0,0.0
83400,0.013872255489,0.0,0.0,0.0,0.0,0.0,0.0
83600,0.0139055222888,0.0,0.0,0.0,0.0,0.0,0.0
83800,0.0139387890885,0.0,0.0,0.0,0.0,0.0,0.0
84000,0.0139720558882,0.0,0.0,0.0,0.0,0.0,0.0
84200,0.014005322688,0.0,0.0,0.0,0.0,0.0,0.0
84400,0.0140385894877,0.0,0.0,0.0,0.0,0.0,0.0
84600,0.0140718562874,0.0,0.0,0.0,0.0,0.0,0.0
84800,0.0141051230872,0.0,0.0,0.0,0.0,0.0,0.0
85000,0.0141383898869,0.0,0.0,0.0,0.0,0.0,0.0
85200,0.0141716566866,0.0,0.0,0.0,0.0,0.0,0.0
85400,0.0142049234864,0.0,0.0,0.0,0.0,0.0,0.0
85600,0.0142381902861,0.0,0.0,0.0,0.0,0.0,0.0
85800,0.0142714570858,0.0,0.0,0.0,0.0,0.0,0.0
86000,0.0143047238856,0.0,0.0,0.0,0.0,0.0,0.0
86200,0.0143379906853,0.0,0.0,0.0,0.0,0.0,0.0
86400,0.014371257485,0.0,0.0,0.0,0.0,0.0,0.0
86600,0.0144045242848,0.0,0.0,0.0,0.0,0.0,0.0
86800,0.0144377910845,0.0,0.0,0.0,0.0,0.0,0.0
87000,0.0144710578842,0.0,0.0,0.0,0.0,0.0,0.0
87200,0.014504324684,0.0,0.0,0.0,0.0,0.0,0.0
87400,0.0145375914837,0.0,0.0,0.0,0.0,0.0,0.0
87600,0.0145708582834,0.0,0.0,0.0,0.0,0.0,0.0
87800,0.0146041250832,0.0,0.0,0.0,0.0,0.0,0.0
88000,0.0146373918829,0.0,0.0,0.0,0.0,0.0,0.0
88200,0.0146706586826,0.0,0.0,0.0,0.0,0.0,0.0
88400,0.0147039254824,0.0,0.0,0.0,0.0,0.0,0.0
88600,0.0147371922821,0.0,0.0,0.0,0.0,0.0,0.0
88800,0.0147704590818,0.0,0.0,0.0,0.0,0.0,0.0
89000,0.0148037258816,0.0,0.0,0.0,0.0,0.0,0.0
89200,0.0148369926813,0.0,0.0,0.0,0.0,0.0,0.0
89400,0.014870259481,0.0,0.0,0.0,0.0,0.0,0.0
89600,0.0149035262808,0.0,0.0,0.0,0.0,0.0,0.0
89800,0.0149367930805,0.0,0.0,0.0,0.0,0.0,0.0
90000,0.0149700598802,0.0,0.0,0.0,0.0,0.0,0.0
90200,0.01500332668,0.0,0.0,0.0,0.0,0.0,0.0
90400,0.0150365934797,0.0,0.0,0.0,0.0,0.0,0.0
90600,0.0150698602794,0.0,0.0,0.0,0.0,0.0,0.0
90800,0.0151031270792,0.0,0.0,0.0,0.0,0.0,0.0
91000,0.0151363938789,0.0,0.0,0.0,0.0,0.0,0.0
91200,0.0151696606786,0.0,0.0,0.0,0.0,0.0,0.0
91400,0.0152029274784,0.0,0.0,0.0,0.0,0.0,0.0
91600,0.0152361942781,0.0,0.0,0.0,0.0,0.0,0.0
91800,0.0152694610778,0.0,0.0,0.0,0.0,0.0,0.0
92000,0.0153027278776,0.0,0.0,0.0,0.0,0.0,0.0
92200,0.0153359946773,0.0,0.0,0.0,0.0,0.0,0.0
92400,0.015369261477,0.0,0.0,0.0,0.0,0.0,0.0
92600,0.0154025282768,0.0,0.0,0.0,0.0,0.0,0.0
92800,0.0154357950765,0.0,0.0,0.0,0.0,0.0,0.0
93000,0.0154690618762,0.0,0.0,0.0,0.0,0.0,0.0
93200,0.015502328676,0.0,0.0,0.0,0.0,0.0,0.0
93400,0.0155355954757,0.0,0.0,0.0,0.0,0.0,0.0
93600,0.0155688622754,0.0,0.0,0.0,0.0,0.0,0.0
93800,0.0156021290752,0.0,0.0,0.0,0.0,0.0,0.0
94000,0.0156353958749,0.0,0.0,0.0,0.0,0.0,0.0
94200,0.0156686626747,0.0,0.0,0.0,0.0,0.0,0.0
94400,0.0157019294744,0.0,0.0,0.0,0.0,0.0,0.0
94600,0.0157351962741,0.0,0.0,0.0,0.0,0.0,0.0
94800,0.0157684630739,0.0,0.0,0.0,0.0,0.0,0.0
95000,0.0158017298736,0.0,0.0,0.0,0.0,0.0,0.0
95200,0.0158349966733,0.0,0.0,0.0,0.0,0.0,0.0
95400,0.0158682634731,0.0,0.0,0.0,0.0,0.0,0.0
95600,0.0159015302728,0.0,0.0,0.0,0.0,0.0,0.0
95800,0.0159347970725,0.0,0.0,0.0,0.0,0.0,0.0
96000,0.0159680638723,0.0,0.0,0.0,0.0,0.0,0.0
96200,0.016001330672,0.0,0.0,0.0,0.0,0.0,0.0
96400,0.0160345974717,0.0,0.0,0.0,0.0,0.0,0.0
96600,0.0160678642715,0.0,0.0,0.0,0.0,0.0,0.0
96800,0.0161011310712,0.0,0.0,0.0,0.0,0.0,0.0
97000,0.0161343978709,0.0,0.0,0.0,0.0,0.0,0.0
97200,0.0161676646707,0.0,0.0,0.0,0.0,0.0,0.0
97400,0.0162009314704,0.0,0.0,0.0,0.0,0.0,0.0
97600,0.0162341982701,0.0,0.0,0.0,0.0,0.0,0.0
97800,0.0162674650699,0.0,0.0,0.0,0.0,0.0,0.0
98000,0.0163007318696,0.0,0.0,0.0,0.0,0.0,0.0
98200,0.0163339986693,0.0,0.0,0.0,0.0,0.0,0.0
98400,0.0163672654691,0.0,0.0,0.0,0.0,0.0,0.0
98600,0.0164005322688,0.0,0.0,0.0,0.0,0.0,0.0
98800,0.0164337990685,0.0,0.0,0.0,0.0,0.0,0.0
99000,0.0164670658683,0.0,0.0,0.0,0.0,0.0,0.0
99200,0.016500332668,0.0,0.0,0.0,0.0,0.0,0.0
99400,0.0165335994677,0.0,0.0,0.0,0.0,0.0,0.0
99600,0.0165668662675,0.0,0.0,0.0,0.0,0.0,0.0
99800,0.0166001330672,0.0,0.0,0.0,0.0,0.0,0.0
100000,0.0166333998669,0.0,0.0,0.0,0.0,0.0,0.0
100200,0.0166666666667,0.0,0.0,0.0,0.0,0.0,0.0
100400,0.0166999334664,0.0,0.0,0.0,0.0,0.0,0.0
100600,0.0167332002661,0.0,0.0,0.0,0.0,0.0,0.0
100800,0.0167664670659,0.0,0.0,0.0,0.0,0.0,0.0
101000,0.0167997338656,0.0,0.0,0.0,0.0,0.0,0.0
101200,0.0168330006653,0.0,0.0,0.0,0.0,0.0,0.0
101400,0.0168662674651,0.0,0.0,0.0,0.0,0.0,0.0
101600,0.0168995342648,0.0,0.0,0.0,0.0,0.0,0.0
101800,0.0169328010645,0.0,0.0,0.0,0.0,0.0,0.0
102000,0.0169660678643,0.0,0.0,0.0,0.0,0.0,0.0
102200,0.016999334664,0.0,0.0,0.0,0.0,0.0,0.0
102400,0.0170326014637,0.0,0.0,0.0,0.0,0.0,0.0
102600,0.0170658682635,0.0,0.0,0.0,0.0,0.0,0.0
102800,0.0170991350632,0.0,0.0,0.0,0.0,0.0,0.0
103000,0.0171324018629,0.0,0.0,0.0,0.0,0.0,0.0
103200,0.0171656686627,0.0,0.0,0.0,0.0,0.0,0.0
103400,0.0171989354624,0.0,0.0,0.0,0.0,0.0,0.0
103600,0.0172322022621,0.0,0.0,0.0,0.0,0.0,0.0
103800,0.0172654690619,0.0,0.0,0.0,0.0,0.0,0.0
104000,0.0172987358616,0.0,0.0,0.0,0.0,0.0,0.0
104200,0.0173320026613,0.0,0.0,0.0,0.0,0.0,0.0
104400,0.0173652694611,0.0,0.0,0.0,0.0,0.0,0.0
104600,0.0173985362608,0.0,0.0,0.0,0.0,0.0,0.0
104800,0.0174318030605,0.0,0.0,0.0,0.0,0.0,0.0
105000,0.0174650698603,0.0,0.0,0.0,0.0,0.0,0.0
105200,0.01749833666,0.0,0.0,0.0,0.0,0.0,0.0
105400,0.0175316034597,0.0,0.0,0.0,0.0,0.0,0.0
105600,0.0175648702595,0.0,0.0,0.0,0.0,0.0,0.0
105800,0.0175981370592,0.0,0.0,0.0,0.0,0.0,0.0
106000,0.0176314038589,0.0,0.0,0.0,0.0,0.0,0.0
106200,0.0176646706587,0.0,0.0,0.0,0.0,0.0,0.0
106400,0.0176979374584,0.0,0.0,0.0,0.0,0.0,0.0
106600,0.0177312042582,0.0,0.0,0.0,0.0,0.0,0.0
106800,0.0177644710579,0.0,0.0,0.0,0.0,0.0,0.0
107000,0.0177977378576,0.0,0.0,0.0,0.0,0.0,0.0
107200,0.0178310046574,0.0,0.0,0.0,0.0,0.0,0.0
107400,0.0178642714571,0.0,0.0,0.0,0.0,0.0,0.0
107600,0.0178975382568,0.0,0.0,0.0,0.0,0.0,0.0
107800,0.0179308050566,0.0,0.0,0.0,0.0,0.0,0.0
108000,0.0179640718563,0.0,0.0,0.0,0.0,0.0,0.0
108200,0.017997338656,0.0,0.0,0.0,0.0,0.0,0.0
108400,0.0180306054558,0.0,0.0,0.0,0.0,0.0,0.0
108600,0.0180638722555,0.0,0.0,0.0,0.0,0.0,0.0
108800,0.0180971390552,0.0,0.0,0.0,0.0,0.0,0.0
109000,0.018130405855,0.0,0.0,0.0,0.0,0.0,0.0
109200,0.0181636726547,0.0,0.0,0.0,0.0,0.0,0.0
109400,0.0181969394544,0.0,0.0,0.0,0.0,0.0,0.0
109600,0.0182302062542,0.0,0.0,0.0,0.0,0.0,0.0
109800,0.0182634730539,0.0,0.0,0.0,0.0,0.0,0.0
110000,0.0182967398536,0.0,0.0,0.0,0.0,0.0,0.0
110200,0.0183300066534,0.0,0.0,0.0,0.0,0.0,0.0
110400,0.0183632734531,0.0,0.0,0.0,0.0,0.0,0.0
110600,0.0183965402528,0.0,0.0,0.0,0.0,0.0,0.0
110800,0.0184298070526,0.0,0.0,0.0,0.0,0.0,0.0
111000,0.0184630738523,0.0,0.0,0.0,0.0,0.0,0.0
111200,0.018496340652,0.0,0.0,0.0,0.0,0.0,0.0
111400,0.0185296074518,0.0,0.0,0.0,0.0,0.0,0.0
111600,0.0185628742515,0.0,0.0,0.0,0.0,0.0,0.0
111800,0.0185961410512,0.0,0.0,0.0,0.0,0.0,0.0
112000,0.018629407851,0.0,0.0,0.0,0.0,0.0,0.0
112200,0.0186626746507,0.0,0.0,0.0,0.0,0.0,0.0
112400,0.0186959414504,0.0,0.0,0.0,0.0,0.0,0.0
112600,0.0187292082502,0.0,0.0,0.0,0.0,0.0,0.0
112800,0.0187624750499,0.0,0.0,0.0,0.0,0.0,0.0
113000,0.0187957418496,0.0,0.0,0.0,0.0,0.0,0.0
113200,0.0188290086494,0.0,0.0,0.0,0.0,0.0,0.0
113400,0.0188622754491,0.0,0.0,0.0,0.0,0.0,0.0
113600,0.0188955422488,0.0,0.0,0.0,0.0,0.0,0.0
113800,0.0189288090486,0.0,0.0,0.0,0.0,0.0,0.0
114000,0.0189620758483,0.0,0.0,0.0,0.0,0.0,0.0
114200,0.018995342648,0.0,0.0,0.0,0.0,0.0,0.0
114400,0.0190286094478,0.0,0.0,0.0,0.0,0.0,0.0
114600,0.0190618762475,0.0,0.0,0.0,0.0,0.0,0.0
114800,0.0190951430472,0.0,0.0,0.0,0.0,0.0,0.0
115000,0.019128409847,0.0,0.0,0.0,0.0,0.0,0.0
115200,0.0191616766467,0.0,0.0,0.0,0.0,0.0,0.0
115400,0.0191949434464,0.0,0.0,0.0,0.0,0.0,0.0
115600,0.0192282102462,0.0,0.0,0.0,0.0,0.0,0.0
115800,0.0192614770459,0.0,0.0,0.0,0.0,0.0,0.0
116000,0.0192947438456,0.0,0.0,0.0,0.0,0.0,0.0
116200,0.0193280106454,0.0,0.0,0.0,0.0,0.0,0.0
116400,0.0193612774451,0.0,0.0,0.0,0.0,0.0,0.0
116600,0.0193945442448,0.0,0.0,0.0,0.0,0.0,0.0
116800,0.0194278110446,0.0,0.0,0.0,0.0,0.0,0.0
117000,0.0194610778443,0.0,0.0,0.0,0.0,0.0,0.0
117200,0.019494344644,0.0,0.0,0.0,0.0,0.0,0.0
117400,0.0195276114438,0.0,0.0,0.0,0.0,0.0,0.0
117600,0.0195608782435,0.0,0.0,0.0,0.0,0.0,0.0
117800,0.0195941450432,0.0,0.0,0.0,0.0,0.0,0.0
118000,0.019627411843,0.0,0.0,0.0,0.0,0.0,0.0
118200,0.0196606786427,0.0,0.0,0.0,0.0,0.0,0.0
118400,0.0196939454424,0.0,0.0,0.0,0.0,0.0,0.0
118600,0.0197272122422,0.0,0.0,0.0,0.0,0.0,0.0
118800,0.0197604790419,0.0,0.0,0.0,0.0,0.0,0.0
119000,0.0197937458417,0.0,0.0,0.0,0.0,0.0,0.0
119200,0.0198270126414,0.0,0.0,0.0,0.0,0.0,0.0
119400,0.0198602794411,0.0,0.0,0.0,0.0,0.0,0.0
119600,0.0198935462409,0.0,0.0,0.0,0.0,0.0,0.0
119800,0.0199268130406,0.0,0.0,0.0,0.0,0.0,0.0
120000,0.0199600798403,0.0,0.0,0.0,0.0,0.0,0.0
120200,0.0199933466401,0.0,0.0,0.0,0.0,0.0,0.0
120400,0.0200266134398,0.0,0.0,0.0,0.0,0.0,0.0
120600,0.0200598802395,0.0,0.0,0.0,0.0,0.0,0.0
120800,0.0200931470393,0.0,0.0,0.0,0.0,0.0,0.0
121000,0.020126413839,0.0,0.0,0.0,0.0,0.0,0.0
121200,0.0201596806387,0.0,0.0,0.0,0.0,0.0,0.0
121400,0.0201929474385,0.0,0.0,0.0,0.0,0.0,0.0
121600,0.0202262142382,0.0,0.0,0.0,0.0,0.0,0.0
121800,0.0202594810379,0.0,0.0,0.0,0.0,0.0,0.0
122000,0.0202927478377,0.0,0.0,0.0,0.0,0.0,0.0
122200,0.0203260146374,0.0,0.0,0.0,0.0,0.0,0.0
122400,0.0203592814371,0.0,0.0,0.0,0.0,0.0,0.0
122600,0.0203925482369,0.0,0.0,0.0,0.0,0.0,0.0
122800,0.0204258150366,0.0,0.0,0.0,0.0,0.0,0.0
123000,0.0204590818363,0.0,0.0,0.0,0.0,0.0,0.0
123200,0.0204923486361,0.0,0.0,0.0,0.0,0.0,0.0
123400,0.0205256154358,0.0,0.0,0.0,0.0,0.0,0.0
123600,0.0205588822355,0.0,0.0,0.0,0.0,0.0,0.0
123800,0.0205921490353,0.0,0.0,0.0,0.0,0.0,0.0
124000,0.020625415835,0.0,0.0,0.0,0.0,0.0,0.0
124200,0.0206586826347,0.0,0.0,0.0,0.0,0.0,0.0
124400,0.0206919494345,0.0,0.0,0.0,0.0,0.0,0.0
124600,0.0207252162342,0.0,0.0,0.0,0.0,0.0,0.0
124800,0.0207584830339,0.0,0.0,0.0,0.0,0.0,0.0
125000,0.0207917498337,0.0,0.0,0.0,0.0,0.0,0.0
125200,0.0208250166334,0.0,0.0,0.0,0.0,0.0,0.0
125400,0.0208582834331,0.0,0.0,0.0,0.0,0.0,0.0
125600,0.0208915502329,0.0,0.0,0.0,0.0,0.0,0.0
125800,0.0209248170326,0.0,0.0,0.0,0.0,0.0,0.0
126000,0.0209580838323,0.0,0.0,0.0,0.0,0.0,0.0
126200,0.0209913506321,0.0,0.0,0.0,0.0,0.0,0.0
126400,0.0210246174318,0.0,0.0,0.0,0.0,0.0,0.0
126600,0.0210578842315,0.0,0.0,0.0,0.0,0.0,0.0
126800,0.0210911510313,0.0,0.0,0.0,0.0,0.0,0.0
127000,0.021124417831,0.0,0.0,0.0,0.0,0.0,0.0
127200,0.0211576846307,0.0,0.0,0.0,0.0,0.0,0.0
127400,0.0211909514305,0.0,0.0,0.0,0.0,0.0,0.0
127600,0.0212242182302,0.0,0.0,0.0,0.0,0.0,0.0
127800,0.0212574850299,0.0,0.0,0.0,0.0,0.0,0.0
128000,0.0212907518297,0.0,0.0,0.0,0.0,0.0,0.0
128200,0.0213240186294,0.0,0.0,0.0,0.0,0.0,0.0
128400,0.0213572854291,0.0,0.0,0.0,0.0,0.0,0.0
128600,0.0213905522289,0.0,0.0,0.0,0.0,0.0,0.0
128800,0.0214238190286,0.0,0.0,0.0,0.0,0.0,0.0
129000,0.0214570858283,0.0,0.0,0.0,0.0,0.0,0.0
129200,0.0214903526281,0.0,0.0,0.0,0.0,0.0,0.0
129400,0.0215236194278,0.0,0.0,0.0,0.0,0.0,0.0
129600,0.0215568862275,0.0,0.0,0.0,0.0,0.0,0.0
129800,0.0215901530273,0.0,0.0,0.0,0.0,0.0,0.0
130000,0.021623419827,0.0,0.0,0.0,0.0,0.0,0.0
130200,0.0216566866267,0.0,0.0,0.0,0.0,0.0,0.0
130400,0.0216899534265,0.0,0.0,0.0,0.0,0.0,0.0
130600,0.0217232202262,0.0,0.0,0.0,0.0,0.0,0.0
130800,0.0217564870259,0.0,0.0,0.0,0.0,0.0,0.0
131000,0.0217897538257,0.0,0.0,0.0,0.0,0.0,0.0
131200,0.0218230206254,0.0,0.0,0.0,0.0,0.0,0.0
131400,0.0218562874251,0.0,0.0,0.0,0.0,0.0,0.0
131600,0.0218895542249,0.0,0.0,0.0,0.0,0.0,0.0
131800,0.0219228210246,0.0,0.0,0.0,0.0,0.0,0.0
132000,0.0219560878244,0.0,0.0,0.0,0.0,0.0,0.0
132200,0.0219893546241,0.0,0.0,0.0,0.0,0.0,0.0
132400,0.0220226214238,0.0,0.0,0.0,0.0,0.0,0.0
132600,0.0220558882236,0.0,0.0,0.0,0.0,0.0,0.0
132800,0.0220891550233,0.0,0.0,0.0,0.0,0.0,0.0
133000,0.022122421823,0.0,0.0,0.0,0.0,0.0,0.0
133200,0.0221556886228,0.0,0.0,0.0,0.0,0.0,0.0
133400,0.0221889554225,0.0,0.0,0.0,0.0,0.0,0.0
133600,0.0222222222222,0.0,0.0,0.0,0.0,0.0,0.0
133800,0.022255489022,0.0,0.0,0.0,0.0,0.0,0.0
134000,0.0222887558217,0.0,0.0,0.0,0.0,0.0,0.0
134200,0.0223220226214,0.0,0.0,0.0,0.0,0.0,0.0
134400,0.0223552894212,0.0,0.0,0.0,0.0,0.0,0.0
134600,0.0223885562209,0.0,0.0,0.0,0.0,0.0,0.0
134800,0.0224218230206,0.0,0.0,0.0,0.0,0.0,0.0
135000,0.0224550898204,0.0,0.0,0.0,0.0,0.0,0.0
135200,0.0224883566201,0.0,0.0,0.0,0.0,0.0,0.0
135400,0.0225216234198,0.0,0.0,0.0,0.0,0.0,0.0
135600,0.0225548902196,0.0,0.0,0.0,0.0,0.0,0.0
135800,0.0225881570193,0.0,0.0,0.0,0.0,0.0,0.0
136000,0.022621423819,0.0,0.0,0.0,0.0,0.0,0.0
136200,0.0226546906188,0.0,0.0,0.0,0.0,0.0,0.0
136400,0.0226879574185,0.0,0.0,0.0,0.0,0.0,0.0
136600,0.0227212242182,0.0,0.0,0.0,0.0,0.0,0.0
136800,0.022754491018,0.0,0.0,0.0,0.0,0.0,0.0
137000,0.0227877578177,0.0,0.0,0.0,0.0,0.0,0.0
137200,0.0228210246174,0.0,0.0,0.0,0.0,0.0,0.0
137400,0.0228542914172,0.0,0.0,0.0,0.0,0.0,0.0
137600,0.0228875582169,0.0,0.0,0.0,0.0,0.0,0.0
137800,0.0229208250166,0.0,0.0,0.0,0.0,0.0,0.0
138000,0.0229540918164,0.0,0.0,0.0,0.0,0.0,0.0
138200,0.0229873586161,0.0,0.0,0.0,0.0,0.0,0.0
138400,0.0230206254158,0.0,0.0,0.0,0.0,0.0,0.0
138600,0.0230538922156,0.0,0.0,0.0,0.0,0.0,0.0
138800,0.0230871590153,0.0,0.0,0.0,0.0,0.0,0.0
139000,0.023120425815,0.0,0.0,0.0,0.0,0.0,0.0
139200,0.0231536926148,0.0,0.0,0.0,0.0,0.0,0.0
139400,0.0231869594145,0.0,0.0,0.0,0.0,0.0,0.0
139600,0.0232202262142,0.0,0.0,0.0,0.0,0.0,0.0
139800,0.023253493014,0.0,0.0,0.0,0.0,0.0,0.0
140000,0.0232867598137,0.0,0.0,0.0,0.0,0.0,0.0
140200,0.0233200266134,0.0,0.0,0.0,0.0,0.0,0.0
140400,0.0233532934132,0.0,0.0,0.0,0.0,0.0,0.0
140600,0.0233865602129,0.0,0.0,0.0,0.0,0.0,0.0
140800,0.0234198270126,0.0,0.0,0.0,0.0,0.0,0.0
141000,0.0234530938124,0.0,0.0,0.0,0.0,0.0,0.0
141200,0.0234863606121,0.0,0.0,0.0,0.0,0.0,0.0
141400,0.0235196274118,0.0,0.0,0.0,0.0,0.0,0.0
141600,0.0235528942116,0.0,0.0,0.0,0.0,0.0,0.0
141800,0.0235861610113,0.0,0.0,0.0,0.0,0.0,0.0
142000,0.023619427811,0.0,0.0,0.0,0.0,0.0,0.0
142200,0.0236526946108,0.0,0.0,0.0,0.0,0.0,0.0
142400,0.0236859614105,0.0,0.0,0.0,0.0,0.0,0.0
142600,0.0237192282102,0.0,0.0,0.0,0.0,0.0,0.0
142800,0.02375249501,0.0,0.0,0.0,0.0,0.0,0.0
143000,0.0237857618097,0.0,0.0,0.0,0.0,0.0,0.0
143200,0.0238190286094,0.0,0.0,0.0,0.0,0.0,0.0
143400,0.0238522954092,0.0,0.0,0.0,0.0,0.0,0.0
143600,0.0238855622089,0.0,0.0,0.0,0.0,0.0,0.0
143800,0.0239188290086,0.0,0.0,0.0,0.0,0.0,0.0
144000,0.0239520958084,0.0,0.0,0.0,0.0,0.0,0.0
144200,0.0239853626081,0.0,0.0,0.0,0.0,0.0,0.0
144400,0.0240186294079,0.0,0.0,0.0,0.0,0.0,0.0
144600,0.0240518962076,0.0,0.0,0.0,0.0,0.0,0.0
144800,0.0240851630073,0.0,0.0,0.0,0.0,0.0,0.0
145000,0.0241184298071,0.0,0.0,0.0,0.0,0.0,0.0
145200,0.0241516966068,0.0,0.0,0.0,0.0,0.0,0.0
145400,0.0241849634065,0.0,0.0,0.0,0.0,0.0,0.0
145600,0.0242182302063,0.0,0.0,0.0,0.0,0.0,0.0
145800,0.024251497006,0.0,0.0,0.0,0.0,0.0,0.0
146000,0.0242847638057,0.0,0.0,0.0,0.0,0.0,0.0
146200,0.0243180306055,0.0,0.0,0.0,0.0,0.0,0.0
146400,0.0243512974052,0.0,0.0,0.0,0.0,0.0,0.0
146600,0.0243845642049,0.0,0.0,0.0,0.0,0.0,0.0
146800,0.0244178310047,0.0,0.0,0.0,0.0,0.0,0.0
147000,0.0244510978044,0.0,0.0,0.0,0.0,0.0,0.0
147200,0.0244843646041,0.0,0.0,0.0,0.0,0.0,0.0
147400,0.0245176314039,0.0,0.0,0.0,0.0,0.0,0.0
147600,0.0245508982036,0.0,0.0,0.0,0.0,0.0,0.0
147800,0.0245841650033,0.0,0.0,0.0,0.0,0.0,0.0
148000,0.0246174318031,0.0,0.0,0.0,0.0,0.0,0.0
148200,0.0246506986028,0.0,0.0,0.0,0.0,0.0,0.0
148400,0.0246839654025,0.0,0.0,0.0,0.0,0.0,0.0
148600,0.0247172322023,0.0,0.0,0.0,0.0,0.0,0.0
148800,0.024750499002,0.0,0.0,0.0,0.0,0.0,0.0
149000,0.0247837658017,0.0,0.0,0.0,0.0,0.0,0.0
149200,0.0248170326015,0.0,0.0,0.0,0.0,0.0,0.0
149400,0.0248502994012,0.0,0.0,0.0,0.0,0.0,0.0
149600,0.0248835662009,0.0,0.0,0.0,0.0,0.0,0.0
149800,0.0249168330007,0.0,0.0,0.0,0.0,0.0,0.0
150000,0.0249500998004,0.0,0.0,0.0,0.0,0.0,0.0
150200,0.0249833666001,0.0,0.0,0.0,0.0,0.0,0.0
150400,0.0250166333999,0.0,0.0,0.0,0.0,0.0,0.0
150600,0.0250499001996,0.0,0.0,0.0,0.0,0.0,0.0
150800,0.0250831669993,0.0,0.0,0.0,0.0,0.0,0.0
151000,0.0251164337991,0.0,0.0,0.0,0.0,0.0,0.0
151200,0.0251497005988,0.0,0.0,0.0,0.0,0.0,0.0
151400,0.0251829673985,0.0,0.0,0.0,0.0,0.0,0.0
151600,0.0252162341983,0.0,0.0,0.0,0.0,0.0,0.0
151800,0.025249500998,0.0,0.0,0.0,0.0,0.0,0.0
152000,0.0252827677977,0.0,0.0,0.0,0.0,0.0,0.0
152200,0.0253160345975,0.0,0.0,0.0,0.0,0.0,0.0
152400,0.0253493013972,0.0,0.0,0.0,0.0,0.0,0.0
152600,0.0253825681969,0.0,0.0,0.0,0.0,0.0,0.0
152800,0.0254158349967,0.0,0.0,0.0,0.0,0.0,0.0
153000,0.0254491017964,0.0,0.0,0.0,0.0,0.0,0.0
153200,0.0254823685961,0.0,0.0,0.0,0.0,0.0,0.0
153400,0.0255156353959,0.0,0.0,0.0,0.0,0.0,0.0
153600,0.0255489021956,0.0,0.0,0.0,0.0,0.0,0.0
153800,0.0255821689953,0.0,0.0,0.0,0.0,0.0,0.0
154000,0.0256154357951,0.0,0.0,0.0,0.0,0.0,0.0
154200,0.0256487025948,0.0,0.0,0.0,0.0,0.0,0.0
154400,0.0256819693945,0.0,0.0,0.0,0.0,0.0,0.0
154600,0.0257152361943,0.0,0.0,0.0,0.0,0.0,0.0
154800,0.025748502994,0.0,0.0,0.0,0.0,0.0,0.0
155000,0.0257817697937,0.0,0.0,0.0,0.0,0.0,0.0
155200,0.0258150365935,0.0,0.0,0.0,0.0,0.0,0.0
155400,0.0258483033932,0.0,0.0,0.0,0.0,0.0,0.0
155600,0.0258815701929,0.0,0.0,0.0,0.0,0.0,0.0
155800,0.0259148369927,0.0,0.0,0.0,0.0,0.0,0.0
156000,0.0259481037924,0.0,0.0,0.0,0.0,0.0,0.0
156200,0.0259813705921,0.0,0.0,0.0,0.0,0.0,0.0
156400,0.0260146373919,0.0,0.0,0.0,0.0,0.0,0.0
156600,0.0260479041916,0.0,0.0,0.0,0.0,0.0,0.0
156800,0.0260811709914,0.0,0.0,0.0,0.0,0.0,0.0
157000,0.0261144377911,0.0,0.0,0.0,0.0,0.0,0.0
157200,0.0261477045908,0.0,0.0,0.0,0.0,0.0,0.0
157400,0.0261809713906,0.0,0.0,0.0,0.0,0.0,0.0
157600,0.0262142381903,0.0,0.0,0.0,0.0,0.0,0.0
157800,0.02624750499,0.0,0.0,0.0,0.0,0.0,0.0
158000,0.0262807717898,0.0,0.0,0.0,0.0,0.0,0.0
158200,0.0263140385895,0.0,0.0,0.0,0.0,0.0,0.0
158400,0.0263473053892,0.0,0.0,0.0,0.0,0.0,0.0
158600,0.026380572189,0.0,0.0,0.0,0.0,0.0,0.0
158800,0.0264138389887,0.0,0.0,0.0,0.0,0.0,0.0
159000,0.0264471057884,0.0,0.0,0.0,0.0,0.0,0.0
159200,0.0264803725882,0.0,0.0,0.0,0.0,0.0,0.0
159400,0.0265136393879,0.0,0.0,0.0,0.0,0.0,0.0
159600,0.0265469061876,0.0,0.0,0.0,0.0,0.0,0.0
159800,0.0265801729874,0.0,0.0,0.0,0.0,0.0,0.0
160000,0.0266134397871,0.0,0.0,0.0,0.0,0.0,0.0
160200,0.0266467065868,0.0,0.0,0.0,0.0,0.0,0.0
160400,0.0266799733866,0.0,0.0,0.0,0.0,0.0,0.0
160600,0.0267132401863,0.0,0.0,0.0,0.0,0.0,0.0
160800,0.026746506986,0.0,0.0,0.0,0.0,0.0,0.0
161000,0.0267797737858,0.0,0.0,0.0,0.0,0.0,0.0
161200,0.0268130405855,0.0,0.0,0.0,0.0,0.0,0.0
161400,0.0268463073852,0.0,0.0,0.0,0.0,0.0,0.0
161600,0.026879574185,0.0,0.0,0.0,0.0,0.0,0.0
161800,0.0269128409847,0.0,0.0,0.0,0.0,0.0,0.0
162000,0.0269461077844,0.0,0.0,0.0,0.0,0.0,0.0
162200,0.0269793745842,0.0,0.0,0.0,0.0,0.0,0.0
162400,0.0270126413839,0.0,0.0,0.0,0.0,0.0,0.0
162600,0.0270459081836,0.0,0.0,0.0,0.0,0.0,0.0
162800,0.0270791749834,0.0,0.0,0.0,0.0,0.0,0.0
163000,0.0271124417831,0.0,0.0,0.0,0.0,0.0,0.0
163200,0.0271457085828,0.0,0.0,0.0,0.0,0.0,0.0
163400,0.0271789753826,0.0,0.0,0.0,0.0,0.0,0.0
163600,0.0272122421823,0.0,0.0,0.0,0.0,0.0,0.0
163800,0.027245508982,0.0,0.0,0.0,0.0,0.0,0.0
164000,0.0272787757818,0.0,0.0,0.0,0.0,0.0,0.0
164200,0.0273120425815,0.0,0.0,0.0,0.0,0.0,0.0
164400,0.0273453093812,0.0,0.0,0.0,0.0,0.0,0.0
164600,0.027378576181,0.0,0.0,0.0,0.0,0.0,0.0
164800,0.0274118429807,0.0,0.0,0.0,0.0,0.0,0.0
165000,0.0274451097804,0.0,0.0,0.0,0.0,0.0,0.0
165200,0.0274783765802,0.0,0.0,0.0,0.0,0.0,0.0
165400,0.0275116433799,0.0,0.0,0.0,0.0,0.0,0.0
165600,0.0275449101796,0.0,0.0,0.0,0.0,0.0,0.0
165800,0.0275781769794,0.0,0.0,0.0,0.0,0.0,0.0
166000,0.0276114437791,0.0,0.0,0.0,0.0,0.0,0.0
166200,0.0276447105788,0.0,0.0,0.0,0.0,0.0,0.0
166400,0.0276779773786,0.0,0.0,0.0,0.0,0.0,0.0
166600,0.0277112441783,0.0,0.0,0.0,0.0,0.0,0.0
166800,0.027744510978,0.0,0.0,0.0,0.0,0.0,0.0
167000,0.0277777777778,0.0,0.0,0.0,0.0,0.0,0.0
167200,0.0278110445775,0.0,0.0,0.0,0.0,0.0,0.0
167400,0.0278443113772,0.0,0.0,0.0,0.0,0.0,0.0
167600,0.027877578177,0.0,0.0,0.0,0.0,0.0,0.0
167800,0.0279108449767,0.0,0.0,0.0,0.0,0.0,0.0
168000,0.0279441117764,0.0,0.0,0.0,0.0,0.0,0.0
168200,0.0279773785762,0.0,0.0,0.0,0.0,0.0,0.0
168400,0.0280106453759,0.0,0.0,0.0,0.0,0.0,0.0
168600,0.0280439121756,0.0,0.0,0.0,0.0,0.0,0.0
168800,0.0280771789754,0.0,0.0,0.0,0.0,0.0,0.0
169000,0.0281104457751,0.0,0.0,0.0,0.0,0.0,0.0
169200,0.0281437125749,0.0,0.0,0.0,0.0,0.0,0.0
169400,0.0281769793746,0.0,0.0,0.0,0.0,0.0,0.0
169600,0.0282102461743,0.0,0.0,0.0,0.0,0.0,0.0
169800,0.0282435129741,0.0,0.0,0.0,0.0,0.0,0.0
170000,0.0282767797738,0.0,0.0,0.0,0.0,0.0,0.0
170200,0.0283100465735,0.0,0.0,0.0,0.0,0.0,0.0
170400,0.0283433133733,0.0,0.0,0.0,0.0,0.0,0.0
170600,0.028376580173,0.0,0.0,0.0,0.0,0.0,0.0
170800,0.0284098469727,0.0,0.0,0.0,0.0,0.0,0.0
171000,0.0284431137725,0.0,0.0,0.0,0.0,0.0,0.0
171200,0.0284763805722,0.0,0.0,0.0,0.0,0.0,0.0
171400,0.0285096473719,0.0,0.0,0.0,0.0,0.0,0.0
171600,0.0285429141717,0.0,0.0,0.0,0.0,0.0,0.0
171800,0.0285761809714,0.0,0.0,0.0,0.0,0.0,0.0
172000,0.0286094477711,0.0,0.0,0.0,0.0,0.0,0.0
172200,0.0286427145709,0.0,0.0,0.0,0.0,0.0,0.0
172400,0.0286759813706,0.0,0.0,0.0,0.0,0.0,0.0
172600,0.0287092481703,0.0,0.0,0.0,0.0,0.0,0.0
172800,0.0287425149701,0.0,0.0,0.0,0.0,0.0,0.0
173000,0.0287757817698,0.0,0.0,0.0,0.0,0.0,0.0
173200,0.0288090485695,0.0,0.0,0.0,0.0,0.0,0.0
173400,0.0288423153693,0.0,0.0,0.0,0.0,0.0,0.0
173600,0.028875582169,0.0,0.0,0.0,0.0,0.0,0.0
173800,0.0289088489687,0.0,0.0,0.0,0.0,0.0,0.0
174000,0.0289421157685,0.0,0.0,0.0,0.0,0.0,0.0
174200,0.0289753825682,0.0,0.0,0.0,0.0,0.0,0.0
174400,0.0290086493679,0.0,0.0,0.0,0.0,0.0,0.0
174600,0.0290419161677,0.0,0.0,0.0,0.0,0.0,0.0
174800,0.0290751829674,0.0,0.0,0.0,0.0,0.0,0.0
175000,0.0291084497671,0.0,0.0,0.0,0.0,0.0,0.0
175200,0.0291417165669,0.0,0.0,0.0,0.0,0.0,0.0
175400,0.0291749833666,0.0,0.0,0.0,0.0,0.0,0.0
175600,0.0292082501663,0.0,0.0,0.0,0.0,0.0,0.0
175800,0.0292415169661,0.0,0.0,0.0,0.0,0.0,0.0
176000,0.0292747837658,0.0,0.0,0.0,0.0,0.0,0.0
176200,0.0293080505655,0.0,0.0,0.0,0.0,0.0,0.0
176400,0.0293413173653,0.0,0.0,0.0,0.0,0.0,0.0
176600,0.029374584165,0.0,0.0,0.0,0.0,0.0,0.0
176800,0.0294078509647,0.0,0.0,0.0,0.0,0.0,0.0
177000,0.0294411177645,0.0,0.0,0.0,0.0,0.0,0.0
177200,0.0294743845642,0.0,0.0,0.0,0.0,0.0,0.0
177400,0.0295076513639,0.0,0.0,0.0,0.0,0.0,0.0
177600,0.0295409181637,0.0,0.0,0.0,0.0,0.0,0.0
177800,0.0295741849634,0.0,0.0,0.0,0.0,0.0,0.0
178000,0.0296074517631,0.0,0.0,0.0,0.0,0.0,0.0
178200,0.0296407185629,0.0,0.0,0.0,0.0,0.0,0.0
178400,0.0296739853626,0.0,0.0,0.0,0.0,0.0,0.0
178600,0.0297072521623,0.0,0.0,0.0,0.0,0.0,0.0
178800,0.0297405189621,0.0,0.0,0.0,0.0,0.0,0.0
179000,0.0297737857618,0.0,0.0,0.0,0.0,0.0,0.0
179200,0.0298070525615,0.0,0.0,0.0,0.0,0.0,0.0
179400,0.0298403193613,0.0,0.0,0.0,0.0,0.0,0.0
179600,0.029873586161,0.0,0.0,0.0,0.0,0.0,0.0
179800,0.0299068529607,0.0,0.0,0.0,0.0,0.0,0.0
180000,0.0299401197605,0.0,0.0,0.0,0.0,0.0,0.0
180200,0.0299733865602,0.0,0.0,0.0,0.0,0.0,0.0
180400,0.0300066533599,0.0,0.0,0.0,0.0,0.0,0.0
180600,0.0300399201597,0.0,0.0,0.0,0.0,0.0,0.0
180800,0.0300731869594,0.0,0.0,0.0,0.0,0.0,0.0
181000,0.0301064537591,0.0,0.0,0.0,0.0,0.0,0.0
181200,0.0301397205589,0.0,0.0,0.0,0.0,0.0,0.0
181400,0.0301729873586,0.0,0.0,0.0,0.0,0.0,0.0
181600,0.0302062541583,0.0,0.0,0.0,0.0,0.0,0.0
181800,0.0302395209581,0.0,0.0,0.0,0.0,0.0,0.0
182000,0.0302727877578,0.0,0.0,0.0,0.0,0.0,0.0
182200,0.0303060545576,0.0,0.0,0.0,0.0,0.0,0.0
182400,0.0303393213573,0.0,0.0,0.0,0.0,0.0,0.0
182600,0.030372588157,0.0,0.0,0.0,0.0,0.0,0.0
182800,0.0304058549568,0.0,0.0,0.0,0.0,0.0,0.0
183000,0.0304391217565,0.0,0.0,0.0,0.0,0.0,0.0
183200,0.0304723885562,0.0,0.0,0.0,0.0,0.0,0.0
183400,0.030505655356,0.0,0.0,0.0,0.0,0.0,0.0
183600,0.0305389221557,0.0,0.0,0.0,0.0,0.0,0.0
183800,0.0305721889554,0.0,0.0,0.0,0.0,0.0,0.0
184000,0.0306054557552,0.0,0.0,0.0,0.0,0.0,0.0
184200,0.0306387225549,0.0,0.0,0.0,0.0,0.0,0.0
184400,0.0306719893546,0.0,0.0,0.0,0.0,0.0,0.0
184600,0.0307052561544,0.0,0.0,0.0,0.0,0.0,0.0
184800,0.0307385229541,0.0,0.0,0.0,0.0,0.0,0.0
185000,0.0307717897538,0.0,0.0,0.0,0.0,0.0,0.0
185200,0.0308050565536,0.0,0.0,0.0,0.0,0.0,0.0
185400,0.0308383233533,0.0,0.0,0.0,0.0,0.0,0.0
185600,0.030871590153,0.0,0.0,0.0,0.0,0.0,0.0
185800,0.0309048569528,0.0,0.0,0.0,0.0,0.0,0.0
186000,0.0309381237525,0.0,0.0,0.0,0.0,0.0,0.0
186200,0.0309713905522,0.0,0.0,0.0,0.0,0.0,0.0
186400,0.031004657352,0.0,0.0,0.0,0.0,0.0,0.0
186600,0.0310379241517,0.0,0.0,0.0,0.0,0.0,0.0
186800,0.0310711909514,0.0,0.0,0.0,0.0,0.0,0.0
187000,0.0311044577512,0.0,0.0,0.0,0.0,0.0,0.0
187200,0.0311377245509,0.0,0.0,0.0,0.0,0.0,0.0
187400,0.0311709913506,0.0,0.0,0.0,0.0,0.0,0.0
187600,0.0312042581504,0.0,0.0,0.0,0.0,0.0,0.0
187800,0.0312375249501,0.0,0.0,0.0,0.0,0.0,0.0
188000,0.0312707917498,0.0,0.0,0.0,0.0,0.0,0.0
188200,0.0313040585496,0.0,0.0,0.0,0.0,0.0,0.0
188400,0.0313373253493,0.0,0.0,0.0,0.0,0.0,0.0
188600,0.031370592149,0.0,0.0,0.0,0.0,0.0,0.0
188800,0.0314038589488,0.0,0.0,0.0,0.0,0.0,0.0
189000,0.0314371257485,0.0,0.0,0.0,0.0,0.0,0.0
189200,0.0314703925482,0.0,0.0,0.0,0.0,0.0,0.0
189400,0.031503659348,0.0,0.0,0.0,0.0,0.0,0.0
189600,0.0315369261477,0.0,0.0,0.0,0.0,0.0,0.0
189800,0.0315701929474,0.0,0.0,0.0,0.0,0.0,0.0
190000,0.0316034597472,0.0,0.0,0.0,0.0,0.0,0.0
190200,0.0316367265469,0.0,0.0,0.0,0.0,0.0,0.0
190400,0.0316699933466,0.0,0.0,0.0,0.0,0.0,0.0
190600,0.0317032601464,0.0,0.0,0.0,0.0,0.0,0.0
190800,0.0317365269461,0.0,0.0,0.0,0.0,0.0,0.0
191000,0.0317697937458,0.0,0.0,0.0,0.0,0.0,0.0
191200,0.0318030605456,0.0,0.0,0.0,0.0,0.0,0.0
191400,0.0318363273453,0.0,0.0,0.0,0.0,0.0,0.0
191600,0.031869594145,0.0,0.0,0.0,0.0,0.0,0.0
191800,0.0319028609448,0.0,0.0,0.0,0.0,0.0,0.0
192000,0.0319361277445,0.0,0.0,0.0,0.0,0.0,0.0
192200,0.0319693945442,0.0,0.0,0.0,0.0,0.0,0.0
192400,0.032002661344,0.0,0.0,0.0,0.0,0.0,0.0
192600,0.0320359281437,0.0,0.0,0.0,0.0,0.0,0.0
192800,0.0320691949434,0.0,0.0,0.0,0.0,0.0,0.0
193000,0.0321024617432,0.0,0.0,0.0,0.0,0.0,0.0
193200,0.0321357285429,0.0,0.0,0.0,0.0,0.0,0.0
193400,0.0321689953426,0.0,0.0,0.0,0.0,0.0,0.0
193600,0.0322022621424,0.0,0.0,0.0,0.0,0.0,0.0
193800,0.0322355289421,0.0,0.0,0.0,0.0,0.0,0.0
194000,0.0322687957418,0.0,0.0,0.0,0.0,0.0,0.0
194200,0.0323020625416,0.0,0.0,0.0,0.0,0.0,0.0
194400,0.0323353293413,0.0,0.0,0.0,0.0,0.0,0.0
194600,0.0323685961411,0.0,0.0,0.0,0.0,0.0,0.0
194800,0.0324018629408,0.0,0.0,0.0,0.0,0.0,0.0
195000,0.0324351297405,0.0,0.0,0.0,0.0,0.0,0.0
195200,0.0324683965403,0.0,0.0,0.0,0.0,0.0,0.0
195400,0.03250166334,0.0,0.0,0.0,0.0,0.0,0.0
195600,0.0325349301397,0.0,0.0,0.0,0.0,0.0,0.0
195800,0.0325681969395,0.0,0.0,0.0,0.0,0.0,0.0
196000,0.0326014637392,0.0,0.0,0.0,0.0,0.0,0.0
196200,0.0326347305389,0.0,0.0,0.0,0.0,0.0,0.0
196400,0.0326679973387,0.0,0.0,0.0,0.0,0.0,0.0
196600,0.0327012641384,0.0,0.0,0.0,0.0,0.0,0.0
196800,0.0327345309381,0.0,0.0,0.0,0.0,0.0,0.0
197000,0.0327677977379,0.0,0.0,0.0,0.0,0.0,0.0
197200,0.0328010645376,0.0,0.0,0.0,0.0,0.0,0.0
197400,0.0328343313373,0.0,0.0,0.0,0.0,0.0,0.0
197600,0.0328675981371,0.0,0.0,0.0,0.0,0.0,0.0
197800,0.0329008649368,0.0,0.0,0.0,0.0,0.0,0.0
198000,0.0329341317365,0.0,0.0,0.0,0.0,0.0,0.0
198200,0.0329673985363,0.0,0.0,0.0,0.0,0.0,0.0
198400,0.033000665336,0.0,0.0,0.0,0.0,0.0,0.0
198600,0.0330339321357,0.0,0.0,0.0,0.0,0.0,0.0
198800,0.0330671989355,0.0,0.0,0.0,0.0,0.0,0.0
199000,0.0331004657352,0.0,0.0,0.0,0.0,0.0,0.0
199200,0.0331337325349,0.0,0.0,0.0,0.0,0.0,0.0
199400,0.0331669993347,0.0,0.0,0.0,0.0,0.0,0.0
199600,0.0332002661344,0.0,0.0,0.0,0.0,0.0,0.0
199800,0.0332335329341,0.0,0.0,0.0,0.0,0.0,0.0
200000,0.0332667997339,0.0,0.0,0.0,0.0,0.0,0.0
200200,0.0333000665336,0.0,0.0,0.0,0.0,0.0,0.0
200400,0.0333333333333,0.0,0.0,0.0,0.0,0.0,0.0
200401,0.0333334996673,0.0,0.0,0.0,0.0,0.0,0.0
