200,3.32667997339e-05,2.20714475201,1.20465633938
400,6.65335994677e-05,2.13800289085,1.1663701559
600,9.98003992016e-05,2.06106346708,1.11390503424
800,0.000133067198935,1.9805129445,1.06015211802
1000,0.000166333998669,1.87295390483,0.993353737847
1200,0.000199600798403,1.73864132903,0.898995118088
1400,0.000232867598137,1.59876423692,0.815379964902
1600,0.000266134397871,1.45852297624,0.742338013872
1800,0.000299401197605,1.32514123612,0.679229766159
2000,0.000332667997339,1.20641029322,0.6350697495
2200,0.000365934797073,1.10853535074,0.622234666593
2400,0.000399201596806,1.03717009233,0.644855931222
2600,0.00043246839654,0.981748199854,0.65841615029
2800,0.000465735196274,0.959485441162,0.684020408928
3000,0.000499001996008,1.01259197556,0.790188004393
3200,0.000532268795742,0.945118738041,0.725103454382
3400,0.000565535595476,0.882012042397,0.677785593123
3600,0.00059880239521,0.84468676646,0.679274987874
3800,0.000632069194943,0.799212812554,0.697406372507
4000,0.000665335994677,0.793609765002,0.75461904759
4200,0.000698602794411,0.816226730932,0.804872760472
4400,0.000731869594145,0.795428504856,0.776479212476
4600,0.000765136393879,0.738461372316,0.699529478031
4800,0.000798403193613,0.681402035231,0.64401540546
5000,0.000831669993347,0.628493826289,0.603027286008
5200,0.000864936793081,0.595452822711,0.585255182928
5400,0.000898203592814,0.598747816758,0.594452218675
5600,0.000931470392548,0.593954669211,0.606351448686
5800,0.000964737192282,0.560551810885,0.598241379971
6000,0.000998003992016,0.501321118444,0.574953045953
6200,0.00103127079175,0.46891490711,0.591377224414
6400,0.00106453759148,0.437230358193,0.567454610539
6600,0.00109780439122,0.428638969872,0.567101334128
6800,0.00113107119095,0.443921677179,0.61557813648
7000,0.00116433799069,0.482467699464,0.707289542388
7200,0.00119760479042,0.468055871863,0.707677606274
7400,0.00123087159015,0.456559482509,0.683445486544
7600,0.00126413838989,0.408542545641,0.60943551551
7800,0.00129740518962,0.352586263101,0.525741126035
8000,0.00133067198935,0.308656714949,0.468451999589
8200,0.00136393878909,0.290618674808,0.462249687478
8400,0.00139720558882,0.304613926065,0.493231985894
8600,0.00143047238856,0.343195848785,0.559140370788
8800,0.00146373918829,0.403138208421,0.646808619976
9000,0.00149700598802,0.492402263305,0.723795685751
9200,0.00153027278776,0.510220321947,0.714850962208
9400,0.00156353958749,0.497035319911,0.663115905395
9600,0.00159680638723,0.495165140558,0.630057981109
9800,0.00163007318696,0.486560989024,0.611405406547
10000,0.00166333998669,0.502665872167,0.620475375955
10200,0.00169660678643,0.528884868029,0.648360190994
10400,0.00172987358616,0.5521772335,0.669059589825
10600,0.00176314038589,0.546553447776,0.657148367178
10800,0.00179640718563,0.540260292715,0.661638360339
11000,0.00182967398536,0.534663409264,0.659640475308
11200,0.0018629407851,0.539437267586,0.643305851005
11400,0.00189620758483,0.485025115081,0.565281988896
11600,0.00192947438456,0.510914380733,0.59260128391
11800,0.0019627411843,0.640747224798,0.705995574202
12000,0.00199600798403,0.725136500112,0.807401483524
12200,0.00202927478377,0.631149183965,0.686051317646
12400,0.0020625415835,0.600328907108,0.650850298405
12600,0.00209580838323,0.610170043487,0.65877058663
12800,0.00212907518297,0.557214479006,0.595994065322
13000,0.0021623419827,0.584592125107,0.628352779856
13200,0.00219560878244,0.651830628876,0.733574908179
13400,0.00222887558217,0.718675141378,0.828792160976
13600,0.0022621423819,0.725202124341,0.887935084957
13800,0.00229540918164,0.808238063335,1.10426745257
14000,0.00232867598137,0.666185911751,0.989550558672
14200,0.0023619427811,0.48309341251,0.797163107261
14400,0.00239520958084,0.470038133971,0.812964493746
14600,0.00242847638057,0.563197924088,0.919630441424
14800,0.00246174318031,0.668684533816,1.01312195926
15000,0.00249500998004,0.578176964657,0.868512148282
15200,0.00252827677977,0.504624434981,0.762999865779
15400,0.00256154357951,0.548723731588,0.768927296431
15600,0.00259481037924,0.651132270983,0.867802682422
15800,0.00262807717898,0.822308686266,1.06809055444
16000,0.00266134397871,1.01612958779,1.26419777308
16200,0.00269461077844,0.866448701192,1.00542276165
16400,0.00272787757818,0.699325752716,0.862747769899
16600,0.00276114437791,0.637096357532,0.798838751068
16800,0.00279441117764,0.631466688455,0.778542803417
17000,0.00282767797738,0.588247469644,0.754415099692
17200,0.00286094477711,0.484480898353,0.666844485738
17400,0.00289421157685,0.408435701766,0.595563605208
17600,0.00292747837658,0.400251408144,0.579020504524
17800,0.00296074517631,0.432132958299,0.598270463822
18000,0.00299401197605,0.508417029557,0.635746302701
18200,0.00302727877578,0.651142420741,0.728183491782
18400,0.00306054557552,0.8270882654,0.870415536517
18600,0.00309381237525,0.72424083742,0.827064688059
18800,0.00312707917498,0.703153684678,0.891765204662
19000,0.00316034597472,0.682549047297,0.915139670381
19200,0.00319361277445,0.717882696314,0.97303157638
19400,0.00322687957418,0.605271955231,0.839862610131
19600,0.00326014637392,0.449064720818,0.649815091611
19800,0.00329341317365,0.370418453909,0.565706306819
20000,0.00332667997339,0.336144978163,0.540149534867
20200,0.00335994677312,0.326205147645,0.518993996171
20400,0.00339321357285,0.340624179555,0.508968722827
20600,0.00342648037259,0.353346766939,0.525117319202
20800,0.00345974717232,0.381875530291,0.568823638183
21000,0.00349301397206,0.429958864726,0.638891681031
21200,0.00352628077179,0.456351006734,0.687245984915
21400,0.00355954757152,0.529333203064,0.774461387034
21600,0.00359281437126,0.675027538811,0.924337955907
21800,0.00362608117099,0.872541872613,1.11739108633
22000,0.00365934797073,0.874597294093,1.12005167107
22200,0.00369261477046,0.627746460263,0.819085996393
22400,0.00372588157019,0.484134199887,0.65351596854
22600,0.00375914836993,0.435192617288,0.59545545889
22800,0.00379241516966,0.495457556122,0.62405557628
23000,0.00382568196939,0.50335103243,0.632485641366
23200,0.00385894876913,0.461434844603,0.613332974223
23400,0.00389221556886,0.431791757262,0.614180460567
23600,0.0039254823686,0.415517916038,0.599728562271
23800,0.00395874916833,0.348236023895,0.508518667054
24000,0.00399201596806,0.367301592316,0.49470358686
24200,0.0040252827678,0.409311525081,0.5234591056
24400,0.00405854956753,0.46093613756,0.549155329052
24600,0.00409181636727,0.517351402207,0.612586073388
24800,0.004125083167,0.573399057513,0.666651648403
25000,0.00415834996673,0.638328390464,0.72794688415
25200,0.00419161676647,0.759169642076,0.844598739948
25400,0.0042248835662,0.741151375785,0.849469010364
25600,0.00425815036593,0.724531073212,0.901084012627
25800,0.00429141716567,0.762775524269,0.974713533171
26000,0.0043246839654,0.707357047453,0.911112909985
26200,0.00435795076514,0.584659423731,0.758327432376
26400,0.00439121756487,0.526259889901,0.677513907404
26600,0.0044244843646,0.504667696677,0.649288261046
26800,0.00445775116434,0.485917407874,0.624619697222
27000,0.00449101796407,0.45493054475,0.599812100229
27200,0.00452428476381,0.445707255865,0.574859384303
27400,0.00455755156354,0.456850067679,0.562918751734
27600,0.00459081836327,0.463956113564,0.528090714975
27800,0.00462408516301,0.491018017771,0.514899018701
28000,0.00465735196274,0.504283657419,0.526146901145
28200,0.00469061876248,0.520482013506,0.538671732573
28400,0.00472388556221,0.547301063505,0.549965990536
28600,0.00475715236194,0.590469921755,0.583739352393
28800,0.00479041916168,0.56873418466,0.569125117961
29000,0.00482368596141,0.60125978982,0.608474103033
29200,0.00485695276114,0.661393741785,0.663858345263
29400,0.00489021956088,0.72859211635,0.728550326825
29600,0.00492348636061,0.636938400757,0.637877996729
29800,0.00495675316035,0.580835671261,0.60400477483
30000,0.00499001996008,0.582416347773,0.629303557759
30200,0.00502328675981,0.587138848152,0.658027519749
30400,0.00505655355955,0.583514351144,0.663820345681
30600,0.00508982035928,0.568181382097,0.643334388205
30800,0.00512308715902,0.549742259567,0.621456128809
31000,0.00515635395875,0.540158927104,0.597490755376
31200,0.00518962075848,0.530941131274,0.580827987465
31400,0.00522288755822,0.532946267612,0.561734991592
31600,0.00525615435795,0.52641477672,0.549473026117
31800,0.00528942115768,0.502571469767,0.533186658033
32000,0.00532268795742,0.501921052552,0.538249584198
32200,0.00535595475715,0.533779496859,0.565111779674
32400,0.00538922155689,0.581371908546,0.593168847594
32600,0.00542248835662,0.563391042379,0.568318519326
32800,0.00545575515635,0.572531045352,0.584870866147
33000,0.00548902195609,0.632217000743,0.678131575427
33200,0.00552228875582,0.676785985008,0.75297464729
33400,0.00555555555556,0.649743683769,0.710787923051
33600,0.00558882235529,0.657371395825,0.70762418124
33800,0.00562208915502,0.713955753133,0.769581072419
34000,0.00565535595476,0.72016917431,0.754649550385
34200,0.00568862275449,0.68903154489,0.70398526219
34400,0.00572188955422,0.681761034008,0.7044184179
34600,0.00575515635396,0.6799567788,0.730340160915
34800,0.00578842315369,0.640309175554,0.718981854548
35000,0.00582168995343,0.56810441098,0.655185830226
35200,0.00585495675316,0.508874175651,0.602895290739
35400,0.00588822355289,0.501813778077,0.610206635889
35600,0.00592149035263,0.537652816076,0.665692032577
35800,0.00595475715236,0.599462207195,0.7419915311
36000,0.0059880239521,0.733928593563,0.908241695831
36200,0.00602129075183,0.912765391477,1.15302045517
36400,0.00605455755156,0.801673334491,0.965895515397
36600,0.0060878243513,0.654221615028,0.780294726754
36800,0.00612109115103,0.614951412439,0.803712016607
37000,0.00615435795077,0.685505627048,0.927210509917
37200,0.0061876247505,0.754501708656,1.01096080588
37400,0.00622089155023,0.720545549985,0.962428674094
37600,0.00625415834997,0.694737643311,0.899119468384
37800,0.0062874251497,0.544706954059,0.69455457645
38000,0.00632069194943,0.480077266884,0.639841987179
38200,0.00635395874917,0.504141207881,0.660737555315
38400,0.0063872255489,0.566205168981,0.721335964207
38600,0.00642049234864,0.638367061605,0.809411518523
38800,0.00645375914837,0.608597164593,0.760075611831
39000,0.0064870259481,0.490230310548,0.599431088026
39200,0.00652029274784,0.504881860763,0.631191751203
39400,0.00655355954757,0.565289409426,0.67421519688
39600,0.00658682634731,0.627969342987,0.72273455924
39800,0.00662009314704,0.708329482821,0.795849343708
40000,0.00665335994677,0.821744760152,0.913477430105
40200,0.00668662674651,0.703472209234,0.787721012485
40400,0.00671989354624,0.612781522977,0.694329543938
40600,0.00675316034597,0.547225275992,0.641821530666
40800,0.00678642714571,0.43666389448,0.530678915303
41000,0.00681969394544,0.30527928466,0.447994844413
41200,0.00685296074518,0.246808044814,0.45555410222
41400,0.00688622754491,0.224278040294,0.457229780542
41600,0.00691949434464,0.221205416637,0.447352406164
41800,0.00695276114438,0.252612122458,0.440027893331
42000,0.00698602794411,0.253990029925,0.444748185587
42200,0.00701929474385,0.239041903082,0.430705003581
42400,0.00705256154358,0.246710560363,0.427314581872
42600,0.00708582834331,0.270743565053,0.439091237873
42800,0.00711909514305,0.294848321346,0.449227676708
43000,0.00715236194278,0.321611507399,0.461231891632
43200,0.00718562874251,0.357433782651,0.490723909192
43400,0.00721889554225,0.403153779934,0.534435058515
43600,0.00725216234198,0.449298274125,0.571486455511
43800,0.00728542914172,0.516491456963,0.596196769046
44000,0.00731869594145,0.553985398039,0.59996625762
44200,0.00735196274118,0.560478705828,0.608470610343
44400,0.00738522954092,0.566004934566,0.607395277465
44600,0.00741849634065,0.525540971741,0.57444407589
44800,0.00745176314039,0.521449383749,0.573689270792
45000,0.00748502994012,0.505321622984,0.552142439893
45200,0.00751829673985,0.505273088011,0.557866941122
45400,0.00755156353959,0.533173454522,0.583919097026
45600,0.00758483033932,0.566764036432,0.616256751698
45800,0.00761809713906,0.611012999049,0.660960011986
46000,0.00765136393879,0.668320163175,0.730614981214
46200,0.00768463073852,0.713236194659,0.792670809076
46400,0.00771789753826,0.681831754902,0.761540436103
46600,0.00775116433799,0.650073337717,0.714924114748
46800,0.00778443113772,0.648840003582,0.704743058194
47000,0.00781769793746,0.656243139379,0.685707688809
47200,0.00785096473719,0.665556357009,0.684481205597
47400,0.00788423153693,0.630941922958,0.629106630883
47600,0.00791749833666,0.583493842228,0.566443930324
47800,0.00795076513639,0.536452763351,0.54168331476
48000,0.00798403193613,0.499550972483,0.522234591911
48200,0.00801729873586,0.48985827217,0.517664483193
48400,0.0080505655356,0.494244454799,0.528549535834
48600,0.00808383233533,0.520529572619,0.552913808521
48800,0.00811709913506,0.55659604229,0.580114737105
49000,0.0081503659348,0.591544910724,0.607012040104
49200,0.00818363273453,0.612013297449,0.615027968981
49400,0.00821689953426,0.587431563894,0.565398119765
49600,0.008250166334,0.565360381873,0.521742411748
49800,0.00828343313373,0.568886402394,0.526351805603
50000,0.00831669993347,0.605711744044,0.572219646545
50200,0.0083499667332,0.658193602852,0.63804650919
50400,0.00838323353293,0.714987222159,0.707307666274
50600,0.00841650033267,0.773105889469,0.77285506821
50800,0.0084497671324,0.804633564875,0.808313515022
51000,0.00848303393214,0.813305284032,0.823691384902
51200,0.00851630073187,0.827608409449,0.849792744054
51400,0.0085495675316,0.839464472343,0.90347948258
51600,0.00858283433134,0.850625463035,0.939749481676
51800,0.00861610113107,0.742078901037,0.808799798435
52000,0.00864936793081,0.652683115428,0.719111788803
52200,0.00868263473054,0.594169357441,0.681143496425
52400,0.00871590153027,0.520768963576,0.608094945208
52600,0.00874916833001,0.461134181492,0.571449220246
52800,0.00878243512974,0.46386717956,0.596535509154
53000,0.00881570192947,0.523161926711,0.675036337119
53200,0.00884896872921,0.594297497329,0.756087320717
53400,0.00888223552894,0.645532811988,0.801069260106
53600,0.00891550232868,0.604242906335,0.760528490595
53800,0.00894876912841,0.5535363185,0.702381756459
54000,0.00898203592814,0.532051322177,0.689819325925
54200,0.00901530272788,0.577648071395,0.752194248987
54400,0.00904856952761,0.666536584128,0.820034391188
54600,0.00908183632735,0.651275552737,0.763316903232
54800,0.00911510312708,0.573621841234,0.680819414972
55000,0.00914836992681,0.563145345568,0.695634635811
55200,0.00918163672655,0.628779729053,0.793361543865
55400,0.00921490352628,0.70674167019,0.869663693187
55600,0.00924817032601,0.735197941056,0.860642490634
55800,0.00928143712575,0.719469687099,0.817667201805
56000,0.00931470392548,0.684015392219,0.744446354125
56200,0.00934797072522,0.76201950396,0.800575058127
56400,0.00938123752495,0.686600570063,0.733068910417
56600,0.00941450432468,0.592377461989,0.712289308967
56800,0.00944777112442,0.578613233011,0.770276830469
57000,0.00948103792415,0.47853805359,0.675776550914
57200,0.00951430472389,0.408362976713,0.622733447249
57400,0.00954757152362,0.367001320978,0.601009267402
57600,0.00958083832335,0.350113038327,0.587877950982
57800,0.00961410512309,0.367784315616,0.598635553515
58000,0.00964737192282,0.416173422613,0.619666183145
58200,0.00968063872255,0.503646416601,0.688007620565
58400,0.00971390552229,0.553008526495,0.746718778319
58600,0.00974717232202,0.610968207597,0.833295841954
58800,0.00978043912176,0.644103459003,0.920508388515
59000,0.00981370592149,0.530873995301,0.808290777335
59200,0.00984697272122,0.419361166956,0.705806034935
59400,0.00988023952096,0.415588717451,0.729074821013
59600,0.00991350632069,0.472213051099,0.7633789663
59800,0.00994677312043,0.479817287882,0.754637445652
60000,0.00998003992016,0.391854280524,0.647227475427
60200,0.0100133067199,0.303677843275,0.540938650854
60400,0.0100465735196,0.27731027689,0.499492404887
60600,0.0100798403194,0.26495416786,0.493096257936
60800,0.0101131071191,0.281361820849,0.501450876731
61000,0.0101463739188,0.319459581158,0.513436811081
61200,0.0101796407186,0.358189210795,0.521856116443
61400,0.0102129075183,0.395947888433,0.529992429975
61600,0.010246174318,0.448309375523,0.553593116551
61800,0.0102794411178,0.512681599853,0.601808344089
62000,0.0103127079175,0.583075328224,0.671964398516
62200,0.0103459747172,0.657035496111,0.742814142826
62400,0.010379241517,0.732651794924,0.820343821076
62600,0.0104125083167,0.748225210267,0.834066286581
62800,0.0104457751164,0.728684407663,0.811939356654
63000,0.0104790419162,0.706846430507,0.783015516226
63200,0.0105123087159,0.718774175014,0.792618223827
63400,0.0105455755156,0.777655085404,0.854763347835
63600,0.0105788423154,0.797768486372,0.893868567191
63800,0.0106121091151,0.709745798769,0.798145160493
64000,0.0106453759148,0.579745194961,0.645829720188
64200,0.0106786427146,0.521025325028,0.600319704476
64400,0.0107119095143,0.488104782862,0.580562946314
64600,0.010745176314,0.442861931315,0.545487921368
64800,0.0107784431138,0.421135888592,0.534892956717
65000,0.0108117099135,0.412019151564,0.527814471225
65200,0.0108449767132,0.427927315608,0.558611931168
65400,0.010878243513,0.434836630015,0.554445354488
65600,0.0109115103127,0.430172888638,0.533319772683
65800,0.0109447771124,0.432217578379,0.52272635058
66000,0.0109780439122,0.461731523886,0.547725722771
66200,0.0110113107119,0.523672396998,0.613894389386
66400,0.0110445775116,0.596810151285,0.685923742892
66600,0.0110778443114,0.67141264932,0.704959795576
66800,0.0111111111111,0.701876736878,0.679375335115
67000,0.0111443779108,0.654274649076,0.648406834433
67200,0.0111776447106,0.67417339507,0.712464060245
67400,0.0112109115103,0.716695935161,0.779433052115
67600,0.01124417831,0.802484773107,0.906104353532
67800,0.0112774451098,0.980582294085,1.0879858416
68000,0.0113107119095,0.80606717796,0.807354718709
68200,0.0113439787092,0.519764648327,0.544053420742
68400,0.011377245509,0.422397804861,0.527434233959
68600,0.0114105123087,0.436603060534,0.585017516979
68800,0.0114437791084,0.480791328962,0.643371076695
69000,0.0114770459082,0.58114254466,0.758889948759
69200,0.0115103127079,0.68776200447,0.964527736198
69400,0.0115435795077,0.490849519733,0.637973324226
69600,0.0115768463074,0.450734425664,0.583744244451
69800,0.0116101131071,0.428989820873,0.596833602421
70000,0.0116433799069,0.413837917487,0.598678474841
70200,0.0116766467066,0.40624921554,0.594369958241
70400,0.0117099135063,0.407672140974,0.595702755504
70600,0.0117431803061,0.395912740492,0.595633348196
70800,0.0117764471058,0.381516649149,0.587254986833
71000,0.0118097139055,0.367327844821,0.589377044659
71200,0.0118429807053,0.36624033967,0.589805357348
71400,0.011876247505,0.409993969104,0.591578223547
71600,0.0119095143047,0.45267258439,0.598888900241
71800,0.0119427811045,0.466050421928,0.603664903661
72000,0.0119760479042,0.46846983003,0.600694979247
72200,0.0120093147039,0.42342355343,0.566755595381
72400,0.0120425815037,0.403954671751,0.547136456093
72600,0.0120758483034,0.424550103969,0.569364583975
72800,0.0121091151031,0.499091273844,0.654668507418
73000,0.0121423819029,0.548405629547,0.691519759754
73200,0.0121756487026,0.51926438312,0.652899090813
73400,0.0122089155023,0.533262263839,0.649568154235
73600,0.0122421823021,0.587378831709,0.717476236977
73800,0.0122754491018,0.636772556106,0.764185061932
74000,0.0123087159015,0.657467081981,0.764551151418
74200,0.0123419827013,0.673917482386,0.761265424889
74400,0.012375249501,0.693969739697,0.781117781627
74600,0.0124085163007,0.596934777193,0.641000057872
74800,0.0124417831005,0.522181116775,0.542862961181
75000,0.0124750499002,0.480604270415,0.504920973138
75200,0.0125083166999,0.454307308103,0.487297611033
75400,0.0125415834997,0.424108495413,0.47716360344
75600,0.0125748502994,0.391880289097,0.473513696649
75800,0.0126081170991,0.368339207609,0.480262673709
76000,0.0126413838989,0.373605166479,0.502390808572
76200,0.0126746506986,0.37658120291,0.520954982844
76400,0.0127079174983,0.382765360338,0.527009980466
76600,0.0127411842981,0.396498531759,0.530549880237
76800,0.0127744510978,0.435355348634,0.550409889314
77000,0.0128077178975,0.468353920776,0.554710881169
77200,0.0128409846973,0.477152139087,0.53487555265
77400,0.012874251497,0.493134342752,0.541279582569
77600,0.0129075182967,0.517859415871,0.587413075307
77800,0.0129407850965,0.560433439091,0.64785152299
78000,0.0129740518962,0.596360872863,0.681843967887
78200,0.0130073186959,0.595081970498,0.656477208478
78400,0.0130405854957,0.640020887319,0.688314949408
78600,0.0130738522954,0.707636875564,0.748878328444
78800,0.0131071190951,0.7932789598,0.858680416772
79000,0.0131403858949,0.754942320571,0.821316778866
79200,0.0131736526946,0.65439445249,0.724214865525
79400,0.0132069194943,0.582640741273,0.667623210924
79600,0.0132401862941,0.552350199231,0.707064686393
79800,0.0132734530938,0.434032698186,0.623312295389
80000,0.0133067198935,0.320836741274,0.521623329933
80200,0.0133399866933,0.271101144184,0.491527162428
80400,0.013373253493,0.265252417298,0.500260987026
80600,0.0134065202927,0.265242354239,0.512498214551
80800,0.0134397870925,0.27016361406,0.516733250422
81000,0.0134730538922,0.265479081712,0.501638343181
81200,0.0135063206919,0.284173237921,0.487423146278
81400,0.0135395874917,0.304552376747,0.480691506172
81600,0.0135728542914,0.317479350055,0.466837001717
81800,0.0136061210912,0.325042531545,0.463276967223
82000,0.0136393878909,0.344606175231,0.471869911931
82200,0.0136726546906,0.404670979182,0.50573386715
82400,0.0137059214904,0.432394412242,0.531254750725
82600,0.0137391882901,0.474789462032,0.59067984006
82800,0.0137724550898,0.540712627868,0.667073594444
83000,0.0138057218896,0.612749515177,0.728609390553
83200,0.0138389886893,0.654020849468,0.74410721739
83400,0.013872255489,0.645601755579,0.730815215037
83600,0.0139055222888,0.661809280329,0.741571238187
83800,0.0139387890885,0.731287985237,0.818433136718
84000,0.0139720558882,0.804511962971,0.920912705827
84200,0.014005322688,0.840033983443,0.962056575076
84400,0.0140385894877,0.987903238439,1.1827240789
84600,0.0140718562874,0.860617859835,0.995273003759
84800,0.0141051230872,0.730528340352,0.814497255606
85000,0.0141383898869,0.655238261042,0.755185324075
85200,0.0141716566866,0.588639118994,0.69563576811
85400,0.0142049234864,0.527820275653,0.639096657049
85600,0.0142381902861,0.537532972504,0.649308380942
85800,0.0142714570858,0.551146844711,0.643248477861
86000,0.0143047238856,0.517443482046,0.614439344761
86200,0.0143379906853,0.502838371217,0.611791228176
86400,0.014371257485,0.503862966975,0.624908536514
86600,0.0144045242848,0.478709014325,0.633650086048
86800,0.0144377910845,0.456506214846,0.604742874621
87000,0.0144710578842,0.411255648508,0.57432290637
87200,0.014504324684,0.375164012577,0.548010872808
87400,0.0145375914837,0.365564022074,0.546661001951
87600,0.0145708582834,0.375388305108,0.562551916562
87800,0.0146041250832,0.373866656957,0.565885993929
88000,0.0146373918829,0.347980001917,0.532253823913
88200,0.0146706586826,0.331338618489,0.502423814158
88400,0.0147039254824,0.328916592921,0.499466197732
88600,0.0147371922821,0.325209276879,0.49255114274
88800,0.0147704590818,0.305947303267,0.470954706833
89000,0.0148037258816,0.318585681732,0.464848098433
89200,0.0148369926813,0.341765165768,0.471941957491
89400,0.014870259481,0.356255129297,0.463590821915
89600,0.0149035262808,0.368097103237,0.458685935109
89800,0.0149367930805,0.40665546955,0.474147898251
90000,0.0149700598802,0.452746589252,0.512311260782
90200,0.01500332668,0.497557878132,0.55203689271
90400,0.0150365934797,0.547001773175,0.607311966604
90600,0.0150698602794,0.585447106703,0.648026204688
90800,0.0151031270792,0.571776162468,0.629411980674
91000,0.0151363938789,0.551283887791,0.598584003621
91200,0.0151696606786,0.550464391322,0.587733730012
91400,0.0152029274784,0.521579632148,0.546923714639
91600,0.0152361942781,0.508634326275,0.530904705168
91800,0.0152694610778,0.490703319188,0.516139771949
92000,0.0153027278776,0.481305820632,0.506675148354
92200,0.0153359946773,0.487646887816,0.518716821492
92400,0.015369261477,0.498186601538,0.539108395945
92600,0.0154025282768,0.521364374337,0.55718166596
92800,0.0154357950765,0.548443824735,0.582120977516
93000,0.0154690618762,0.589589686674,0.611835748015
93200,0.015502328676,0.629847225626,0.642863449744
93400,0.0155355954757,0.66775290129,0.680528921305
93600,0.0155688622754,0.70968256463,0.721396987559
93800,0.0156021290752,0.714710503828,0.706318256955
94000,0.0156353958749,0.743933609631,0.712644812685
94200,0.0156686626747,0.779582178148,0.721327790796
94400,0.0157019294744,0.806608376316,0.761868594668
94600,0.0157351962741,0.790924035682,0.779591137663
94800,0.0157684630739,0.766974196841,0.773448473551
95000,0.0158017298736,0.652179517261,0.659258935432
95200,0.0158349966733,0.587937793249,0.615092333358
95400,0.0158682634731,0.585973995456,0.621031811336
95600,0.0159015302728,0.595591822275,0.654662009701
95800,0.0159347970725,0.550866033559,0.607170600261
96000,0.0159680638723,0.513874796561,0.561706612013
96200,0.016001330672,0.495702899096,0.546936419076
96400,0.0160345974717,0.488459884544,0.557774832922
96600,0.0160678642715,0.497226516051,0.57427597298
96800,0.0161011310712,0.498677156421,0.573016677268
97000,0.0161343978709,0.498613358491,0.569967937952
97200,0.0161676646707,0.522192889443,0.601008836586
97400,0.0162009314704,0.576103535543,0.67761509239
97600,0.0162341982701,0.666683091431,0.770551679233
97800,0.0162674650699,0.614615791345,0.721382124658
98000,0.0163007318696,0.595984763673,0.730059930395
98200,0.0163339986693,0.614137175424,0.774898112629
98400,0.0163672654691,0.639437100414,0.799014490877
98600,0.0164005322688,0.587424764683,0.730633684661
98800,0.0164337990685,0.514951871281,0.642596289714
99000,0.0164670658683,0.467695219378,0.591674871433
99200,0.016500332668,0.442301347403,0.582990611115
99400,0.0165335994677,0.406421108537,0.538919050291
99600,0.0165668662675,0.379020906086,0.499115987575
99800,0.0166001330672,0.362906547676,0.47870331866
100000,0.0166333998669,0.359939042492,0.479709796011
100200,0.0166666666667,0.379677056965,0.498189498904
100400,0.0166999334664,0.42197263767,0.522585207324
100600,0.0167332002661,0.472803763222,0.555072684605
100800,0.0167664670659,0.499103675552,0.583049113893
101000,0.0167997338656,0.484002937218,0.574788140645
101200,0.0168330006653,0.479030048357,0.572603456829
101400,0.0168662674651,0.509623947418,0.613064693014
101600,0.0168995342648,0.579079369903,0.71367127267
101800,0.0169328010645,0.68231923923,0.858536154625
102000,0.0169660678643,0.852019133189,1.08447244719
102200,0.016999334664,0.811242166438,1.01898069481
102400,0.0170326014637,0.660783389352,0.814992572912
102600,0.0170658682635,0.542453587743,0.689984304305
102800,0.0170991350632,0.484081543787,0.647099788127
103000,0.0171324018629,0.482691012158,0.634468538882
103200,0.0171656686627,0.484470698171,0.629883447012
103400,0.0171989354624,0.507843776816,0.626424320965
103600,0.0172322022621,0.555293337481,0.648011719083
103800,0.0172654690619,0.488544023642,0.574567745629
104000,0.0172987358616,0.421911874195,0.545220696655
104200,0.0173320026613,0.376681310048,0.533940005085
104400,0.0173652694611,0.41075698374,0.579801883483
104600,0.0173985362608,0.459715635138,0.639244876722
104800,0.0174318030605,0.501334249289,0.696717455003
105000,0.0174650698603,0.446180531846,0.62836233737
105200,0.01749833666,0.423700823074,0.621529888339
105400,0.0175316034597,0.459460483161,0.668450247364
105600,0.0175648702595,0.500490930267,0.719358623852
105800,0.0175981370592,0.552758047216,0.765296017593
106000,0.0176314038589,0.594892580393,0.804203476957
106200,0.0176646706587,0.637973963744,0.841919829359
106400,0.0176979374584,0.723087565692,0.865667879762
106600,0.0177312042582,0.679042485077,0.801104427961
106800,0.0177644710579,0.572203046883,0.721966889491
107000,0.0177977378576,0.519678843726,0.686203188189
107200,0.0178310046574,0.460289656815,0.618143796672
107400,0.0178642714571,0.419485627053,0.579695526089
107600,0.0178975382568,0.428349030386,0.601511135482
107800,0.0179308050566,0.47025022468,0.652515392891
108000,0.0179640718563,0.496334246968,0.6857436569
108200,0.017997338656,0.500300269416,0.683448567254
108400,0.0180306054558,0.533208143182,0.682792521645
108600,0.0180638722555,0.596858651019,0.732369482566
108800,0.0180971390552,0.577503475407,0.708540573941
109000,0.018130405855,0.507711724104,0.627097554872
109200,0.0181636726547,0.496552526108,0.612457932559
109400,0.0181969394544,0.488204495993,0.623177976888
109600,0.0182302062542,0.487795454426,0.656297732421
109800,0.0182634730539,0.442941256634,0.62549267565
110000,0.0182967398536,0.420244912757,0.596349209124
110200,0.0183300066534,0.428383480519,0.5881491368
110400,0.0183632734531,0.474343424841,0.604608443573
110600,0.0183965402528,0.551531618179,0.633480322377
110800,0.0184298070526,0.625783971069,0.674488058164
111000,0.0184630738523,0.71713630791,0.728019426704
111200,0.018496340652,0.845281937386,0.833763524937
111400,0.0185296074518,0.992572028338,0.98648956055
111600,0.0185628742515,1.16582244603,1.18568369225
111800,0.0185961410512,1.0327523043,1.03651802742
112000,0.018629407851,0.789959511333,0.792617764992
112200,0.0186626746507,0.657165753434,0.731242973862
112400,0.0186959414504,0.62200092153,0.714974217773
112600,0.0187292082502,0.627154989169,0.688716687021
112800,0.0187624750499,0.590351136329,0.64051399654
113000,0.0187957418496,0.507051902487,0.564828963741
113200,0.0188290086494,0.418650790993,0.51383683007
113400,0.0188622754491,0.359766958633,0.47623911201
113600,0.0188955422488,0.33419769263,0.461329737589
113800,0.0189288090486,0.327683949149,0.459438201757
114000,0.0189620758483,0.332475848028,0.462430495797
114200,0.018995342648,0.3469651149,0.478474537108
114400,0.0190286094478,0.371073120588,0.499996527524
114600,0.0190618762475,0.400653197973,0.515721679714
114800,0.0190951430472,0.412744257334,0.52872983584
115000,0.019128409847,0.403135362429,0.511863558476
115200,0.0191616766467,0.400226131198,0.510336603997
115400,0.0191949434464,0.425067952077,0.546339646557
115600,0.0192282102462,0.465457751059,0.58941897472
115800,0.0192614770459,0.509399469531,0.64155139616
116000,0.0192947438456,0.577451453506,0.705323763745
116200,0.0193280106454,0.658452264088,0.794651823539
116400,0.0193612774451,0.731988866917,0.878972326142
116600,0.0193945442448,0.787287729711,0.931371148191
116800,0.0194278110446,0.801227118586,0.923711805904
117000,0.0194610778443,0.824597223141,0.904458522231
117200,0.019494344644,0.800739558435,0.872380625631
117400,0.0195276114438,0.77829342839,0.832903022746
117600,0.0195608782435,0.772573868611,0.824395071805
117800,0.0195941450432,0.773064514296,0.84934326372
118000,0.019627411843,0.8046563837,0.912775637405
118200,0.0196606786427,0.835316454125,0.969422360092
118400,0.0196939454424,0.831142927644,0.959566987587
118600,0.0197272122422,0.747050664387,0.844739379562
118800,0.0197604790419,0.63048430918,0.717137101163
119000,0.0197937458417,0.573741325915,0.651592644997
119200,0.0198270126414,0.597303053802,0.687493833029
119400,0.0198602794411,0.632996717184,0.748345993297
119600,0.0198935462409,0.753252341209,0.951068949245
119800,0.0199268130406,0.659351400317,0.876375057081
120000,0.0199600798403,0.530658822539,0.736934077247
120200,0.0199933466401,0.456653860477,0.647071402032
120400,0.0200266134398,0.424347311064,0.605827475387
120600,0.0200598802395,0.423733833477,0.589241431816
120800,0.0200931470393,0.389657199199,0.555425499583
121000,0.020126413839,0.33677899255,0.535273239101
121200,0.0201596806387,0.309565215959,0.517651650667
121400,0.0201929474385,0.321988540804,0.521320483615
121600,0.0202262142382,0.361879534997,0.515346581218
121800,0.0202594810379,0.400122075971,0.520826240531
122000,0.0202927478377,0.401595992777,0.51829524364
122200,0.0203260146374,0.422430598328,0.519289412278
122400,0.0203592814371,0.452885994205,0.536165074936
122600,0.0203925482369,0.494606808806,0.58250891722
122800,0.0204258150366,0.532919983684,0.634874978619
123000,0.0204590818363,0.582766969943,0.705827678671
123200,0.0204923486361,0.637753509871,0.773722213102
123400,0.0205256154358,0.704531078117,0.838356832972
123600,0.0205588822355,0.745809378419,0.879337722389
123800,0.0205921490353,0.721872603354,0.861749338157
124000,0.020625415835,0.755997244211,0.890412118437
124200,0.0206586826347,0.733411842637,0.817715443067
124400,0.0206919494345,0.737504332109,0.780121324846
124600,0.0207252162342,0.717194511457,0.753088763249
124800,0.0207584830339,0.632649690587,0.698843149264
125000,0.0207917498337,0.542386423639,0.612223214221
125200,0.0208250166334,0.492749564712,0.551826318026
125400,0.0208582834331,0.493383601266,0.545087899347
125600,0.0208915502329,0.533593084114,0.580175832606
125800,0.0209248170326,0.611681284584,0.666716440713
126000,0.0209580838323,0.688105634524,0.789649536787
126200,0.0209913506321,0.743345676882,0.886876608469
126400,0.0210246174318,0.806799766325,1.00822304802
126600,0.0210578842315,0.981514308167,1.2293296903
126800,0.0210911510313,0.9958091329,1.26541676413
127000,0.021124417831,0.849415818254,1.07349003614
127200,0.0211576846307,0.654924654583,0.825568462985
127400,0.0211909514305,0.588312865126,0.75253461692
127600,0.0212242182302,0.512893786607,0.709372702528
127800,0.0212574850299,0.445370918521,0.664056241041
128000,0.0212907518297,0.487254356944,0.75464989884
128200,0.0213240186294,0.646581981004,0.940293449602
128400,0.0213572854291,0.684278585713,0.985073873535
128600,0.0213905522289,0.642068012851,0.903352654101
128800,0.0214238190286,0.505417268541,0.77956881749
129000,0.0214570858283,0.476734831433,0.811994141503
129200,0.0214903526281,0.501839236012,0.847614356548
129400,0.0215236194278,0.559444640918,0.862594508254
129600,0.0215568862275,0.574712947085,0.928894288595
129800,0.0215901530273,0.494824583216,0.91070483578
130000,0.021623419827,0.487811363245,0.916977650731
130200,0.0216566866267,0.456546121201,0.875679015962
130400,0.0216899534265,0.396610487381,0.768483526083
130600,0.0217232202262,0.334803858077,0.646593420442
130800,0.0217564870259,0.283463135082,0.578315793619
131000,0.0217897538257,0.276333344149,0.573062620533
131200,0.0218230206254,0.308332380403,0.592994744109
131400,0.0218562874251,0.362628962307,0.616837175671
131600,0.0218895542249,0.428066523273,0.65340846048
131800,0.0219228210246,0.499243821613,0.696474660936
132000,0.0219560878244,0.453246627385,0.633035981938
132200,0.0219893546241,0.413003618616,0.552647760294
132400,0.0220226214238,0.397192165671,0.51050357071
132600,0.0220558882236,0.397401794091,0.505791087712
132800,0.0220891550233,0.420264023132,0.534396906733
133000,0.022122421823,0.456448587243,0.574087026557
133200,0.0221556886228,0.501999798164,0.604996452574
133400,0.0221889554225,0.495686561011,0.582752490632
133600,0.0222222222222,0.438276893571,0.507055220549
133800,0.022255489022,0.370653709775,0.447918692751
134000,0.0222887558217,0.338873373595,0.433825441595
134200,0.0223220226214,0.348491656842,0.446245769655
134400,0.0223552894212,0.373448871871,0.468497817914
134600,0.0223885562209,0.396407028659,0.499958957435
134800,0.0224218230206,0.42155179907,0.533946669373
135000,0.0224550898204,0.421778965891,0.53991341681
135200,0.0224883566201,0.431046940987,0.539828994147
135400,0.0225216234198,0.470029466665,0.532943494761
135600,0.0225548902196,0.51862132841,0.543222246505
135800,0.0225881570193,0.544818776145,0.539457562237
136000,0.022621423819,0.589082415644,0.589436354476
136200,0.0226546906188,0.579723774299,0.627256509523
136400,0.0226879574185,0.592016368837,0.659792094456
136600,0.0227212242182,0.635137294865,0.706671426128
136800,0.022754491018,0.696086827145,0.772920392078
137000,0.0227877578177,0.767956273912,0.836023015811
137200,0.0228210246174,0.763450911714,0.822931434547
137400,0.0228542914172,0.759243911007,0.805735568344
137600,0.0228875582169,0.767422897064,0.83039914937
137800,0.0229208250166,0.772474814014,0.822890158683
138000,0.0229540918164,0.740208574865,0.810001667131
138200,0.0229873586161,0.670515718361,0.739800507965
138400,0.0230206254158,0.657316486465,0.756967529919
138600,0.0230538922156,0.667379564669,0.795586959938
138800,0.0230871590153,0.668053327782,0.833547363678
139000,0.023120425815,0.675582928364,0.877056767666
139200,0.0231536926148,0.71261822791,0.981754840667
139400,0.0231869594145,0.669127963782,0.953968800156
139600,0.0232202262142,0.473809252492,0.71199441179
139800,0.023253493014,0.327627662958,0.529487038463
140000,0.0232867598137,0.276206332451,0.485382558226
140200,0.0233200266134,0.271292514236,0.491971000371
140400,0.0233532934132,0.276368280865,0.521293902037
140600,0.0233865602129,0.310643856458,0.548143379529
140800,0.0234198270126,0.35839718543,0.597587215051
141000,0.0234530938124,0.409329133289,0.659760122045
141200,0.0234863606121,0.472174644565,0.692700527008
141400,0.0235196274118,0.512214367838,0.730985766401
141600,0.0235528942116,0.417037035839,0.620069288949
141800,0.0235861610113,0.358609098615,0.567539829585
142000,0.023619427811,0.351801069695,0.575970247837
142200,0.0236526946108,0.319841721204,0.569117883913
142400,0.0236859614105,0.220405816889,0.463073343755
142600,0.0237192282102,0.197922458295,0.449514965391
142800,0.02375249501,0.232055777815,0.487160499291
143000,0.0237857618097,0.306513641724,0.528054253405
143200,0.0238190286094,0.390908169946,0.586253430986
143400,0.0238522954092,0.512378404693,0.655746453576
143600,0.0238855622089,0.575822525577,0.69746257852
143800,0.0239188290086,0.533051446354,0.617864193836
144000,0.0239520958084,0.52687304513,0.588052392512
144200,0.0239853626081,0.508625033758,0.575852501211
144400,0.0240186294079,0.486544091226,0.535968443123
144600,0.0240518962076,0.481742771617,0.510388589737
144800,0.0240851630073,0.480585170399,0.511571259202
145000,0.0241184298071,0.490711871586,0.52904356498
145200,0.0241516966068,0.520074165097,0.56247252988
145400,0.0241849634065,0.568104446759,0.595695594581
145600,0.0242182302063,0.605891912307,0.618415347385
145800,0.024251497006,0.665263401039,0.65768605352
146000,0.0242847638057,0.6467890586,0.624201326977
146200,0.0243180306055,0.637848761157,0.629484484754
146400,0.0243512974052,0.627567858085,0.636208598451
146600,0.0243845642049,0.622419109746,0.641989949427
146800,0.0244178310047,0.612455194917,0.644571373904
147000,0.0244510978044,0.600954983604,0.637938258882
147200,0.0244843646041,0.585126980131,0.624705984297
147400,0.0245176314039,0.579556364529,0.607664121727
147600,0.0245508982036,0.587182304614,0.598284653152
147800,0.0245841650033,0.624333307175,0.612814316273
148000,0.0246174318031,0.686613624837,0.661269661949
148200,0.0246506986028,0.811621465673,0.810242811228
148400,0.0246839654025,0.79922574145,0.808329677091
148600,0.0247172322023,0.806154854499,0.856071339752
148800,0.024750499002,0.897643547036,0.981729151509
149000,0.0247837658017,0.833933209522,0.909597770085
149200,0.0248170326015,0.716215094676,0.788258582556
149400,0.0248502994012,0.679952933933,0.756997330892
149600,0.0248835662009,0.623437147449,0.684930714196
149800,0.0249168330007,0.580077370637,0.633925737759
150000,0.0249500998004,0.572551072515,0.63792638384
150200,0.0249833666001,0.61668088922,0.679484715026
150400,0.0250166333999,0.697885205376,0.743251268937
150600,0.0250499001996,0.813677644392,0.847544013982
150800,0.0250831669993,1.00009184102,1.07779928493
151000,0.0251164337991,1.16184046814,1.25476396977
151200,0.0251497005988,0.934554587911,0.979331481687
151400,0.0251829673985,0.770505631558,0.840415678176
151600,0.0252162341983,0.736698369735,0.906820617229
151800,0.025249500998,0.774318207467,1.01110964551
152000,0.0252827677977,0.753614315908,0.995485079493
152200,0.0253160345975,0.708764576613,0.914515195843
152400,0.0253493013972,0.656262488685,0.841392929677
152600,0.0253825681969,0.556192261178,0.744868566776
152800,0.0254158349967,0.463867547601,0.690146377576
153000,0.0254491017964,0.473222980086,0.716321365449
153200,0.0254823685961,0.535383618979,0.778663524486
153400,0.0255156353959,0.559402088985,0.80485622497
153600,0.0255489021956,0.494826265979,0.721122914916
153800,0.0255821689953,0.475617267053,0.72825056755
154000,0.0256154357951,0.511422497893,0.80615754657
154200,0.0256487025948,0.556238197426,0.889353226312
154400,0.0256819693945,0.665778903273,1.02981087585
154600,0.0257152361943,0.640268476181,1.04207386241
154800,0.025748502994,0.657955868418,1.0947182401
155000,0.0257817697937,0.612722987213,1.10437369493
155200,0.0258150365935,0.426486622383,0.828793775714
155400,0.0258483033932,0.370312880207,0.722706744616
155600,0.0258815701929,0.420665614377,0.766305859522
155800,0.0259148369927,0.516383062145,0.819932846284
156000,0.0259481037924,0.630294777544,0.901096040758
156200,0.0259813705921,0.787289703978,1.02722221036
156400,0.0260146373919,0.861589799434,1.06079270551
156600,0.0260479041916,0.826661034771,0.995967800036
156800,0.0260811709914,0.903979869557,1.08313196937
157000,0.0261144377911,0.958493939854,1.18960423333
157200,0.0261477045908,1.10479212091,1.35105645396
157400,0.0261809713906,1.265398398,1.57509908392
157600,0.0262142381903,1.08320884783,1.4175768022
157800,0.02624750499,0.758420244064,1.00829757139
158000,0.0262807717898,0.700151600048,0.991293155205
158200,0.0263140385895,0.792335402981,1.14595518883
158400,0.0263473053892,0.982005866888,1.41043434389
158600,0.026380572189,0.681149877363,1.02893411397
158800,0.0264138389887,0.44147883012,0.74955661704
159000,0.0264471057884,0.351638895352,0.633115851182
159200,0.0264803725882,0.338701674855,0.580557530334
159400,0.0265136393879,0.345380538821,0.548775519628
159600,0.0265469061876,0.328596491203,0.548444848579
159800,0.0265801729874,0.311990535175,0.556280861521
160000,0.0266134397871,0.30772430522,0.565317878904
160200,0.0266467065868,0.369322348987,0.586611913864
160400,0.0266799733866,0.414123825893,0.63908127889
160600,0.0267132401863,0.374877350272,0.618537453398
160800,0.026746506986,0.357856272819,0.642434209773
161000,0.0267797737858,0.409481483965,0.705996631765
161200,0.0268130405855,0.502718133128,0.782044234315
161400,0.0268463073852,0.641484125241,0.897356003026
161600,0.026879574185,0.610335475137,0.850644548402
161800,0.0269128409847,0.443347303315,0.639034491773
162000,0.0269461077844,0.371807009656,0.536291736394
162200,0.0269793745842,0.38161089772,0.544392922719
162400,0.0270126413839,0.455950016144,0.636166313028
162600,0.0270459081836,0.428461081534,0.629226483759
162800,0.0270791749834,0.448762684659,0.620697853315
163000,0.0271124417831,0.546551509938,0.718477034107
163200,0.0271457085828,0.581089194434,0.729689452789
163400,0.0271789753826,0.646040010284,0.775475114337
163600,0.0272122421823,0.719437120616,0.847841931981
163800,0.027245508982,0.632482135661,0.751608874198
164000,0.0272787757818,0.602798183635,0.716741431939
164200,0.0273120425815,0.657295020129,0.789111699205
164400,0.0273453093812,0.745622862628,0.902779175751
164600,0.027378576181,0.832277153427,1.01869326004
164800,0.0274118429807,0.917936575475,1.1106167194
165000,0.0274451097804,0.947732996635,1.11499014852
165200,0.0274783765802,0.709329177892,0.85150643334
165400,0.0275116433799,0.520397877071,0.646492761705
165600,0.0275449101796,0.43878754264,0.640708867774
165800,0.0275781769794,0.460231213195,0.707146652861
166000,0.0276114437791,0.412519852645,0.679216949861
166200,0.0276447105788,0.329850908479,0.618745497874
166400,0.0276779773786,0.286991310657,0.594563535687
166600,0.0277112441783,0.271178336034,0.588962269189
166800,0.027744510978,0.268559923611,0.563543343964
167000,0.0277777777778,0.31121486671,0.574768719886
167200,0.0278110445775,0.312857544607,0.570561414889
167400,0.0278443113772,0.303366901398,0.550625852363
167600,0.027877578177,0.25902566808,0.491626219554
167800,0.0279108449767,0.236226977578,0.450744680537
168000,0.0279441117764,0.209763584061,0.427829687757
168200,0.0279773785762,0.206777071836,0.405813942614
168400,0.0280106453759,0.233999512887,0.40187654764
168600,0.0280439121756,0.258768380341,0.429614342803
168800,0.0280771789754,0.301622145578,0.452248416851
169000,0.0281104457751,0.312838932884,0.470082145489
169200,0.0281437125749,0.348997603158,0.510858019434
169400,0.0281769793746,0.34569241863,0.491358529782
169600,0.0282102461743,0.317712547461,0.465311494657
169800,0.0282435129741,0.285568297594,0.433984577829
170000,0.0282767797738,0.262633014299,0.405801948354
170200,0.0283100465735,0.254937321025,0.414354343542
170400,0.0283433133733,0.262326497659,0.438626034098
170600,0.028376580173,0.29104648134,0.451238952167
170800,0.0284098469727,0.31728341042,0.457486689937
171000,0.0284431137725,0.351187154473,0.475964135474
171200,0.0284763805722,0.372794910883,0.489905597432
171400,0.0285096473719,0.402808740896,0.503101916947
171600,0.0285429141717,0.427625797763,0.504993316518
171800,0.0285761809714,0.456657394404,0.508370637139
172000,0.0286094477711,0.489300595668,0.518932427419
172200,0.0286427145709,0.523240984052,0.54053413171
172400,0.0286759813706,0.562152828373,0.562915744776
172600,0.0287092481703,0.597810560317,0.590290989357
172800,0.0287425149701,0.638397845303,0.619694322476
173000,0.0287757817698,0.68630572422,0.653285790874
173200,0.0288090485695,0.728416543498,0.682366398366
173400,0.0288423153693,0.731534350031,0.670184415333
173600,0.028875582169,0.697426242283,0.625983237007
173800,0.0289088489687,0.669278341399,0.616034979166
174000,0.0289421157685,0.667374505139,0.634229446767
174200,0.0289753825682,0.704752189167,0.683180118612
174400,0.0290086493679,0.765590166172,0.754334930689
174600,0.0290419161677,0.737910101973,0.695677677915
174800,0.0290751829674,0.695275619962,0.664634670468
175000,0.0291084497671,0.608528514978,0.628629155732
175200,0.0291417165669,0.551664507951,0.595548834053
175400,0.0291749833666,0.519594249194,0.572860888755
175600,0.0292082501663,0.510498731936,0.563075896672
175800,0.0292415169661,0.526823766071,0.569262119992
176000,0.0292747837658,0.550139783652,0.583170194675
176200,0.0293080505655,0.575905499344,0.599687808244
176400,0.0293413173653,0.605559833712,0.629043791256
176600,0.029374584165,0.641047263343,0.670859286971
176800,0.0294078509647,0.674429792953,0.700322970823
177000,0.0294411177645,0.689978408662,0.709024912128
177200,0.0294743845642,0.745832451755,0.758237362986
177400,0.0295076513639,0.837157126182,0.817924211073
177600,0.0295409181637,0.820628773652,0.805374173277
177800,0.0295741849634,0.804194887747,0.788950351542
178000,0.0296074517631,0.734035934526,0.710166465517
178200,0.0296407185629,0.706218826997,0.722102252777
178400,0.0296739853626,0.714842787222,0.751597968287
178600,0.0297072521623,0.643481242199,0.706858073589
178800,0.0297405189621,0.527800048784,0.632349784228
179000,0.0297737857618,0.44486617284,0.558043957171
179200,0.0298070525615,0.418757939654,0.537822544671
179400,0.0298403193613,0.406859486088,0.552235364494
179600,0.029873586161,0.415591392921,0.582139511569
179800,0.0299068529607,0.442390360628,0.613409833461
180000,0.0299401197605,0.492386396203,0.647449942172
180200,0.0299733865602,0.511791664985,0.641060900598
180400,0.0300066533599,0.526521249528,0.652412497483
180600,0.0300399201597,0.532347847133,0.690807649183
180800,0.0300731869594,0.490687994935,0.621879467096
181000,0.0301064537591,0.466492111329,0.590124252477
181200,0.0301397205589,0.464721812424,0.577125814988
181400,0.0301729873586,0.435652732418,0.600975042734
181600,0.0302062541583,0.411144706402,0.612185249305
181800,0.0302395209581,0.38541216954,0.618907657183
182000,0.0302727877578,0.392044477676,0.620427248253
182200,0.0303060545576,0.372654454107,0.595101817827
182400,0.0303393213573,0.374233392781,0.59447891286
182600,0.030372588157,0.390854420633,0.624073818062
182800,0.0304058549568,0.425802553852,0.667427652122
183000,0.0304391217565,0.463313627883,0.695760091821
183200,0.0304723885562,0.535569226969,0.802939593965
183400,0.030505655356,0.465389447106,0.738997356713
183600,0.0305389221557,0.343142349622,0.597739138137
183800,0.0305721889554,0.325258197857,0.562188646467
184000,0.0306054557552,0.352855079568,0.576682643002
184200,0.0306387225549,0.405855643102,0.615296636028
184400,0.0306719893546,0.455523875254,0.67356164687
184600,0.0307052561544,0.509339826797,0.716666922035
184800,0.0307385229541,0.515529799329,0.676061205131
185000,0.0307717897538,0.492919224567,0.616663573178
185200,0.0308050565536,0.416886038629,0.53729026481
185400,0.0308383233533,0.373738337539,0.501811294543
185600,0.030871590153,0.378714232676,0.488703762098
185800,0.0309048569528,0.377377444816,0.514327165602
186000,0.0309381237525,0.380962993019,0.539818314381
186200,0.0309713905522,0.415331425049,0.568230883343
186400,0.031004657352,0.412860176687,0.584496765618
186600,0.0310379241517,0.367217284247,0.56980316618
186800,0.0310711909514,0.361632028754,0.583003483326
187000,0.0311044577512,0.380599548588,0.633441217038
187200,0.0311377245509,0.338466113013,0.60074680047
187400,0.0311709913506,0.310520350325,0.5657711707
187600,0.0312042581504,0.318076729555,0.56789605472
187800,0.0312375249501,0.343064970974,0.596239072088
188000,0.0312707917498,0.37427473128,0.630293016655
188200,0.0313040585496,0.423694704166,0.677764494903
188400,0.0313373253493,0.475110125131,0.727587188249
188600,0.031370592149,0.51663684552,0.760929111449
188800,0.0314038589488,0.561253308525,0.799421813307
189000,0.0314371257485,0.538476472445,0.749457275315
189200,0.0314703925482,0.478231431313,0.674048017148
189400,0.031503659348,0.474900727479,0.668373006398
189600,0.0315369261477,0.523878374979,0.717366474251
189800,0.0315701929474,0.62634003578,0.833827853782
190000,0.0316034597472,0.791518541251,1.02951122017
190200,0.0316367265469,0.738636715896,0.873769427133
190400,0.0316699933466,0.704958334405,0.803216668472
190600,0.0317032601464,0.82555486235,0.995113824123
190800,0.0317365269461,0.739676639897,0.848111973358
191000,0.0317697937458,0.622449306627,0.708967998629
191200,0.0318030605456,0.649678787399,0.760914476872
191400,0.0318363273453,0.693627391268,0.820116429038
191600,0.031869594145,0.638868366337,0.728890723269
191800,0.0319028609448,0.623084363008,0.682384338762
192000,0.0319361277445,0.660249065787,0.719110977799
192200,0.0319693945442,0.656198186647,0.711203411303
192400,0.032002661344,0.686443658728,0.74317552231
192600,0.0320359281437,0.770684527601,0.833506605276
192800,0.0320691949434,0.688159619945,0.769543091153
193000,0.0321024617432,0.550832122656,0.68304277863
193200,0.0321357285429,0.565922943645,0.75904738942
193400,0.0321689953426,0.56190557481,0.79797836787
193600,0.0322022621424,0.421491670787,0.670205057804
193800,0.0322355289421,0.303804024436,0.552642894626
194000,0.0322687957418,0.250219121465,0.539702727958
194200,0.0323020625416,0.252224143117,0.5519590014
194400,0.0323353293413,0.277422742235,0.570360581895
194600,0.0323685961411,0.313117243978,0.590013540491
194800,0.0324018629408,0.356117526264,0.613108239539
195000,0.0324351297405,0.419086053521,0.651018591597
195200,0.0324683965403,0.475275159185,0.683453178927
195400,0.03250166334,0.503803393582,0.714258843144
195600,0.0325349301397,0.547966042428,0.732124535859
195800,0.0325681969395,0.576523600016,0.756514262201
196000,0.0326014637392,0.63585601147,0.805300925387
196200,0.0326347305389,0.754310550484,0.924404685137
196400,0.0326679973387,0.872160008975,1.03925376586
196600,0.0327012641384,1.02314850851,1.26366291028
196800,0.0327345309381,1.05950465134,1.31026923452
197000,0.0327677977379,0.667668029377,0.834721930456
197200,0.0328010645376,0.504404695091,0.696876003101
197400,0.0328343313373,0.366961298882,0.578197989485
197600,0.0328675981371,0.310632613756,0.54124361986
197800,0.0329008649368,0.286817148261,0.530553847914
198000,0.0329341317365,0.265522427538,0.515828719393
198200,0.0329673985363,0.261065572024,0.511264773368
198400,0.033000665336,0.262757204791,0.500414356628
198600,0.0330339321357,0.259410053575,0.482734679847
198800,0.0330671989355,0.256664823837,0.476797195246
199000,0.0331004657352,0.261168621578,0.487784914213
199200,0.0331337325349,0.281201332731,0.492182957896
199400,0.0331669993347,0.30960847601,0.499687229445
199600,0.0332002661344,0.350693099925,0.520642072909
199800,0.0332335329341,0.421413643126,0.578127722923
200000,0.0332667997339,0.481319666278,0.649890166165
200200,0.0333000665336,0.504896137076,0.675990798826
200400,0.0333333333333,0.469044527854,0.604911357656
200401,0.0333334996673,0.468886151957,0.604852726382
