321,5.33932135729e-05,0.712827723509,0.0
642,0.000106786427146,0.708252956637,0.0
963,0.000160179640719,0.710010211875,0.0
1284,0.000213572854291,0.696130944376,0.0
1605,0.000266966067864,0.704078235588,0.0
1926,0.000320359281437,0.700126338366,0.0
2247,0.00037375249501,0.696501481879,0.0
2568,0.000427145708583,0.693931166723,0.0
2889,0.000480538922156,0.695502677228,0.0
3210,0.000533932135729,0.697872332928,0.0
3531,0.000587325349301,0.698669216661,0.0
3852,0.000640718562874,0.697704338184,0.0
4173,0.000694111776447,0.697888272297,0.0
4494,0.00074750499002,0.697941115457,0.0
4815,0.000800898203593,0.697332398149,0.0
5136,0.000854291417166,0.699012678017,0.0
5457,0.000907684630739,0.697725732758,0.0
5778,0.000961077844311,0.697958550612,0.0
6099,0.00101447105788,0.696246406103,0.0
6420,0.00106786427146,0.6955420352,0.0
6741,0.00112125748503,0.693472354317,0.0
7062,0.0011746506986,0.692795357646,0.0
7383,0.00122804391218,0.696521096918,0.0
7704,0.00128143712575,0.701385934568,0.0
8025,0.00133483033932,0.701199571027,0.0
8346,0.00138822355289,0.694601065879,0.0
8667,0.00144161676647,0.694732763685,0.0
8988,0.00149500998004,0.701157652982,0.0
9309,0.00154840319361,0.70229178184,0.0
9630,0.00160179640719,0.698382163439,0.0
9951,0.00165518962076,0.696631417231,0.0
10272,0.00170858283433,0.703174565921,0.0
10593,0.0017619760479,0.702740802141,0.0
10914,0.00181536926148,0.70246458413,0.0
11235,0.00186876247505,0.693676163565,0.0
11556,0.00192215568862,0.700399289483,0.0
11877,0.0019755489022,0.698354358445,0.0
12198,0.00202894211577,0.694057092353,0.0
12519,0.00208233532934,0.690914937825,0.0
12840,0.00213572854291,0.689403817811,0.0
13161,0.00218912175649,0.700051550631,0.0
13482,0.00224251497006,0.699985662688,0.0
13803,0.00229590818363,0.695491680023,0.0
14124,0.00234930139721,0.70755909892,0.0
14445,0.00240269461078,0.695870287838,0.0
14766,0.00245608782435,0.691878676793,0.0
15087,0.00250948103792,0.692992940652,0.0
15408,0.0025628742515,0.700316239657,0.0
15729,0.00261626746507,0.699726679184,0.0
16050,0.00266966067864,0.695560569739,0.0
16371,0.00272305389222,0.696599171352,0.0
16692,0.00277644710579,0.700960970115,0.0
17013,0.00282984031936,0.698698756063,0.0
17334,0.00288323353293,0.710516874388,0.0
17655,0.00293662674651,0.703470330773,0.0
17976,0.00299001996008,0.696843874654,0.0
18297,0.00304341317365,0.702458459079,0.0
18618,0.00309680638723,0.703159145795,0.0
18939,0.0031501996008,0.706926599832,0.0
19260,0.00320359281437,0.706748219867,0.0
19581,0.00325698602794,0.6995401408,0.0
19902,0.00331037924152,0.697035975162,0.0
20223,0.00336377245509,0.696167512178,0.0
20544,0.00341716566866,0.69985081877,0.0
20865,0.00347055888224,0.698234224687,0.0
21186,0.00352395209581,0.699209433989,0.0
21507,0.00357734530938,0.707225709577,0.0
21828,0.00363073852295,0.705070837942,0.0
22149,0.00368413173653,0.703524643671,0.0
22470,0.0037375249501,0.698543916661,0.0
22791,0.00379091816367,0.710178742863,0.0
23112,0.00384431137725,0.696444751183,0.0
23433,0.00389770459082,0.682326167906,0.0
23754,0.00395109780439,0.700300719773,0.0
24075,0.00400449101796,0.691829999416,0.0
24396,0.00405788423154,0.704439295896,0.0
24717,0.00411127744511,0.699629716284,0.0
25038,0.00416467065868,0.690768232068,0.0
25359,0.00421806387226,0.702266412459,0.0
25680,0.00427145708583,0.697182216959,0.0
26001,0.0043248502994,0.706539607421,0.0
26322,0.00437824351297,0.69275547326,0.0
26643,0.00443163672655,0.693563590771,0.0
26964,0.00448502994012,0.702309941705,0.0
27285,0.00453842315369,0.70045919455,0.0
27606,0.00459181636727,0.691171218838,0.0
27927,0.00464520958084,0.696432905701,0.0
28248,0.00469860279441,0.690602613199,0.0
28569,0.00475199600798,0.702964537632,0.0
28890,0.00480538922156,0.699020745676,0.0
29211,0.00485878243513,0.693099298875,0.0
29532,0.0049121756487,0.696613118083,0.0
29853,0.00496556886228,0.697640947498,0.0
30174,0.00501896207585,0.692833950076,0.0
30495,0.00507235528942,0.695960039649,0.0
30816,0.00512574850299,0.701551971723,0.0
31137,0.00517914171657,0.703501392606,0.0
31458,0.00523253493014,0.702922681835,0.0
31779,0.00528592814371,0.696597997189,0.0
32100,0.00533932135729,0.706506929802,0.0
32421,0.00539271457086,0.700860182209,0.0
32742,0.00544610778443,0.70647814376,0.0
33063,0.005499500998,0.713749578885,0.0
33384,0.00555289421158,0.693954966893,0.0
33705,0.00560628742515,0.705775371095,0.0
34026,0.00565968063872,0.6912922456,0.0
34347,0.0057130738523,0.697704273143,0.0
34668,0.00576646706587,0.691637934282,0.0
34989,0.00581986027944,0.692015178505,0.0
35310,0.00587325349301,0.703384392831,0.0
35631,0.00592664670659,0.69759201075,0.0
35952,0.00598003992016,0.698421891824,0.0
36273,0.00603343313373,0.695012293762,0.0
36594,0.00608682634731,0.695822152334,0.0
36915,0.00614021956088,0.701927682151,0.0
37236,0.00619361277445,0.701916001698,0.0
37557,0.00624700598802,0.693777967275,0.0
37878,0.0063003992016,0.696041613502,0.0
38199,0.00635379241517,0.697445092923,0.0
38520,0.00640718562874,0.698991123582,0.0
38841,0.00646057884232,0.69357349231,0.0
39162,0.00651397205589,0.699744407656,0.0
39483,0.00656736526946,0.693520082857,0.0
39804,0.00662075848303,0.698850376322,0.0
40125,0.00667415169661,0.692547386393,0.0
40446,0.00672754491018,0.694066078007,0.0
40767,0.00678093812375,0.697948419131,0.0
41088,0.00683433133733,0.696815701348,0.0
41409,0.0068877245509,0.693875001427,0.0
41730,0.00694111776447,0.698647606587,0.0
42051,0.00699451097804,0.70098840814,0.0
42372,0.00704790419162,0.706027128561,0.0
42693,0.00710129740519,0.705148258832,0.0
43014,0.00715469061876,0.70202362039,0.0
43335,0.00720808383234,0.696377666301,0.0
43656,0.00726147704591,0.696889160502,0.0
43977,0.00731487025948,0.697422460258,0.0
44298,0.00736826347305,0.697129953104,0.0
44619,0.00742165668663,0.703881858576,0.0
44940,0.0074750499002,0.701565875422,0.0
45261,0.00752844311377,0.702722323184,0.0
45582,0.00758183632735,0.70092025384,0.0
45903,0.00763522954092,0.695428622357,0.0
46224,0.00768862275449,0.69859944725,0.0
46545,0.00774201596806,0.697714595642,0.0
46866,0.00779540918164,0.697171570819,0.0
47187,0.00784880239521,0.697184059079,0.0
47508,0.00790219560878,0.696615639796,0.0
47829,0.00795558882236,0.701648128646,0.0
48150,0.00800898203593,0.700798876743,0.0
48471,0.0080623752495,0.703294697737,0.0
48792,0.00811576846307,0.693352931417,0.0
49113,0.00816916167665,0.706664346184,0.0
49434,0.00822255489022,0.706019659158,0.0
49755,0.00827594810379,0.706382148838,0.0
50076,0.00832934131737,0.693619557751,0.0
50397,0.00838273453094,0.705457373894,0.0
50718,0.00843612774451,0.703097816295,0.0
51039,0.00848952095808,0.705296951759,0.0
51360,0.00854291417166,0.693994385754,0.0
51681,0.00859630738523,0.702240283868,0.0
52002,0.0086497005988,0.70148688506,0.0
52323,0.00870309381238,0.706517357078,0.0
52644,0.00875648702595,0.692634778338,0.0
52965,0.00880988023952,0.703829770773,0.0
53286,0.00886327345309,0.705363200346,0.0
53607,0.00891666666667,0.695131141268,0.0
53928,0.00897005988024,0.695816195693,0.0
54249,0.00902345309381,0.698209732984,0.0
54570,0.00907684630739,0.701390312604,0.0
54891,0.00913023952096,0.700797811118,0.0
55212,0.00918363273453,0.69755784875,0.0
55533,0.0092370259481,0.696458454234,0.0
55854,0.00929041916168,0.701263136341,0.0
56175,0.00934381237525,0.694275868988,0.0
56496,0.00939720558882,0.691437340643,0.0
56817,0.0094505988024,0.697231538705,0.0
57138,0.00950399201597,0.691464846071,0.0
57459,0.00955738522954,0.698447071811,0.0
57780,0.00961077844311,0.701569576447,0.0
58101,0.00966417165669,0.696748394426,0.0
58422,0.00971756487026,0.697143632105,0.0
58743,0.00977095808383,0.695752251518,0.0
59064,0.00982435129741,0.696702944679,0.0
59385,0.00987774451098,0.698758901669,0.0
59706,0.00993113772455,0.695765938025,0.0
60027,0.00998453093812,0.696016531599,0.0
60348,0.0100379241517,0.697922763254,0.0
60669,0.0100913173653,0.695289588448,0.0
60990,0.0101447105788,0.698128060593,0.0
61311,0.0101981037924,0.69771557441,0.0
61632,0.010251497006,0.702949181586,0.0
61953,0.0103048902196,0.703460290379,0.0
62274,0.0103582834331,0.700389398078,0.0
62595,0.0104116766467,0.693621221917,0.0
62916,0.0104650698603,0.707044023461,0.0
63237,0.0105184630739,0.701849173253,0.0
63558,0.0105718562874,0.705194352438,0.0
63879,0.010625249501,0.690980866769,0.0
64200,0.0106786427146,0.704835833994,0.0
64521,0.0107320359281,0.699197331275,0.0
64842,0.0107854291417,0.712728349633,0.0
65163,0.0108388223553,0.694316376072,0.0
65484,0.0108922155689,0.707584365304,0.0
65805,0.0109456087824,0.695357385138,0.0
66126,0.010999001996,0.698846268473,0.0
66447,0.0110523952096,0.696253572999,0.0
66768,0.0111057884232,0.690913677714,0.0
67089,0.0111591816367,0.694073395919,0.0
67410,0.0112125748503,0.687115439025,0.0
67731,0.0112659680639,0.690829147203,0.0
68052,0.0113193612774,0.701187897055,0.0
68373,0.011372754491,0.702786161048,0.0
68694,0.0114261477046,0.700809765022,0.0
69015,0.0114795409182,0.701321776904,0.0
69336,0.0115329341317,0.700873568376,0.0
69657,0.0115863273453,0.704136679528,0.0
69978,0.0116397205589,0.703236113155,0.0
70299,0.0116931137725,0.703792059384,0.0
70620,0.011746506986,0.704331973271,0.0
70941,0.0117999001996,0.702545581019,0.0
71262,0.0118532934132,0.696234482031,0.0
71583,0.0119066866267,0.700871585962,0.0
71904,0.0119600798403,0.702157685569,0.0
72225,0.0120134730539,0.702593072668,0.0
72546,0.0120668662675,0.697150997405,0.0
72867,0.012120259481,0.707307740827,0.0
73188,0.0121736526946,0.70639123528,0.0
73509,0.0122270459082,0.705609411504,0.0
73830,0.0122804391218,0.702601808406,0.0
74151,0.0123338323353,0.708286519324,0.0
74472,0.0123872255489,0.702421246131,0.0
74793,0.0124406187625,0.704643444679,0.0
75114,0.012494011976,0.691975908753,0.0
75435,0.0125474051896,0.699187162767,0.0
75756,0.0126007984032,0.700525515534,0.0
76077,0.0126541916168,0.696534869513,0.0
76398,0.0127075848303,0.696867631917,0.0
76719,0.0127609780439,0.699259599538,0.0
77040,0.0128143712575,0.697278787306,0.0
77361,0.0128677644711,0.702481114673,0.0
77682,0.0129211576846,0.693443186447,0.0
78003,0.0129745508982,0.694814941486,0.0
78324,0.0130279441118,0.697044212534,0.0
78645,0.0130813373253,0.701409266726,0.0
78966,0.0131347305389,0.691705790278,0.0
79287,0.0131881237525,0.700518707993,0.0
79608,0.0132415169661,0.699390832047,0.0
79929,0.0132949101796,0.695881328299,0.0
80250,0.0133483033932,0.695311767122,0.0
80571,0.0134016966068,0.703327015546,0.0
80892,0.0134550898204,0.694833624166,0.0
81213,0.0135084830339,0.687025497389,0.0
81534,0.0135618762475,0.699117857813,0.0
81855,0.0136152694611,0.705855755403,0.0
82176,0.0136686626747,0.704584430331,0.0
82497,0.0137220558882,0.705955025101,0.0
82818,0.0137754491018,0.704463919363,0.0
83139,0.0138288423154,0.693902151544,0.0
83460,0.0138822355289,0.694917945333,0.0
83781,0.0139356287425,0.696033537338,0.0
84102,0.0139890219561,0.695871277577,0.0
84423,0.0140424151697,0.706522570492,0.0
84744,0.0140958083832,0.69896924344,0.0
85065,0.0141492015968,0.697066163994,0.0
85386,0.0142025948104,0.707870852221,0.0
85707,0.014255988024,0.698183233059,0.0
86028,0.0143093812375,0.698205658694,0.0
86349,0.0143627744511,0.697197782985,0.0
86670,0.0144161676647,0.705409369396,0.0
86991,0.0144695608782,0.695683322328,0.0
87312,0.0145229540918,0.702427794945,0.0
87633,0.0145763473054,0.695307995975,0.0
87954,0.014629740519,0.703399758114,0.0
88275,0.0146831337325,0.701474382989,0.0
88596,0.0147365269461,0.701924913194,0.0
88917,0.0147899201597,0.694827011223,0.0
89238,0.0148433133733,0.701557637774,0.0
89559,0.0148967065868,0.702599561083,0.0
89880,0.0149500998004,0.701148885226,0.0
90201,0.015003493014,0.693962880803,0.0
90522,0.0150568862275,0.69738006404,0.0
90843,0.0151102794411,0.700835021183,0.0
91164,0.0151636726547,0.702533895224,0.0
91485,0.0152170658683,0.692723396345,0.0
91806,0.0152704590818,0.699017093144,0.0
92127,0.0153238522954,0.706285251066,0.0
92448,0.015377245509,0.70290638514,0.0
92769,0.0154306387226,0.700036655879,0.0
93090,0.0154840319361,0.705380256485,0.0
93411,0.0155374251497,0.705014809918,0.0
93732,0.0155908183633,0.706780055072,0.0
94053,0.0156442115768,0.702992357951,0.0
94374,0.0156976047904,0.701994723732,0.0
94695,0.015750998004,0.704015855916,0.0
95016,0.0158043912176,0.703495145545,0.0
95337,0.0158577844311,0.701756076539,0.0
95658,0.0159111776447,0.699102840218,0.0
95979,0.0159645708583,0.694565202541,0.0
96300,0.0160179640719,0.695649288716,0.0
96621,0.0160713572854,0.694202124312,0.0
96942,0.016124750499,0.696316127573,0.0
97263,0.0161781437126,0.698329955838,0.0
97584,0.0162315369261,0.702169380751,0.0
97905,0.0162849301397,0.707656379055,0.0
98226,0.0163383233533,0.707202779073,0.0
98547,0.0163917165669,0.689544942887,0.0
98868,0.0164451097804,0.693827038486,0.0
99189,0.016498502994,0.697442341495,0.0
99510,0.0165518962076,0.700425053393,0.0
99831,0.0166052894212,0.70063560974,0.0
100152,0.0166586826347,0.695000101892,0.0
100473,0.0167120758483,0.709284961922,0.0
100794,0.0167654690619,0.701539721944,0.0
101115,0.0168188622754,0.701243058085,0.0
101436,0.016872255489,0.690413442718,0.0
101757,0.0169256487026,0.702033426263,0.0
102078,0.0169790419162,0.697833857686,0.0
102399,0.0170324351297,0.701204531981,0.0
102720,0.0170858283433,0.692391774425,0.0
103041,0.0171392215569,0.700156483019,0.0
103362,0.0171926147705,0.702935677054,0.0
103683,0.017246007984,0.706671753794,0.0
104004,0.0172994011976,0.690411298205,0.0
104325,0.0173527944112,0.696530383676,0.0
104646,0.0174061876248,0.703437794498,0.0
104967,0.0174595808383,0.700337442805,0.0
105288,0.0175129740519,0.6923592789,0.0
105609,0.0175663672655,0.697374190424,0.0
105930,0.017619760479,0.70193365307,0.0
106251,0.0176731536926,0.700702909735,0.0
106572,0.0177265469062,0.694566071504,0.0
106893,0.0177799401198,0.700658060168,0.0
107214,0.0178333333333,0.69444631949,0.0
107535,0.0178867265469,0.700393521815,0.0
107856,0.0179401197605,0.70175462125,0.0
108177,0.0179935129741,0.701090664193,0.0
108498,0.0180469061876,0.703599527529,0.0
108819,0.0181002994012,0.698943494229,0.0
109140,0.0181536926148,0.702658367931,0.0
109461,0.0182070858283,0.697460473582,0.0
109782,0.0182604790419,0.698164286589,0.0
110103,0.0183138722555,0.698528595236,0.0
110424,0.0183672654691,0.698820827347,0.0
110745,0.0184206586826,0.706458690061,0.0
111066,0.0184740518962,0.700807389074,0.0
111387,0.0185274451098,0.695862879097,0.0
111708,0.0185808383234,0.700248522072,0.0
112029,0.0186342315369,0.697888531088,0.0
112350,0.0186876247505,0.691787376477,0.0
112671,0.0187410179641,0.698657489486,0.0
112992,0.0187944111776,0.706694073777,0.0
113313,0.0188478043912,0.697738095961,0.0
113634,0.0189011976048,0.699024550935,0.0
113955,0.0189545908184,0.690262299384,0.0
114276,0.0190079840319,0.709545430853,0.0
114597,0.0190613772455,0.701094226076,0.0
114918,0.0191147704591,0.699857806517,0.0
115239,0.0191681636727,0.693136199931,0.0
115560,0.0192215568862,0.704406499332,0.0
115881,0.0192749500998,0.700811818869,0.0
116202,0.0193283433134,0.707080224227,0.0
116523,0.0193817365269,0.704863604831,0.0
116844,0.0194351297405,0.684134122846,0.0
117165,0.0194885229541,0.698311540463,0.0
117486,0.0195419161677,0.700050223335,0.0
117807,0.0195953093812,0.704321232328,0.0
118128,0.0196487025948,0.697105159888,0.0
118449,0.0197020958084,0.70688235833,0.0
118770,0.019755489022,0.707730384879,0.0
119091,0.0198088822355,0.698869869392,0.0
119412,0.0198622754491,0.699676706699,0.0
119733,0.0199156686627,0.712375917751,0.0
120054,0.0199690618762,0.697807372043,0.0
120375,0.0200224550898,0.708322714492,0.0
120696,0.0200758483034,0.711432301071,0.0
121017,0.020129241517,0.701470655143,0.0
121338,0.0201826347305,0.700421781371,0.0
121659,0.0202360279441,0.706333799209,0.0
121980,0.0202894211577,0.705435473218,0.0
122301,0.0203428143713,0.698787769742,0.0
122622,0.0203962075848,0.701613412841,0.0
122943,0.0204496007984,0.703748283686,0.0
123264,0.020502994012,0.710157424093,0.0
123585,0.0205563872255,0.695760033046,0.0
123906,0.0206097804391,0.692947026628,0.0
124227,0.0206631736527,0.707429830232,0.0
124548,0.0207165668663,0.715323007154,0.0
124869,0.0207699600798,0.698388473688,0.0
125190,0.0208233532934,0.695736760772,0.0
125511,0.020876746507,0.697025903838,0.0
125832,0.0209301397206,0.699607099194,0.0
126153,0.0209835329341,0.698513015063,0.0
126474,0.0210369261477,0.691719056614,0.0
126795,0.0210903193613,0.698600967668,0.0
127116,0.0211437125749,0.701460515515,0.0
127437,0.0211971057884,0.698785429595,0.0
127758,0.021250499002,0.693159162689,0.0
128079,0.0213038922156,0.700344081525,0.0
128400,0.0213572854291,0.698985764059,0.0
128721,0.0214106786427,0.706689244555,0.0
129042,0.0214640718563,0.692892726091,0.0
129363,0.0215174650699,0.700164067753,0.0
129684,0.0215708582834,0.699585050122,0.0
130005,0.021624251497,0.702970861335,0.0
130326,0.0216776447106,0.697258595199,0.0
130647,0.0217310379242,0.699845393579,0.0
130968,0.0217844311377,0.70236820146,0.0
131289,0.0218378243513,0.700924460411,0.0
131610,0.0218912175649,0.705964145393,0.0
131931,0.0219446107784,0.693753579424,0.0
132252,0.021998003992,0.699846014847,0.0
132573,0.0220513972056,0.700862846195,0.0
132894,0.0221047904192,0.69814855112,0.0
133215,0.0221581836327,0.699177794103,0.0
133536,0.0222115768463,0.700749967556,0.0
133857,0.0222649700599,0.70086727432,0.0
134178,0.0223183632735,0.702743549072,0.0
134499,0.022371756487,0.697654914672,0.0
134820,0.0224251497006,0.698010357655,0.0
135141,0.0224785429142,0.700165061497,0.0
135462,0.0225319361277,0.705584193943,0.0
135783,0.0225853293413,0.705006958276,0.0
136104,0.0226387225549,0.702382510507,0.0
136425,0.0226921157685,0.696334968769,0.0
136746,0.022745508982,0.70048665211,0.0
137067,0.0227989021956,0.698591082229,0.0
137388,0.0228522954092,0.695211577854,0.0
137709,0.0229056886228,0.692466247595,0.0
138030,0.0229590818363,0.69882426968,0.0
138351,0.0230124750499,0.69925670399,0.0
138672,0.0230658682635,0.700787541771,0.0
138993,0.023119261477,0.692835001641,0.0
139314,0.0231726546906,0.695519785857,0.0
139635,0.0232260479042,0.691143689304,0.0
139956,0.0232794411178,0.69160253724,0.0
140277,0.0233328343313,0.695173250389,0.0
140598,0.0233862275449,0.69956972687,0.0
140919,0.0234396207585,0.702536738959,0.0
141240,0.0234930139721,0.701128175856,0.0
141561,0.0235464071856,0.69535132327,0.0
141882,0.0235998003992,0.700376856316,0.0
142203,0.0236531936128,0.698339145268,0.0
142524,0.0237065868263,0.696931241484,0.0
142845,0.0237599800399,0.692846853899,0.0
143166,0.0238133732535,0.69806508911,0.0
143487,0.0238667664671,0.698756666843,0.0
143808,0.0239201596806,0.701859395068,0.0
144129,0.0239735528942,0.695224488012,0.0
144450,0.0240269461078,0.692825724686,0.0
144771,0.0240803393214,0.693061217544,0.0
145092,0.0241337325349,0.697370830404,0.0
145413,0.0241871257485,0.703118035026,0.0
145734,0.0242405189621,0.695709372982,0.0
146055,0.0242939121756,0.704639968303,0.0
146376,0.0243473053892,0.700356848071,0.0
146697,0.0244006986028,0.705439535654,0.0
147018,0.0244540918164,0.695419158461,0.0
147339,0.0245074850299,0.687178810593,0.0
147660,0.0245608782435,0.69307161836,0.0
147981,0.0246142714571,0.702752134603,0.0
148302,0.0246676646707,0.700128373521,0.0
148623,0.0247210578842,0.699499573432,0.0
148944,0.0247744510978,0.702138310659,0.0
149265,0.0248278443114,0.702411576211,0.0
149586,0.024881237525,0.70489403161,0.0
149907,0.0249346307385,0.700025644151,0.0
150228,0.0249880239521,0.68709684055,0.0
150549,0.0250414171657,0.698495338496,0.0
150870,0.0250948103792,0.688991973334,0.0
151191,0.0251482035928,0.696047294462,0.0
151512,0.0252015968064,0.69255760334,0.0
151833,0.02525499002,0.689467528647,0.0
152154,0.0253083832335,0.694193965243,0.0
152475,0.0253617764471,0.688583269688,0.0
152796,0.0254151696607,0.692110695904,0.0
153117,0.0254685628743,0.704198098005,0.0
153438,0.0255219560878,0.694260620251,0.0
153759,0.0255753493014,0.706813048319,0.0
154080,0.025628742515,0.702313389671,0.0
154401,0.0256821357285,0.693829708194,0.0
154722,0.0257355289421,0.696432072383,0.0
155043,0.0257889221557,0.701197579869,0.0
155364,0.0258423153693,0.691231801863,0.0
155685,0.0258957085828,0.697848197818,0.0
156006,0.0259491017964,0.702196321297,0.0
156327,0.02600249501,0.698394906765,0.0
156648,0.0260558882236,0.70311307966,0.0
156969,0.0261092814371,0.704692855222,0.0
157290,0.0261626746507,0.698896563658,0.0
157611,0.0262160678643,0.697902785925,0.0
157932,0.0262694610778,0.697061149299,0.0
158253,0.0263228542914,0.698240890897,0.0
158574,0.026376247505,0.699979396296,0.0
158895,0.0264296407186,0.69838559492,0.0
159216,0.0264830339321,0.694392635129,0.0
159537,0.0265364271457,0.698656001471,0.0
159858,0.0265898203593,0.693755717891,0.0
160179,0.0266432135729,0.701419566626,0.0
160500,0.0266966067864,0.700854459641,0.0
160821,0.02675,0.697460152346,0.0
161142,0.0268033932136,0.694412487661,0.0
161463,0.0268567864271,0.69629885343,0.0
161784,0.0269101796407,0.692954162545,0.0
162105,0.0269635728543,0.701930764933,0.0
162426,0.0270169660679,0.696374952008,0.0
162747,0.0270703592814,0.695950039183,0.0
163068,0.027123752495,0.693804231551,0.0
163389,0.0271771457086,0.696987922927,0.0
163710,0.0272305389222,0.689380946661,0.0
164031,0.0272839321357,0.694246767991,0.0
164352,0.0273373253493,0.699169003962,0.0
164673,0.0273907185629,0.697454098473,0.0
164994,0.0274441117764,0.704253384442,0.0
165315,0.02749750499,0.697955643325,0.0
165636,0.0275508982036,0.705627923492,0.0
165957,0.0276042914172,0.702597138386,0.0
166278,0.0276576846307,0.708684071063,0.0
166599,0.0277110778443,0.694635461569,0.0
166920,0.0277644710579,0.687378153304,0.0
167241,0.0278178642715,0.704637678245,0.0
167562,0.027871257485,0.703580686847,0.0
167883,0.0279246506986,0.695482379118,0.0
168204,0.0279780439122,0.698272790774,0.0
168525,0.0280314371257,0.698180887717,0.0
168846,0.0280848303393,0.702929276689,0.0
169167,0.0281382235529,0.688163394617,0.0
169488,0.0281916167665,0.700057462694,0.0
169809,0.02824500998,0.699297915994,0.0
170130,0.0282984031936,0.714625256581,0.0
170451,0.0283517964072,0.695214276602,0.0
170772,0.0284051896208,0.702839259642,0.0
171093,0.0284585828343,0.703463672375,0.0
171414,0.0285119760479,0.69892993987,0.0
171735,0.0285653692615,0.700958690232,0.0
172056,0.028618762475,0.695355633918,0.0
172377,0.0286721556886,0.701275159536,0.0
172698,0.0287255489022,0.693532138375,0.0
173019,0.0287789421158,0.70045393377,0.0
173340,0.0288323353293,0.707855988986,0.0
173661,0.0288857285429,0.692679971714,0.0
173982,0.0289391217565,0.697074876316,0.0
174303,0.0289925149701,0.693429771413,0.0
174624,0.0290459081836,0.692062098561,0.0
174945,0.0290993013972,0.698615985994,0.0
175266,0.0291526946108,0.695660530313,0.0
175587,0.0292060878244,0.690339457475,0.0
175908,0.0292594810379,0.700006329765,0.0
176229,0.0293128742515,0.698026898734,0.0
176550,0.0293662674651,0.694417174712,0.0
176871,0.0294196606786,0.700704207813,0.0
177192,0.0294730538922,0.69883394325,0.0
177513,0.0295264471058,0.702035771123,0.0
177834,0.0295798403194,0.692236790826,0.0
178155,0.0296332335329,0.706297594496,0.0
178476,0.0296866267465,0.701148414761,0.0
178797,0.0297400199601,0.701539776313,0.0
179118,0.0297934131737,0.692857053142,0.0
179439,0.0298468063872,0.698144222902,0.0
179760,0.0299001996008,0.699267402998,0.0
180081,0.0299535928144,0.697725931724,0.0
180402,0.0300069860279,0.69377668267,0.0
180723,0.0300603792415,0.69648285299,0.0
181044,0.0301137724551,0.702418894331,0.0
181365,0.0301671656687,0.700869505044,0.0
181686,0.0302205588822,0.695378962536,0.0
182007,0.0302739520958,0.69157706052,0.0
182328,0.0303273453094,0.700059578912,0.0
182649,0.030380738523,0.70062087785,0.0
182970,0.0304341317365,0.694997732959,0.0
183291,0.0304875249501,0.699348828338,0.0
183612,0.0305409181637,0.694233506917,0.0
183933,0.0305943113772,0.697059664495,0.0
184254,0.0306477045908,0.702353386395,0.0
184575,0.0307010978044,0.699132028734,0.0
