321,5.33932135729e-05,0.0179789508186,-0.0463679589984,0.0283412659661,0.067032977152,0.0817141167291,0.0863253745711
642,0.000106786427146,0.356303642482,-0.653649751766,0.291189620137,0.669586051514,0.947570282861,0.669739776807
963,0.000160179640719,0.949230252231,-1.96247491987,0.965937777908,1.56593198506,2.75243158488,1.869899547
1284,0.000213572854291,1.90204854249,-3.3721298067,1.306080682,3.33459461044,4.99484076786,3.46619860458
1605,0.000266966067864,3.0285172205,-5.77576256791,2.34931770743,6.63307288962,8.83697868916,6.61561670057
1926,0.000320359281437,4.68794164687,-8.2363002722,2.69648184768,11.6758442204,15.8776963796,12.5451015472
2247,0.00037375249501,4.92761571568,-10.6154422787,4.05513970565,16.8060849834,23.5835240583,19.7717905023
2568,0.000427145708583,7.5511240297,-13.1249592475,2.84910759963,23.6469957076,30.9852643396,28.4634140054
2889,0.000480538922156,11.1875891372,-13.911050356,-1.30715589317,32.2006684521,38.3192567618,38.3646833639
3210,0.000533932135729,17.2629710653,-17.5368609014,-4.99777961962,35.7670000506,42.3204120619,39.2157174333
3531,0.000587325349301,18.4927234853,-18.9213479257,-6.40940180205,40.513121095,42.9366217217,42.3903386002
3852,0.000640718562874,29.4541798124,-28.2647476615,-9.53418497101,58.6414787356,57.4044750149,56.2561312366
4173,0.000694111776447,33.2673989428,-30.4402254927,-13.7569000057,83.4757205305,78.298171662,72.5159439678
4494,0.00074750499002,17.7781410677,-27.4856224661,-3.66201530418,78.0635531769,83.105512812,73.0979747374
4815,0.000800898203593,7.46521649083,-24.2412567441,0.712783190353,69.7369785942,80.9209557739,72.9069958208
5136,0.000854291417166,38.4679438009,-46.4995279533,-12.0601358939,133.960261517,143.309205782,121.56844963
5457,0.000907684630739,35.7140336239,-61.8132555714,1.64075815876,128.864350074,153.81673715,133.483185939
5778,0.000961077844311,37.1680831715,-45.6840100221,-19.7587411234,115.322617403,141.632814474,127.055345842
6099,0.00101447105788,31.5568897857,-46.6154486311,-12.7456857025,76.5261052432,95.8247574522,85.5345503641
6420,0.00106786427146,22.9553180934,-36.3954112564,-15.5007531358,71.2134212524,87.7709890501,86.3907870079
6741,0.00112125748503,-1.8203335468,-21.610239526,-6.27292613565,76.588209852,76.7389939208,89.7419963576
7062,0.0011746506986,3.50512704789,-37.2264939078,1.46422003282,80.8046457832,90.4248062384,93.4462747659
7383,0.00122804391218,14.0192727289,-39.157506927,-10.0214626318,87.6186435998,103.321419426,93.0696373564
7704,0.00128143712575,19.8174915317,-56.5771278385,-0.704925384756,102.78239263,126.215779351,117.101851733
8025,0.00133483033932,31.7903595387,-74.4979624594,1.01849744599,123.580355431,168.285484167,151.608051542
8346,0.00138822355289,20.8567906222,-55.9168772905,-9.0528615425,98.03683655,130.225103809,110.701028005
8667,0.00144161676647,-9.74610958829,-34.3337369647,-0.255098993698,78.9488585883,88.2935697458,83.6505325803
8988,0.00149500998004,11.9645540737,-47.4821496535,-5.9732001589,76.6176300514,93.1832734747,84.8183575248
9309,0.00154840319361,25.4769762385,-63.1055584519,-5.93869902459,80.81272547,93.4808092326,88.3745848831
9630,0.00160179640719,22.4434719479,-48.4408238549,-18.0289800306,70.4845360215,85.1124247596,76.9180854263
9951,0.00165518962076,13.1856783602,-31.2673964247,-21.7041780307,62.2115548263,66.0255761859,68.5294875532
10272,0.00170858283433,7.37276770388,-34.1388955966,-15.6890122897,60.3064001188,70.7007352299,69.0493271845
10593,0.0017619760479,-6.22068613606,-30.4887801709,-6.29240866791,60.1542741366,72.3319166356,67.3683145065
10914,0.00181536926148,-15.5886840135,-25.2763265386,-3.86295393959,70.1348779061,76.0811228043,77.7964643947
11235,0.00186876247505,-20.9570804444,-23.0273187165,-0.0174015361189,77.6770689966,91.3589642828,92.8323583411
11556,0.00192215568862,2.00032535146,-30.1377636894,-16.329899217,101.932758557,127.255014181,120.399570174
11877,0.0019755489022,19.1294382761,-40.1410399707,-22.8401466504,132.348267518,140.672153478,129.625936344
12198,0.00202894211577,13.9523018257,-43.6677856616,-20.047720771,173.204478769,171.517017387,168.970981396
12519,0.00208233532934,-10.3040282063,-41.6564349598,-5.97800730494,231.927238979,236.490899106,229.281830714
12840,0.00213572854291,17.1440172572,-71.6368262622,-6.41016913142,216.098835559,217.545559125,198.107400762
13161,0.00218912175649,20.6102692054,-69.4380149259,-16.1327679999,162.263615577,171.51703891,177.063346664
13482,0.00224251497006,-12.6274908397,-47.3985955174,-7.46442837475,151.605162748,185.641911241,167.735940198
13803,0.00229590818363,5.22191285203,-45.2693181403,-30.3870182658,100.824993315,116.255201414,103.847461699
14124,0.00234930139721,1.61455824691,-29.3007284937,-44.4921675972,106.886819592,104.933334329,107.008370128
14445,0.00240269461078,24.3971281359,-40.5498589909,-59.788881285,184.895066075,195.783709747,175.02686389
14766,0.00245608782435,-0.665135447946,-59.2935425183,-16.4661930071,189.608200029,209.350028539,178.313546518
15087,0.00250948103792,-13.4131575918,-58.0935075051,0.298797464914,155.793593293,170.681248605,159.768424058
15408,0.0025628742515,-30.8927843748,-59.7089762561,22.0812388073,146.181331531,143.372164744,134.276047256
15729,0.00261626746507,-30.6327031278,-73.3362158355,42.6312289484,154.234958164,164.974840707,155.909259348
16050,0.00266966067864,-15.7154344922,-61.3490922303,12.3680098006,155.435686461,185.80123122,179.007206385
16371,0.00272305389222,-41.7459084653,-19.4408626076,-6.70975406124,169.638748134,166.086471833,163.104946759
16692,0.00277644710579,-41.735839913,-24.0360427385,-4.25390174638,259.748139815,242.50593001,223.962895621
17013,0.00282984031936,-7.29361502181,-49.0932971742,-23.5993735412,276.935745447,268.429776955,256.565082276
17334,0.00288323353293,1.51217813555,3.46646903449,-94.1146766142,296.673069606,273.261461308,280.602792947
17655,0.00293662674651,0.321226227904,-23.4047103273,-70.2553948828,237.590432778,256.991430985,259.674625669
17976,0.00299001996008,36.5196284194,-73.2098194317,-57.3670592918,260.215303746,272.984676042,262.885128116
18297,0.00304341317365,-28.7182245597,-57.1386809459,-3.86281337819,224.179444162,250.322412551,215.450228742
18618,0.00309680638723,-29.1795118702,-49.4307256467,-9.02239227736,195.627446609,206.91748072,183.298942628
18939,0.0031501996008,-24.4113531603,-54.867322162,-11.0159174329,189.608704079,194.865996132,164.495456888
19260,0.00320359281437,24.6945058306,-96.9737403646,-13.4007807489,200.303701849,207.805873869,174.489192158
19581,0.00325698602794,16.1242425044,-68.0260093464,-25.6031335653,180.148455029,183.772004768,167.661783592
19902,0.00331037924152,71.3566241787,-111.816358925,-34.4408140023,202.274178083,221.690794015,184.229000137
20223,0.00336377245509,58.5151843394,-113.366615282,-25.1132013719,233.746842041,232.067138567,190.142410715
20544,0.00341716566866,57.5681313531,-121.379020405,-23.8663416544,221.140830386,241.765097176,230.165753245
20865,0.00347055888224,56.5880484399,-61.4242453417,-87.4034939575,195.475711225,217.431693968,201.3111523
21186,0.00352395209581,23.0210946732,-38.6456414147,-77.8871171911,234.486867961,279.126995722,265.033067585
21507,0.00357734530938,50.1523647514,-67.5058363798,-75.9012520253,298.582672655,359.708391156,341.635137622
21828,0.00363073852295,135.399624788,-186.006140337,-61.9606189177,392.430323701,516.392944467,460.425006718
22149,0.00368413173653,207.68648551,-305.885808581,-43.896122516,505.834677356,688.531540526,598.58022021
22470,0.0037375249501,257.262767209,-389.032217134,-52.6431512589,636.08452994,830.910724961,730.241320555
22791,0.00379091816367,113.44971078,-290.546425369,-26.0555249916,638.999552877,785.007230547,659.557634709
23112,0.00384431137725,53.4884990404,-322.756975471,36.5279190497,623.910340033,776.082356901,694.054837299
23433,0.00389770459082,-32.2379586061,-238.133560366,44.0060061765,511.098011707,623.657874947,562.443393276
23754,0.00395109780439,-27.2968480372,-196.600479774,12.3266802138,322.825121323,402.602712521,343.363612238
24075,0.00400449101796,-29.2912599982,-95.4453375816,-84.1972687304,180.896974257,226.294302038,207.004266276
24396,0.00405788423154,-19.3866441704,-92.6581269179,-78.1450225791,187.247943392,219.528999226,202.608347864
24717,0.00411127744511,3.9467854843,-145.34348005,-43.0635414839,264.865739256,256.877368112,220.837421375
25038,0.00416467065868,18.8214521983,-171.049912898,-33.5107213855,266.511985621,276.687314418,227.908772928
25359,0.00421806387226,-3.94110900584,-146.050446562,-37.0671857335,246.246429144,271.028523001,215.600600708
25680,0.00427145708583,14.9825279038,-189.382622175,-2.36353532905,349.559412328,360.716292251,268.911556659
26001,0.0043248502994,-41.0288105238,-160.589296812,14.5351273147,392.234931427,395.252368478,323.027550374
26322,0.00437824351297,-56.0008892364,-159.749657304,20.6131692516,458.419050552,416.481392837,375.290373944
26643,0.00443163672655,-54.6850998351,-166.88002755,11.8037313285,465.833588908,437.079820098,419.271276073
26964,0.00448502994012,29.052640652,-232.101918405,-14.910776465,432.163906485,505.62756216,405.6895118
27285,0.00453842315369,74.9093782044,-226.261765666,-76.6925214377,365.805898393,423.284397518,361.136155203
27606,0.00459181636727,-9.24088562005,-143.48270219,-72.8416366353,320.694676909,350.184641908,319.346052688
27927,0.00464520958084,-12.6596185441,-147.0939171,-61.2187272813,243.162105547,311.774869423,248.736337681
28248,0.00469860279441,-68.5253341989,-103.258644583,-32.0523698572,222.183861257,277.514497003,233.756026508
28569,0.00475199600798,-42.3203842938,-74.2001590671,-61.758532347,145.815892361,189.508161664,172.077728028
28890,0.00480538922156,-70.6557671468,-79.2179952332,-28.4387254436,174.44254238,211.209634016,192.154565854
29211,0.00485878243513,-88.8573437256,-79.4502370023,11.5786394152,167.590155784,213.564405176,188.45295409
29532,0.0049121756487,-71.0933475082,-70.566163521,-0.612369359719,173.178439365,223.930752518,178.701511876
29853,0.00496556886228,-64.6542069742,-90.6611141062,4.96154112552,206.882738944,268.599148687,216.324101528
30174,0.00501896207585,-61.6727247649,-92.747269137,3.19264094552,166.927296356,230.983616078,183.094967777
30495,0.00507235528942,-54.491189592,-103.133386055,8.56827702472,158.958526842,224.214352752,188.244538352
30816,0.00512574850299,-45.9530098212,-54.6796844838,-34.2235154872,128.634434355,154.371786627,124.694664412
31137,0.00517914171657,-63.5549667954,-51.6660924269,-21.2272748623,127.137568332,129.0853177,117.96233923
31458,0.00523253493014,-64.8694059647,-39.4214375042,-28.0586374031,118.924507278,112.408872343,120.003865368
31779,0.00528592814371,-67.5378485571,-44.4994335862,-20.9455014813,137.266588431,143.740045712,135.81730437
32100,0.00533932135729,-43.0676994102,-52.3789896044,-37.079369566,144.755775375,149.290897575,143.913359099
32421,0.00539271457086,-45.8813768282,-75.4443486996,-9.89352413945,195.319180489,197.308337236,181.470745498
32742,0.00544610778443,-38.2129117601,-107.397432174,9.17353537417,249.467542652,246.284686404,234.052096354
33063,0.005499500998,-2.02086002513,-110.715859331,-22.3955458683,259.209633623,281.006681045,299.374983461
33384,0.00555289421158,-4.75286812227,-78.2988849224,-49.7805607708,190.431344069,222.773031318,222.207617511
33705,0.00560628742515,-9.85069339762,-70.4527003527,-47.6295651515,144.981015478,178.579325896,160.456996049
34026,0.00565968063872,-19.3466521418,-82.299664535,-28.0535591733,181.246704306,192.57126096,178.563484997
34347,0.0057130738523,11.3648494639,-128.215189771,-9.35127188695,231.54382673,231.447596469,213.522572872
34668,0.00576646706587,-10.1096960315,-121.742039095,5.00915847817,253.23680565,224.105446655,241.572047481
34989,0.00581986027944,-17.744846409,-74.3360424769,-32.0132749829,201.567697097,186.622650711,201.402571359
35310,0.00587325349301,0.587556331451,-70.150144683,-59.3309159152,231.32112905,218.726910383,261.972069073
35631,0.00592664670659,14.1931068194,-82.3583817548,-65.6798520141,282.168018994,252.526770233,284.125018709
35952,0.00598003992016,8.35453705921,-98.1642946395,-53.9415091591,336.456057171,300.732829766,308.654927272
36273,0.00603343313373,-17.153008479,-95.5939292457,-30.9939856506,318.33123794,286.517661877,272.078556664
36594,0.00608682634731,-23.1042474639,-75.1084934016,-23.9163457758,180.084445257,184.959062352,159.223483126
36915,0.00614021956088,-31.9682512314,-68.6875358182,-22.8324695826,169.151272697,171.388676508,154.57925348
37236,0.00619361277445,-33.6830916328,-50.5223235935,-34.6740809046,161.564626808,153.647606303,158.810584803
37557,0.00624700598802,-36.346309433,-32.014018073,-53.8705161389,169.712277095,170.742459319,177.577070707
37878,0.0063003992016,-5.15506677485,-51.4445264848,-61.4859493313,123.495547256,148.770348438,151.200235324
38199,0.00635379241517,6.22982460523,-61.4858737842,-59.7197672422,119.686690625,160.21986145,145.140266418
38520,0.00640718562874,-10.7925892064,-66.2060965948,-34.0324791976,100.495160614,129.111092191,121.251115498
38841,0.00646057884232,8.58850703445,-64.5560553411,-47.5581130209,109.517894435,137.275592521,139.416069035
39162,0.00651397205589,8.64627007419,-73.806847804,-37.735576317,107.736011005,129.484216679,124.863982502
39483,0.00656736526946,18.5698376677,-84.1867638468,-32.4735391043,115.117148848,138.027300706,143.912817756
39804,0.00662075848303,32.437331334,-83.9111229862,-50.0647876936,146.686117098,144.112296073,152.379993981
40125,0.00667415169661,39.1414600323,-97.4681863791,-43.8662299186,184.181381496,201.329173397,175.327067836
40446,0.00672754491018,26.7269597233,-108.712782188,-24.4162788804,163.708597807,162.766640801,162.965527266
40767,0.00678093812375,62.0505008956,-143.957010304,-26.3126078751,180.801731681,186.241662144,168.597233558
41088,0.00683433133733,80.5607502472,-174.580933987,-17.7510230063,248.605866816,261.312978179,230.671724858
41409,0.0068877245509,69.0245919181,-135.173490542,-40.2322944758,208.856115988,217.697390677,205.434662287
41730,0.00694111776447,26.9831790614,-98.1476439985,-23.8099839899,148.573265942,156.818233028,146.855790529
42051,0.00699451097804,-1.56295312545,-82.5507358717,-6.69178462814,145.077913653,137.148712826,146.426104225
42372,0.00704790419162,30.721568203,-81.8979668347,-35.4585428342,123.133490849,110.307586097,123.754217595
42693,0.00710129740519,27.4201405588,-77.0878331783,-20.8360897629,109.115370668,130.030003,132.870460208
43014,0.00715469061876,29.1859855846,-80.548310401,-18.8555372291,145.011072251,159.610668595,143.792631717
43335,0.00720808383234,15.5133852276,-94.3058819123,5.34491231077,163.870664815,192.560322403,157.40827416
43656,0.00726147704591,4.31804405488,-99.9627434084,19.3278557971,189.01423099,198.984903631,173.535116752
43977,0.00731487025948,-12.7476271969,-54.5440692807,-8.07082499607,151.433986419,134.281681184,129.886480178
44298,0.00736826347305,-24.7689160443,-44.62011397,-4.53021416061,138.520602883,132.957707907,145.576231436
44619,0.00742165668663,-24.6598873656,-49.1768729233,-1.97436243867,158.452900313,146.510816448,173.06288692
44940,0.0074750499002,-20.5590459268,-42.3496278896,-12.4996574583,123.23405095,122.933237065,132.852133645
45261,0.00752844311377,-36.5200524956,-19.7005759426,-20.9837581625,119.685196588,116.592466266,125.406449101
45582,0.00758183632735,-25.3162990277,-30.339506287,-22.3318773428,121.528132349,125.816616839,133.804008435
45903,0.00763522954092,-8.2806625618,-41.8073346711,-24.9489524995,122.028821219,132.562079274,134.909358788
46224,0.00768862275449,0.338574707357,-36.1173596961,-20.8846381178,79.2448230859,93.2563781148,92.486550163
46545,0.00774201596806,-2.48169068769,-35.4289936519,-18.2769194799,68.7140759447,80.9436648266,73.121342574
46866,0.00779540918164,-4.79515419965,-35.9167894776,-17.7304757638,84.9641244356,94.5838420016,94.4632216928
47187,0.00784880239521,-4.98225379944,-36.9151168717,-15.2834283126,91.3205373788,109.289021435,107.753703154
47508,0.00790219560878,-10.2327749266,-53.1396674153,8.28422890031,84.1848835862,110.028773589,104.296666526
47829,0.00795558882236,-22.1057294978,-65.7387432339,34.7385235118,99.9114508412,132.217205457,125.887791116
48150,0.00800898203593,-4.5519530577,-96.0949093821,45.2320912347,115.957020302,162.778427052,156.167694549
48471,0.0080623752495,15.3631181246,-104.438019838,37.07195489,124.772238371,172.508471639,156.241295133
48792,0.00811576846307,-0.131913286714,-115.855833507,64.3789144228,132.353914695,210.979391783,171.457573037
49113,0.00816916167665,-9.43384618871,-97.812000875,49.693290912,139.686073977,219.878333799,185.819762607
49434,0.00822255489022,1.68929961891,-90.2000221652,29.5140402588,134.669711117,201.634087181,188.768924745
49755,0.00827594810379,-4.13747463777,-56.5325584291,2.95118795698,144.365670837,167.543848426,154.242049305
50076,0.00832934131737,23.3566248266,-71.8454410359,-6.42838514411,178.090743804,216.425165978,176.657572215
50397,0.00838273453094,36.2561155456,-93.759247194,3.94960463616,159.346358099,204.605223329,172.087570089
50718,0.00843612774451,2.97203014503,-57.9236364488,-0.416450567191,166.380368675,196.162658861,196.543006902
51039,0.00848952095808,-27.326920229,-83.635057099,55.2609921352,185.568939571,181.676929203,199.707029359
51360,0.00854291417166,5.87607215614,-89.2453768946,25.0424943619,168.343779308,206.740041594,194.640118556
51681,0.00859630738523,-7.45832180432,-60.229837348,8.07036050625,134.939607251,170.290913152,151.057624568
52002,0.0086497005988,5.04453329852,-72.2657352833,2.14193425355,132.387955598,159.456597375,140.789836405
52323,0.00870309381238,20.2308352379,-139.784143613,52.8951955345,169.339445294,230.74696673,191.309562382
52644,0.00875648702595,9.84202227601,-136.187252565,53.8635542369,182.411993171,223.900491066,189.68765653
52965,0.00880988023952,-12.5876648576,-103.531636567,44.3391502772,216.733271923,231.186681765,220.824991846
53286,0.00886327345309,19.3861682926,-83.2958096781,-6.61319491912,241.649818766,244.396809929,217.624502252
53607,0.00891666666667,35.8062705906,-90.1668768686,-19.1742017977,206.100923378,218.343729506,198.90082162
53928,0.00897005988024,63.135969296,-110.531853681,-34.163510484,192.436465102,209.389315589,173.380353767
54249,0.00902345309381,75.6383715171,-112.270004961,-46.2826675842,189.193653844,202.894775314,180.964570108
54570,0.00907684630739,65.8164871208,-85.0395590101,-60.1545776578,170.759782139,184.714692273,181.764237062
54891,0.00913023952096,74.2439706739,-105.425278962,-52.2472256067,200.519925173,222.162791548,219.175996177
55212,0.00918363273453,60.2232430376,-142.973205939,-4.68670047195,195.24698911,235.513039196,210.202770525
55533,0.0092370259481,83.9034703781,-135.462698373,-41.3622336799,217.285113429,258.01806079,214.913898752
55854,0.00929041916168,59.3039848257,-109.133216515,-36.5193107296,160.739711853,163.480485773,151.5549725
56175,0.00934381237525,35.8939493793,-102.93385706,-13.1838668727,136.205211022,151.349593851,151.200909814
56496,0.00939720558882,12.0005915164,-90.547816885,-4.44403345732,118.76344398,135.960128614,132.437757258
56817,0.0094505988024,5.79617009578,-81.2589264505,-7.38027347712,122.672942312,115.392837235,133.012697778
57138,0.00950399201597,-12.2907136034,-61.3471420082,0.110958322109,116.302187506,116.104888086,130.56769238
57459,0.00955738522954,-7.08021383089,-48.4136722432,-17.0436401651,91.7506301699,99.990054741,119.778332666
57780,0.00961077844311,-4.20468772038,-50.4573319567,-16.1706235245,82.9865094507,94.7431237077,97.3924702158
58101,0.00966417165669,5.7964106781,-43.59350412,-32.338492227,67.6018522229,73.9587568319,83.4947992081
58422,0.00971756487026,0.87192582464,-52.6170107167,-19.0724171286,75.5891907938,83.7875860317,84.0817183844
58743,0.00977095808383,9.65148397968,-63.3517648035,-12.7015026913,98.2940840942,100.130391497,107.548647311
59064,0.00982435129741,28.5204140721,-74.7569853692,-21.0368974228,122.716974475,125.628482913,132.78540246
59385,0.00987774451098,32.569581375,-59.9493655434,-38.9210397592,113.22807769,126.141628758,137.402593009
59706,0.00993113772455,-5.13760475674,-43.1701390296,-15.54376279,72.3507949617,88.8546909875,99.9013009764
60027,0.00998453093812,-12.8770394603,-42.4092417876,-10.0540686426,68.5928758411,78.8444840922,89.9739112077
60348,0.0100379241517,-7.53464862192,-35.2123748825,-17.7073693797,61.1734745464,72.1060810984,84.8100022735
60669,0.0100913173653,-7.71779889843,-17.7351425424,-31.682138465,51.9636728046,68.0912869743,76.1636430956
60990,0.0101447105788,-8.41569925274,-16.0130078786,-29.4508483191,42.2656070941,58.9619671505,69.6848315066
61311,0.0101981037924,-9.8420835835,-27.0021438451,-18.1641718585,48.1202092339,78.1538250084,76.3447109118
61632,0.010251497006,-8.68626835715,-57.290759268,8.91590634281,64.31558783,123.487093418,104.615149449
61953,0.0103048902196,-13.2605100785,-40.5762330651,-2.98680353382,76.055626163,115.217308353,107.265683588
62274,0.0103582834331,-16.0815657357,-22.8328674625,-15.6342787612,76.7987554847,109.287801256,104.89715431
62595,0.0104116766467,-11.3033165721,-32.9242587616,-14.3435781417,110.764487163,167.463409448,142.140449634
62916,0.0104650698603,4.08771493567,-29.8448775721,-32.2864856062,130.786178204,182.930296266,160.486746012
63237,0.0105184630739,24.1259848382,-61.8672683979,-26.2420835021,139.572708992,205.248664203,171.599555806
63558,0.0105718562874,27.9270132674,-40.9649527844,-52.8651196472,158.656045457,195.584769439,178.330953346
63879,0.010625249501,12.5469130889,-34.8318950251,-48.7970339913,204.38016456,221.512832724,196.752560335
64200,0.0106786427146,9.50104611648,-55.0072000961,-31.8492469647,217.516245274,236.297060603,233.641151083
64521,0.0107320359281,11.4620067907,-55.8929067156,-34.3576800216,202.795752196,238.144975317,252.232881188
64842,0.0107854291417,-4.56664753923,-77.6765918004,1.0845146505,234.180995551,266.653936747,278.488021206
65163,0.0108388223553,-14.4052685432,-50.7065693792,-13.4023219699,156.744077368,162.26905775,177.372908502
65484,0.0108922155689,0.647910573824,-44.7628032956,-38.0456300028,180.233079816,179.337508454,191.210033048
65805,0.0109456087824,-16.5929581129,-29.4954721512,-38.3555588127,190.034408698,222.504167437,223.102108885
66126,0.010999001996,-5.9028588261,-18.7424911562,-58.8806943825,213.097705462,215.678501272,229.042404556
66447,0.0110523952096,28.1771254807,-71.3099198638,-47.5842765308,222.790264824,225.623141024,230.14450127
66768,0.0111057884232,-5.76204866506,-43.3809129433,-48.396537687,182.148295586,180.666449238,205.843793921
67089,0.0111591816367,6.886956783,-73.8293277816,-29.920169345,206.945205453,201.493777439,227.285201023
67410,0.0112125748503,-18.8667304728,-41.7648948403,-42.0877409384,204.198376973,179.126598822,216.259599117
67731,0.0112659680639,-34.3272083656,-17.5441205054,-46.4512946866,179.05165798,160.678728313,203.426494524
68052,0.0113193612774,-36.4241612161,-23.108167846,-33.9884384488,121.817946272,117.923338807,141.359025772
68373,0.011372754491,-11.8813221222,-33.3988727984,-44.9323575903,110.662820203,115.885373395,126.029003266
68694,0.0114261477046,-20.0472593365,-36.5612571533,-36.3423236879,94.6578228717,94.7738950056,106.073454534
69015,0.0114795409182,-28.9805978207,-32.8804486786,-27.2582196342,99.0697184578,94.8029874727,101.338942771
69336,0.0115329341317,-29.8222571874,-39.3724901823,-17.4601020335,86.9724580855,90.0111336045,88.7236286789
69657,0.0115863273453,-28.319147474,-42.7810522015,-14.3248772601,80.0268994451,73.6672257126,78.1292460875
69978,0.0116397205589,-24.8837031635,-37.499734501,-20.5771343423,70.8428244931,59.4899263349,65.36261086
70299,0.0116931137725,-23.4363708016,-41.7470672577,-9.11920105699,88.7203032493,85.9573396564,86.5869185597
70620,0.011746506986,-10.4149089448,-49.7513712213,1.97994712656,102.353323008,96.109547493,100.138250007
70941,0.0117999001996,-5.55194808552,-51.3369418919,5.0851205797,99.9138347869,103.36534418,99.5167909925
71262,0.0118532934132,5.20702150836,-48.0986613646,-8.09368178186,91.4580854836,102.997067978,100.671901241
71583,0.0119066866267,6.95248139136,-49.8483930123,-5.40415010387,87.4397901028,103.328672801,91.5151974504
71904,0.0119600798403,-6.80701299138,-36.3004664614,-5.50334886705,74.6691789753,81.7119433217,80.1158179825
72225,0.0120134730539,-9.86342287739,-34.0908561762,-5.32472531389,72.0807564323,78.7705367007,82.2991638588
72546,0.0120668662675,-2.18693443973,-32.5157614367,-11.8150325873,69.6373385679,84.7744616477,75.1015553027
72867,0.012120259481,-0.188912880178,-47.6736628581,-0.656847423503,77.8727079087,100.953177303,85.9769013555
73188,0.0121736526946,-4.09242852167,-45.6703772198,6.63744212532,72.6397537062,99.3085156709,84.6639318976
73509,0.0122270459082,-1.5219966698,-41.9524252485,11.0508077325,80.833186033,94.3754259292,79.9058668362
73830,0.0122804391218,-24.8041998238,-36.2945733404,27.1402727443,108.309027078,119.613470113,98.3541749184
74151,0.0123338323353,-45.9883869308,-43.5794387907,49.2974006212,160.379578773,169.268300383,151.817603033
74472,0.0123872255489,-61.6801932339,-37.6304458075,51.2480379038,226.882022116,239.591681354,205.419254755
74793,0.0124406187625,-94.3110319952,-60.850902069,96.6904899359,333.157586495,347.6491047,308.999038729
75114,0.012494011976,-66.1764283559,-97.8643447138,88.1418346848,334.046010989,389.143368349,361.054539387
75435,0.0125474051896,-72.7753384394,-53.0835911702,32.2014424312,428.009573648,387.767624454,361.606170806
75756,0.0126007984032,-35.0112188462,-121.853429803,44.7701686108,495.754904635,483.223834548,438.367274386
76077,0.0126541916168,-56.4308250643,-56.93943277,-4.21309751081,383.638009692,407.331324379,362.201451715
76398,0.0127075848303,-62.6167659951,-88.8237224264,35.6200174893,254.794683713,289.357938059,255.271373567
76719,0.0127609780439,-50.5278842306,-87.7124618003,19.3692498675,232.230631007,233.508608616,233.828829146
77040,0.0128143712575,-78.5078112506,-94.4573536493,47.235610089,304.091346743,284.414573947,290.826391657
77361,0.0128677644711,-99.579260463,-79.59179147,44.3257371164,337.80215507,318.866404054,319.874681443
77682,0.0129211576846,-139.502441438,-82.246152445,79.7652277226,355.393294251,330.188713327,339.309249448
78003,0.0129745508982,-114.520748151,-136.332813041,100.657763502,376.451813474,368.020096114,364.925840479
78324,0.0130279441118,-105.638792065,-127.411253686,72.021817294,463.213226074,422.831521314,417.239259061
78645,0.0130813373253,-128.692173103,-122.062332499,92.1323495195,482.19926627,435.153628286,421.751234301
78966,0.0131347305389,-149.460471553,-122.812724335,105.149764427,514.149899939,431.972982588,434.688485997
79287,0.0131881237525,-127.975471704,-91.3125124351,36.1100284873,536.989984123,504.92479868,474.236579355
79608,0.0132415169661,-164.709007868,-126.314572492,99.581879531,526.253913841,523.555731281,465.633409173
79929,0.0132949101796,-52.1129302444,-151.586463957,-10.656181637,458.163198382,547.00108641,451.606253845
80250,0.0133483033932,-70.7645216516,-115.357725838,-27.1046634576,391.673711836,473.289638102,427.920404189
80571,0.0134016966068,-52.01294749,-164.956795544,-7.64209365988,437.370370226,472.990460354,411.415885048
80892,0.0134550898204,-25.982790382,-209.24309854,-7.04058622678,488.935122932,515.975223798,444.449137239
81213,0.0135084830339,-15.2284580112,-104.75882806,-92.0504862592,287.726264076,300.13998118,279.698396731
81534,0.0135618762475,44.5229423888,-127.918461497,-133.926541328,339.585279861,336.421455924,353.147396643
81855,0.0136152694611,60.6067126675,-185.196464442,-86.4622561692,325.368548354,366.053799077,339.866672338
82176,0.0136686626747,65.7734044056,-224.57890085,-53.8206320281,354.658588325,428.825818842,347.069839722
82497,0.0137220558882,55.2377874312,-249.583854022,-31.194693598,449.333780711,548.358148689,443.016150411
82818,0.0137754491018,43.606937832,-252.617648155,-27.3101598378,506.7858337,620.957321451,494.099156523
83139,0.0138288423154,-16.9016535687,-179.462086717,-27.8588279866,499.526553737,574.401068794,429.138762197
83460,0.0138822355289,3.26059598719,-197.65741376,-4.38812347568,300.470402352,448.565508432,363.420443805
83781,0.0139356287425,-48.437893115,-88.941801517,-39.6928826146,193.1807697,233.717655052,238.538558433
84102,0.0139890219561,-28.33869209,-91.9340952446,-45.8886995676,157.53767264,174.311833331,194.624878846
84423,0.0140424151697,-35.4722572717,-77.3437639827,-38.15740205,125.912817376,145.029953359,150.220249994
84744,0.0140958083832,-27.1566834848,-68.8687206941,-51.5146247496,127.091544932,145.26584674,152.372352426
85065,0.0141492015968,-48.5531767735,-64.472998864,-38.7443153674,145.787781563,146.365063157,157.518048358
85386,0.0142025948104,-40.7972974233,-76.0174150563,-38.3949267421,158.335218716,161.605986171,156.772610793
85707,0.014255988024,-40.6314722873,-43.215675122,-74.1899465422,218.318994447,208.512523784,185.418451047
86028,0.0143093812375,-27.0157251589,-81.5488587755,-57.538772702,261.214633017,283.156842634,241.631817862
86349,0.0143627744511,13.2787746386,-114.427153601,-70.2851333896,274.560860342,277.200800575,244.105087512
86670,0.0144161676647,-27.819006075,-99.7164149593,-37.9134809541,211.802494828,242.271092331,219.354413332
86991,0.0144695608782,-28.074436811,-138.794898941,8.91061499204,222.614700484,247.982399808,224.594446345
87312,0.0145229540918,-46.6389762936,-111.072809467,-4.56032438033,205.742665532,213.779773675,191.540417024
87633,0.0145763473054,-27.8339888164,-90.3322598089,-44.0132228967,190.029541316,187.878803407,162.63126116
87954,0.014629740519,-23.8311232095,-68.4244089969,-58.5655501004,173.397145864,134.260271709,141.586965786
88275,0.0146831337325,-52.5727750115,-53.9413772097,-39.797622311,156.289328291,126.136672946,132.216493628
88596,0.0147365269461,-39.3688427758,-65.9114790517,-28.4395752506,149.162984735,119.128802621,123.056796128
88917,0.0147899201597,-40.363845732,-45.2989773891,-32.9211468695,138.582355129,103.339742892,111.931525982
89238,0.0148433133733,-39.3030748267,-48.0324581674,-26.4691360218,145.148716771,120.808805154,127.905677641
89559,0.0148967065868,-14.2417114075,-61.3611352698,-33.4673754747,151.266728547,138.929104333,141.570530102
89880,0.0149500998004,-36.4840693918,-69.5249408119,-2.70438135186,151.316756132,132.877356681,138.152461993
90201,0.015003493014,-29.1072497105,-61.4463503152,-15.0674248649,127.072933598,120.094950016,119.791389559
90522,0.0150568862275,-17.2623097248,-57.5405258692,-24.3159795325,144.275867291,132.949486679,124.516582748
90843,0.0151102794411,-43.2330388861,-57.3338998177,-1.69939685615,151.622802676,142.027844414,132.800521414
91164,0.0151636726547,-29.4860239832,-72.863143453,4.99020711882,136.56218305,134.250270007,120.871149629
91485,0.0152170658683,-34.0852739001,-65.8436776908,1.4668594708,120.226070362,110.775557763,89.1143458362
91806,0.0152704590818,-32.2433343285,-50.2794648328,-12.6972315063,120.235681655,101.479951875,86.501865058
92127,0.0153238522954,-28.4569704407,-50.695881684,-11.4800337395,110.719192795,87.644625667,76.6981592268
92448,0.015377245509,-23.7348018237,-47.2693615714,-20.1889445886,108.995876964,93.8237439501,75.2663371792
92769,0.0154306387226,-21.6680628235,-42.9717499669,-24.3849210908,86.47609547,70.0535821405,62.8056028558
93090,0.0154840319361,-12.1749290791,-36.657749917,-27.6859320199,78.4281841697,63.8041387164,60.1329987863
93411,0.0155374251497,8.38170369928,-49.1260545833,-22.9596674364,74.2739271968,73.6457401248,61.7505797038
93732,0.0155908183633,14.8252724829,-66.9561190658,-14.2958706923,77.7527590307,88.9530920442,65.856800545
94053,0.0156442115768,3.45027459136,-46.0037779058,-24.3120738115,62.1113196601,63.2117922366,60.1736418572
94374,0.0156976047904,0.713652223699,-38.5762286536,-26.0617997285,75.4501786917,66.3246676585,71.0427921161
94695,0.015750998004,-9.37940801787,-36.7154671736,-19.0884193217,84.3454215872,74.979028556,75.2644987689
95016,0.0158043912176,-10.3926489009,-35.5343043827,-20.7236339951,88.8357375514,76.0190105129,80.3843499409
95337,0.0158577844311,-14.3494551165,-28.545717458,-25.0668224422,122.398037947,95.796536748,102.076548031
95658,0.0159111776447,5.07726644704,-55.2562365787,-20.5231574677,147.243642146,133.30928057,121.397610417
95979,0.0159645708583,-19.412937331,-48.3901641223,-6.79200576786,165.276920553,148.430886587,124.938872108
96300,0.0160179640719,-8.75212647356,-60.0815891831,-8.96432113469,180.249171332,175.787498933,137.334865715
96621,0.0160713572854,-26.4887548175,-29.7133483283,-21.6144591155,167.032646153,163.866917413,142.782439938
96942,0.016124750499,-14.9212493659,-50.9076654064,-11.538722417,140.844949584,139.873248574,126.625099311
97263,0.0161781437126,10.0112044758,-91.8927483403,5.11742148255,172.744160571,177.263448731,158.774786714
97584,0.0162315369261,-18.5909562662,-93.1823036501,27.7579614952,230.787130499,236.468119632,192.681014108
97905,0.0162849301397,-6.16175582716,-95.2554742894,11.5918170635,249.254956975,262.774709626,219.133815315
98226,0.0163383233533,13.3401278427,-105.656335438,-5.04629278334,280.409418325,278.097868522,243.847848298
98547,0.0163917165669,-3.42966550882,-109.463725987,3.59310513035,338.017415549,335.838753034,292.888443499
98868,0.0164451097804,-20.4063031518,-97.2222745504,3.34193361743,367.501795535,347.302381497,303.77413486
99189,0.016498502994,-50.9421933263,-124.272033194,53.3112008165,322.646727208,334.624244852,311.755886473
99510,0.0165518962076,-49.9167636692,-114.09691873,40.9210447553,356.173942664,401.03138184,345.192474377
99831,0.0166052894212,-30.6606841639,-94.6952617195,6.48473777201,232.958427415,295.227345544,235.686693352
100152,0.0166586826347,-3.18998512127,-131.680515969,11.8319507414,289.166544801,363.303732863,295.144530317
100473,0.0167120758483,8.41168988174,-148.761007628,9.80813792222,297.979984017,360.979937412,278.384202839
100794,0.0167654690619,-29.8358041246,-96.6957663552,-5.5850595997,296.910838629,343.268174508,261.802136066
101115,0.0168188622754,-68.1332967758,-88.2293462905,26.3142339194,336.901231756,346.676269119,306.348642025
101436,0.016872255489,-66.0027907321,-123.535360765,48.5161692612,425.536700962,442.523928874,376.352925765
101757,0.0169256487026,4.42542381916,-93.914455426,-36.5946622903,343.391633896,349.806317136,304.234110289
102078,0.0169790419162,18.2163031393,-113.016133322,-35.364064618,323.334765775,372.651081932,303.020293341
102399,0.0170324351297,-1.69264178341,-81.5033567918,-34.3671935865,209.306633871,234.0610724,204.248783286
102720,0.0170858283433,-5.99215989246,-58.5568777272,-48.6522828183,168.15891041,190.164080781,186.9957966
103041,0.0171392215569,-3.12353636666,-83.6996176551,-26.890591551,157.024330406,193.157020473,170.526261792
103362,0.0171926147705,-26.1160277472,-83.373216593,-13.0611877593,218.852324381,248.545599254,211.064738081
103683,0.017246007984,-38.7897321196,-57.3178414152,-22.8032263748,250.956638143,276.93978865,235.558030125
104004,0.0172994011976,13.5048658028,-53.6336892478,-73.4565928814,197.007766864,231.995098725,203.13617059
104325,0.0173527944112,-3.92000662392,-39.714734448,-65.3156611739,175.610964878,191.87846589,187.438840658
104646,0.0174061876248,-23.7091355446,-51.3280918992,-29.2336345927,163.42547863,173.705541249,155.647398905
104967,0.0174595808383,-43.6053972199,-24.5736704748,-36.359132083,224.419718164,213.076440155,205.622436515
105288,0.0175129740519,-40.9618138537,-51.8957547429,-21.7016851822,272.241191433,248.822070907,258.527418803
105609,0.0175663672655,-27.5823569804,-69.443819594,-26.0750556844,225.292819972,236.090001943,225.831227186
105930,0.017619760479,-19.6837022302,-82.0185612741,-25.8772460716,235.571653862,254.298473526,260.406747989
106251,0.0176731536926,-49.5099390526,-68.7348621558,-11.776358301,254.969969892,259.8764479,264.723282751
106572,0.0177265469062,-40.2447426478,-67.5545850208,-24.166756807,243.806602097,229.54134597,228.028747034
106893,0.0177799401198,-30.6435037819,-94.2160048627,-12.9288022722,274.498727509,273.307661753,246.927052115
107214,0.0178333333333,-35.0234807645,-71.4023333311,-22.9966106456,189.612798881,177.639632154,171.199813458
107535,0.0178867265469,-52.7178416084,-43.5205944853,-24.4352732519,160.653068677,136.690758223,132.799238718
107856,0.0179401197605,-46.7797738795,-40.3521330198,-21.0526322685,110.661213829,96.9332534274,93.4088171008
108177,0.0179935129741,-31.2792821329,-48.6208821694,-24.8725711722,98.7367825196,88.4444131221,95.329075306
108498,0.0180469061876,-33.435514404,-66.2905603803,-2.16797211482,107.634212251,116.696387631,109.078424504
108819,0.0181002994012,-35.3802086584,-60.5002018069,-2.07273285488,116.080975688,116.353516,124.806819061
109140,0.0181536926148,-38.5083874939,-53.25501919,-3.91658282549,114.514190527,127.160111417,134.404146929
109461,0.0182070858283,-22.2308707181,-42.292197418,-28.3013094546,98.6019644328,119.692423673,119.932792549
109782,0.0182604790419,-11.2123502918,-36.3679508207,-33.2770212131,104.444937242,94.2931487211,109.563356512
110103,0.0183138722555,-12.830231636,-23.6185080085,-38.5857664543,95.6954089145,77.2268402997,114.431410997
110424,0.0183672654691,13.095882003,-36.7192901683,-46.4243841149,100.380757719,93.3667032601,115.952227504
110745,0.0184206586826,20.6791974396,-41.0651330666,-50.1199619526,119.343786785,112.854883557,120.300074321
111066,0.0184740518962,-4.41424644021,-34.192169856,-35.4596937627,131.962655506,137.40097248,137.974645272
111387,0.0185274451098,22.3141086061,-25.6347649469,-64.0257019992,146.350453295,149.31531843,156.591253966
111708,0.0185808383234,-11.4258839042,-9.24770222644,-47.6096235166,168.800572446,169.193367696,174.143117876
112029,0.0186342315369,-3.40697773583,-26.7541388919,-40.9195256156,156.299310075,153.565594723,178.417009061
112350,0.0186876247505,-11.5149458909,-20.161588593,-44.0425679655,136.504841041,127.042793063,170.408284749
112671,0.0187410179641,-5.31520832493,-22.6729496164,-42.8591327293,147.806595154,148.346547736,163.870412499
112992,0.0187944111776,-30.6638835238,-30.3197050111,-9.2669832264,168.101116629,190.820716355,179.063915729
113313,0.0188478043912,-39.7946869899,-23.8279642598,-9.20424939718,161.417283208,172.278328102,169.647659694
113634,0.0189011976048,-46.575457713,-23.6403008514,-1.3365777418,168.752549207,176.474397626,165.827378405
113955,0.0189545908184,-45.1125994638,-25.0330273582,-3.47498719963,169.824045398,185.455681677,157.831847241
114276,0.0190079840319,-76.6326295021,-42.7329031566,42.6019186359,195.189554898,219.911263898,178.911228355
114597,0.0190613772455,-97.7495866882,-32.2236773247,45.2525144598,288.218302287,343.08740389,284.079305221
114918,0.0191147704591,-136.291160886,-59.2753156822,91.0440740337,427.46830559,475.703727842,432.319736914
115239,0.0191681636727,-145.91351573,-18.8014511937,35.0924089231,549.480197348,564.800729337,555.213223222
115560,0.0192215568862,-209.713966218,-89.3153528217,121.464516336,748.231327162,766.824259308,762.405255656
115881,0.0192749500998,-308.690847668,-195.998261471,256.562381722,995.797813144,948.617972689,1002.10209248
116202,0.0193283433134,-304.994603352,-302.483638488,283.98628145,1060.53002863,1056.45433322,1153.72553201
116523,0.0193817365269,-259.85522948,-378.548754318,248.569203639,1065.06105221,1148.36638504,1185.81749626
116844,0.0194351297405,-311.271817712,-194.323355433,79.1286364519,1056.05212166,1085.69997925,1075.79311797
117165,0.0194885229541,-143.107528468,-124.90228608,-109.854065545,672.894561253,734.89568199,655.65028643
117486,0.0195419161677,-137.591768367,-196.534998727,-52.2085823435,592.465360744,678.939279115,647.086431169
117807,0.0195953093812,-73.7043372875,-271.687906048,-47.3378899551,627.84771935,697.591905156,690.536558873
118128,0.0196487025948,-65.5144853141,-256.739764401,-60.2479056345,594.059297862,675.033757021,606.205712776
118449,0.0197020958084,-109.433007117,-152.690677189,-106.392418138,585.894988457,676.933558351,606.397309073
118770,0.019755489022,-87.6924452718,-192.282396139,-95.5244419443,630.951779787,773.451288942,657.434974991
119091,0.0198088822355,-72.3590792473,-251.720339143,-66.0155757303,619.2520453,795.081508352,694.380836992
119412,0.0198622754491,-84.4384581204,-230.193131751,-83.1918246267,564.571848592,749.8576924,623.826657977
119733,0.0199156686627,-56.4488241644,-184.035722459,-155.795088243,497.431722692,630.87370742,567.231129361
120054,0.0199690618762,-55.6970475443,-129.784861095,-208.52782637,481.754346721,624.227535433,570.482118955
120375,0.0200224550898,-28.3537397243,-220.632827999,-175.98686328,519.06467393,655.013914055,619.033340943
120696,0.0200758483034,-70.5513622858,-245.290416988,-103.872692556,548.009634975,698.988742975,608.860947889
121017,0.020129241517,-70.1900156098,-256.830421784,-41.4565371162,443.061285385,566.071193472,483.443088139
121338,0.0201826347305,-95.5906690754,-238.602943278,-35.5030492395,397.47989036,499.077086698,448.756016572
121659,0.0202360279441,-104.83150426,-305.270627078,64.5842332372,383.57703103,493.497106376,413.997924014
121980,0.0202894211577,-69.7172122025,-350.68715055,79.8285567538,409.922994853,514.364194184,414.905790167
122301,0.0203428143713,-139.40974029,-264.02930473,73.5229058365,354.877036213,413.184977531,362.651271754
122622,0.0203962075848,-147.224495959,-206.375736368,31.1792003656,363.927907389,388.197314184,369.974307343
122943,0.0204496007984,-92.829267872,-216.481385189,-13.0062051899,403.79057981,435.90839779,417.472378258
123264,0.020502994012,-16.0928094488,-216.364258928,-57.4477882416,429.550189895,461.372732164,433.796763285
123585,0.0205563872255,-80.2965189425,-152.092861886,-36.0381463964,402.59029628,423.735041375,410.998476016
123906,0.0206097804391,-109.376313721,-120.471396198,-34.7138076006,433.120327867,422.370639879,418.377029077
124227,0.0206631736527,-51.9633841641,-212.533266149,-1.20686311948,404.372468183,405.350308103,378.834115277
124548,0.0207165668663,-7.28791222601,-237.600517386,-19.0818555259,394.959796864,415.975672165,353.892549345
124869,0.0207699600798,-3.04614829265,-209.89842749,-37.7434414324,391.804311006,451.079641009,362.161151386
125190,0.0208233532934,-39.5541640391,-233.864969385,6.77885751994,388.617537362,441.792657831,349.579089271
125511,0.020876746507,-19.583711609,-225.855353408,-16.7254877707,289.639265322,368.915945953,294.258183448
125832,0.0209301397206,-35.0144982746,-185.817282804,-17.9577365107,215.29417203,303.455887655,249.224298267
126153,0.0209835329341,-34.0066400341,-145.394841801,-51.740161353,167.375026107,245.360193652,172.69712693
126474,0.0210369261477,-61.0124215216,-117.540542689,-45.7999633457,120.458488022,180.650557928,134.090797491
126795,0.0210903193613,-67.6457111528,-104.741200295,-53.1995910458,118.648834055,145.027369822,117.695394099
127116,0.0211437125749,-51.2296796675,-120.590277775,-50.3259167839,111.819659383,145.168189512,121.340745275
127437,0.0211971057884,-51.9516439375,-116.942875202,-47.0291289892,112.67100536,134.510535267,115.908000126
127758,0.021250499002,-57.6706886724,-105.761883246,-45.1268553782,110.291597911,134.113426738,117.498423462
128079,0.0213038922156,-64.9889149902,-90.6115399398,-49.2188856834,119.946367035,149.741680396,134.594123229
128400,0.0213572854291,-70.0528095202,-97.55460309,-35.2367967673,145.689089838,207.083161878,181.520699374
128721,0.0214106786427,-34.1894562201,-96.7615631071,-38.9416650572,183.651651906,237.79137792,210.039286857
129042,0.0214640718563,-42.4990937332,-88.2982859658,-35.4019301266,195.485456094,234.015599012,188.720264345
129363,0.0215174650699,-38.1192500459,-82.3452792777,-33.61772177,127.329956989,150.692651793,113.831442135
129684,0.0215708582834,-48.6672653841,-53.3664337961,-47.0941081101,108.562279871,110.677110469,97.7374536099
130005,0.021624251497,-54.5093556789,-51.6785959943,-40.0125449264,107.233829246,104.754356389,97.9374244436
130326,0.0216776447106,-38.4144426513,-57.1936936857,-23.9060151611,91.337405313,112.302779306,99.1539948622
130647,0.0217310379242,-44.3214357411,-45.5484653235,-24.8686969809,113.64993823,141.773369199,125.397474572
130968,0.0217844311377,-23.4968966902,-49.5210333484,-30.2004142893,153.62741651,188.903445829,141.914785845
131289,0.0218378243513,-37.621217356,-36.4319331423,-38.5336626172,149.337634132,184.771324044,140.991846746
131610,0.0218912175649,-2.73378207201,-60.5473182328,-44.0530385868,113.976160933,154.098906044,118.478403598
131931,0.0219446107784,-3.32209384995,-63.6176124322,-39.1262266809,108.288931674,138.425502614,107.512144242
132252,0.021998003992,-15.0480295803,-60.9186602446,-26.1330527431,100.547978576,122.208985561,101.585863775
132573,0.0220513972056,6.02386418208,-74.789349,-33.8384015005,110.834850879,138.396945756,119.108638289
132894,0.0221047904192,-12.0782600491,-73.3752620531,-19.8306094353,148.658405176,167.728469145,148.129306288
133215,0.0221581836327,-8.5784146078,-98.2367933479,-5.80717528558,196.675306587,249.794278063,196.330906255
133536,0.0222115768463,-4.13523282034,-91.5400413179,-7.89697207558,219.676505616,266.306013491,196.098659314
133857,0.0222649700599,-22.8199777609,-151.112405074,70.4551644029,283.449829787,345.649267426,290.538604545
134178,0.0223183632735,-40.4048266854,-121.798281622,51.5678086446,329.311373683,347.515355223,302.0906433
134499,0.022371756487,-26.3115001475,-106.671930188,20.9457929204,291.293556525,307.451441352,248.471189272
134820,0.0224251497006,-50.9831769419,-78.5822601668,30.0373287671,220.243657946,234.486957956,206.319773991
135141,0.0224785429142,-37.0633608255,-85.2954447445,19.0256771604,220.181471843,250.486949789,203.075398756
135462,0.0225319361277,-16.6598204338,-102.386834433,16.543317686,185.728031043,217.293265003,189.659877488
135783,0.0225853293413,-20.7856115799,-102.997467863,19.0219435617,166.555598234,229.935425551,203.674815628
136104,0.0226387225549,-20.325141035,-52.5838658266,-20.7490148204,156.656028235,178.343552397,169.676199654
136425,0.0226921157685,-21.5662756718,-65.6954129569,-6.90779831502,158.306377007,166.304505579,165.516984987
136746,0.022745508982,-27.8795952857,-77.1519087908,4.74819154114,197.953711853,213.99033055,196.433056139
137067,0.0227989021956,-27.4237035633,-59.631959873,-13.065397559,207.352971419,230.992911641,204.756057691
137388,0.0228522954092,-24.6743176077,-102.786968593,29.7972044544,189.85641151,210.171352889,197.761648535
137709,0.0229056886228,-11.8917184157,-110.208768797,26.2918720382,177.43619409,197.77262303,186.882929894
138030,0.0229590818363,12.8383106056,-102.437678024,0.651878286069,173.544617989,221.271779607,175.686755225
138351,0.0230124750499,49.4818451811,-56.798969455,-72.6952232404,162.588789234,200.369450382,182.806758916
138672,0.0230658682635,58.807233334,-75.2234567625,-68.3362709903,210.581733686,222.373934637,198.056797114
138993,0.023119261477,98.2667802041,-67.8196793053,-124.946133114,272.676253319,286.57702511,252.939065701
139314,0.0231726546906,77.5736624501,-89.1793620775,-88.3645423504,277.463550261,302.965999112,265.517542016
139635,0.0232260479042,77.8316573932,-111.931767724,-65.5625226134,290.767127829,305.713597139,266.467547884
139956,0.0232794411178,39.2816736822,-90.8845604169,-51.8385041333,270.890807558,297.100553338,265.017227512
140277,0.0233328343313,46.8838189208,-119.26157628,-21.8504023211,207.401495667,235.439451249,207.816118129
140598,0.0233862275449,18.8508338517,-121.610338175,6.07515841809,175.671316659,201.20283366,166.174282045
140919,0.0234396207585,49.4415404883,-149.372699222,-1.22190954027,149.539265681,197.490567553,149.901555244
141240,0.0234930139721,19.6931197264,-110.944627674,-3.04267904697,110.327726922,154.905305748,114.428401623
141561,0.0235464071856,9.70974317581,-91.8652101425,-8.81669215233,97.1653381002,145.403273828,98.1416433113
141882,0.0235998003992,10.6821487431,-99.3176935325,-2.13850509172,101.501514514,154.027302399,107.342089882
142203,0.0236531936128,21.6465846749,-111.835475259,0.472600771801,125.77190095,162.69541675,122.559186348
142524,0.0237065868263,23.6364291775,-139.317759373,24.6193596946,166.441675877,203.435826755,161.165862073
142845,0.0237599800399,36.4639917845,-171.437635306,40.0206135341,212.486419109,271.398945366,228.296900408
143166,0.0238133732535,45.5611021655,-220.678934929,75.9047172512,249.472874289,327.769827569,298.060646762
143487,0.0238667664671,44.0411072978,-202.63298891,61.1349985023,282.065345239,326.738342033,302.932512856
143808,0.0239201596806,7.93533680305,-193.213383925,75.2226679259,405.539702103,422.513825663,412.576572121
144129,0.0239735528942,-2.97399569628,-185.042593857,56.6854679847,507.684562596,514.774005735,486.087278618
144450,0.0240269461078,20.8783621643,-154.927757354,-15.9522732468,558.640520693,546.17137821,486.381611334
144771,0.0240803393214,28.987347692,-105.741653086,-75.6062594405,426.541627237,417.41429546,393.105764278
145092,0.0241337325349,-26.3481735279,-81.730446151,-31.7726908288,322.733870866,327.231449788,307.436382223
145413,0.0241871257485,-11.9787403266,-54.8549426874,-67.0074905545,365.060326905,373.37901555,326.037595642
145734,0.0242405189621,9.38489399818,-97.449907875,-56.5446442775,386.340909836,415.430199478,351.219023779
146055,0.0242939121756,20.1046885952,-114.716177706,-57.088535204,372.145237379,407.211064437,367.215926017
146376,0.0243473053892,38.9260791989,-166.039627337,-39.5919543115,399.7104598,450.311202816,397.824904752
146697,0.0244006986028,59.1595858992,-232.857148078,-0.319917400874,423.705150666,517.455558272,436.14477112
147018,0.0244540918164,23.7060391242,-201.611471768,2.31836987578,391.872646843,476.458830211,419.217543003
147339,0.0245074850299,-35.6802445936,-118.736390375,-22.4725686731,267.05385292,295.911095249,287.019212666
147660,0.0245608782435,-17.8475650747,-75.8601811306,-59.4025198129,188.476604057,241.55393927,207.442039383
147981,0.0246142714571,-36.2172804442,-65.39692079,-51.2456780632,162.367704512,209.390270293,175.266976881
148302,0.0246676646707,-47.009891726,-50.4588542267,-47.0501152903,125.335171991,168.460004218,148.384728751
148623,0.0247210578842,-65.6146484636,-14.2792770873,-59.5285162837,136.420284382,153.366132186,156.891444561
148944,0.0247744510978,-46.775631073,-36.1149071027,-61.8045805485,145.881049252,160.589541547,159.786500832
149265,0.0248278443114,-46.6791778551,-46.1301678077,-51.4000142185,166.23361529,210.220965766,187.538957378
149586,0.024881237525,-58.6339547972,-28.0209264211,-61.4995141891,174.951835579,190.371582768,177.061450078
149907,0.0249346307385,-71.0492738883,-37.0044146258,-47.458965426,232.99405273,255.689849058,240.652749123
150228,0.0249880239521,-77.5499674328,-94.5920624194,17.5450968261,219.357959866,275.432819244,267.860025325
150549,0.0250414171657,-66.0068777251,-119.118874518,26.5545304702,274.387393351,352.206001956,310.889880795
150870,0.0250948103792,-16.6139982752,-142.436567745,2.57983744833,277.642332249,400.943343737,369.687809836
151191,0.0251482035928,-30.8089360775,-189.077511792,48.0143702783,308.739849535,427.598335323,430.512981074
151512,0.0252015968064,29.362304592,-257.387739385,28.2174731806,484.293910499,571.465419712,598.668930132
151833,0.02525499002,-4.11126650891,-246.460620939,43.9744892621,449.119897461,567.856496851,557.73017923
152154,0.0253083832335,-13.6617001467,-247.88629613,35.7677552285,559.201141529,575.712009138,566.877102521
152475,0.0253617764471,-17.9126370269,-167.749214498,-57.8056934056,627.540398525,645.341028389,640.636338458
152796,0.0254151696607,-71.651483405,-151.085984711,-8.00685670161,489.289876293,530.408121891,562.271890454
153117,0.0254685628743,-74.860727408,-200.186130049,25.4836767015,543.49818102,560.670923379,576.959754311
153438,0.0255219560878,-79.2117610596,-177.20055891,5.34435889534,485.208412449,517.556727442,536.936309826
153759,0.0255753493014,-67.915300209,-203.632724199,3.47812989718,593.522649576,570.607635811,612.185215343
154080,0.025628742515,-80.3073292562,-222.079001227,23.7059224512,556.290546325,510.999837386,576.74597658
154401,0.0256821357285,-105.025243328,-234.205580381,57.1619277828,514.58710182,487.306281887,518.840158899
154722,0.0257355289421,-119.551656977,-255.472216937,77.0478457746,584.425325904,519.658311274,522.458458892
155043,0.0257889221557,-167.004860877,-193.969535155,50.7810679705,576.67379105,535.964111087,533.294556495
155364,0.0258423153693,-178.247907864,-224.660743555,84.6745644031,593.445486702,509.675911788,517.521823461
155685,0.0258957085828,-213.319178654,-161.815543594,69.0323156584,606.505336734,487.273889736,547.49715314
156006,0.0259491017964,-188.86985173,-117.332055113,12.8028868083,504.829289742,373.662764705,399.858938406
156327,0.02600249501,-110.716664714,-154.108447449,-34.0690302122,413.020321774,334.259148471,354.247753643
156648,0.0260558882236,-97.2952562167,-132.416409001,-36.0172242086,330.20038645,266.597631281,316.093680923
156969,0.0261092814371,-83.9946423739,-82.9827519796,-86.0540760518,256.983508986,204.795746397,266.125000572
157290,0.0261626746507,-100.003507565,-24.5094083531,-125.740333219,203.620261984,165.306602854,237.771542388
157611,0.0262160678643,-83.1970830887,-39.5797005716,-125.092986433,148.868012092,133.01292837,206.06401131
157932,0.0262694610778,-73.5083522083,-49.4978521068,-111.676990527,121.229409213,118.654765832,166.371812523
158253,0.0263228542914,-67.3946139401,-45.8826621452,-109.417178415,109.263736412,108.045940401,165.109029601
158574,0.026376247505,-71.3216540451,-46.0023509314,-102.501683748,141.872034382,141.738579438,186.425868078
158895,0.0264296407186,-57.8432815661,-50.6156176546,-102.871264917,187.483928431,187.847230122,213.828873414
159216,0.0264830339321,-91.2028479879,-33.2156989686,-72.8325495508,221.270462468,223.825346119,230.376171455
159537,0.0265364271457,-71.5970820253,-50.8431985401,-78.9871633838,235.755877961,257.625610094,237.296345326
159858,0.0265898203593,-53.1366450131,-72.8669661706,-62.7718747211,234.635704797,225.684718549,249.695148163
160179,0.0266432135729,-32.2378005837,-89.2037689406,-58.6803943294,172.32037219,182.938990393,229.904070153
160500,0.0266966067864,-63.5667535313,-39.9846081228,-68.2759528735,213.505053219,209.900859557,241.90413951
160821,0.02675,-52.0007794913,-42.1639711511,-74.356130578,223.357964924,225.257551887,238.148818614
161142,0.0268033932136,-32.4338793149,-63.2630272288,-78.380368701,224.034950224,233.053575501,233.781892224
161463,0.0268567864271,-39.4661103788,-56.967682919,-72.4667978902,206.319359806,191.000038888,203.302477264
161784,0.0269101796407,-17.6892618184,-65.0507473031,-68.7713470674,149.829221335,151.686130068,167.90209353
162105,0.0269635728543,-25.5603291186,-67.6068078667,-39.9675510948,141.222049959,144.087971049,152.127532599
162426,0.0270169660679,-20.8701265779,-73.5220158963,-27.5202083329,169.827929298,169.607661413,173.363025577
162747,0.0270703592814,-40.6494185963,-98.1543156873,13.8677953562,180.074315931,202.949251484,187.112518852
163068,0.027123752495,-46.5964157445,-110.035490649,29.293327873,213.961060039,215.712303942,207.025970031
163389,0.0271771457086,11.0001490286,-109.119348085,-19.1737321873,193.946036028,216.723772928,189.822394351
163710,0.0272305389222,4.08195724124,-116.326223635,-7.42433670395,243.450327194,272.324048733,217.060956938
164031,0.0272839321357,24.5101494606,-80.2265064175,-56.1331815152,242.121278876,256.33396629,222.415624555
164352,0.0273373253493,25.0882993368,-98.77831762,-36.3045239512,247.298996264,298.602755699,276.157935731
164673,0.0273907185629,37.0818977502,-119.474081661,-37.2420621641,268.614953227,351.939524569,305.793183414
164994,0.0274441117764,66.9737026047,-135.312072166,-66.4837845719,325.985309118,378.231895981,348.753200034
165315,0.02749750499,27.3163407809,-81.9691432748,-78.0116315708,298.358616178,338.257600457,341.864299455
165636,0.0275508982036,4.2855050133,-86.9780267689,-48.9940106389,302.28374925,367.97260162,339.739471376
165957,0.0276042914172,16.5162366365,-71.3682232577,-94.4397626859,367.656662101,462.527869355,429.704681304
166278,0.0276576846307,49.8876906888,-176.595802811,-44.1925369137,501.967838927,594.205841343,546.479485898
166599,0.0277110778443,90.1057120064,-253.457802689,-32.9744995872,559.760118307,690.795710585,616.799633542
166920,0.0277644710579,29.5387864469,-204.081562204,-12.1377774465,326.303185629,489.777400043,377.519380816
167241,0.0278178642715,59.1845870104,-254.187335332,8.09712194037,380.328728026,526.467548129,417.329786539
167562,0.027871257485,82.5424500641,-239.521817911,-36.8172328568,449.299902088,550.451198483,441.755434692
167883,0.0279246506986,42.2355520562,-244.385549933,1.06109542773,403.761822633,561.034221064,445.421567007
168204,0.0279780439122,39.4764238285,-243.771064647,6.63746400063,410.594689573,621.116823772,530.493281136
168525,0.0280314371257,144.900776799,-257.256709086,-81.707106048,464.214578947,565.746431182,499.919043641
168846,0.0280848303393,135.445057191,-220.494072823,-109.0857961,392.250782512,444.593217491,416.466487189
169167,0.0281382235529,59.7167308884,-174.141242383,-84.6006167476,353.816758785,386.397521191,385.237774249
169488,0.0281916167665,69.6262489452,-149.035841797,-107.475804052,312.416740271,409.654883239,403.109390094
169809,0.02824500998,7.14218058824,-141.781591981,-64.9228943432,318.659352663,413.677794402,425.183432436
170130,0.0282984031936,-1.58645571318,-129.910159127,-65.3770730237,316.644278015,389.937587573,454.938495248
170451,0.0283517964072,-60.1503272114,-94.9344722072,-41.0504923794,318.235054885,340.111553832,377.216140016
170772,0.0284051896208,-50.2180647796,-186.839117448,21.4836696421,370.389977492,414.767423102,406.79863531
171093,0.0284585828343,-22.9771656072,-229.256866889,25.9123154555,435.707275877,494.315833897,456.194077527
171414,0.0285119760479,-13.1095294615,-249.279092968,34.5158098243,485.837654094,544.330960716,465.418073912
171735,0.0285653692615,-97.5732168261,-242.562621185,101.96038924,527.964987761,579.148145331,531.563690519
172056,0.028618762475,-136.792351175,-172.559451284,50.1252558274,558.569451226,594.58142282,547.917193636
172377,0.0286721556886,-137.265588466,-144.104320486,3.84115882514,447.869328062,508.693362274,459.726676184
172698,0.0287255489022,-142.19140201,-156.026742471,18.8571809978,467.526084644,461.860090341,408.201983415
173019,0.0287789421158,-141.683657496,-192.506235901,63.5379613519,468.538190242,450.92210494,439.027074199
173340,0.0288323353293,-138.787386907,-228.032687162,86.5150098445,485.953266227,530.500307327,461.567255907
173661,0.0288857285429,-153.089430006,-149.405727357,30.8807257435,481.639960268,489.265311843,455.218848832
173982,0.0289391217565,-43.5983642664,-184.193589036,-16.3241802113,451.884593594,473.549411249,362.747397803
174303,0.0289925149701,-74.0388397869,-150.788967688,-9.85909768662,350.538495293,405.817781156,313.108174595
174624,0.0290459081836,-65.9355773273,-150.082084552,-14.7198334581,295.847338052,388.541204398,294.23869022
174945,0.0290993013972,-66.4311377673,-100.537729911,-62.6280925934,188.261224395,235.165994831,223.054177084
175266,0.0291526946108,-72.6585473366,-83.3972850153,-63.29106628,200.931835015,219.874415318,204.107825132
175587,0.0292060878244,-76.9860716159,-105.888145839,-23.4830040264,174.715486615,198.549659569,176.688585934
175908,0.0292594810379,-70.5701603805,-122.683500555,-9.40066861087,177.865400346,214.30313346,181.945507775
176229,0.0293128742515,-45.5529955355,-108.080489368,-32.2513587187,143.56454156,176.805178513,156.527414422
176550,0.0293662674651,-40.2334766712,-90.1251022013,-59.2983969215,125.010386167,146.21450031,129.236850721
176871,0.0294196606786,-51.9875961387,-81.015433742,-52.6301076056,106.029800171,129.291450779,120.223739714
177192,0.0294730538922,-40.0983359943,-71.1741534344,-56.6784116389,92.96568713,112.616285689,114.95089947
177513,0.0295264471058,-40.9302036419,-72.4835115902,-53.244934596,100.449113881,113.69136609,113.43127394
177834,0.0295798403194,-47.7847457487,-67.860052296,-43.2700685649,97.1752636739,106.568195544,105.423979301
178155,0.0296332335329,-47.9849157266,-58.8801027713,-38.858754206,97.5421543995,105.831213898,96.3054833563
178476,0.0296866267465,-38.7827082896,-57.6678187667,-33.5484880822,89.2500505873,98.1396755764,83.6003310362
178797,0.0297400199601,-33.4382202339,-53.4193257713,-25.02744126,84.2812361409,91.3008513571,81.9385656689
179118,0.0297934131737,-21.8043584642,-59.6988957377,-28.1299364024,105.77377515,117.184337325,106.507641954
179439,0.0298468063872,-15.5247108217,-65.5819767919,-26.8488796157,107.820646435,120.964705098,106.723848059
179760,0.0299001996008,-32.0594939255,-47.8398301269,-27.0686284521,112.70856175,118.900415444,115.302938578
180081,0.0299535928144,-34.0409181342,-42.8128671563,-25.5104995383,105.514795235,120.823275227,103.264401696
180402,0.0300069860279,-23.0308065598,-55.4792419096,-18.0106193908,126.86251946,158.169686938,117.315540439
180723,0.0300603792415,-13.8717187171,-69.5056570061,-15.8357086302,117.991177437,153.949837951,116.136372385
181044,0.0301137724551,-42.8425382623,-54.6639048012,1.38298930841,119.004813239,137.070002793,116.233777976
181365,0.0301671656687,-48.4606443577,-87.2472381571,41.9453152489,163.339539615,179.393124657,179.746338744
181686,0.0302205588822,-9.10234748455,-127.602091516,46.4200343341,171.435508058,211.182575368,208.62560974
182007,0.0302739520958,-11.1098786116,-124.67572918,40.8077714423,168.805476901,207.295287787,196.646088783
182328,0.0303273453094,-40.1039997488,-86.8926257297,33.4495205406,191.799900326,199.36529137,198.271220248
182649,0.030380738523,-52.9569329266,-115.489885728,67.0117603434,199.441457756,210.059537478,207.904939614
182970,0.0304341317365,-43.2323832373,-86.7630504313,26.3764398775,201.601985673,234.42772044,198.460434767
183291,0.0304875249501,-42.0470063556,-77.3511589531,12.8340609865,185.375462148,222.84125584,183.9853794
183612,0.0305409181637,-55.6085990644,-78.0054409652,24.6132682871,171.935263222,201.723663156,168.825721411
183933,0.0305943113772,-72.7417679391,-99.1015985671,55.3070154215,201.778447846,226.297498911,212.765352656
184254,0.0306477045908,-17.5416244147,-125.11111505,24.2183571076,218.585739376,269.324960507,234.959220571
184575,0.0307010978044,-15.8078782436,-156.950810827,47.2096263111,261.686198048,316.918139124,265.031761967
