561,9.33133732535e-05,0.585312785801,0.705015450873
1122,0.000186626746507,3.29101067587,3.48888761116
1683,0.00027994011976,10.1495371983,10.3009520677
2244,0.000373253493014,18.4378617444,21.3898729304
2805,0.000466566866267,29.0949598354,34.4822310775
3366,0.000559880239521,35.1837702575,53.5729560297
3927,0.000653193612774,50.25158393,80.4118907719
4488,0.000746506986028,64.6410980047,96.3417615558
5049,0.000839820359281,91.2674114379,135.294070814
5610,0.000933133732535,83.9264384896,124.471284479
6171,0.00102644710579,56.2197730424,72.2910564566
6732,0.00111976047904,52.6007719795,83.9489892031
7293,0.0012130738523,65.2249330943,110.77662054
7854,0.00130638722555,98.3102410137,150.531081127
8415,0.0013997005988,82.0606597774,93.7787112951
8976,0.00149301397206,84.5842711592,100.058068645
9537,0.00158632734531,50.6203911559,60.6892297069
10098,0.00167964071856,38.9510023728,52.1853790644
10659,0.00177295409182,57.6387348905,76.3749269126
11220,0.00186626746507,58.5356091889,67.5482810672
11781,0.00195958083832,64.9457067818,72.1781654158
12342,0.00205289421158,57.9495594995,71.845209436
12903,0.00214620758483,56.8134675268,65.1314744912
13464,0.00223952095808,75.4170929134,81.0523498429
14025,0.00233283433134,140.61054424,157.79504191
14586,0.00242614770459,200.95029465,255.262981041
15147,0.00251946107784,296.636453191,357.201097594
15708,0.0026127744511,354.720948135,448.119495443
16269,0.00270608782435,478.937721426,590.680702387
16830,0.0027994011976,519.875708054,653.785467111
17391,0.00289271457086,403.851410219,482.818817394
17952,0.00298602794411,464.873220372,555.884042244
18513,0.00307934131737,507.401791095,614.692228752
19074,0.00317265469062,733.103053399,749.021391136
19635,0.00326596806387,513.591785076,561.009749657
20196,0.00335928143713,354.191565366,432.376122685
20757,0.00345259481038,116.077281502,177.576317266
21318,0.00354590818363,92.9064868876,133.283226223
21879,0.00363922155689,106.956086812,146.163313645
22440,0.00373253493014,144.144281112,223.668742798
23001,0.00382584830339,114.570872506,169.031667242
23562,0.00391916167665,174.127304975,230.339059969
24123,0.0040124750499,232.788178124,287.069294967
24684,0.00410578842315,302.237160115,431.378023268
25245,0.00419910179641,238.679150674,310.392192715
25806,0.00429241516966,229.113324262,310.288729729
26367,0.00438572854291,376.443054651,468.577305012
26928,0.00447904191617,489.091305648,631.137288621
27489,0.00457235528942,561.138540793,731.744987335
28050,0.00466566866267,307.445195707,505.675865021
28611,0.00475898203593,184.632564197,270.515051636
29172,0.00485229540918,189.248214766,235.915217608
29733,0.00494560878244,194.036211572,208.298536626
30294,0.00503892215569,197.003148292,217.108829771
30855,0.00513223552894,126.803808367,163.454236158
31416,0.0052255489022,199.486981056,248.432192016
