1202,0.000199933466401,0.0142373587392,0.00665370176994,14.2089408575,6.64042092809
2404,0.000399866932801,0.019694543241,0.012737244221,19.6552327754,12.7118205799
3606,0.000599800399202,0.0284071751998,0.0226337745604,28.3504742513,22.5885973656
4808,0.000799733865602,0.039470279785,0.0353597508594,39.3914967914,35.2891725144
6010,0.000999667332003,0.0495516577566,0.0459540977907,49.4527522521,45.8623730446
7212,0.0011996007984,0.0583511461119,0.0546992019635,58.2346767584,54.5900219197
8414,0.0013995342648,0.0658797374498,0.062395834609,65.7482409679,62.271292025
9616,0.0015994677312,0.0753813028811,0.0721910875464,75.2308411987,72.0469935593
10818,0.0017994011976,0.0862757179037,0.0835906567278,86.1035108819,83.4238091096
12020,0.00199933466401,0.0985660086107,0.096939847441,98.3692700705,96.7463547315
13222,0.00219926813041,0.110816229917,0.108372378257,110.595039837,108.156066125
14424,0.00239920159681,0.120728529175,0.118813896775,120.487554067,118.576743289
15626,0.00259913506321,0.125745704682,0.122619487292,125.494715252,122.374737816
16828,0.00279906852961,0.143962414227,0.136280172653,143.675064099,136.008156341
18030,0.00299900199601,0.169849500868,0.158808816452,169.510479909,158.491832786
19232,0.00319893546241,0.208115513545,0.195424005001,207.700113318,195.033937126
20434,0.00339886892881,0.249823286372,0.239608762143,249.324637098,239.13050114
21636,0.00359880239521,0.264819924812,0.262824329583,264.291342128,262.299730123
22838,0.00379873586161,0.292466695785,0.30070764801,291.882929925,300.107433144
24040,0.00399866932801,0.353782597698,0.378808513591,353.076444808,378.052408774
25242,0.00419860279441,0.415799661398,0.464571375013,414.969721954,463.64408684
26444,0.00439853626081,0.390957175955,0.433877018549,390.176822311,433.010996556
27646,0.00459846972721,0.376523124418,0.418331124271,375.771581255,417.496132007
28848,0.00479840319361,0.360224607063,0.388205951806,359.505595871,387.431089627
30050,0.00499833666001,0.339921978329,0.359493884235,339.243491346,358.776331572
31252,0.00519827012641,0.342533343483,0.365267258797,341.849644194,364.538182432
32454,0.00539820359281,0.36435665881,0.388819266187,363.62940001,388.043179827
33656,0.00559813705921,0.417986590389,0.45072406544,417.152285817,449.824416607
34858,0.00579807052562,0.431866897741,0.458555366736,431.004887965,457.640086563
36060,0.00599800399202,0.44424249109,0.463089198462,443.355779531,462.164868724
37262,0.00619793745842,0.489990352521,0.510082375806,489.012327865,509.064247311
38464,0.00639787092482,0.582696760673,0.613498308835,581.533693286,612.273761313
39666,0.00659780439122,0.535521554692,0.581660979267,534.452649393,580.499979308
40868,0.00679773785762,0.491682543906,0.525221571938,490.701141622,524.173225487
42070,0.00699767132402,0.442455151142,0.478858541558,441.572007127,477.902736086
43272,0.00719760479042,0.490550127949,0.534761344839,489.570985977,533.693956925
44474,0.00739753825682,0.470339985131,0.498092322825,469.401182765,497.098126572
45676,0.00759747172322,0.463532011004,0.492790111767,462.606797409,491.80649877
46878,0.00779740518962,0.380335544511,0.395710338202,379.576391727,394.920497207
48080,0.00799733865602,0.337255776382,0.336923048317,336.58261116,336.250547223
49282,0.00819727212242,0.321723105985,0.317306986297,321.080944096,316.673639019
50484,0.00839720558882,0.320994202635,0.328455862948,320.353495644,327.800262423
51686,0.00859713905522,0.355327521652,0.377945064333,354.618285082,377.190682967
52888,0.00879707252162,0.417612355223,0.480843591163,416.778797627,479.883823516
54090,0.00899700598802,0.438667182282,0.562054381265,437.791599084,560.932516233
55292,0.00919693945442,0.45609195879,0.579569177033,455.181595599,578.412352328
56494,0.00939687292083,0.419717773173,0.528407782442,418.880013146,527.353076289
57696,0.00959680638723,0.409260066161,0.483346924037,408.443179801,482.382159718
58898,0.00979673985363,0.425793397528,0.494609563447,424.943510507,493.62231881
60100,0.00999667332003,0.511854275222,0.579581506078,510.832610002,578.424656765
61302,0.0101966067864,0.530633850645,0.597811868415,529.574701242,596.618631153
62504,0.0103965402528,0.569996929035,0.656858202049,568.859210614,655.547107833
63706,0.0105964737192,0.561078701745,0.638380762318,559.958784177,637.106549219
64908,0.0107964071856,0.623489303435,0.705513540849,622.244813807,704.105330188
66110,0.010996340652,0.610640143348,0.702710365644,609.421300747,701.307750143
67312,0.0111962741184,0.584808639097,0.646777341123,583.641356385,645.486368387
68514,0.0113962075848,0.547689210873,0.624124778103,546.596018835,622.879020063
69716,0.0115961410512,0.582084459975,0.677498476978,580.922614746,676.146184608
70918,0.0117960745176,0.443618591185,0.54057495214,442.733124935,539.49596022
72120,0.011996007984,0.359911347857,0.445549910892,359.192961934,444.660589713
73322,0.0121959414504,0.338617411287,0.423979138436,337.94152823,423.132872691
74524,0.0123958749168,0.301360257488,0.367618838191,300.758740008,366.885068055
75726,0.0125958083832,0.243426432839,0.285547371448,242.940551735,284.977416615
76928,0.0127957418496,0.200558866018,0.23008807822,200.15854892,229.628820579
78130,0.012995675316,0.171910623902,0.190635608957,171.567488925,190.255098759
79332,0.0131956087824,0.153952823287,0.164919699524,153.645532223,164.590518487
80534,0.0133955422488,0.142857214237,0.143561631617,142.572070097,143.275081454
81736,0.0135954757152,0.13509697768,0.127947120612,134.827323034,127.691737138
82938,0.0137954091816,0.146658414448,0.132722924887,146.365683082,132.458008869
84140,0.013995342648,0.176961185672,0.16675288577,176.607969733,166.420045679
85342,0.0141952761144,0.18119990067,0.172586286503,180.838224221,172.241802898
86544,0.0143952095808,0.205845113833,0.201452129062,205.434245343,201.050029004
87746,0.0145951430472,0.244296383233,0.254847665774,243.808765702,254.338987799
88948,0.0147950765136,0.298877741495,0.321840651238,298.281179137,321.198254729
90150,0.01499500998,0.338240264085,0.37841605333,337.565133817,377.660731866
91352,0.0151949434464,0.347307033025,0.384083573611,346.613805414,383.316939732
92554,0.0153948769128,0.347721722632,0.366551026249,347.027667298,365.819387475
93756,0.0155948103792,0.371735234642,0.406086829588,370.993248146,405.276277034
94958,0.0157947438456,0.359558615301,0.392174251352,358.840933434,391.391468416
96160,0.015994677312,0.355233628574,0.383009894897,354.524579416,382.245404089
97362,0.0161946107784,0.409913590144,0.429321022441,409.095399345,428.464094252
98564,0.0163945442448,0.506967772156,0.49871069453,505.955860435,497.715264002
99766,0.0165944777112,0.592065215108,0.568806629803,590.883448211,567.671287229
100968,0.0167944111776,0.610635433907,0.577281970798,609.416600706,576.129711375
102170,0.016994344644,0.728820470974,0.753236208443,727.365739495,751.732742958
103372,0.0171942781104,0.811577179163,0.84507412404,809.957264634,843.387349342
104574,0.0173942115768,0.818296841236,0.823700059606,816.663514208,822.055947711
105776,0.0175941450432,0.81043504834,0.822908911103,808.817413513,821.266378346
106978,0.0177940785096,0.80294080571,0.827444141086,801.338129451,825.792555974
108180,0.017994011976,0.872624392053,0.892049797431,870.882626799,890.269258914
109382,0.0181939454424,1.02578510294,1.05037437705,1023.73762769,1048.27782141
110584,0.0183938789088,1.12774625941,1.10549117667,1125.49526887,1103.28460745
111786,0.0185938123752,1.24029922011,1.27318567668,1237.82357296,1270.64438791
112988,0.0187937458417,0.967564986482,0.964863158054,965.633719044,962.937283487
114190,0.0189936793081,0.952333254532,1.0052872219,950.432389752,1003.28066057
115392,0.0191936127745,0.970724432805,1.11426485744,968.786859086,1112.04077589
116594,0.0193935462409,0.951519871405,1.2004806976,949.620630145,1198.08452855
117796,0.0195934797073,0.760910832077,1.01193740753,759.392047981,1009.91757238
118998,0.0197934131737,0.872103034398,1.14951993235,870.362309779,1147.22548139
120200,0.0199933466401,1.09837228479,1.41411704644,1096.17992494,1411.29445753
120241,0.020000166334,1.11085234286,1.42793205771,1108.63507272,1425.08189392
