5228,0.000869594145043,0.163091774772,0.0742965678289,0.192985388668,0.159283213214,0.0675599339208,0.178351467014
10456,0.00173918829009,0.502131989948,0.309419662593,0.587777929896,0.45037399993,0.253039728453,0.493158770797
15684,0.00260878243513,0.766015012101,0.554951314969,0.893535044869,0.661252399082,0.434687489818,0.721314448448
20912,0.00347837658017,0.917399187299,0.733034682633,1.09052011467,0.75171667845,0.551795157401,0.845441590253
26140,0.00434797072522,1.03934944313,0.854940796894,1.2523683353,0.816353965162,0.616845473989,0.92930197344
31368,0.00521756487026,1.20553270019,0.972305012166,1.45980387328,0.944607635454,0.68821052937,1.10216508167
36596,0.0060871590153,1.32064701421,1.07738961179,1.61587965222,1.0580663651,0.766954024927,1.24072741894
41824,0.00695675316035,1.35794469071,1.13426210369,1.67598719002,1.09968322261,0.81339925241,1.31125768373
47052,0.00782634730539,1.40809084022,1.17963942985,1.71608710369,1.16156295329,0.859305636372,1.32723308844
52280,0.00869594145043,1.45366244374,1.21008464481,1.738106779,1.20688508456,0.887495060884,1.32520320405
57508,0.00956553559548,1.44401540339,1.21087978964,1.68139479292,1.19910082665,0.895058276534,1.27762014058
62736,0.0104351297405,1.48763273326,1.22027145747,1.6091545547,1.26588868452,0.923232323546,1.21764405806
67964,0.0113047238856,1.49290573251,1.20094880372,1.55821224554,1.31567923908,0.922801709225,1.18274601198
73192,0.0121743180306,1.4404547068,1.16812090391,1.49305434749,1.28084106451,0.906759782863,1.14058032436
78420,0.0130439121756,1.35538163686,1.10484075659,1.3932112885,1.19513413093,0.862229450716,1.06605142575
83648,0.0139135063207,1.24758122307,1.00794535657,1.27623629936,1.08177016907,0.768524301583,0.965885749676
88876,0.0147831004657,1.14626464496,0.916510861941,1.16678057805,0.982894444107,0.686285937284,0.877204646832
94104,0.0156526946108,1.07046253143,0.846180260979,1.10650612806,0.903798195103,0.61325579428,0.812764095271
99332,0.0165222887558,1.00970891603,0.797469734247,1.07149437068,0.843147766923,0.560481830175,0.777067231658
104560,0.0173918829009,0.98965936828,0.780543908501,1.08517551021,0.818065944923,0.546968268683,0.797667676974
109788,0.0182614770459,0.982520437978,0.767816162502,1.09973060505,0.802788102983,0.546877471109,0.790220271351
115016,0.019131071191,1.00045761248,0.784221476274,1.1249440651,0.822074257496,0.57670287125,0.801229265878
120244,0.020000665336,1.01669419671,0.815465467293,1.15135561564,0.842957808654,0.609040927537,0.823772333333
125472,0.020870259481,1.05791099897,0.87414815988,1.20376416402,0.865659258434,0.658919725203,0.880320898227
130700,0.0217398536261,1.14254526493,0.951261106464,1.28439213506,0.921264979111,0.731422349316,0.959999584151
135928,0.0226094477711,1.241172966,1.03790175827,1.38261825649,1.00795589874,0.81204135557,1.03920372842
141156,0.0234790419162,1.30711085358,1.11920302708,1.43463917698,1.08765465555,0.890817103535,1.08675059556
146384,0.0243486360612,1.3688200589,1.23595614812,1.48831886602,1.15384910431,0.99404718424,1.11569924807
151612,0.0252182302063,1.42253900176,1.32658612979,1.55389872061,1.19376028313,1.06226670317,1.14647427807
156840,0.0260878243513,1.49531554494,1.37663011143,1.61175358965,1.24019707005,1.08507047385,1.16261470973
162068,0.0269574184963,1.55489019397,1.41934214685,1.65968864208,1.27538668423,1.06162575401,1.19073575738
167296,0.0278270126414,1.72154280697,1.55106786253,1.87756924387,1.40207992892,1.12950862967,1.42261602905
172524,0.0286966067864,1.99477873131,1.73560093638,2.2285775685,1.710813706,1.29503441646,1.78737691405
177752,0.0295662009315,2.25519542708,1.90612138038,2.55125425755,2.03987967805,1.47419842803,2.1079570764
182980,0.0304357950765,2.40013313629,2.07949627463,2.7736847648,2.20277262497,1.64821326447,2.29316707342
188208,0.0313053892216,2.53115615842,2.24095726825,3.0332956322,2.31732596674,1.83518399551,2.52279834564
193436,0.0321749833666,2.65477873711,2.48589759913,3.27079681303,2.36002865824,2.03331510456,2.73681423896
198664,0.0330445775116,2.94505903067,2.8066170606,3.68096033552,2.6102398402,2.33532868872,3.18628378154
203892,0.0339141716567,3.39345382198,3.11521931668,4.12995659167,3.0248584282,2.64231747062,3.60594060202
209120,0.0347837658017,3.93309341318,3.55416586674,4.63745878929,3.4817792771,3.03105344781,4.05931392669
214348,0.0356533599468,4.40160658297,4.01497055558,5.20260852449,3.83979887293,3.44555888884,4.4027611925
219576,0.0365229540918,4.76997638862,4.054079128,5.44262337076,4.12453732737,3.41359719342,4.38389742057
224804,0.0373925482369,4.83788767713,4.01521251727,5.52010245613,4.14383691619,3.45019902823,4.31710941729
230032,0.0382621423819,4.82437676419,3.89391007643,5.42844834003,3.97803254353,3.35621406992,4.1391073362
235260,0.0391317365269,4.72191048524,3.64163886767,5.1812282842,3.91268755386,3.07521791281,3.97316169339
240488,0.040001330672,4.39721627329,3.36533253296,4.83217719605,3.68732514176,2.78465742392,3.69078363947
245716,0.040870924817,3.86073036701,3.00948245219,4.2814886982,3.21360095173,2.43196316798,3.29706783611
250944,0.0417405189621,3.34781195553,2.70460375874,3.69656003744,2.84683893391,2.10466613114,2.83944697444
256172,0.0426101131071,3.04161785577,2.49152783086,3.32448568333,2.60097411279,1.87219382018,2.58686491273
261400,0.0434797072522,2.57409920913,2.11614482337,2.81641490637,2.15155792059,1.5379209652,2.16500762929
266628,0.0443493013972,2.2929618629,1.8619191107,2.47554164066,1.84849793233,1.34544641443,1.89351547097
271856,0.0452188955422,2.30820264401,1.80093069996,2.47332035667,1.85611991647,1.32459415008,1.98422182692
277084,0.0460884896873,2.41760496983,1.83150429103,2.60634703128,1.98880401237,1.42240524503,2.18999216019
282312,0.0469580838323,2.43851213355,1.83372850726,2.57503471503,2.02374452704,1.46597508035,2.18032149719
287540,0.0478276779774,2.33675012219,1.76048335231,2.43456493484,1.96078364201,1.42326596819,2.06828492869
292768,0.0486972721224,2.30647191855,1.71594564852,2.4382118877,1.96828780983,1.37995646419,2.10857985822
297996,0.0495668662675,2.36022743567,1.6758548026,2.46389298152,2.08405891533,1.3274564362,2.145493038
303224,0.0504364604125,2.2702930206,1.60448234709,2.41706810348,1.99463432828,1.25199847594,2.1134157439
308452,0.0513060545576,2.28210992462,1.60816665054,2.55286835002,1.92439988327,1.2278683056,2.25956690771
313680,0.0521756487026,2.29412675981,1.67341326179,2.62637638385,1.8645833232,1.23716733361,2.28435510633
318908,0.0530452428476,2.36198954753,1.80700111721,2.73325856861,1.85402275707,1.28948191032,2.32786375814
324136,0.0539148369927,2.46394421212,1.99506879084,2.86293780764,1.87184908141,1.40995727431,2.38828851043
329364,0.0547844311377,2.48564752683,2.09160940923,2.86998234604,1.82370988501,1.51933486714,2.34460810485
334592,0.0556540252828,2.4999564183,2.14127165452,2.87531794296,1.78459541207,1.6070984767,2.28976480725
339820,0.0565236194278,2.62173392127,2.24130730127,3.04739541756,1.90763906966,1.75046673948,2.49372528784
345048,0.0573932135729,2.71801408484,2.29745723644,3.19692971896,2.01594024237,1.82408535343,2.63979056521
350276,0.0582628077179,2.5712672519,2.26066784248,3.09529022329,1.85542517579,1.72555612555,2.54019218469
355504,0.0591324018629,2.42683342247,2.1592902271,2.96248262549,1.69727008162,1.5893298302,2.344672782
360732,0.060001996008,2.26039631694,2.00586697284,2.82039699695,1.55247207934,1.43474913743,2.19432784401
365960,0.060871590153,2.32576653885,1.98729987805,2.93445941063,1.6072419093,1.43301706583,2.32264074391
371188,0.0617411842981,2.53505330839,2.0660831675,3.11102000814,1.87277038863,1.51985266008,2.50527417022
376416,0.0626107784431,2.57605012321,2.07206973052,3.13055365264,1.92750364758,1.52625994104,2.50338159594
381644,0.0634803725882,2.5594323021,2.0729030497,3.08057379456,1.88342823707,1.52078366814,2.43179292067
386872,0.0643499667332,2.67976390873,2.21287753295,3.17384780978,1.98090336152,1.63345096842,2.45141140443
392100,0.0652195608782,2.7854071771,2.33625186554,3.31499734884,2.06864812558,1.78242382562,2.61938032888
397328,0.0660891550233,2.87982044197,2.38389429844,3.41637654642,2.06331540107,1.80587178714,2.74284032882
402556,0.0669587491683,3.07083495308,2.52932351102,3.52490216139,2.2174771352,1.90260246717,2.84910603161
407784,0.0678283433134,3.34044527632,2.80001087497,3.7614870156,2.46839946182,2.09759765183,3.04361975141
413012,0.0686979374584,3.56090279121,3.07052832432,3.90947308964,2.57251417247,2.28405331344,3.1778810444
418240,0.0695675316035,3.56368209264,3.1674890733,3.87590977997,2.55598734914,2.39956964594,3.11310751873
423468,0.0704371257485,3.4634483077,3.17020866052,3.71200463225,2.47630434383,2.42820823645,2.98217870771
428696,0.0713067198935,3.15369023474,3.03505809625,3.4203179926,2.2426331055,2.34595269193,2.70712188807
433924,0.0721763140386,2.80733995132,2.81397235039,3.10905028651,1.97867637431,2.21504300667,2.47952936964
439152,0.0730459081836,2.51471634213,2.54395536795,2.69646741491,1.76653085867,2.06536825276,2.15192041559
444380,0.0739155023287,2.25162040466,2.28723857767,2.40423796794,1.58099255769,1.89395852038,1.93511990408
449608,0.0747850964737,2.05454019479,2.05258378999,2.1388553552,1.432291125,1.69258188589,1.74588535137
454836,0.0756546906188,1.94841378561,1.90328029288,2.05004788089,1.35565295601,1.57371772832,1.71356731985
460064,0.0765242847638,1.89783506853,1.82917381777,2.02099172996,1.32983743444,1.49901496165,1.69255975183
465292,0.0773938789088,1.7966987018,1.77896388532,1.9020232138,1.26072677055,1.44754476824,1.56300297217
470520,0.0782634730539,1.83785010291,1.82217974619,1.88610939649,1.32112930582,1.5051430921,1.54645715699
475748,0.0791330671989,1.88135464021,1.80990493392,1.87381573036,1.37455437319,1.50114173068,1.55308582418
480976,0.080002661344,1.83953731051,1.75823521882,1.7869658481,1.31893715943,1.41900576834,1.4656679382
486204,0.080872255489,1.80756740908,1.73908702408,1.71306394192,1.27116259645,1.37580592494,1.3922038301
491432,0.0817418496341,1.77717163908,1.6933608864,1.66402701003,1.24770120304,1.31909031313,1.34362033315
496660,0.0826114437791,1.73491895096,1.6419097933,1.63598403203,1.20419472066,1.26937673873,1.3013966093
501888,0.0834810379242,1.6801335617,1.55672277558,1.58830655815,1.1611268487,1.1822284886,1.23594742036
507116,0.0843506320692,1.54725462861,1.43414183188,1.4934559469,1.03167909006,1.0353539643,1.12589113945
512344,0.0852202262142,1.34467333434,1.2658232986,1.31259920719,0.852134272516,0.865654530835,0.956082211588
517572,0.0860898203593,1.14484914922,1.09129520466,1.1358483173,0.686970454787,0.716632426032,0.803502343542
522800,0.0869594145043,1.02386422365,0.968077250969,1.01468258345,0.618922263119,0.626053732385,0.710059932945
528028,0.0878290086494,0.947853705243,0.88665448349,0.952961117344,0.576422444903,0.580978803529,0.656255226014
533256,0.0886986027944,0.876478585582,0.813393794585,0.901824006089,0.532559532877,0.543617478734,0.616277064119
538484,0.0895681969395,0.817365847006,0.748008762797,0.85040406203,0.497030080568,0.504030829957,0.583106723116
543712,0.0904377910845,0.781273830444,0.711107544277,0.835189839018,0.475868680547,0.477894837919,0.583062866762
548940,0.0913073852295,0.761864729196,0.692413027897,0.826473601088,0.467676254176,0.462194596707,0.589449645081
554168,0.0921769793746,0.764559017254,0.695344642599,0.843181932526,0.469958056574,0.460531085438,0.607576280007
559396,0.0930465735196,0.778453246285,0.708634132264,0.866680396432,0.482537321822,0.469079870664,0.625490614527
564624,0.0939161676647,0.815337287092,0.720183001195,0.886208631864,0.515631051023,0.469765358489,0.637259783351
569852,0.0947857618097,0.874738686327,0.750082025517,0.92848006439,0.5725811372,0.487471715078,0.66727204539
575080,0.0956553559548,0.935083864388,0.792590954437,0.984278516584,0.636455192347,0.531209200769,0.709668730306
580308,0.0965249500998,0.939767697875,0.80413402399,0.993531112352,0.642946961146,0.544825299788,0.714755402149
585536,0.0973945442448,0.929309941433,0.796282230978,0.979020359492,0.639055183077,0.540081690448,0.69729231411
590764,0.0982641383899,0.930052426577,0.798427250516,0.968191525082,0.64445002858,0.543014125133,0.680490064248
595992,0.0991337325349,0.944101216578,0.819196313539,0.962661257112,0.67267098123,0.566154043138,0.667834599885
601220,0.10000332668,0.998499089666,0.863897236628,0.983500649244,0.744784750171,0.615669836051,0.666029082095
606448,0.100872920825,1.01043536905,0.905547531963,0.993689745721,0.758213438347,0.66847311413,0.663645955152
611676,0.10174251497,0.997239079861,0.90797116266,0.977992286423,0.756542309358,0.694659382158,0.650240364146
616904,0.102612109115,0.987334554023,0.888898124033,0.971569277491,0.74947133948,0.688795206022,0.638393496323
622132,0.10348170326,0.964792789596,0.861300385787,0.951784643456,0.740832950975,0.67880002731,0.627971216758
627360,0.104351297405,0.941722289847,0.82589367368,0.928732799593,0.73060767926,0.652503896021,0.611914729308
632588,0.10522089155,0.913222298499,0.788010299116,0.905537081042,0.704399457164,0.622721452549,0.593869756789
637816,0.106090485695,0.886344564545,0.751558445181,0.899309507555,0.679285877308,0.589004371189,0.589786778958
643044,0.10696007984,0.903356849691,0.728336837265,0.924787055351,0.687953581767,0.557333472894,0.601219210995
648272,0.107829673985,0.927140960184,0.718959694549,0.988418348782,0.708297421583,0.531157815068,0.655217752133
653500,0.10869926813,0.953175271564,0.72819168771,1.05713810628,0.727939576319,0.509581141951,0.71903838713
658728,0.109568862275,0.9647536858,0.734475397134,1.08743915849,0.726816662161,0.499106294027,0.739122521218
663956,0.11043845642,0.987210371454,0.741723915398,1.1406117978,0.727393776756,0.490964615755,0.797533876136
669184,0.111308050566,1.0246610313,0.753969788515,1.20797210054,0.750284661755,0.491424826175,0.875127368164
674412,0.112177644711,1.05971382223,0.772519856081,1.25778631334,0.780768458998,0.511244862641,0.927030747528
679640,0.113047238856,1.09125822761,0.779669583118,1.26969938448,0.822222923827,0.517700464133,0.932373534851
684868,0.113916833001,1.10894439666,0.805877501905,1.28279114881,0.840776673797,0.540694562546,0.939838877039
690096,0.114786427146,1.15476052953,0.859107302458,1.31978592628,0.873175211076,0.582882788179,0.975018473393
695324,0.115656021291,1.3763082741,1.02030862353,1.54171708631,1.12155575743,0.75032455578,1.22276222932
700552,0.116525615436,1.49197453233,1.12123566248,1.64449576047,1.21583588657,0.84416641054,1.30507214783
705780,0.117395209581,1.60128192637,1.17997491265,1.68769588848,1.31642297648,0.896986573721,1.30940551029
711008,0.118264803726,1.60526401388,1.22768782587,1.67290679681,1.31824633494,0.938012718189,1.26540777923
716236,0.119134397871,1.55603424276,1.22452180374,1.60541316693,1.26135795416,0.932401719722,1.18630310288
721464,0.120003992016,1.52449457266,1.21978468119,1.54367149426,1.21195070786,0.924461377067,1.11125677185
726692,0.120873586161,1.50215634261,1.17880625441,1.50167678673,1.18632147202,0.874928771064,1.05761734436
731920,0.121743180306,1.39682644825,1.08310604348,1.39466666052,1.039087107,0.772603501215,0.944170262796
737148,0.122612774451,1.33156894175,1.03271688873,1.34522208266,0.942179856763,0.71408603053,0.905156120262
742376,0.123482368596,1.29635371006,1.01519804099,1.32916340519,0.896475442329,0.701457132292,0.889135775604
747604,0.124351962741,1.28277240736,1.02248544836,1.33820622428,0.899230264965,0.732206440057,0.902490823673
752832,0.125221556886,1.26821529791,1.0200916243,1.34298989776,0.902691513846,0.742035766487,0.925908243558
758060,0.126091151031,1.25332805354,1.03180701833,1.36601380028,0.88799954327,0.752104088504,0.984147138644
763288,0.126960745176,1.25831062304,1.03885056903,1.37143034579,0.905574726319,0.774795157969,1.03429098126
768516,0.127830339321,1.23625394893,1.01623646063,1.34715247504,0.8990493592,0.756153270137,1.02698127821
773744,0.128699933466,1.19426403079,0.973298091699,1.28751759081,0.868012279949,0.723666637696,0.959084424593
778972,0.129569527611,1.1624035703,0.924410818007,1.24222309432,0.849028491582,0.683126655765,0.89291666034
784200,0.130439121756,1.14043895498,0.889058562375,1.21751471019,0.842057513704,0.656374495983,0.87231722805
789428,0.131308715902,1.10121648054,0.859931223644,1.19589402139,0.815049815881,0.632767810578,0.868944770182
794656,0.132178310047,1.05637203357,0.835657037098,1.15405539389,0.774385318002,0.614038543888,0.839820550601
799884,0.133047904192,1.04480094797,0.837059866686,1.13722345719,0.781323853058,0.63489450622,0.840247672244
805112,0.133917498337,1.02544955066,0.839667128611,1.12011920286,0.769587334258,0.650833554129,0.829770989688
810340,0.134787092482,0.989644557381,0.827995330005,1.09670764285,0.741077261883,0.648626933576,0.817420625655
815568,0.135656686627,0.949307354001,0.801675967839,1.05106351014,0.695279181065,0.606491580657,0.776816329047
820796,0.136526280772,0.926036459009,0.773788093213,1.01138589821,0.647680903869,0.562335467979,0.732333288507
826024,0.137395874917,0.91539243984,0.779670271602,1.00194391004,0.627987668884,0.565424580859,0.721291400661
831252,0.138265469062,0.934301343584,0.806793894164,1.04463581936,0.632845006956,0.580278955387,0.761113277226
836480,0.139135063207,0.979456522549,0.857421490854,1.13565498218,0.662998328877,0.61720747388,0.842494718148
841708,0.140004657352,1.05171566167,0.945636241281,1.23803347093,0.717739395431,0.659098953292,0.924958274467
846936,0.140874251497,1.14936839928,1.02356845194,1.34390540641,0.790070214404,0.714260824383,1.01667196491
852164,0.141743845642,1.27885459112,1.12734180118,1.53925040814,0.895627331582,0.806855277169,1.19988817195
857392,0.142613439787,1.40269764255,1.23974421237,1.66809560954,0.983955386403,0.885950124671,1.32614168316
862620,0.143483033932,1.51624969289,1.32187181535,1.7937482501,1.05609744353,0.925795648095,1.38557817534
867848,0.144352628077,1.67629210162,1.44778607296,1.94042566637,1.17013204873,1.0335329165,1.48940624395
873076,0.145222222222,1.87981814547,1.58742438576,2.11777839929,1.33790828548,1.17262077064,1.62518950204
878304,0.146091816367,1.99619684317,1.6998822043,2.23189839334,1.44091673349,1.28372139245,1.7159842779
883532,0.146961410512,2.01455614844,1.76344962212,2.24984518986,1.45347496391,1.33865763864,1.73730577254
888760,0.147831004657,2.0394021661,1.86415027063,2.28546257539,1.47484314515,1.44190657556,1.7576855239
893988,0.148700598802,2.09794487492,1.9822742362,2.31819655546,1.51401735785,1.56290073496,1.78518610743
899216,0.149570192947,2.2952224262,2.17426028094,2.45788169442,1.67277754418,1.71186689484,1.88315652885
904444,0.150439787092,2.51250116766,2.40186884964,2.72625676472,1.86332373328,1.89975784642,2.1113362754
909672,0.151309381238,2.76876593632,2.63482979353,2.9945517143,2.06556209916,2.08531313508,2.32269825014
914900,0.152178975383,2.9492174375,2.76406619124,3.1503002258,2.21565517534,2.14778595883,2.45870686417
920128,0.153048569528,2.89833354037,2.72235914042,3.07341899338,2.15322957223,2.05250718148,2.41726402514
925356,0.153918163673,2.81748678856,2.66820141611,2.99818050188,2.06520629706,2.00264357317,2.37624776235
930584,0.154787757818,2.96017556477,2.68717898646,3.18956575469,2.16345784197,2.01448295486,2.54801396869
935812,0.155657351963,3.35578074813,2.95313563113,3.62749431178,2.49171250956,2.26422906871,2.92858521368
941040,0.156526946108,3.87713254246,3.26936412306,4.07851562499,2.93604596836,2.54117883713,3.31592161123
946268,0.157396540253,4.39632715869,3.59548025877,4.54093937385,3.41195343455,2.85915374527,3.70204595508
951496,0.158266134398,5.02922615181,4.02790719107,5.10876204938,3.91118394388,3.19231662609,4.1224729325
956724,0.159135728543,5.41881848894,4.3155700462,5.41018456203,4.26501342586,3.39913441675,4.29605808592
961952,0.160005322688,5.50976079936,4.29396478948,5.24768702733,4.37876602015,3.37680867889,4.06586367419
967180,0.160874916833,5.59827985448,4.40327476086,5.24663641136,4.44751722137,3.49516514817,4.01266897197
972408,0.161744510978,5.82987868111,4.60727025906,5.39447388606,4.581119456,3.60200597623,4.11985936685
977636,0.162614105123,6.17059563047,4.9789826823,5.85822812997,4.74959054039,3.79517959598,4.47309202309
982864,0.163483699268,6.31892540381,5.15597030262,6.02375657266,4.85593057831,3.92441229047,4.61973790476
988092,0.164353293413,6.00533076385,5.00080893955,5.8802395685,4.62237801043,3.75322072002,4.55167793692
993320,0.165222887558,5.6917313042,4.86731299038,5.74674806372,4.45831666602,3.62852738243,4.36756598423
998548,0.166092481703,5.39511873287,4.73477426306,5.62078977821,4.20805991247,3.54098576252,4.22380581582
1003776,0.166962075848,5.31819475041,4.63985509028,5.41218231907,4.21422900735,3.54846983076,4.02156721866
1009004,0.167831669993,5.11330132656,4.34734147526,5.06013334957,3.91833150839,3.33851237046,3.62934111413
1014232,0.168701264138,5.37205778082,4.31760400055,5.03581160422,4.11087024624,3.26408814903,3.68363600863
1019460,0.169570858283,6.07075611402,4.68205713932,5.30455782929,4.7810834604,3.55611524593,3.91677959482
1024688,0.170440452428,6.76053141924,5.23108585496,5.74566942875,5.21856105293,3.94988817983,4.18338405017
1029916,0.171310046574,7.33267667195,5.60968141406,5.94594165541,5.75991582849,4.22239216444,4.31741691034
1035144,0.172179640719,7.48976528961,5.8224106125,6.24559122987,5.75903626028,4.25198758909,4.51146402423
1040372,0.173049234864,7.77147756829,6.12214620185,6.66049113351,6.00909863163,4.46966093253,4.79734517775
1045600,0.173918829009,8.01592769664,6.21766290962,6.9325119201,5.99720780845,4.49515883869,4.9240262145
1050828,0.174788423154,9.2139479843,6.97408673968,7.97605742898,6.48270782529,4.81672858314,5.56832409566
1056056,0.175658017299,11.198317356,8.12962275218,9.92786139462,7.92587793044,5.66529212851,7.22827503247
1061284,0.176527611444,12.6753622447,9.67891406414,11.9545618059,9.45595282337,6.85446657159,9.23976730767
1066512,0.177397205589,14.0524150222,11.1500072558,13.8295505493,10.529142801,8.41442852194,11.1485902725
1071740,0.178266799734,14.1093859837,11.3360361756,13.6338416675,10.6742762655,8.65284684935,10.6825951097
1076968,0.179136393879,15.1829371247,12.1948831412,15.440363252,11.5478316873,8.79666671913,12.260375067
1082196,0.180005988024,17.2110833215,14.4126231726,17.9405734162,12.9348101727,9.71929372437,14.114403675
1087424,0.180875582169,18.9684359833,16.7667867635,19.4454894272,13.3874406941,11.5719789574,15.2071211192
1092652,0.181745176314,21.1702396751,18.269050543,22.0596899805,14.8438238688,13.0244290791,17.4326230989
1097880,0.182614770459,26.4227001199,21.8776008197,25.9086809273,18.0377293429,16.1760554946,20.1004018302
1103108,0.183484364604,29.5274579151,24.2076964402,28.1502617256,18.8950597726,17.8936801544,22.5252905807
1108336,0.184353958749,29.9919506987,24.1911630911,30.6073363033,21.0202491728,18.3038363517,24.7924106597
1113564,0.185223552894,32.9522261957,27.0181923064,35.2605168212,22.6025949369,20.3812722233,29.6898793596
1118792,0.186093147039,35.2531483257,27.6052032466,35.7563705997,23.815008189,20.5910331387,29.5011656499
1124020,0.186962741184,41.3884792732,30.3549124013,39.3123244951,28.734067746,23.0158931107,31.4352799989
1129248,0.187832335329,46.4686904871,34.0356185569,43.3917406823,33.7942347601,26.5850211047,34.5146157376
1134476,0.188701929474,58.9201699894,41.1690525329,50.1262145743,44.4566670862,32.4653605086,40.7587424631
1139704,0.189571523619,72.7131846022,50.6393344015,58.0520334742,57.4653406834,41.8589151543,46.2170111761
1144932,0.190441117764,61.4527900409,43.6020598635,48.7877165124,49.5762946833,34.6551827638,37.3791742284
1150160,0.19131071191,64.855891801,41.3407155734,47.5015138598,53.8300462821,32.4716722129,36.1605760818
1155388,0.192180306055,65.3932305593,38.5745070101,46.6306723856,55.7334452631,30.6346273079,36.0485412476
1160616,0.1930499002,52.1113741757,34.1129472007,41.1694069607,41.627539222,27.2130421798,31.2062599696
1165844,0.193919494345,48.9918873123,34.5152643545,38.790085013,40.2334505173,27.7762374801,30.6431351397
1171072,0.19478908849,35.7498561906,28.1446028829,29.4590503126,28.3487175405,22.6750916325,22.7317903805
1176300,0.195658682635,29.7744189878,26.171137377,27.3911487112,22.6857104669,21.5841183492,21.0433191854
1181528,0.19652827678,30.1093997493,29.0292566325,30.3975254524,23.4291597143,24.338157793,25.6953388353
1186756,0.197397870925,29.2985447941,29.8368978285,28.9345203229,22.0871890737,24.7015308658,24.6397699616
1191984,0.19826746507,30.945498464,31.4382083023,30.0684561007,22.5050563201,25.9968927859,25.6680908031
1197212,0.199137059215,27.1926817037,28.9368130788,26.7869310231,18.6803690519,23.5485184194,22.2908944524
1202440,0.20000665336,24.7522722332,26.3756140483,24.9350869842,16.0654326356,21.2119470882,20.6166641999
1207668,0.200876247505,20.3146898636,21.9382297209,19.8444622084,12.8614685811,17.0147611045,15.2840220708
1212896,0.20174584165,20.6184684103,21.5216922132,19.5978326047,13.8118730341,16.9559973717,15.3616312139
1218124,0.202615435795,18.8303228167,18.3356073551,17.482849026,12.6383057139,14.1504431801,12.8883054466
1223352,0.20348502994,18.676442927,19.0557291098,18.1189310894,12.2274506045,13.7318725693,13.1978824796
1228580,0.204354624085,17.8139297497,18.3471148728,17.3556994743,11.1023931279,13.4292833587,12.6576005377
1233808,0.20522421823,17.0631343722,17.0900770269,16.2758461966,10.8934797451,12.3996441809,11.6803712926
1239036,0.206093812375,19.0363599837,17.5628698915,18.152607482,12.5227339728,12.431345273,12.9413399453
1244264,0.20696340652,23.0210080414,20.785519451,22.2174746652,15.0766677098,14.6797931637,15.8870561403
1249492,0.207833000665,23.2246140502,22.8464556324,23.9028288311,15.5683751694,15.526721085,17.2904834574
1254720,0.20870259481,29.0515657598,29.101509183,29.1043714752,18.4279290455,19.0282861676,20.8330399859
1259948,0.209572188955,36.4434519144,37.2379420981,37.2219842659,22.3945157442,24.7344677602,25.9231137941
1265176,0.2104417831,52.3816660419,53.622466056,53.1424531559,34.0571848201,36.7439654905,37.9080561542
1270404,0.211311377246,73.2144691807,74.0951805921,74.4006127076,50.9623880313,55.4526726485,53.3499458114
1275632,0.212180971391,82.1248888808,77.9545706449,81.2271141551,59.7417413281,57.3398558732,62.9053248333
1280860,0.213050565536,71.0603201963,66.7386329446,67.3878906522,52.8723506674,49.4260637946,50.9322528451
1286088,0.213920159681,71.3488968958,67.9657317709,73.2302278075,50.7279368745,48.0591642359,52.2200198468
1291316,0.214789753826,83.5112978134,82.9559068822,91.3256676289,55.7054611969,55.2467056953,64.6993931064
1296544,0.215659347971,92.2928450167,93.395992427,97.8150657069,61.3213300247,66.168739974,72.1103600766
1301772,0.216528942116,121.384057124,116.747226529,118.384389007,84.0166599992,88.7253470721,89.1551597713
1307000,0.217398536261,120.003047908,115.541658651,113.655844418,84.288556591,88.747011589,89.9185188445
1312228,0.218268130406,118.485586907,119.436837047,112.489827062,83.8242781724,88.5226267602,88.0311905369
1317456,0.219137724551,81.629534031,78.2941060063,68.6783757594,58.9895834588,55.6474899898,48.6144371579
1322684,0.220007318696,68.0661041404,65.7507301926,58.9989155145,48.4150498035,45.6212100884,42.1764873011
1327912,0.220876912841,55.3512851856,50.5784867015,48.9732653571,39.3629292131,35.0875024864,34.0902072437
1333140,0.221746506986,35.4922950649,34.807795649,34.2993619318,23.9788264153,23.80202325,24.1030024774
1338368,0.222616101131,35.3789105989,33.6580085409,35.6300504788,23.1820925753,23.5968156845,26.4161609734
1343596,0.223485695276,42.5231437512,38.1001629449,42.9259686135,27.4851862931,26.6605026092,32.0894111805
1348824,0.224355289421,50.0157775788,47.4200700889,53.8061987348,32.6068606545,33.8985828313,41.6794144811
1354052,0.225224883566,45.5123098196,44.3153794187,48.3423842594,28.8516354926,30.387556887,36.0485549236
1359280,0.226094477711,48.5187548063,45.845208138,50.5178498974,31.1811993812,32.9385227159,37.0240203192
1364508,0.226964071856,56.1912473204,53.4014446148,60.6673570871,35.3040108589,36.8590280514,43.0903635032
1369736,0.227833666001,57.602579636,51.028616714,61.3397915993,37.4298033193,36.0114056297,44.7264401836
1374964,0.228703260146,60.0033084431,54.5387389438,60.8382252452,42.7514969366,39.4246474475,45.0188461496
1380192,0.229572854291,71.4023274946,64.6601303104,67.7379555022,49.2434626069,48.1424977312,49.4549583023
1385420,0.230442448436,58.8437777502,51.9068240486,54.3757282836,37.213024426,34.7009645636,37.0416981459
1390648,0.231312042582,58.6628864802,50.1734258819,53.9302481558,37.8494026121,33.7689481847,38.2104023786
1395876,0.232181636727,50.5679505791,43.9034511255,44.0649162317,34.2931201448,30.4070214694,30.3064195293
1401104,0.233051230872,54.1765924512,49.5247937004,50.6820850969,39.2740003074,35.2189252799,37.8173276791
1406332,0.233920825017,63.6338808313,58.551392451,60.3277691081,45.6118287703,41.8459114401,44.3974153533
1411560,0.234790419162,93.8012353403,83.0592264604,89.5315792031,68.3563208977,59.0845023176,63.9977760252
1416788,0.235660013307,168.644498638,143.676612678,159.952131153,121.206440487,103.292645766,109.417734769
1422016,0.236529607452,187.569334055,160.687542909,209.475349758,134.509510861,114.532914837,141.220419549
1427244,0.237399201597,122.106993497,97.2680913559,132.48908013,86.568130727,65.8991828307,89.5157195776
1432472,0.238268795742,145.885801287,108.389054318,160.766652525,109.828480879,75.8243399373,114.35462169
1437700,0.239138389887,121.384095334,106.206244156,138.102942254,88.0362817367,76.2671235104,97.1599712211
1442928,0.240007984032,120.960335018,93.8269363133,129.426312719,84.1775083988,68.000583738,88.5463642288
1448156,0.240877578177,147.755572675,105.234866496,147.838479011,106.228999284,76.0808251845,97.8501705369
1453384,0.241747172322,138.915319695,103.270175154,139.665577769,98.5754750655,74.7719728079,92.7850098556
1458612,0.242616766467,126.046373104,92.5501185879,121.877355835,92.926658504,65.1959979301,83.3326690759
1463840,0.243486360612,113.129229766,80.8878620928,107.916368046,85.9480565616,56.0551505775,79.2985825549
1469068,0.244355954757,84.6704778784,60.6657562717,78.4168389852,60.6183368964,41.1458184069,52.6406214303
1474296,0.245225548902,95.6401054488,72.3570635051,93.5032511914,67.0993272969,49.239153282,64.6281108701
1479524,0.246095143047,106.598156781,80.7592160945,105.76883104,78.9091778729,57.2711352065,75.0430321205
1484752,0.246964737192,98.283073147,75.6252499568,101.290407576,74.2001974081,55.180680658,72.8726682667
1489980,0.247834331337,76.4442470864,61.8640962144,81.8046865,58.5904758365,45.0677868314,54.6936814162
1495208,0.248703925482,80.6184596529,67.5621460306,85.6842061939,62.2724016015,49.8828718974,57.580598837
1500436,0.249573519627,90.9301023718,77.2480404161,97.2818560389,73.6044813875,57.902614123,67.8011247301
1505664,0.250443113772,83.0381539733,73.0643292446,90.1815401294,66.8737815025,55.5306462717,64.399942187
1510892,0.251312707917,71.8819723533,62.1786965823,73.6155236009,56.0084811403,48.1015116513,53.0830774911
1516120,0.252182302063,59.7853077628,53.7866285735,61.1143749818,45.6401329988,41.3552175566,44.0586891694
1521348,0.253051896208,46.3350749619,41.8068759268,47.9683767203,34.4727007221,31.01642321,33.5978288333
1526576,0.253921490353,37.8971791675,34.6830038527,40.9209503132,27.5966806926,25.4614814967,28.2804066443
1531804,0.254791084498,35.8901083896,32.1319210738,37.9789316689,25.3073259954,22.5185634365,24.8058330184
1537032,0.255660678643,41.645432759,36.3480060858,42.4578825645,30.2651810144,25.1419817358,27.3605158638
1542260,0.256530272788,47.9197089068,42.1307425166,48.7652788315,34.6444105226,30.6246257561,33.1484122996
1547488,0.257399866933,53.0589910116,48.5866255942,52.2190548051,36.5840695717,35.986897873,37.2028829174
1552716,0.258269461078,56.8668994978,52.0149355007,55.9917735975,40.2271444338,38.921194262,40.3449249645
1557944,0.259139055223,52.8158118926,49.6376860729,52.0170699272,37.4325734397,35.3554952787,38.1834730725
1563172,0.260008649368,63.4994786965,52.0645014014,57.7482590416,48.9379969686,37.3309136432,42.3940824896
1568400,0.260878243513,85.1669841079,68.1479828977,79.2814343084,68.0553264917,52.0919367536,56.9052566713
1573628,0.261747837658,93.8273864125,78.9795905472,87.7579880589,70.9305550905,61.3527369694,62.6806180822
1578856,0.262617431803,84.4245608851,72.9118995818,83.3917127144,60.4267596264,52.8346620243,56.3479109377
1584084,0.263487025948,76.6152084808,64.9804460567,75.0970597333,56.3600120695,47.1770561707,51.1652651084
1589312,0.264356620093,67.4407932658,61.3240131288,71.705343497,43.9880621325,41.9115915975,45.0489884695
1594540,0.265226214238,78.0020018034,65.0054192859,78.76706488,51.9867914976,40.4155805376,48.3236135532
1599768,0.266095808383,59.8289970693,51.5035011009,70.6002240679,40.0593545978,32.1090052748,45.8111957819
1604996,0.266965402528,62.1089121971,52.7813914662,76.8018904651,40.0046531162,31.4861700364,49.670327416
1610224,0.267834996673,48.2097075882,43.5523195868,62.0849265848,32.4611335512,27.6253087706,42.3558628938
1615452,0.268704590818,39.5019490599,35.3899125664,48.2786899243,27.4048351139,22.0325672301,33.9535933352
1620680,0.269574184963,34.7139459051,29.4946582725,40.0313308267,23.9633253228,18.437548314,29.2980919913
1625908,0.270443779108,31.6137960317,24.1722376236,34.5721254578,20.7178179478,13.9839815799,23.6325706618
1631136,0.271313373253,29.2377068467,21.2020483487,28.6707961995,20.1623181029,12.3005745529,19.5185997354
1636364,0.272182967399,26.3767154642,18.9728315417,25.7375552271,18.2249516294,11.1320664204,17.0624980605
1641592,0.273052561544,23.7097635648,17.0080765043,22.3469512523,17.1701365151,10.390215675,15.1903449892
1646820,0.273922155689,21.0462053821,15.7144633652,19.7599532958,15.2141165008,9.85462546067,13.6260413932
1652048,0.274791749834,17.7329909569,13.8960042532,17.2123911471,12.3057691807,8.91416310172,11.2391309317
1657276,0.275661343979,14.9730142411,11.7940860116,14.5380907379,11.1836782887,7.78888840565,9.79855496979
1662504,0.276530938124,13.1757091824,10.3068260529,13.0581723768,10.2081348464,7.35189343117,9.25230162361
1667732,0.277400532269,13.6593292899,10.329494555,13.8876747067,11.0412721216,7.84159615555,10.2497867109
1672960,0.278270126414,14.2884641364,10.9094925012,15.3438230213,11.2256865141,8.0427114146,11.6154573456
1678188,0.279139720559,16.441621834,11.8367068905,17.3896008177,12.7875838231,8.7591352526,13.3882749989
1683416,0.280009314704,18.1040973099,12.8496948111,19.4380223761,14.114086144,9.35354060093,15.5265003099
1688644,0.280878908849,17.9973817324,12.7298212725,18.613103297,14.1678276241,9.14012264697,14.4443353381
1693872,0.281748502994,18.4341409672,13.1606932679,19.1746188062,14.9348453854,9.49620825864,14.3728141431
1699100,0.282618097139,18.6915182491,13.4965059931,19.975118468,14.704253652,9.44623693308,14.7253324816
1704328,0.283487691284,19.9171893114,14.8603990012,21.6608649563,14.7611213,9.82680220619,15.7316159974
1709556,0.284357285429,23.2975437316,17.9902704007,24.5308933784,16.479852321,11.4752030215,17.6091518446
1714784,0.285226879574,27.8297041047,21.733068963,30.4352300131,18.7984452856,14.1639542221,21.5302662244
1720012,0.286096473719,30.7157302671,24.6029665436,35.2964775463,20.0681364001,16.0071579507,26.4009877789
1725240,0.286966067864,29.2132800506,24.510729624,32.3973648527,19.6957695852,16.5822342794,25.0097509754
1730468,0.287835662009,33.4276761239,27.5343965321,36.8258385796,23.7040942706,19.6177748052,28.9158831004
1735696,0.288705256154,37.7267009454,31.6381313554,41.8075972502,28.1951542548,21.8306709832,32.299846254
1740924,0.289574850299,40.185191753,37.4638678022,45.441261702,29.8686500704,26.3461724686,33.2462479158
1746152,0.290444444444,38.4635449491,39.8906616179,42.7648524886,28.9946684649,30.5774426599,31.0389895225
1751380,0.291314038589,39.9617208249,41.603552185,43.6018244353,30.5053806335,33.282685722,31.540129969
1756608,0.292183632735,38.7954676644,41.1085340544,40.402166754,30.7720866261,33.0388260437,29.6109392553
1761836,0.29305322688,38.8131008436,39.9960645303,38.7666055706,30.9078383574,32.0524999767,27.5022779684
1767064,0.293922821025,30.5617556702,32.1942572283,32.4564706178,24.1551412936,24.6340731547,23.3855364794
1772292,0.29479241517,26.3566542711,26.8712585311,28.5157620362,20.0733414946,20.7412730243,20.8764851124
1777520,0.295662009315,24.4954932692,25.2009995739,24.9679374331,19.0998692045,19.222999307,17.5876005915
1782748,0.29653160346,23.1616016292,23.176516791,22.6754976857,19.2854071817,18.9204798331,16.6541921953
1787976,0.297401197605,20.6448685152,20.0050658342,19.1407729747,16.9671021196,16.0081340497,14.5980065518
1793204,0.29827079175,20.236290416,18.0989157563,17.9289038449,16.5577906896,13.8521940663,13.9922351543
1798432,0.299140385895,19.9223304556,16.8402008434,17.3720563432,16.3570660255,12.4371996681,13.3428287894
1803660,0.30000998004,20.2929737614,17.2806041506,18.5195728454,16.9370419544,12.5364807924,14.3650418029
1808888,0.300879574185,19.3899326015,17.2931298999,18.8096347018,16.2694324063,12.5028700813,14.5273730563
1814116,0.30174916833,18.9524051085,16.5530857148,17.7844647757,16.0463314962,12.669986803,13.7042518717
1819344,0.302618762475,19.8280102471,16.6164164078,17.6823961771,17.2958794476,13.1860753878,14.0321924809
1824572,0.30348835662,23.1831447897,18.9548668779,20.3731188621,19.9860916182,14.3304994846,15.6232229116
1829800,0.304357950765,26.4416332632,21.3652086114,23.4689535289,21.8064850964,15.0596714088,17.3393703326
1835028,0.30522754491,30.3504173543,24.2807946143,27.551642168,24.274422729,17.4471557701,20.2288528291
1840256,0.306097139055,32.5938488729,25.0186877279,28.8843173061,25.4322967342,17.539227533,20.2915917668
1845484,0.3069667332,39.0277407791,31.5040914016,36.12519335,28.8775830614,22.7876913918,25.5719301118
1850712,0.307836327345,55.72497414,43.7405016457,50.4187171308,43.9089859071,31.5577779398,37.3445945907
1855940,0.30870592149,58.8575966008,48.0079758839,54.8884146887,45.8948049651,35.4011598857,39.0892554077
1861168,0.309575515635,68.6364958248,57.1762245711,66.0036901403,50.2549064831,42.2382099379,46.5194940003
1866396,0.31044510978,92.2195865745,75.2639653766,86.4878796986,66.3287902586,53.40924956,60.2967907183
1871624,0.311314703925,112.18714748,94.3070566159,104.158909419,78.7087854928,66.758086868,76.7979853544
1876852,0.312184298071,114.831245747,102.10671697,113.225848803,76.3147200431,73.1314926666,86.6642737774
1882080,0.313053892216,88.1537651378,78.4567652804,86.1971735463,61.4376973231,58.702836105,65.3877830838
1887308,0.313923486361,76.3910571277,67.7233775689,75.8083357541,53.3849100688,49.7211155563,57.4729975613
1892536,0.314793080506,70.1223302134,56.7883428295,66.2895927434,49.4467449199,43.0224769594,47.9530786114
1897764,0.315662674651,53.7181713052,43.1468611075,47.2212159015,39.7774862037,33.598577178,34.5565412546
1902992,0.316532268796,46.6816308954,39.4359631639,44.0743675005,35.3789613787,30.7455664165,31.1089964755
1908220,0.317401862941,55.3276421132,47.0039581621,52.0211032127,42.239466057,36.2978798616,36.6089526377
1913448,0.318271457086,75.1883033567,60.2109406597,68.325119313,56.6782178263,45.7703599968,46.7402208255
1918676,0.319141051231,93.7284497513,71.9906337602,85.6550710204,70.13423309,53.5700715967,57.0979242449
1923904,0.320010645376,92.0054569414,70.1049903743,88.9200054295,68.255032177,50.9070020037,62.3475570555
1929132,0.320880239521,85.189262633,66.3800457761,88.0769231415,68.2361267917,50.558284768,66.5471924163
1934360,0.321749833666,84.7287894909,68.595817805,85.3518926932,66.875425373,49.3134912757,65.4652123355
1939588,0.322619427811,70.7587123206,60.456359147,76.3219869773,55.6428540309,44.0225757299,58.4276546275
1944816,0.323489021956,63.7032978572,50.7205725296,65.9863311395,49.7594942275,36.7522151465,50.9108271767
1950044,0.324358616101,53.6626563772,40.3008953359,54.363440245,41.4120033019,28.2507358067,41.8457284526
1955272,0.325228210246,46.808187286,35.6739512556,45.9723325929,35.3692560092,23.8907022106,33.603835781
1960500,0.326097804391,40.689990608,29.0678489243,38.9277551823,30.324903097,20.8186472301,29.0978367373
1965728,0.326967398536,47.8940465438,32.0476973705,44.3318897297,35.0656781596,21.9988044711,31.2381520007
1970956,0.327836992681,57.2753792146,40.8533671378,53.2393847684,40.9326766824,27.2561729245,35.5365799649
1976184,0.328706586826,62.1992895457,45.515606971,60.807640944,46.9006323353,31.012421429,41.3007522296
1981412,0.329576180971,69.7550452397,53.8366919563,72.8204422593,52.7801701862,36.6312215515,51.8698607251
1986640,0.330445775116,90.2496303216,68.3617158549,85.8650747318,70.9413223131,46.8645290722,62.2703085218
1991868,0.331315369261,70.4019713159,54.55967945,64.2389189198,51.892699316,38.0477902899,45.9314259586
1997096,0.332184963407,66.4302078788,51.2710241456,60.3092045838,46.8867544865,36.5708854612,42.7254284782
2002324,0.333054557552,60.5835045082,50.2908000131,57.3691558385,42.1990993522,38.3397144901,42.1102687686
2007552,0.333924151697,51.8937835707,42.8960968258,50.516204884,37.0421324085,31.8497294491,35.9183643554
2012780,0.334793745842,43.3733463746,38.4683451885,43.4115377574,30.8696370181,28.5838847936,30.0128066744
2018008,0.335663339987,41.2763926437,36.0800961089,40.0647315318,26.9665631819,25.6531171366,28.6160666117
2023236,0.336532934132,36.8791852632,32.2778830919,36.5218463169,24.0414354548,23.004503532,26.8769019438
2028464,0.337402528277,29.2464875939,26.7572001732,29.4236293147,18.2159806353,18.8450341697,21.5445094716
2033692,0.338272122422,25.9729369935,21.9054896282,26.2401579397,17.2850161524,14.4787273332,19.1199867934
2038920,0.339141716567,20.802307896,18.1465124814,21.3645066931,14.3023156062,12.3282991416,15.5995248523
2044148,0.340011310712,18.8840603258,17.0497221919,19.2343763716,13.8523497453,12.8616446512,15.1292356984
2049376,0.340880904857,22.9362420829,22.4174006112,23.6197916197,17.6625684369,19.3982322282,20.4162194559
2054604,0.341750499002,25.8683375732,25.4153403138,26.865730502,20.32044072,22.1820541928,24.1059435771
2059832,0.342620093147,24.265218735,22.4103432161,24.5229290826,19.934258873,18.6454117923,20.9283383793
2065060,0.343489687292,25.4325632599,22.9869177894,25.5212872537,21.6883441335,19.0390779957,21.6364299265
2070288,0.344359281437,21.7557464985,19.5998335052,22.7293668121,17.9713526722,16.497924005,19.0349608445
2075516,0.345228875582,19.1109406776,17.5545000423,19.6341600697,15.2367684299,14.5424486749,15.7586607472
2080744,0.346098469727,18.8346282065,17.4116350551,18.8511176107,14.9938640229,14.4394275435,14.6735438462
2085972,0.346968063872,17.6542757462,16.1735039054,17.2185345017,14.1397676023,13.3628304693,13.3684593693
2091200,0.347837658017,15.3715560004,13.6533617031,15.0413573624,11.5653166886,10.7610998051,11.0829248575
2096428,0.348707252162,13.1561290498,11.3534553569,13.0561085562,9.67201577848,8.60962560917,9.75641359769
2101656,0.349576846307,12.0974081783,10.1786584605,11.9418812675,8.85239466369,7.61490899085,8.85470107584
2106884,0.350446440452,11.1579572763,9.48592041679,10.9280732491,8.2321771885,7.04029311788,7.98254893248
2112112,0.351316034597,9.69617462164,8.90641966769,9.9661377394,6.95233317942,6.49849922021,7.45061047747
2117340,0.352185628743,7.96339626894,7.7982621494,8.11509386198,5.54511292797,5.77351070339,5.98475233801
2122568,0.353055222888,7.07250103355,6.73559965617,6.96952690929,4.81297164196,4.85853480516,5.02936421371
2127796,0.353924817033,6.62440563131,6.11276671733,6.43931534294,4.42396147241,4.38261325197,4.60344885867
2133024,0.354794411178,6.17721851781,5.55469966308,6.08016428677,4.27891410438,4.06014245946,4.39521978813
2138252,0.355664005323,5.68956774256,5.07494110413,5.70402757094,4.05872288627,3.78358846559,4.18212564738
2143480,0.356533599468,4.89498563364,4.41790170583,4.95518015357,3.58141120573,3.2935236282,3.68008432066
2148708,0.357403193613,4.51985504052,4.20475874263,4.68604710809,3.29318038334,3.12243589609,3.43625457197
2153936,0.358272787758,4.45118925226,4.32404270799,4.81401503412,3.22049381405,3.32444997446,3.67716921942
2159164,0.359142381903,4.49859366845,4.46012914626,5.02272787501,3.14503915673,3.40785835336,3.91616673864
2164392,0.360011976048,4.90482102307,4.91357878091,5.48696346686,3.34958228383,3.84065484859,4.30062350122
2169620,0.360881570193,5.77781930064,5.58157241301,6.35324345013,3.95557780042,4.27670957571,4.87230415077
2174848,0.361751164338,6.44431628176,6.01338177117,7.00595313772,4.47333489544,4.51710124482,5.40017450317
2180076,0.362620758483,6.81435642414,6.14575239827,7.22705368788,4.71246467026,4.51774392878,5.45799751358
2185304,0.363490352628,6.80290344975,6.05065016726,7.04317346521,4.69308438863,4.41097390382,5.20759562823
2190532,0.364359946773,6.7656389303,5.67481217737,6.75288820045,4.90007513201,4.11217800111,5.03490952599
2195760,0.365229540918,6.62930019756,5.41835882154,6.70168079589,5.03381943377,3.92610782156,5.07158345704
2200988,0.366099135063,6.0855702605,4.88655066526,6.26106874135,4.64598548476,3.49515727075,4.84635808285
2206216,0.366968729208,5.62152486407,4.35112237836,5.53467001689,4.25495819015,3.15628116953,4.28524241102
2211444,0.367838323353,5.76417540663,4.25508977334,5.38224770117,4.46181532235,3.10806737377,4.21290129906
2216672,0.368707917498,6.05179139566,4.37846739487,5.4300597782,4.71278572503,3.27025652513,4.32424473897
2221900,0.369577511643,6.36806823781,4.69024024352,5.73304765157,4.82504281975,3.48045072074,4.60679412287
2227128,0.370447105788,6.65870928993,4.95534098936,6.14227707841,4.90732206265,3.57476638651,4.82263703215
2232356,0.371316699933,7.15951060264,5.30968152611,6.68877027883,5.19571971897,3.85795612994,5.12905300262
2237584,0.372186294079,7.92634218815,6.03000984965,7.4884076004,5.7712321144,4.40266480514,5.54300495066
2242812,0.373055888224,9.01276633058,7.08386807275,8.56435105918,6.72825160732,5.38999717362,6.52346604236
2248040,0.373925482369,9.70631051423,7.76203966026,9.3644007205,7.3923706979,5.99190500559,7.235307806
2253268,0.374795076514,10.4300604457,8.25939948683,10.0528536474,8.08078921375,6.25223972842,7.6242727949
2258496,0.375664670659,11.1890975585,8.81044728107,10.7166839006,8.53285197056,6.29744414935,7.90717904555
2263724,0.376534264804,14.6488432211,10.8747609071,13.2670246813,11.0260600563,7.38233006739,9.26171202652
2268952,0.377403858949,16.618229499,12.0820205106,14.0016123658,12.9088799797,8.38340651078,9.725124969
2274180,0.378273453094,16.5627374351,12.513459363,13.9296265174,13.2688055479,8.99375623213,9.65764277032
2279408,0.379143047239,15.8890176364,12.3698029123,14.3413466703,12.0586422094,8.9917886746,9.95944218083
2284636,0.380012641384,18.4941376248,14.3112074979,16.7053939202,13.7345112612,10.4811968782,11.2435305616
2289864,0.380882235529,21.1863140787,16.0458035128,19.8495649501,15.9060243655,11.3971855767,13.7060679693
2295092,0.381751829674,23.2941807883,17.2435273903,22.1526800245,17.6666972559,11.7734506602,15.6436368136
2300320,0.382621423819,25.6626531665,19.1972111249,25.7528730194,19.5607889511,13.6799529839,18.7266880037
2305548,0.383491017964,28.0868794657,21.3764917011,29.086736911,21.0058307036,14.8901032268,21.4909261256
2310776,0.384360612109,32.2602497355,26.0219801593,32.8878074468,23.9890452149,18.3217498278,23.8484446494
2316004,0.385230206254,37.6376372327,32.2342786542,38.4905955556,28.416471327,24.0581700437,29.2439365859
2321232,0.386099800399,43.3312118263,36.8713948941,45.3684280147,34.5471630292,29.0371315912,36.362821552
2326460,0.386969394544,50.2187636045,44.9775026727,51.9033146948,41.1495714099,36.1598815339,42.6916670105
2331688,0.387838988689,58.5747573645,53.1124739531,61.2889941737,45.9013523663,39.7382704793,45.6552553499
2336916,0.388708582834,85.1096002091,83.4954602935,98.3094250313,65.5226577234,64.5865844089,73.2044852424
2342144,0.389578176979,91.0980632782,98.0205914904,110.602869925,70.1301197645,76.7599561697,85.8467214697
2347372,0.390447771124,70.9593104822,77.9975148246,89.1986611025,51.053546446,59.6711233791,68.5276266885
2352600,0.391317365269,89.5630980937,89.6415201841,102.771100574,65.4306969953,65.0596563726,75.0818972173
2357828,0.392186959415,85.0355117789,80.195016494,93.9973469405,62.810785035,57.5020489183,69.4489161518
2363056,0.39305655356,69.709922901,65.9341504483,84.6404838891,51.2586001077,43.9006758986,57.6779335764
2368284,0.393926147705,58.8097428825,54.7915220804,69.375794107,41.5079137003,34.2235008477,45.777639233
2373512,0.39479574185,65.8160723475,57.0938586361,70.2509933911,47.9572743452,37.1986681263,45.8150718315
2378740,0.395665335995,51.7097546138,48.7709158912,58.4330829956,37.5437840624,31.8773723007,38.6848029627
2383968,0.39653493014,48.0048726449,43.553611256,53.9877185938,35.5402147793,28.8934441561,38.3009712776
2389196,0.397404524285,42.9863145662,38.2363416781,49.0738818532,30.195587811,24.5187660794,33.7077316548
2394424,0.39827411843,42.2346369361,36.7340060565,46.4748094161,29.8354237272,24.3349392357,32.73930921
2399652,0.399143712575,35.9829612594,32.7231307127,38.8635064262,23.3140413267,21.025194288,24.8251372993
2404880,0.40001330672,35.0249706155,33.3298260152,38.9498864757,21.980354976,21.8461557452,26.7514402607
2410108,0.400882900865,47.6480243776,47.1141691205,52.9249997199,32.3606663527,33.6076423213,39.5226761551
2415336,0.40175249501,61.7685883689,59.5502305564,66.6832698252,44.6606938316,42.9119079037,50.5304344865
2420564,0.402622089155,86.8234112464,79.4022677208,89.4276409263,65.3547303065,59.1702346621,69.3122489985
2425792,0.4034916833,60.0142749436,58.3397650766,64.5211278455,46.2544384999,42.7162765723,50.1215899829
2431020,0.404361277445,56.3679548376,54.0757791301,59.2004363019,43.8283333834,38.180019914,45.8097274941
2436248,0.40523087159,63.2621136433,60.4828274393,60.4472501669,49.5383948349,42.1682138008,44.8648296532
2441476,0.406100465735,57.6756332669,55.181881723,53.2847334945,44.5780164242,37.2230279359,37.8991108037
2446704,0.40697005988,55.8993025558,52.5347802793,52.6180046884,42.1423421423,35.7658524686,38.9469569727
2451932,0.407839654025,49.1668767095,46.8159075599,46.5894079756,35.5469153104,30.7075914738,32.7868741915
2457160,0.40870924817,52.8345152932,49.7489504896,49.832212876,37.8032677231,33.5005790658,35.5105197044
2462388,0.409578842315,53.9031092762,51.1064682862,49.9929343999,38.6191338089,35.4041480483,35.7546370861
2467616,0.41044843646,53.0631297166,51.8001821528,50.5783229112,37.451399748,36.0580511786,35.3751738101
2472844,0.411318030605,51.8197738233,46.0560200572,46.2041640138,37.2121003211,32.353551963,32.2211342556
2478072,0.41218762475,46.6284547441,41.2426384155,40.3928256275,31.8047902083,27.6349183597,27.5580298649
2483300,0.413057218896,40.2000369822,36.9910552398,35.6790965537,26.8485253032,24.9988988591,24.3589606389
2488528,0.413926813041,47.5687830242,43.4148796566,40.9932705429,32.4146250337,30.2158142044,27.5949470371
2493756,0.414796407186,66.0564763038,57.6894579908,59.1898424172,43.8097914399,37.901398431,39.3608919326
2498984,0.415666001331,60.7739325403,51.7325362275,54.8852349252,41.4349505785,34.3731113066,38.9329516478
2504212,0.416535595476,54.6477124509,46.8100649778,50.9353999397,37.13078647,30.7974387501,35.6743835565
2509440,0.417405189621,52.2369932853,44.2788678375,49.9328015624,36.185631834,29.1500170542,34.9712615142
2514668,0.418274783766,57.5682237596,51.8705629792,57.8092112554,36.7009037351,34.7835189414,38.546358896
2519896,0.419144377911,56.9546458285,51.6011684256,60.7067272197,35.8157889769,33.1222883427,40.0602963819
2525124,0.420013972056,54.9806121426,48.4879708438,58.7288940925,33.0406897343,29.9315059524,39.7992622023
2530352,0.420883566201,53.8963976498,51.9263723637,56.6743420375,33.9347681883,33.6706534763,40.426054124
2535580,0.421753160346,57.6095401122,59.2679761223,63.1715707046,37.5482304225,39.6491483011,44.1152785295
2540808,0.422622754491,67.2696772321,66.9037215936,69.3363772028,46.588928893,49.4257071263,50.0612599261
2546036,0.423492348636,50.8252634407,51.0729216548,49.1908093176,34.5109237395,35.8519679527,33.6456430001
2551264,0.424361942781,56.7477073025,55.41920503,53.8224185308,38.7304727645,38.5375266481,37.3798516825
2556492,0.425231536926,54.4814149291,54.3034892032,52.98578033,36.3229755113,37.6565632294,35.7889959711
2561720,0.426101131071,56.1804864326,54.141774725,54.6115239992,35.9720077171,36.1837149973,34.1434363467
2566948,0.426970725216,58.1295862848,57.6089093798,58.2262625451,36.8051821176,37.8803147566,34.387363819
2572176,0.427840319361,52.8189980707,47.5956015589,50.5307560204,34.5027115914,31.6573236596,31.1020321052
2577404,0.428709913506,46.7441563372,38.3123066957,44.8215156252,30.7946275076,25.1468548729,29.9646105938
2582632,0.429579507651,45.3988960849,35.726939668,41.7082389378,30.6813719995,22.5055746551,28.4273698638
2587860,0.430449101796,39.8027881701,30.4220932718,38.5901235485,27.1700559036,18.9358114114,27.7336276458
2593088,0.431318695941,40.8760479427,30.3701152668,39.8220321604,28.7673392755,19.3326261671,28.6004642843
2598316,0.432188290086,38.7061969422,29.8706307464,39.3647915027,28.2130044688,19.6178080676,27.9702718861
2603544,0.433057884232,35.5269212353,29.4175640509,37.7364542364,24.6072235737,19.9727907613,25.7949762105
2608772,0.433927478377,37.4173241231,30.7726511939,40.6336525438,25.0427467871,20.0210595278,27.5186562278
2614000,0.434797072522,41.3485245828,33.2910872022,43.9991444014,28.5619701042,20.6765339226,29.5282225666
