2004,0.000333333333333,0.0,0.0,0.0,0.0,0.0,0.0
4008,0.000666666666667,0.0,0.0,0.0,0.0,0.0,0.0
6012,0.001,0.0,0.0,0.0,0.0,0.0,0.0
8016,0.00133333333333,-0.000340264644076,-0.000461512874155,0.000801529222732,0.00130451694924,0.000904373927513,0.00157066502751
10020,0.00166666666667,-0.000487087726333,-0.00143091329893,0.00191565188975,0.00346341662752,0.00265260642905,0.00417409404062
12024,0.002,-0.000109476944447,-0.00367484288783,0.00375849248588,0.00679096638285,0.00679665569647,0.00974985616546
14028,0.00233333333333,0.00104760166033,-0.0053270252733,0.00414807802476,0.00949426181889,0.0097102913276,0.0113132608156
16032,0.00266666666667,0.000922355979359,-0.00571048963802,0.00453264250827,0.00890123772403,0.0104299086825,0.0117590948662
18036,0.003,0.000847113197504,-0.00618378870295,0.00495464636019,0.0082332274498,0.011613861449,0.0117197998571
20040,0.00333333333333,0.000567517368148,-0.00589913364713,0.00482792698066,0.00744589886267,0.0111610096053,0.0109168001999
22044,0.00366666666667,-4.67767470682e-05,-0.00499790665089,0.004434144964,0.00628336629918,0.0095064518959,0.0093943374132
24048,0.004,0.00015841216182,-0.00444595365917,0.00410736673636,0.00568332039637,0.00837734744742,0.00886789069508
26052,0.00433333333333,0.00022245657556,-0.00332408940988,0.00284193629742,0.00463819086536,0.00626440888532,0.00686249893645
28056,0.00466666666667,0.00069854252573,-0.0022550926127,0.00126013668454,0.00408111301213,0.00423833341611,0.00498419750096
30060,0.005,0.000811181395861,-0.00156791695383,0.000424443672055,0.00429004741828,0.00338448797003,0.00456729772429
32064,0.00533333333333,0.000718937043413,-0.00146838359664,0.000379383121248,0.00409148625426,0.00341294079711,0.00430375325055
34068,0.00566666666667,0.00133963113042,-0.00194497320059,0.000197999894427,0.00522461141106,0.00438662993302,0.00414329512085
36072,0.006,0.00194057067713,-0.00212269459474,-0.000208242300276,0.00588864998028,0.0048496927863,0.00387656236944
38076,0.00633333333333,0.00223500611363,-0.00251281056124,0.000158917284857,0.00577896499757,0.00540530937276,0.00303699227323
40080,0.00666666666667,0.00216269562711,-0.00296710177863,0.000670859559948,0.00549096387707,0.00620357325619,0.00321537523395
42084,0.007,0.00202135301589,-0.004252595317,0.00207912507418,0.00550789983934,0.00851427384744,0.00544431851194
44088,0.00733333333333,0.00236090811308,-0.00513428070417,0.00259829246256,0.00630192015072,0.0103244254569,0.00613782066496
46092,0.00766666666667,0.00202644421882,-0.00500035642044,0.00276570017027,0.00626324985388,0.0103742180011,0.0059820808849
48096,0.008,0.00201062829556,-0.00468451125131,0.00242629825618,0.00655525619228,0.01003135552,0.00544617071959
50100,0.00833333333333,0.00213616560006,-0.00431216430279,0.00188777460569,0.007481839571,0.00951507446222,0.00486401766251
52104,0.00866666666667,0.00180658001911,-0.00427604429562,0.00213884992997,0.00792422466635,0.00953011233626,0.00496960468499
54108,0.009,0.00165529596553,-0.00406082845321,0.00203169253553,0.0082093949175,0.00954053726379,0.00506007631757
56112,0.00933333333333,0.00103229968421,-0.00340055916911,0.00195657437536,0.00783877116349,0.00884041292969,0.00513976170204
58116,0.00966666666667,-0.000187593688018,-0.00320566289543,0.00294244959558,0.0082587891926,0.00929056107681,0.00650406793556
60120,0.01,7.86316459046e-05,-0.00411623285328,0.00355556405871,0.00860693678673,0.0104641156441,0.00757078128811
62124,0.0103333333333,0.000301990084465,-0.00379223233556,0.00304350090304,0.00845810927407,0.00987957935393,0.00713933072325
64128,0.0106666666667,0.000760093224136,-0.00385624706995,0.0025597177531,0.00792792984645,0.00988013951152,0.00682104593703
66132,0.011,0.00079957766148,-0.00394934867435,0.0025290639188,0.00833028123773,0.00995958429907,0.00734385563771
68136,0.0113333333333,0.000849157034346,-0.00418923980829,0.00262887599009,0.00854489830256,0.0105429039387,0.00763937665398
70140,0.0116666666667,0.000456613231576,-0.00370766276205,0.0024477071488,0.00815522287681,0.0102418688094,0.00749132410012
72144,0.012,0.000919172425828,-0.00407261515564,0.00225580390704,0.00840691144682,0.0102604534513,0.00742833479598
74148,0.0123333333333,0.00150390428102,-0.00453140637081,0.00203123468319,0.00848642608925,0.0103275527678,0.00716454596856
76152,0.0126666666667,0.0018259905125,-0.00494693518534,0.00206581658096,0.00819296673108,0.0106284414925,0.00710711219352
78156,0.013,0.00201696356174,-0.00456622786504,0.00172897060585,0.00785616320924,0.00949408811807,0.00656131113513
80160,0.0133333333333,0.00166335664344,-0.00414764235397,0.00169823579455,0.00650042267323,0.00852256344734,0.00623254164143
82164,0.0136666666667,0.00116908169277,-0.00371504707617,0.00190323157809,0.00537262146579,0.0076348916785,0.00620849407686
84168,0.014,0.000394947344387,-0.00329221906722,0.0022083065443,0.00387476010565,0.006817150832,0.00635351320386
86172,0.0143333333333,0.00065387717289,-0.00266267361512,0.00125405485874,0.00403594965378,0.00574191521712,0.00483867403494
88176,0.0146666666667,0.000955947058696,-0.00279631824276,0.00102916805332,0.00446430620362,0.00601455883607,0.00472942227364
90180,0.015,0.00113209836279,-0.00300144662692,0.00100043067839,0.00485776506336,0.00639865535888,0.00489349488871
92184,0.0153333333333,0.00125123248428,-0.0031151895707,0.000934475923687,0.00509684901775,0.0066137442864,0.00491249593433
94188,0.0156666666667,0.00138366377865,-0.00324011711335,0.000864422898247,0.00531977367467,0.00684758189949,0.004873762394
96192,0.016,0.00188588324382,-0.00356778230696,0.000623308766177,0.00618084071504,0.00734730781978,0.00513028976025
98196,0.0163333333333,0.00223499722364,-0.00397690713598,0.000611145567718,0.00677311396889,0.00812261812993,0.00529460524929
100200,0.0166666666667,0.00246454458129,-0.00446062473863,0.000786066255842,0.00762070229773,0.00917420293665,0.00595525887786
102204,0.017,0.00252397654913,-0.00517083656392,0.00135299579924,0.0084696511198,0.0105028900282,0.00728309861534
104208,0.0173333333333,0.00534850251076,-0.0079935393126,0.00125921512151,0.0133945902727,0.015554468226,0.00886841328305
106212,0.0176666666667,0.0099891220452,-0.0114157076491,0.000268792635867,0.0207930637434,0.0221268394167,0.00915892287475
108216,0.018,0.0105302775163,-0.0130880309053,0.00109471408161,0.0221503541028,0.0253658072436,0.0105302257753
110220,0.0183333333333,0.0100533678799,-0.013874684564,0.00204315672682,0.0220649056946,0.0268742640766,0.0112047536456
112224,0.0186666666667,0.00999056820235,-0.0145283468023,0.0026460773552,0.0222204546418,0.0281682403299,0.0111254863502
114228,0.019,0.0086285326198,-0.0139260053505,0.00314473909392,0.0199735026106,0.0271445202681,0.0109469220239
116232,0.0193333333333,0.00719276002688,-0.0128781011953,0.00321762954663,0.0175031751215,0.0253285700387,0.0104892120932
118236,0.0196666666667,0.00517181039142,-0.0116904077649,0.0038084346207,0.014034701422,0.0237373125925,0.00981358300723
120240,0.02,0.0040105978299,-0.0112605543068,0.0043393059096,0.0123097226904,0.0230343781193,0.010170283934
122244,0.0203333333333,0.00341900597084,-0.0115393320847,0.00490274277583,0.0112079144501,0.0232363071177,0.0113751461477
124248,0.0206666666667,0.0054060863433,-0.0131385816818,0.00520903579623,0.014176703419,0.0258674470959,0.0129186716718
126252,0.021,0.00421906388534,-0.0122047353521,0.00515033419056,0.0117014544706,0.0236138157654,0.0128947877611
128256,0.0213333333333,0.00313900808256,-0.0113037494388,0.00506770170101,0.00937672658911,0.0217988342907,0.0126521752821
130260,0.0216666666667,0.00327189578386,-0.00919344298281,0.00477961118825,0.00934678274584,0.0177681718426,0.0124506410899
132264,0.022,0.00249598221864,-0.00749646904206,0.00404648626337,0.00760457963249,0.0143271461981,0.012152734025
134268,0.0223333333333,0.00197354251101,-0.00718960435762,0.00420763034797,0.00717684972209,0.0138278255887,0.0121720095919
136272,0.0226666666667,0.0021869350887,-0.00723740473148,0.00390149628761,0.00765770254396,0.0139041294109,0.0119895180821
138276,0.023,0.00219935967017,-0.00711949987794,0.00374166124855,0.007559017765,0.0136890723452,0.0117396692722
140280,0.0233333333333,0.0027774719389,-0.00728246986457,0.00319457284867,0.0083111219473,0.0138197632418,0.0113149568644
142284,0.0236666666667,0.00384192406957,-0.00743922535927,0.00213852973092,0.00985403611267,0.014017488894,0.0108957727524
144288,0.024,0.00366604046743,-0.00704227657772,0.00177477537222,0.00939219604969,0.0132386967502,0.0101101997777
146292,0.0243333333333,0.00298894959625,-0.0064095638978,0.00139543799668,0.0083422700413,0.0121403390167,0.00889276709286
148296,0.0246666666667,0.00208646842969,-0.00565362275277,0.00255341784663,0.00689472786397,0.0106651276775,0.00910201287059
150300,0.025,0.000983551908154,-0.0049982543475,0.00277726967926,0.00546617420943,0.00928674850216,0.00854659745822
152304,0.0253333333333,0.000802632752808,-0.0045641242084,0.00247431125903,0.00493183586463,0.00833255715966,0.00770465722073
154308,0.0256666666667,1.52721574987e-05,-0.00522478029385,0.0043500190398,0.00503184934289,0.00944540462275,0.0104362863892
156312,0.026,-0.000240318403689,-0.00568494531431,0.00503662700875,0.00528900847944,0.0102821743511,0.0112719163528
158316,0.0263333333333,-0.00014140868555,-0.00617501402553,0.00538656854845,0.00511073478458,0.0111536904889,0.0117760202881
160320,0.0266666666667,-0.000125217277734,-0.00645888322604,0.00560278026352,0.00539588698396,0.0116427645571,0.0122417696103
162324,0.027,2.79747248547e-05,-0.00643950089539,0.00537150502547,0.00576342333716,0.0114275418728,0.0123731739873
164328,0.0273333333333,0.000148063393431,-0.00587724266452,0.00536394105076,0.00567067600384,0.010373970771,0.0123837352066
166332,0.0276666666667,-0.000592798105816,-0.00466781947779,0.00517338050729,0.0059781205351,0.00857364338876,0.0123354742121
168336,0.028,0.000669208467255,-0.00566404490534,0.00486368847462,0.00879401784326,0.0108619415562,0.014782372865
170340,0.0283333333333,0.000182239108576,-0.00575323017405,0.00540733720622,0.00871322625657,0.010998626321,0.0161245087049
172344,0.0286666666667,-0.000116175995756,-0.00609648572023,0.00599614582206,0.00894266460387,0.011424212197,0.0171684356882
174348,0.029,0.000341864882837,-0.00666926294253,0.006049531208,0.00949319981846,0.0124047421651,0.0178826453336
176352,0.0293333333333,-0.000190059901115,-0.00787350126466,0.00771517096119,0.0109772363264,0.0140463625749,0.0205046427227
178356,0.0296666666667,-0.00117523600228,-0.00877704255498,0.00976246155376,0.0128173277279,0.0156277936364,0.0227018324541
180360,0.03,-0.00219489963134,-0.0097207177767,0.0116080447644,0.0146021884827,0.0174472890204,0.0253832055075
182364,0.0303333333333,-0.000747945839526,-0.0108526255414,0.0111419013186,0.0128339235348,0.0197711912202,0.0238111932234
184368,0.0306666666667,0.000184707585418,-0.0146901504916,0.0137884774784,0.0130876828207,0.0266093847291,0.0274986552342
186372,0.031,0.00169378305343,-0.0183934659914,0.0156956524107,0.015420978164,0.0327281589353,0.0311543644577
188376,0.0313333333333,0.00216741396031,-0.0191983582765,0.0159922380921,0.0157006726325,0.0338607754395,0.0312306692324
190380,0.0316666666667,0.00308172706838,-0.0193767481261,0.0151879458974,0.0155162354779,0.0339084942482,0.0298334751922
192384,0.032,0.00308051424359,-0.0186700132089,0.0143440151876,0.0149621413597,0.0331498349481,0.0279103584935
194388,0.0323333333333,0.00289722222318,-0.0176128312012,0.0131896242626,0.0139684875873,0.0317483379756,0.0256861783465
196392,0.0326666666667,0.00277860148004,-0.01674918872,0.0121493920441,0.0130390767285,0.0301507051524,0.0237474440856
198396,0.033,0.00227593574628,-0.0150470986312,0.0119048279914,0.0113871176007,0.0270922618988,0.0233798978801
200400,0.0333333333333,0.00126570321696,-0.0131159395812,0.0108856907276,0.00936034670468,0.0237856839833,0.0217929451926
200401,0.0333334996673,0.0012637553376,-0.0131142444579,0.0108858922592,0.00935707805597,0.0237826863634,0.0217925050682
