2004,0.000333333333333,0.300041213546,0.141154267055
4008,0.000666666666667,0.255443089413,0.118030435701
6012,0.001,0.210476821613,0.103426123498
8016,0.00133333333333,0.177452598169,0.09466973176
10020,0.00166666666667,0.147901912963,0.0826697992564
12024,0.002,0.125720844585,0.0738281622897
14028,0.00233333333333,0.106494698421,0.0625972608793
16032,0.00266666666667,0.0905579241547,0.054064224532
18036,0.003,0.0809152314495,0.0496117705769
20040,0.00333333333333,0.0754708976387,0.045829756828
22044,0.00366666666667,0.0706704300605,0.0424407745254
24048,0.004,0.066436535646,0.0392809831253
26052,0.00433333333333,0.0644465447909,0.0390061047632
28056,0.00466666666667,0.0636205729197,0.0394353784949
30060,0.005,0.0645678512976,0.042112503885
32064,0.00533333333333,0.0628425854544,0.0398348152322
34068,0.00566666666667,0.0612556783248,0.0389338011775
36072,0.006,0.0607891960711,0.0416878303812
38076,0.00633333333333,0.0622772404172,0.0464602898769
40080,0.00666666666667,0.0638300808154,0.0481910648457
42084,0.007,0.0561210475335,0.039453268555
44088,0.00733333333333,0.0529722433641,0.0376043316
46092,0.00766666666667,0.0551687325617,0.0431515776264
48096,0.008,0.0587825961321,0.0462580257871
50100,0.00833333333333,0.0606987119982,0.0506770120078
52104,0.00866666666667,0.0618329721031,0.0550669475979
54108,0.009,0.0609414102244,0.0543660989498
56112,0.00933333333333,0.0601010286952,0.0560465913667
58116,0.00966666666667,0.0599828057165,0.0556895715098
60120,0.01,0.0556961636268,0.0513913080316
62124,0.0103333333333,0.0527031638733,0.0501424616309
64128,0.0106666666667,0.0492278381106,0.0461324211056
66132,0.011,0.0462381202892,0.0424081104028
68136,0.0113333333333,0.0462420365129,0.0433788651277
70140,0.0116666666667,0.0462920145484,0.0454130214791
72144,0.012,0.0460439313119,0.0423405440461
74148,0.0123333333333,0.0439533766523,0.0366973627018
76152,0.0126666666667,0.0408924413417,0.0328209849747
78156,0.013,0.0393971255971,0.0338336366873
80160,0.0133333333333,0.0402678388328,0.0352590527343
82164,0.0136666666667,0.0430350613416,0.0372304291622
84168,0.014,0.0448330064927,0.0380074731446
86172,0.0143333333333,0.0451023133502,0.0369968387167
88176,0.0146666666667,0.0466798152785,0.0368468425582
90180,0.015,0.0478163060246,0.0371280401724
92184,0.0153333333333,0.0482769983487,0.0375826625868
94188,0.0156666666667,0.0494834433986,0.039935101391
96192,0.016,0.0506531666005,0.0433076406776
98196,0.0163333333333,0.0546407628544,0.0492594376333
100200,0.0166666666667,0.0589468253434,0.0567618907916
102204,0.017,0.0639411095453,0.0617613906567
104208,0.0173333333333,0.0658172953979,0.0613518947486
106212,0.0176666666667,0.059963268423,0.0524352700869
108216,0.018,0.0543876843052,0.0476440281146
110220,0.0183333333333,0.0549588630771,0.0479997302603
112224,0.0186666666667,0.052524456382,0.0459945053259
114228,0.019,0.048129016926,0.0428859112657
116232,0.0193333333333,0.0451446615199,0.0414565073602
118236,0.0196666666667,0.0440789805901,0.0402268696302
120240,0.02,0.0448975581172,0.0426166982481
122244,0.0203333333333,0.0419826062334,0.0387203980074
124248,0.0206666666667,0.0434105053633,0.0380495552907
126252,0.021,0.0440879010685,0.0412600785901
128256,0.0213333333333,0.0457232182563,0.0430843458473
130260,0.0216666666667,0.0463159201893,0.0438166475877
132264,0.022,0.0472511001452,0.0439282606576
134268,0.0223333333333,0.0481249581371,0.0442382880739
136272,0.0226666666667,0.0504870005293,0.0463201526546
138276,0.023,0.0482454038595,0.0409732919184
140280,0.0233333333333,0.0474412770883,0.0375286275746
142284,0.0236666666667,0.0475456510938,0.0389460954
144288,0.024,0.0512230089382,0.0444451840365
146292,0.0243333333333,0.0550432732189,0.0468336934745
148296,0.0246666666667,0.0575400763837,0.0501590670906
150300,0.025,0.0608113631102,0.054772708253
152304,0.0253333333333,0.0622806869048,0.0567462034889
154308,0.0256666666667,0.0599244053381,0.0519003230299
156312,0.026,0.0593422671341,0.0502505541766
158316,0.0263333333333,0.0603270469067,0.0530190900755
160320,0.0266666666667,0.0641110448711,0.0592174775101
162324,0.027,0.066609600502,0.0603187488408
164328,0.0273333333333,0.0656755245017,0.0595231650766
166332,0.0276666666667,0.0582615360552,0.048778747759
168336,0.028,0.053535927924,0.0424319281895
170340,0.0283333333333,0.0507306073509,0.0416274956637
172344,0.0286666666667,0.0505261405133,0.0422561323386
174348,0.029,0.0494687024734,0.0427102035938
176352,0.0293333333333,0.0511079038102,0.0464026449674
178356,0.0296666666667,0.0537679370197,0.0508793642794
180360,0.03,0.0541077137595,0.0504653386915
182364,0.0303333333333,0.0515653590849,0.0475470905015
184368,0.0306666666667,0.0428216477205,0.0393821577157
186372,0.031,0.0390335888439,0.0361410741182
188376,0.0313333333333,0.0358006521504,0.036309761336
190380,0.0316666666667,0.0335844550293,0.0339400839174
192384,0.032,0.0318955770941,0.0324630772409
194388,0.0323333333333,0.0304373164715,0.0300906647365
196392,0.0326666666667,0.0300546981811,0.027581333385
198396,0.033,0.0311273860938,0.0310282952354
200400,0.0333333333333,0.03387927104,0.0357359566295
202404,0.0336666666667,0.0393657188246,0.0402690567342
204408,0.034,0.0449081259144,0.0463185682951
206412,0.0343333333333,0.0447198302493,0.0423643482718
208416,0.0346666666667,0.0428887662399,0.0398754100285
210420,0.035,0.0453255817207,0.0418994281025
212424,0.0353333333333,0.0495602402454,0.0477051600223
214428,0.0356666666667,0.0497843149963,0.0476181762046
216432,0.036,0.0516139053111,0.0475831452373
218436,0.0363333333333,0.0544914902511,0.0513011627392
220440,0.0366666666667,0.0588729768284,0.0594460044327
222444,0.037,0.0646280052724,0.0675371809343
224448,0.0373333333333,0.0651713811285,0.0673189897683
226452,0.0376666666667,0.0604620692538,0.0602032734618
228456,0.038,0.0571387105765,0.0558730000221
230460,0.0383333333333,0.0557401503078,0.0565095766118
232464,0.0386666666667,0.0584782084775,0.0636291153948
234468,0.039,0.0642937947257,0.0697007716959
236472,0.0393333333333,0.0586392293345,0.0641578100663
238476,0.0396666666667,0.0404749473421,0.0491909032039
240480,0.04,0.0315402695394,0.045815765912
242484,0.0403333333333,0.0281464658055,0.0440930498559
244488,0.0406666666667,0.0343268377224,0.0470980789248
246492,0.041,0.0373667530293,0.0489583911818
248496,0.0413333333333,0.0356967822798,0.0479124220314
250500,0.0416666666667,0.034967171974,0.0478775813472
252504,0.042,0.0359837438872,0.0527395335343
254508,0.0423333333333,0.0373688647237,0.0551585658939
256512,0.0426666666667,0.037387065822,0.0550587236434
258516,0.043,0.0421831451508,0.0566381053303
260520,0.0433333333333,0.0417007575298,0.0509612978705
262524,0.0436666666667,0.0409081787469,0.046235018725
264528,0.044,0.040818073462,0.0459243428782
266532,0.0443333333333,0.0460979766448,0.0457917059832
268536,0.0446666666667,0.0487174740553,0.0436631536204
270540,0.045,0.0518155938108,0.0433558795867
272544,0.0453333333333,0.0550919399123,0.044925385798
274548,0.0456666666667,0.0573427214661,0.044673447011
276552,0.046,0.0561109151823,0.0429226269833
278556,0.0463333333333,0.057534272348,0.0440086499405
280560,0.0466666666667,0.0608789070698,0.0466188170016
282564,0.047,0.062197226987,0.0470891745697
284568,0.0473333333333,0.0624605595553,0.044755328491
286572,0.0476666666667,0.0602584381537,0.0416523662377
288576,0.048,0.0620126255648,0.0462556500152
290580,0.0483333333333,0.0668387676428,0.0541794989206
292584,0.0486666666667,0.0719054670662,0.0612699432035
294588,0.049,0.0680315269184,0.0539186393374
296592,0.0493333333333,0.0641772456001,0.0468493788406
298596,0.0496666666667,0.0625437313697,0.0436029602755
300600,0.05,0.0607510202992,0.0448284681658
302604,0.0503333333333,0.064959040706,0.0504899466428
304608,0.0506666666667,0.0693443905501,0.0554921968027
306612,0.051,0.069448799422,0.0579242438018
308616,0.0513333333333,0.0664440540611,0.0554140833012
310620,0.0516666666667,0.062132849012,0.0511113703903
312624,0.052,0.0621489031742,0.0535867244089
314628,0.0523333333333,0.0629892096405,0.0574535287076
316632,0.0526666666667,0.0596396202064,0.0540990945065
318636,0.053,0.0521168861661,0.0416471459926
320640,0.0533333333333,0.0444570295913,0.0338816539801
322644,0.0536666666667,0.0413392108926,0.0332437499718
324648,0.054,0.0411116722964,0.0362071551859
326652,0.0543333333333,0.0441419817973,0.0394236604826
328656,0.0546666666667,0.0487497072009,0.040183436322
330660,0.055,0.0523979142176,0.0434321482816
332664,0.0553333333333,0.054536372395,0.046811650033
334668,0.0556666666667,0.0537652566727,0.0460220498188
336672,0.056,0.0567490327498,0.0496408392889
338676,0.0563333333333,0.061715402771,0.0549766271101
340680,0.0566666666667,0.0621542054383,0.0537142534161
342684,0.057,0.0599377945678,0.0507742607813
344688,0.0573333333333,0.0593248431473,0.049077959503
346692,0.0576666666667,0.0607166053936,0.0518478465706
348696,0.058,0.0650230212883,0.0553614599426
350700,0.0583333333333,0.0678825662895,0.0595687713249
352704,0.0586666666667,0.0665125359759,0.0587969163122
354708,0.059,0.0676623213399,0.056988655959
356712,0.0593333333333,0.0698512338279,0.0593028688431
358716,0.0596666666667,0.0753027521184,0.0646086797915
360720,0.06,0.0741109709507,0.0603876487628
362724,0.0603333333333,0.0783545440179,0.065018463716
364728,0.0606666666667,0.0866500976921,0.0767977762009
366732,0.061,0.0988027849272,0.0981418406807
368736,0.0613333333333,0.109774904368,0.103379734741
370740,0.0616666666667,0.091258926037,0.0839345269598
372744,0.062,0.0603175367355,0.0579871060402
374748,0.0623333333333,0.0404144634838,0.0421134569067
376752,0.0626666666667,0.0309340999799,0.0394488637803
378756,0.063,0.0277797973574,0.0378556697608
380760,0.0633333333333,0.0305181539328,0.0390167780656
382764,0.0636666666667,0.0332745403494,0.041426863719
384768,0.064,0.0329529335308,0.0450264602295
386772,0.0643333333333,0.0343688005769,0.0506610568016
388776,0.0646666666667,0.0414043935887,0.0543488589353
390780,0.065,0.0501673997827,0.0599641039965
392784,0.0653333333333,0.0479155831793,0.0561667933481
394788,0.0656666666667,0.051218163434,0.0526556391762
396792,0.066,0.0532549531842,0.0515435430156
398796,0.0663333333333,0.0576121849284,0.0549894503467
400800,0.0666666666667,0.0622429154611,0.0588424184841
402804,0.067,0.0659016657635,0.0593072585622
404808,0.0673333333333,0.0573566510959,0.0479902936759
406812,0.0676666666667,0.051365416551,0.0439781625464
408816,0.068,0.0481695896901,0.0441680496613
410820,0.0683333333333,0.0485374092704,0.0492084359296
412824,0.0686666666667,0.0480248793393,0.0522733396022
414828,0.069,0.0502282091135,0.0525270152293
416832,0.0693333333333,0.0550828632488,0.0577207599175
418836,0.0696666666667,0.0609046171632,0.0634464949415
420840,0.07,0.0586204674115,0.0594896147923
422844,0.0703333333333,0.0584673895248,0.0573056997168
424848,0.0706666666667,0.0563951045955,0.0547928483476
426852,0.071,0.0535615889845,0.0518170962544
428856,0.0713333333333,0.0528906394715,0.0548584282756
430860,0.0716666666667,0.0537123049829,0.0572000130343
432864,0.072,0.0556171065109,0.0572982329946
434868,0.0723333333333,0.0590476965974,0.0606456585393
436872,0.0726666666667,0.0612733346328,0.0644758567078
438876,0.073,0.0618696452639,0.0637860204124
440880,0.0733333333333,0.0542723034671,0.0529677348706
442884,0.0736666666667,0.0442285992319,0.0390856730174
444888,0.074,0.0383304867944,0.035456383366
446892,0.0743333333333,0.0358434899462,0.0350847639757
448896,0.0746666666667,0.0353985858796,0.0343231254496
450900,0.075,0.0353952285434,0.0348193188085
452904,0.0753333333333,0.0395989318343,0.0355167595217
454908,0.0756666666667,0.0414891593518,0.0368566090312
456912,0.076,0.0422542701751,0.0377979087424
458916,0.0763333333333,0.0424176904843,0.0372882509131
460920,0.0766666666667,0.0443185963957,0.0400509543603
462924,0.077,0.0452672897949,0.0421677575401
464928,0.0773333333333,0.0470316298796,0.0452916871692
466932,0.0776666666667,0.04970294073,0.049403945804
468936,0.078,0.0554250623365,0.0530964031533
470940,0.0783333333333,0.0632253326312,0.0613788734131
472944,0.0786666666667,0.0790221042021,0.0912405953635
474948,0.079,0.0536416378765,0.0558528874373
476952,0.0793333333333,0.0439513421775,0.0510265362121
478956,0.0796666666667,0.0398893474757,0.0495415380665
480960,0.08,0.0395331130122,0.0467099175863
482964,0.0803333333333,0.0407534098534,0.0455063570492
484968,0.0806666666667,0.0442700973464,0.0448581546788
486972,0.081,0.0438233485014,0.0483515696748
488976,0.0813333333333,0.0467078081052,0.0499154224304
490980,0.0816666666667,0.0431837368341,0.0414280465394
492984,0.082,0.0374964227654,0.0339417953371
494988,0.0823333333333,0.0362879438504,0.0329463885711
496992,0.0826666666667,0.0335909562764,0.0372914411685
498996,0.083,0.0353819127727,0.03813906151
501000,0.0833333333333,0.0381428400884,0.0388316633285
503004,0.0836666666667,0.0396415324368,0.0409134629473
505008,0.084,0.0416602519289,0.0389273146825
507012,0.0843333333333,0.0447291620138,0.0405027958533
509016,0.0846666666667,0.0449072266388,0.0418668397945
511020,0.085,0.0401957000416,0.0356649054907
513024,0.0853333333333,0.035810289663,0.0316735209043
515028,0.0856666666667,0.0346327590734,0.0333769982494
517032,0.086,0.0359948017001,0.0354400139407
519036,0.0863333333333,0.0374788714164,0.0369031376442
521040,0.0866666666667,0.0366434628348,0.0351517378766
523044,0.087,0.0346765529013,0.0329120707091
525048,0.0873333333333,0.0355806266395,0.0351371959724
527052,0.0876666666667,0.0373675419123,0.0342544509899
529056,0.088,0.0380669663797,0.0347806460354
531060,0.0883333333333,0.0406068527664,0.0375847923822
533064,0.0886666666667,0.0429478010543,0.040025204511
535068,0.089,0.0423594407746,0.0397705146038
537072,0.0893333333333,0.0397886161773,0.0345908474771
539076,0.0896666666667,0.0374136253369,0.0317596809674
541080,0.09,0.0390272695197,0.0333102411677
543084,0.0903333333333,0.0424925016294,0.0371296393375
545088,0.0906666666667,0.043108070327,0.0363690196012
547092,0.091,0.0410284216634,0.0331799272681
549096,0.0913333333333,0.0401974751656,0.0317529982379
551100,0.0916666666667,0.0396080097834,0.0311152870507
553104,0.092,0.040071031028,0.0315737057703
555108,0.0923333333333,0.0416019669693,0.0326091502714
557112,0.0926666666667,0.0447057953206,0.0352630494062
559116,0.093,0.0460985841476,0.0381673490002
561120,0.0933333333333,0.0473395172484,0.0398803112197
563124,0.0936666666667,0.0463402210129,0.0382831588351
565128,0.094,0.0471787645427,0.0401775199967
567132,0.0943333333333,0.050502444807,0.0438583807764
569136,0.0946666666667,0.0506375570514,0.0441772520202
571140,0.095,0.0483981999273,0.0408087115204
573144,0.0953333333333,0.0464103911959,0.0387407232803
575148,0.0956666666667,0.0466363178586,0.0384194064009
577152,0.096,0.0455046054747,0.0371069882771
579156,0.0963333333333,0.0440903897307,0.0364264356166
581160,0.0966666666667,0.0432448223654,0.0363236039178
583164,0.097,0.0409739884882,0.0337691405322
585168,0.0973333333333,0.0384119033014,0.0300982272679
587172,0.0976666666667,0.0365368183892,0.0284123934123
589176,0.098,0.0373338395466,0.0293795157824
591180,0.0983333333333,0.0385387764552,0.0295880744831
593184,0.0986666666667,0.040503295695,0.0305824618196
595188,0.099,0.0425006294078,0.0321446617553
597192,0.0993333333333,0.0464985925157,0.036240200556
599196,0.0996666666667,0.0484617167684,0.0376299171123
601200,0.1,0.0491692931877,0.0376344224493
603204,0.100333333333,0.0523260941188,0.0422332136623
605208,0.100666666667,0.0586822729955,0.0482239016473
607212,0.101,0.0650314072987,0.0560924842517
609216,0.101333333333,0.0725336853923,0.0654785687043
611220,0.101666666667,0.0758057864755,0.0716813305773
613224,0.102,0.0743873957125,0.0684840894196
615228,0.102333333333,0.0685740329861,0.0595697090979
617232,0.102666666667,0.0588048177339,0.0483403769306
619236,0.103,0.0529900485199,0.0437343054516
621240,0.103333333333,0.0461701901444,0.0382108288325
623244,0.103666666667,0.043205777398,0.0369919886122
625248,0.104,0.0435331639835,0.0357794742612
627252,0.104333333333,0.0456346475223,0.0377517486068
629256,0.104666666667,0.0474006213349,0.0409003860727
631260,0.105,0.0491826065509,0.044174906677
633264,0.105333333333,0.0503976959751,0.0445863553906
635268,0.105666666667,0.0483850037526,0.0394331305944
637272,0.106,0.0439492874163,0.0367805206616
639276,0.106333333333,0.0435963986933,0.0388779644195
641280,0.106666666667,0.0467531938878,0.0436439765225
643284,0.107,0.051152796744,0.0508574853393
645288,0.107333333333,0.0514831568027,0.0502985840562
647292,0.107666666667,0.04696157726,0.0452322589532
649296,0.108,0.0472854044449,0.0459671720652
651300,0.108333333333,0.0460469058476,0.0490313139956
653304,0.108666666667,0.0481940869045,0.0523461627737
655308,0.109,0.0488466689592,0.050939437099
657312,0.109333333333,0.0471321542209,0.0460201529015
659316,0.109666666667,0.045445864312,0.0474670820358
661320,0.11,0.0427973111184,0.0459738211661
663324,0.110333333333,0.0394610887878,0.0431223452795
665328,0.110666666667,0.0398376423273,0.0425779517173
667332,0.111,0.0430149442129,0.0425252628994
669336,0.111333333333,0.0454205882419,0.0437708577938
671340,0.111666666667,0.0508887611448,0.0499414682719
673344,0.112,0.0524540097823,0.0478274864154
675348,0.112333333333,0.049015114053,0.0470184071342
677352,0.112666666667,0.0463266867565,0.0447153718113
679356,0.113,0.0476184583482,0.0462262217249
681360,0.113333333333,0.0447744376209,0.0417961865259
683364,0.113666666667,0.0427406105736,0.0374573645293
685368,0.114,0.0428468114694,0.0397578278987
687372,0.114333333333,0.0449607767364,0.0454395710509
689376,0.114666666667,0.0495621388187,0.049991735725
691380,0.115,0.0511782127035,0.0477577576147
693384,0.115333333333,0.0493680009504,0.0442096565749
695388,0.115666666667,0.0515222937524,0.0477467069252
697392,0.116,0.0483531922804,0.0437805618021
699396,0.116333333333,0.0481621594037,0.0440598577841
701400,0.116666666667,0.0515436041454,0.0471030333703
703404,0.117,0.0569306336682,0.0522620263697
705408,0.117333333333,0.0639644811307,0.0607383871578
707412,0.117666666667,0.0709832492229,0.0677103050446
709416,0.118,0.069630857124,0.0607433891004
711420,0.118333333333,0.0650604356899,0.0554850532063
713424,0.118666666667,0.0588217275091,0.053926833117
715428,0.119,0.0641133987453,0.0631235203685
717432,0.119333333333,0.0709082728042,0.0688277198752
719436,0.119666666667,0.0552134640453,0.0557538892662
721440,0.12,0.0471312454872,0.0469721668196
723444,0.120333333333,0.0460985987968,0.0464515508131
725448,0.120666666667,0.0438116852013,0.0482548048229
727452,0.121,0.0431570406954,0.0485424468181
729456,0.121333333333,0.0410438484367,0.048246403255
731460,0.121666666667,0.0399883819778,0.0470813490738
733464,0.122,0.0403744249116,0.0445121323919
735468,0.122333333333,0.0409813465698,0.0411487144136
737472,0.122666666667,0.040726743868,0.0393411426887
739476,0.123,0.0408922211503,0.039479419229
741480,0.123333333333,0.0396549254001,0.0348975416668
743484,0.123666666667,0.039111007318,0.0358972091314
745488,0.124,0.04253195398,0.0397698684044
747492,0.124333333333,0.0438920017933,0.0410280660479
749496,0.124666666667,0.0492649846267,0.0452638538136
751500,0.125,0.0514307731405,0.0479498548885
753504,0.125333333333,0.0582070469285,0.0556426355545
755508,0.125666666667,0.0590867916002,0.0521421301127
757512,0.126,0.0515573231441,0.0427227098809
759516,0.126333333333,0.0472748895787,0.036030702976
761520,0.126666666667,0.0440487350357,0.037911721996
763524,0.127,0.0420920020712,0.0367121643474
765528,0.127333333333,0.04025359863,0.0343463299835
767532,0.127666666667,0.0428520043645,0.0363988512006
769536,0.128,0.0482977673962,0.0402543475261
771540,0.128333333333,0.0541836751181,0.0465771756994
773544,0.128666666667,0.0600701859293,0.0541285086121
775548,0.129,0.0675657473034,0.0625241694136
777552,0.129333333333,0.0752899564965,0.0665060520676
779556,0.129666666667,0.0772024530096,0.0694967107277
781560,0.13,0.0804552733787,0.0771506009029
783564,0.130333333333,0.0731291257728,0.0696154907317
785568,0.130666666667,0.0684160868112,0.0670231793738
787572,0.131,0.0641470751442,0.0639074124415
789576,0.131333333333,0.0580028392408,0.0599196712946
791580,0.131666666667,0.0544038130317,0.0547893370882
793584,0.132,0.0524930653963,0.0519100251806
795588,0.132333333333,0.0519652712551,0.0512135481928
797592,0.132666666667,0.0525969304027,0.0521656875852
799596,0.133,0.0500874727103,0.0498212336054
801600,0.133333333333,0.0458376274413,0.0475899933522
803604,0.133666666667,0.0453070797028,0.048482718326
805608,0.134,0.0459801897548,0.0503704056735
807612,0.134333333333,0.0444021692375,0.0469478686967
809616,0.134666666667,0.0390472712877,0.0390182598454
811620,0.135,0.0384572667158,0.0370512215812
813624,0.135333333333,0.0380171351313,0.0375779625889
815628,0.135666666667,0.0396938291644,0.0399687671904
817632,0.136,0.0423549629012,0.043076323154
819636,0.136333333333,0.0448400259275,0.0447126594281
821640,0.136666666667,0.0458218107713,0.0456113497498
823644,0.137,0.0470043968691,0.0469508328786
825648,0.137333333333,0.0485914399451,0.0471277195201
827652,0.137666666667,0.0505357886655,0.048299552311
829656,0.138,0.0529016411073,0.050707128289
831660,0.138333333333,0.0532120131815,0.048590271636
833664,0.138666666667,0.0569199374595,0.0514487396801
835668,0.139,0.0588016699548,0.0514161448931
837672,0.139333333333,0.0523885743225,0.0412038823773
839676,0.139666666667,0.0502290829317,0.0372047773574
841680,0.14,0.0511782181528,0.0397411974128
843684,0.140333333333,0.055142015641,0.0454080593541
845688,0.140666666667,0.0612324792229,0.0523087932693
847692,0.141,0.0675516948342,0.0582948783052
849696,0.141333333333,0.070495316679,0.0617085504919
851700,0.141666666667,0.0710768648407,0.0624961082562
853704,0.142,0.0672007772673,0.05702541533
855708,0.142333333333,0.0616885811701,0.0505415768531
857712,0.142666666667,0.0585502121039,0.0500432662684
859716,0.143,0.0606306178675,0.0550506231538
861720,0.143333333333,0.0663200153319,0.0607305354078
863724,0.143666666667,0.0694235744502,0.0612239349487
865728,0.144,0.0704038858783,0.0609414028987
867732,0.144333333333,0.064137508734,0.0551138924666
869736,0.144666666667,0.0556321691109,0.0478265991668
871740,0.145,0.053210579074,0.0479226174874
873744,0.145333333333,0.0521498518392,0.0456570103455
875748,0.145666666667,0.0540556946647,0.04701580769
877752,0.146,0.0573105127397,0.0490322407397
879756,0.146333333333,0.0608898401858,0.0526659630149
881760,0.146666666667,0.0641448347747,0.0553735893558
883764,0.147,0.0615440585677,0.0527665427249
885768,0.147333333333,0.0645519208573,0.0609857426455
887772,0.147666666667,0.0682710485556,0.0670773156548
889776,0.148,0.0634796400584,0.0599868805514
891780,0.148333333333,0.0609760528049,0.0544721843618
893784,0.148666666667,0.0489498337359,0.0400304172303
895788,0.149,0.0451895003154,0.0405043384151
897792,0.149333333333,0.0443352556119,0.0403210378638
899796,0.149666666667,0.0425215338854,0.0388046442079
901800,0.15,0.0437941545001,0.0394334305712
903804,0.150333333333,0.0462308144056,0.0439928965038
905808,0.150666666667,0.0500707757174,0.0488916320394
907812,0.151,0.0529272893864,0.0513550349712
909816,0.151333333333,0.0545299021432,0.0517968830872
911820,0.151666666667,0.0563381097163,0.0550786635594
913824,0.152,0.0556238696966,0.0520380883288
915828,0.152333333333,0.0555843551008,0.0507031933903
917832,0.152666666667,0.0539933343153,0.0495531340267
919836,0.153,0.0516529850716,0.0474418114256
921840,0.153333333333,0.050297132137,0.0463635227637
923844,0.153666666667,0.0521549770175,0.0479196708643
925848,0.154,0.055853709872,0.0529476731226
927852,0.154333333333,0.0593690792749,0.0580818118689
929856,0.154666666667,0.0571300769637,0.0518545483007
931860,0.155,0.0588185550713,0.054920467148
933864,0.155333333333,0.0672941269065,0.0669923848054
935868,0.155666666667,0.0742499213667,0.0739526438109
937872,0.156,0.0618748263037,0.0571134751304
939876,0.156333333333,0.0549013571083,0.0495287248224
941880,0.156666666667,0.0543912764665,0.0518250827539
943884,0.157,0.0567291908818,0.0558643901205
945888,0.157333333333,0.057820054164,0.056634657462
947892,0.157666666667,0.0548327784428,0.0512193869533
949896,0.158,0.048815509326,0.0442351876399
951900,0.158333333333,0.0425259591254,0.0424591580276
953904,0.158666666667,0.0416333536543,0.0470942855516
955908,0.159,0.0451243489218,0.0485624997116
957912,0.159333333333,0.0460672508983,0.0483334439842
959916,0.159666666667,0.0387792033021,0.0389659454879
961920,0.16,0.0357201053405,0.0359472770048
963924,0.160333333333,0.0375966714683,0.0380000790521
965928,0.160666666667,0.0385961557635,0.0394562578313
967932,0.161,0.038111207324,0.0361765060721
969936,0.161333333333,0.0368959521824,0.0339987891911
971940,0.161666666667,0.0391041060224,0.0379185722052
973944,0.162,0.0444154840001,0.0442880619757
975948,0.162333333333,0.0509952834858,0.0487982703572
977952,0.162666666667,0.0522837366809,0.0482373087663
979956,0.163,0.0562114533692,0.0549734556175
981960,0.163333333333,0.0579211871721,0.0574502983167
983964,0.163666666667,0.0566372521376,0.0542439508013
985968,0.164,0.0587154054271,0.0574659266944
987972,0.164333333333,0.0594073843366,0.0584163848599
989976,0.164666666667,0.0521944091712,0.046869376067
991980,0.165,0.047620344991,0.0417077293842
993984,0.165333333333,0.0439294364692,0.0418948066461
995988,0.165666666667,0.0433845021801,0.0415917609728
997992,0.166,0.0450711744117,0.0436742861584
999996,0.166333333333,0.0495722629621,0.0507761236488
1002000,0.166666666667,0.0503692041131,0.0504804156459
1004004,0.167,0.0493743275987,0.0477351743505
1006008,0.167333333333,0.04744108862,0.0446727982372
1008012,0.167666666667,0.0482237698947,0.0446362083335
1010016,0.168,0.0471417033284,0.0438237297893
1012020,0.168333333333,0.0512607359564,0.0472928893354
1014024,0.168666666667,0.0542063149888,0.0538800876121
1016028,0.169,0.0591914987365,0.0626148090049
1018032,0.169333333333,0.0629468931186,0.0678594666699
1020036,0.169666666667,0.0593284407695,0.0596943560617
1022040,0.17,0.0555586802913,0.0571930613738
1024044,0.170333333333,0.0520565108998,0.0504188831671
1026048,0.170666666667,0.047540162932,0.0453223200343
1028052,0.171,0.0421613902515,0.0401914045558
1030056,0.171333333333,0.0433234289043,0.0430479865725
1032060,0.171666666667,0.0448522183366,0.0465862468533
1034064,0.172,0.0458400053208,0.046167601759
1036068,0.172333333333,0.0466246478084,0.047141521603
1038072,0.172666666667,0.0469325668463,0.0464808043064
1040076,0.173,0.0483913995431,0.0461594909748
1042080,0.173333333333,0.0498242232564,0.0472669532747
1044084,0.173666666667,0.0542105215984,0.0504243750204
1046088,0.174,0.0606135446383,0.0555467029825
1048092,0.174333333333,0.0667267041156,0.0595549602527
1050096,0.174666666667,0.0690211459133,0.0618143702592
1052100,0.175,0.0681011394841,0.0601700512055
1054104,0.175333333333,0.0590288440178,0.0499529294536
1056108,0.175666666667,0.0518160707288,0.0448313141628
1058112,0.176,0.0480973740992,0.0434529881837
1060116,0.176333333333,0.0482198622207,0.0446236370383
1062120,0.176666666667,0.0513674029494,0.0512507153184
1064124,0.177,0.0551531787784,0.0534472892065
1066128,0.177333333333,0.0587270616877,0.0542627632174
1068132,0.177666666667,0.0669389062503,0.0605927501763
1070136,0.178,0.0663992422419,0.0604206648993
1072140,0.178333333333,0.0586144974103,0.0531411174933
1074144,0.178666666667,0.0545488149726,0.0481467843499
1076148,0.179,0.0544829310578,0.0497609163222
1078152,0.179333333333,0.0543189883364,0.0516112556951
1080156,0.179666666667,0.0551362051802,0.0569727764429
1082160,0.18,0.0587299858533,0.0607438778225
1084164,0.180333333333,0.0662847283317,0.0687978987789
1086168,0.180666666667,0.0702265876612,0.0722600709048
1088172,0.181,0.0739559355821,0.0739279025959
1090176,0.181333333333,0.0755869286438,0.0740878305362
1092180,0.181666666667,0.0712066570271,0.0681422340536
1094184,0.182,0.0610068452874,0.0564139368835
1096188,0.182333333333,0.0495804192909,0.0490766088454
1098192,0.182666666667,0.0471712288471,0.0532983649958
1100196,0.183,0.0444540226318,0.0530270775786
1102200,0.183333333333,0.0446719566506,0.0512195455496
1104204,0.183666666667,0.0457051090824,0.0505838412358
1106208,0.184,0.0466109805843,0.0496480889518
1108212,0.184333333333,0.0466932729353,0.0484654327523
1110216,0.184666666667,0.0494687410225,0.0493818919248
1112220,0.185,0.0509264030634,0.0489637517765
1114224,0.185333333333,0.0559341169437,0.0528739308673
1116228,0.185666666667,0.0607940315606,0.0586716411401
1118232,0.186,0.0684639014799,0.0703562748585
1120236,0.186333333333,0.0742371858544,0.0782511278468
1122240,0.186666666667,0.0700699632361,0.0717281477244
1124244,0.187,0.0606520041253,0.0604207522053
1126248,0.187333333333,0.0510296077388,0.0500792804825
1128252,0.187666666667,0.0428467602531,0.0392100167526
1130256,0.188,0.036128128793,0.032832749214
1132260,0.188333333333,0.0351349544396,0.034356881231
1134264,0.188666666667,0.0383565861712,0.0386263967565
1136268,0.189,0.0447747066106,0.0429942088074
1138272,0.189333333333,0.047518858184,0.0457423867208
1140276,0.189666666667,0.0504905491779,0.0499388014538
1142280,0.19,0.0496013623998,0.0485623514289
1144284,0.190333333333,0.0472960893139,0.0450604649305
1146288,0.190666666667,0.0462849912497,0.0473016069634
1148292,0.191,0.0486559737951,0.0508066848795
1150296,0.191333333333,0.0538363438896,0.0571921521159
1152300,0.191666666667,0.0603208984239,0.0660154920629
1154304,0.192,0.0585478948412,0.0616205224096
1156308,0.192333333333,0.0432051201453,0.0430142303219
1158312,0.192666666667,0.0377591631492,0.040992842394
1160316,0.193,0.0343004348993,0.0381176667908
1162320,0.193333333333,0.0346650159671,0.0396992341618
1164324,0.193666666667,0.0360934836226,0.044263861244
1166328,0.194,0.0360412648253,0.0433616740705
1168332,0.194333333333,0.0371451587262,0.0446818038339
1170336,0.194666666667,0.0385787155054,0.0449458299135
1172340,0.195,0.0420073271941,0.0478646242449
1174344,0.195333333333,0.0397292298424,0.0456556350908
1176348,0.195666666667,0.0400188722325,0.0434863568803
1178352,0.196,0.0412656071298,0.0432617557771
1180356,0.196333333333,0.0418898172194,0.0428996052506
1182360,0.196666666667,0.0440623799812,0.043997476471
1184364,0.197,0.0443830533574,0.0442786397008
1186368,0.197333333333,0.0449105235581,0.0447872000822
1188372,0.197666666667,0.0466251444974,0.0457530034162
1190376,0.198,0.0493321979526,0.0481253354136
1192380,0.198333333333,0.0527893766861,0.0487970115377
1194384,0.198666666667,0.0570581889177,0.0515362108991
1196388,0.199,0.0594833406673,0.0525590356461
1198392,0.199333333333,0.0599314993904,0.0513455395779
1200396,0.199666666667,0.0583070236608,0.0501181051957
1202400,0.2,0.0593145693062,0.0497037316383
1204404,0.200333333333,0.0593977393261,0.0463986974307
1206408,0.200666666667,0.0568146645241,0.0430064257443
1208412,0.201,0.0577788332941,0.0455577277334
1210416,0.201333333333,0.060907838764,0.0507418756927
1212420,0.201666666667,0.0659504993591,0.0575927146957
1214424,0.202,0.0698588068338,0.0630793920716
1216428,0.202333333333,0.07076561389,0.0627274331478
1218432,0.202666666667,0.0701390075948,0.0603464362064
1220436,0.203,0.0698691977583,0.0599336670683
1222440,0.203333333333,0.0700325240563,0.06051215902
1224444,0.203666666667,0.0659224424963,0.0568661516391
1226448,0.204,0.0626003489702,0.0525259018014
1228452,0.204333333333,0.0606652550125,0.0511930276065
1230456,0.204666666667,0.0542798464963,0.0436499060056
1232460,0.205,0.0519518352746,0.0406514177566
1234464,0.205333333333,0.049986980313,0.0394349394893
1236468,0.205666666667,0.0507202891159,0.0415889151958
1238472,0.206,0.0498220588989,0.0442678223355
1240476,0.206333333333,0.051423897721,0.0467521083877
1242480,0.206666666667,0.0525170035856,0.0480030362092
1244484,0.207,0.0499216612271,0.0482049574877
1246488,0.207333333333,0.0488827673926,0.0456621233549
1248492,0.207666666667,0.0491635733651,0.0454195231175
1250496,0.208,0.0516927981395,0.0479085476057
1252500,0.208333333333,0.0527576787109,0.0485824378065
1254504,0.208666666667,0.0518495481301,0.0469520273559
1256508,0.209,0.0531200056242,0.0478876454803
1258512,0.209333333333,0.052084250184,0.0461053573044
1260516,0.209666666667,0.0521504485715,0.0462094822608
1262520,0.21,0.0539536908475,0.0496850450287
1264524,0.210333333333,0.0549822276917,0.050208343765
1266528,0.210666666667,0.0565801379544,0.0515822676011
1268532,0.211,0.0590355673573,0.056177615855
1270536,0.211333333333,0.0577888089415,0.0560971423777
1272540,0.211666666667,0.0520980775496,0.0487839337741
1274544,0.212,0.0515706918008,0.0500470647539
1276548,0.212333333333,0.054291736579,0.0553322139622
1278552,0.212666666667,0.0581159726887,0.0584816345465
1280556,0.213,0.0599807620876,0.0608819964282
1282560,0.213333333333,0.0641288319458,0.0633422593961
1284564,0.213666666667,0.065174975462,0.0639806241706
1286568,0.214,0.067011970265,0.0724499013208
1288572,0.214333333333,0.0710750718199,0.0812005256892
1290576,0.214666666667,0.0700967436955,0.0753896910177
1292580,0.215,0.067305538495,0.0710833911476
1294584,0.215333333333,0.0683156646676,0.0735931186533
1296588,0.215666666667,0.0680474026216,0.0727036280403
1298592,0.216,0.0643554149864,0.0643439919238
1300596,0.216333333333,0.0643117511281,0.0642523613467
1302600,0.216666666667,0.0628083638825,0.0644221437325
1304604,0.217,0.0482535869588,0.0512894481213
1306608,0.217333333333,0.0411036323748,0.0466949926243
1308612,0.217666666667,0.0433929493555,0.0483289599569
1310616,0.218,0.0469891365601,0.0520584478835
1312620,0.218333333333,0.0508196174201,0.0567371042431
1314624,0.218666666667,0.0545471315139,0.0644115459859
1316628,0.219,0.0552938233973,0.064509633732
1318632,0.219333333333,0.0462884349091,0.0503822379144
1320636,0.219666666667,0.0460867788482,0.0488646582847
1322640,0.22,0.0459083347621,0.0496748169671
1324644,0.220333333333,0.0474678953239,0.0522610109224
1326648,0.220666666667,0.0447211657305,0.046201881846
1328652,0.221,0.0350428185461,0.0396506735665
1330656,0.221333333333,0.0315364718977,0.0369958957838
1332660,0.221666666667,0.0307917594372,0.0366753210276
1334664,0.222,0.030511018492,0.0382903502058
1336668,0.222333333333,0.0296356640431,0.0407422453304
1338672,0.222666666667,0.0297014272055,0.0420598698742
1340676,0.223,0.0285814908297,0.0395230706203
1342680,0.223333333333,0.0326293811227,0.0413532289923
1344684,0.223666666667,0.0382979429642,0.0443790252017
1346688,0.224,0.0429737041374,0.0465727755108
1348692,0.224333333333,0.0475576760575,0.050773475557
1350696,0.224666666667,0.049561701994,0.05163209944
1352700,0.225,0.052757958223,0.0506125919975
1354704,0.225333333333,0.0587947120405,0.0566751533449
1356708,0.225666666667,0.0648809251945,0.0627810761818
1358712,0.226,0.0602879978195,0.0590620687355
1360716,0.226333333333,0.0638362087725,0.0553684383847
1362720,0.226666666667,0.0700559322328,0.0584735106672
1364724,0.227,0.0758622038915,0.0627980421801
1366728,0.227333333333,0.0728835588729,0.0571001117193
1368732,0.227666666667,0.0651486184517,0.0482605134767
1370736,0.228,0.0609843941365,0.0471210427063
1372740,0.228333333333,0.058437636491,0.0490675803594
1374744,0.228666666667,0.058233674466,0.0527858207736
1376748,0.229,0.059544666059,0.0552013708822
1378752,0.229333333333,0.0648800102707,0.0607736966832
1380756,0.229666666667,0.0656940326803,0.0592240528465
1382760,0.23,0.0612180414073,0.0536170100164
1384764,0.230333333333,0.0615635571251,0.0563987952563
1386768,0.230666666667,0.0651716024494,0.0620877543964
1388772,0.231,0.070600649652,0.0685850996995
1390776,0.231333333333,0.0733162818471,0.0693177567199
1392780,0.231666666667,0.0728611974254,0.0641777853715
1394784,0.232,0.0752945147753,0.0694805664561
1396788,0.232333333333,0.0846528799063,0.079250039851
1398792,0.232666666667,0.0845343112988,0.0808571234964
1400796,0.233,0.0706842282415,0.0719596212473
1402800,0.233333333333,0.0568490053564,0.0616903991453
1404804,0.233666666667,0.0507826338608,0.0590151088504
1406808,0.234,0.0522276475587,0.0659024449862
1408812,0.234333333333,0.0463234575077,0.0618952693102
1410816,0.234666666667,0.0444706968318,0.0578004552473
1412820,0.235,0.0440256319093,0.0559260597401
1414824,0.235333333333,0.045540143507,0.0558815104365
1416828,0.235666666667,0.0477817192278,0.0564970116878
1418832,0.236,0.0505211177405,0.0554654563973
1420836,0.236333333333,0.048069958324,0.0485760703946
1422840,0.236666666667,0.0456234758515,0.0477584067968
1424844,0.237,0.0490093703315,0.0548778002551
1426848,0.237333333333,0.0543012738934,0.0577090593635
1428852,0.237666666667,0.057050092518,0.0600303200727
1430856,0.238,0.0620359942807,0.0639589210287
1432860,0.238333333333,0.0626885521385,0.062529054354
1434864,0.238666666667,0.0590429784067,0.0565025389031
1436868,0.239,0.0575998959837,0.0523739913952
1438872,0.239333333333,0.0562307341483,0.0499588388505
1440876,0.239666666667,0.0604052593759,0.0539865187485
1442880,0.24,0.0626674595152,0.0556408341866
1444884,0.240333333333,0.0631624334088,0.0545854825298
1446888,0.240666666667,0.065737564524,0.0570829079567
1448892,0.241,0.070996128158,0.0632160885538
1450896,0.241333333333,0.068739092828,0.059830375309
1452900,0.241666666667,0.0652910406393,0.0562405041427
1454904,0.242,0.0609918471747,0.0571892677473
1456908,0.242333333333,0.0588622294429,0.0582981094048
1458912,0.242666666667,0.0566202839061,0.0590790443767
1460916,0.243,0.0605895202117,0.0602805906509
1462920,0.243333333333,0.0615950559187,0.0585145051682
1464924,0.243666666667,0.0557363793014,0.0510010023253
1466928,0.244,0.0457289588276,0.0407790142457
1468932,0.244333333333,0.0396915110488,0.0358954975811
1470936,0.244666666667,0.037261839329,0.03599923006
1472940,0.245,0.0382482862806,0.0373238069544
1474944,0.245333333333,0.0399930056855,0.0379805842203
1476948,0.245666666667,0.0447770571581,0.0392157467329
1478952,0.246,0.0515940567432,0.0440272105045
1480956,0.246333333333,0.0577649787293,0.0489214510109
1482960,0.246666666667,0.06446437069,0.0546696714741
1484964,0.247,0.0696311195784,0.0626014765611
1486968,0.247333333333,0.0725327248628,0.0669775259171
1488972,0.247666666667,0.0662956747427,0.0595883734434
1490976,0.248,0.0640339125491,0.0569339815443
1492980,0.248333333333,0.0633791300492,0.0569385563011
1494984,0.248666666667,0.0630078564099,0.0565702625133
1496988,0.249,0.0595442923694,0.0513640342467
1498992,0.249333333333,0.0558467623069,0.0462792447811
1500996,0.249666666667,0.0504846813296,0.0425380559871
1503000,0.25,0.0463233168322,0.0419407624369
1505004,0.250333333333,0.042428252089,0.0421607602643
1507008,0.250666666667,0.0399882575151,0.0377719754411
1509012,0.251,0.0391215492027,0.0340852316734
1511016,0.251333333333,0.0410167728519,0.0346175751276
1513020,0.251666666667,0.0428804485194,0.0373303448246
1515024,0.252,0.0481628994452,0.0401097220768
1517028,0.252333333333,0.0549456199374,0.0452277148558
1519032,0.252666666667,0.0594021665345,0.0493601529322
1521036,0.253,0.0639077199369,0.0532260306149
1523040,0.253333333333,0.0623561160412,0.0532195078814
1525044,0.253666666667,0.0656585170225,0.0572742221303
1527048,0.254,0.0685404283588,0.0587106267992
1529052,0.254333333333,0.0710294907554,0.0635712919162
1531056,0.254666666667,0.0728799998262,0.0680838844212
1533060,0.255,0.0713119738022,0.0674670177361
1535064,0.255333333333,0.0688822010545,0.0660737455898
1537068,0.255666666667,0.0642969039793,0.0633202490926
1539072,0.256,0.0602028903829,0.0633622995957
1541076,0.256333333333,0.0562570643641,0.0591274317075
1543080,0.256666666667,0.0567836019284,0.0566404496991
1545084,0.257,0.0599165065531,0.0576109178465
1547088,0.257333333333,0.0549481428577,0.0554982508113
1549092,0.257666666667,0.0470355983399,0.0478328541871
1551096,0.258,0.0427613025196,0.0540093811121
1553100,0.258333333333,0.0441952071265,0.0505080233327
1555104,0.258666666667,0.0471425034971,0.049712167319
1557108,0.259,0.0509569382281,0.0524337831713
1559112,0.259333333333,0.0492287316187,0.0548416375903
1561116,0.259666666667,0.047591816058,0.0524446108278
1563120,0.26,0.0450101754486,0.0490986347822
1565124,0.260333333333,0.0421520018165,0.0452889340439
1567128,0.260666666667,0.0383210905368,0.0417509665062
1569132,0.261,0.0381986149711,0.0436976944661
1571136,0.261333333333,0.0416678489692,0.0489125598099
1573140,0.261666666667,0.0405525260147,0.0432279800822
1575144,0.262,0.0360419638844,0.0357336958602
1577148,0.262333333333,0.0349184365711,0.0359478605597
1579152,0.262666666667,0.0362085467746,0.0366175151693
1581156,0.263,0.0383499064186,0.0368803196448
1583160,0.263333333333,0.0411458262909,0.0384440988159
1585164,0.263666666667,0.0423334766931,0.0408012451773
1587168,0.264,0.0439413464012,0.0423191889526
1589172,0.264333333333,0.0476248749334,0.046551544444
1591176,0.264666666667,0.0519076301632,0.0469875949126
1593180,0.265,0.0526357410196,0.0432880080742
1595184,0.265333333333,0.0538495562674,0.0436590200159
1597188,0.265666666667,0.0570856375691,0.0461396636539
1599192,0.266,0.0620263923835,0.0522710614962
1601196,0.266333333333,0.0686330542786,0.0577075527365
1603200,0.266666666667,0.0786862627472,0.0697284497156
1605204,0.267,0.0938614074657,0.0894236228478
1607208,0.267333333333,0.0859184853662,0.0796819128296
1609212,0.267666666667,0.0695437050327,0.0641952698781
1611216,0.268,0.0604406339159,0.0568063362438
1613220,0.268333333333,0.0611234818371,0.0606338980144
1615224,0.268666666667,0.0638260198307,0.0641511272496
1617228,0.269,0.0548061598695,0.0507161725465
1619232,0.269333333333,0.0430790375482,0.0380179932988
1621236,0.269666666667,0.0409477602121,0.0361421031179
1623240,0.27,0.042044810721,0.0386934337706
1625244,0.270333333333,0.0437011657646,0.0422818242631
1627248,0.270666666667,0.0446026006536,0.0442027143149
1629252,0.271,0.0441554604815,0.0466949934075
1631256,0.271333333333,0.0478638211218,0.0517886411462
1633260,0.271666666667,0.051689008652,0.0528895313423
1635264,0.272,0.0539404101967,0.0535667779582
1637268,0.272333333333,0.0587644014676,0.0599054207752
1639272,0.272666666667,0.0623748552215,0.0641443132627
1641276,0.273,0.0603056932883,0.0622711615667
1643280,0.273333333333,0.0562564357423,0.0569758560791
1645284,0.273666666667,0.0593446818887,0.0563114460796
1647288,0.274,0.0627823764027,0.0571715869339
1649292,0.274333333333,0.0631724965425,0.0557773362127
1651296,0.274666666667,0.0629951618843,0.0534000502581
1653300,0.275,0.0619609309859,0.0513869480185
1655304,0.275333333333,0.0590165797095,0.0522809845992
1657308,0.275666666667,0.0617518393187,0.0566216784666
1659312,0.276,0.0625468904521,0.0609656438443
1661316,0.276333333333,0.0616838254945,0.0611026606722
1663320,0.276666666667,0.062304996688,0.0616286428982
1665324,0.277,0.0579174413232,0.0574895188192
1667328,0.277333333333,0.0559366993758,0.0591806633427
1669332,0.277666666667,0.0589459841527,0.0639404914879
1671336,0.278,0.0681064628732,0.0709297770054
1673340,0.278333333333,0.0666934706507,0.0696838420983
1675344,0.278666666667,0.068363772308,0.0751061869413
1677348,0.279,0.0565397759568,0.0619598954637
1679352,0.279333333333,0.0543000174498,0.0585851628891
1681356,0.279666666667,0.0524256197018,0.0599402832938
1683360,0.28,0.0414100361997,0.0577546436193
1685364,0.280333333333,0.0436467361178,0.06614647962
1687368,0.280666666667,0.0546899625665,0.0825361066309
1689372,0.281,0.0702613219616,0.0995612056562
1691376,0.281333333333,0.0539309976682,0.0772837099095
1693380,0.281666666667,0.0492275088354,0.0675556979155
1695384,0.282,0.0378511031214,0.0643064699938
1697388,0.282333333333,0.037543914927,0.0656104375282
1699392,0.282666666667,0.0429279193318,0.0685697792392
1701396,0.283,0.0434445928845,0.0684879291953
1703400,0.283333333333,0.047204841281,0.071644460329
1705404,0.283666666667,0.0481178322891,0.0640708012419
1707408,0.284,0.0469660263231,0.0671325505416
1709412,0.284333333333,0.0461275345168,0.066563011242
1711416,0.284666666667,0.0443926923062,0.0602525148986
1713420,0.285,0.0513544740934,0.0633799282431
1715424,0.285333333333,0.0493338972328,0.0568030936285
1717428,0.285666666667,0.0459250254602,0.0576857594743
1719432,0.286,0.0470019078289,0.0620524947832
1721436,0.286333333333,0.0529606296265,0.0672408128634
1723440,0.286666666667,0.0547337879335,0.0657156980462
1725444,0.287,0.0496596612835,0.0564318720744
1727448,0.287333333333,0.0372630602665,0.0488926281311
1729452,0.287666666667,0.0281073919011,0.0426423448289
1731456,0.288,0.0321525668401,0.0399861505894
1733460,0.288333333333,0.0368451252122,0.0411176512081
1735464,0.288666666667,0.0401904013923,0.0394569392139
1737468,0.289,0.0417165003565,0.042237939752
1739472,0.289333333333,0.0444848700091,0.0492993759862
1741476,0.289666666667,0.0488088842422,0.0503841447375
1743480,0.29,0.0528105614272,0.0509094217263
1745484,0.290333333333,0.0595295340848,0.0485379883763
1747488,0.290666666667,0.0623036554187,0.0474496735669
1749492,0.291,0.0671699649666,0.0514601788866
1751496,0.291333333333,0.0697876795288,0.0529123722197
1753500,0.291666666667,0.069858006612,0.0526581861368
1755504,0.292,0.0707082294543,0.0517586731099
1757508,0.292333333333,0.0718288067269,0.0529228973055
1759512,0.292666666667,0.0752213857782,0.0577196124824
1761516,0.293,0.0781308096591,0.0621724688964
1763520,0.293333333333,0.0754396521473,0.0571645129001
1765524,0.293666666667,0.0712465577627,0.0527539463916
1767528,0.294,0.0669861474713,0.0492296094614
1769532,0.294333333333,0.064532953989,0.0484783967683
1771536,0.294666666667,0.0655963978171,0.0499906261477
1773540,0.295,0.0664160496993,0.0498673031333
1775544,0.295333333333,0.0666938033395,0.0506858450399
1777548,0.295666666667,0.0691941380435,0.0543403559162
1779552,0.296,0.0742591750484,0.061905118085
1781556,0.296333333333,0.0783264017805,0.0658949873887
1783560,0.296666666667,0.0780985012484,0.0664893681261
1785564,0.297,0.0788080723178,0.0689602495084
1787568,0.297333333333,0.0775032296515,0.0632876879162
1789572,0.297666666667,0.0686813863758,0.0558156084448
1791576,0.298,0.0579497584022,0.0453345995063
1793580,0.298333333333,0.0479030055406,0.0424199276662
1795584,0.298666666667,0.0455517344594,0.0439004355147
1797588,0.299,0.0483937719527,0.0465598970529
1799592,0.299333333333,0.0480294649817,0.0446254348525
1801596,0.299666666667,0.0468814400037,0.0415991430111
1803600,0.3,0.0451195332376,0.0403822766355
1805604,0.300333333333,0.0455921123836,0.0405007867873
1807608,0.300666666667,0.046205059066,0.0429686058971
1809612,0.301,0.047463263195,0.04491759014
1811616,0.301333333333,0.0493355350636,0.0499610690916
1813620,0.301666666667,0.0507368702286,0.0528593926069
1815624,0.302,0.0553474890006,0.0574688580022
1817628,0.302333333333,0.059447640689,0.0585944591765
1819632,0.302666666667,0.0588850540781,0.0599037162543
1821636,0.303,0.0531344804526,0.0522372953788
1823640,0.303333333333,0.0475382345649,0.048068787302
1825644,0.303666666667,0.0488485698309,0.0532673931602
1827648,0.304,0.0497435754602,0.0543005046615
1829652,0.304333333333,0.0475822260429,0.0507319783867
1831656,0.304666666667,0.0383829439281,0.0416048636957
1833660,0.305,0.032892079982,0.0368895420173
1835664,0.305333333333,0.0301164836755,0.0359324557417
1837668,0.305666666667,0.0324996309414,0.0403611760307
1839672,0.306,0.0383803183474,0.0467218242543
1841676,0.306333333333,0.0443077136855,0.0549208417915
1843680,0.306666666667,0.0532088116299,0.061925115946
1845684,0.307,0.059445601726,0.0687366612855
1847688,0.307333333333,0.0701018260087,0.0791757803101
1849692,0.307666666667,0.0703926795881,0.0764885652238
1851696,0.308,0.0690335027696,0.0748947549977
1853700,0.308333333333,0.0649131611257,0.0709520993842
1855704,0.308666666667,0.0600260765889,0.0667447435248
1857708,0.309,0.0546462673097,0.061591953861
1859712,0.309333333333,0.0553718432549,0.0634645031412
1861716,0.309666666667,0.0598212404076,0.0672496204997
1863720,0.31,0.0493623324007,0.0538161723545
1865724,0.310333333333,0.0399301950606,0.0480720737939
1867728,0.310666666667,0.0411060282617,0.0527678045233
1869732,0.311,0.0425714562981,0.0547287493211
1871736,0.311333333333,0.0393243102276,0.0528413832024
1873740,0.311666666667,0.0399277733189,0.056894615184
1875744,0.312,0.0409012362262,0.0538924583714
1877748,0.312333333333,0.0450104694177,0.0592399143176
1879752,0.312666666667,0.0499758476156,0.06737512408
1881756,0.313,0.0528199545931,0.0680757830766
1883760,0.313333333333,0.0499780310563,0.0626097270366
1885764,0.313666666667,0.046110535648,0.0595586345483
1887768,0.314,0.0447882220407,0.0554343194394
1889772,0.314333333333,0.0410824800131,0.0555979248335
1891776,0.314666666667,0.0424360275219,0.0558261668667
1893780,0.315,0.04672211136,0.0529971971504
1895784,0.315333333333,0.0474597212638,0.0533956229363
1897788,0.315666666667,0.0499863087001,0.055137841227
1899792,0.316,0.0494151625459,0.0498917731439
1901796,0.316333333333,0.0490074104991,0.0495915678119
1903800,0.316666666667,0.0497224289904,0.0564445150754
1905804,0.317,0.0541896422826,0.05954316003
1907808,0.317333333333,0.0582804792985,0.0539523912971
1909812,0.317666666667,0.0573321118074,0.0520665008033
1911816,0.318,0.0551887794962,0.0539876907993
1913820,0.318333333333,0.0547876103253,0.0550595292111
1915824,0.318666666667,0.0551831946942,0.0560166021515
1917828,0.319,0.0581487575633,0.058793814922
1919832,0.319333333333,0.0614542914353,0.0594520364115
1921836,0.319666666667,0.0582188023928,0.0533200234013
1923840,0.32,0.0471494282189,0.0461644384236
1925844,0.320333333333,0.0448157572185,0.0434231242859
1927848,0.320666666667,0.0468547940479,0.0450983330953
1929852,0.321,0.0517626298303,0.0500401016216
1931856,0.321333333333,0.0595277251843,0.055965333868
1933860,0.321666666667,0.0638060692158,0.060617873091
1935864,0.322,0.0650045406614,0.0616143901962
1937868,0.322333333333,0.0579349509609,0.051592103152
1939872,0.322666666667,0.0572943319871,0.0514961109773
1941876,0.323,0.053190152044,0.0491832875195
1943880,0.323333333333,0.052239416185,0.047901566235
1945884,0.323666666667,0.0540566473685,0.0508982106138
1947888,0.324,0.0534680973607,0.049070731682
1949892,0.324333333333,0.0544432463583,0.0512767040676
1951896,0.324666666667,0.0556599726663,0.0545134607673
1953900,0.325,0.0562473310946,0.0543692226132
1955904,0.325333333333,0.0569423287416,0.0529429360462
1957908,0.325666666667,0.0599373148066,0.0542922883133
1959912,0.326,0.0641041010646,0.0578049186881
1961916,0.326333333333,0.0693529595387,0.0633724162463
1963920,0.326666666667,0.0743227244669,0.0688496650348
1965924,0.327,0.0766438818533,0.0673480313872
1967928,0.327333333333,0.0589296947983,0.0504266530536
1969932,0.327666666667,0.0520536550824,0.0498404473104
1971936,0.328,0.0493612619611,0.0505107113497
1973940,0.328333333333,0.0466733655932,0.0519054757141
1975944,0.328666666667,0.0436676771183,0.0495232937386
1977948,0.329,0.0366749903769,0.0435180607931
1979952,0.329333333333,0.0308759911742,0.037723606001
1981956,0.329666666667,0.0305489085059,0.0348132527938
1983960,0.33,0.0308955638886,0.0358665785732
1985964,0.330333333333,0.0312984833959,0.0403985524374
1987968,0.330666666667,0.0334588180651,0.0444572357532
1989972,0.331,0.0390525787096,0.0431522685775
1991976,0.331333333333,0.0426405053253,0.0417042205089
1993980,0.331666666667,0.0437039140629,0.0428435827299
1995984,0.332,0.0424123649966,0.0390641424174
1997988,0.332333333333,0.0407548869871,0.0393386867166
1999992,0.332666666667,0.0416807916047,0.0419371775747
2001996,0.333,0.0441490629371,0.0449271066095
2004000,0.333333333333,0.0466261752658,0.0450024207159
2004001,0.333333499667,0.0466278275124,0.0449998106824
