1202,0.000199933466401,0.0114655981754,0.00466351713995,11.4427127499,4.65420872251
2404,0.000399866932801,0.013988031576,0.00760140373729,13.9601113533,7.58623127474
3606,0.000599800399202,0.017850591457,0.0119360430142,17.8149615339,11.912218577
4808,0.000799733865602,0.022359441058,0.0171721025671,22.3148114351,17.1378269132
6010,0.000999667332003,0.0269963290028,0.0225041925027,26.9424441145,22.4592739548
7212,0.0011996007984,0.0314789111901,0.0276452001891,31.416079032,27.5900201488
8414,0.0013995342648,0.0368143871081,0.0336509616209,36.7409052975,33.5837940329
9616,0.0015994677312,0.0409952524882,0.0386381850018,40.9134256369,38.5610628761
10818,0.0017994011976,0.0448278430491,0.0432613442243,44.7383663165,43.1749942358
12020,0.00199933466401,0.0473795297168,0.0467604098252,47.2849597972,46.6670756738
13222,0.00219926813041,0.0506940883985,0.0512709486296,50.5929025934,51.1686114068
14424,0.00239920159681,0.0530843803048,0.0539254095073,52.9784234579,53.8177739594
15626,0.00259913506321,0.0556104901365,0.0562555011527,55.4994911542,56.1432147232
16828,0.00279906852961,0.0605521640479,0.0599280918862,60.431301445,59.8084749363
18030,0.00299900199601,0.0700073224137,0.0681219373384,69.8675872392,67.9859654076
19232,0.00319893546241,0.0790594831212,0.0775359605221,78.9016797617,77.3811981258
20434,0.00339886892881,0.0904039219319,0.0886304436844,90.223474982,88.4535366112
21636,0.00359880239521,0.0966107259785,0.0970102352522,96.4178901981,96.8166020481
22838,0.00379873586161,0.0990819809624,0.100863389407,98.8842125374,100.662065277
24040,0.00399866932801,0.101312098425,0.104719174605,101.109878668,104.510154296
25242,0.00419860279441,0.10219072279,0.105810109881,101.986749291,105.598912056
26444,0.00439853626081,0.104746924047,0.105120770325,104.53784835,104.910948428
27646,0.00459846972721,0.104237150028,0.103654624481,104.029091845,103.447729023
28848,0.00479840319361,0.0988249021211,0.0980001061561,98.6276468274,97.8044971618
30050,0.00499833666001,0.101693052964,0.101344249844,101.490072819,101.141965912
31252,0.00519827012641,0.102885757746,0.103564466297,102.680396952,103.357750795
32454,0.00539820359281,0.111060315747,0.110018909379,110.83863847,109.799310758
33656,0.00559813705921,0.119964708911,0.122605951918,119.725258394,122.361229459
34858,0.00579807052562,0.125147677076,0.131072428105,124.897881313,130.810806492
36060,0.00599800399202,0.127103121512,0.134576494997,126.849422667,134.307879239
37262,0.00619793745842,0.131142092061,0.14252591606,130.880331398,142.241433194
38464,0.00639787092482,0.130943945995,0.144887139633,130.682580833,144.597943746
39666,0.00659780439122,0.129952123242,0.145508185659,129.692737766,145.217750158
40868,0.00679773785762,0.123086245123,0.138667351213,122.840563995,138.390570073
42070,0.00699767132402,0.112263547338,0.123494091052,112.039468401,123.24759586
43272,0.00719760479042,0.108752431478,0.119112163579,108.535360756,118.87441475
44474,0.00739753825682,0.109370774357,0.120363290055,109.152469418,120.123043967
45676,0.00759747172322,0.11030295369,0.120849863,110.082788114,120.608645708
46878,0.00779740518962,0.10395021347,0.114891320738,103.742728014,114.661996744
48080,0.00799733865602,0.0983256450649,0.105887904483,98.1293862924,105.67655138
49282,0.00819727212242,0.100450384511,0.105407482672,100.249884741,105.197088495
50484,0.00839720558882,0.100147995011,0.105958107526,99.9480988138,105.746614297
51686,0.00859713905522,0.0979331201355,0.107499629768,97.7376448458,107.285059649
52888,0.00879707252162,0.0974934142931,0.108482830403,97.2988166598,108.266297807
54090,0.00899700598802,0.104667558472,0.115525206836,104.45864119,115.294617601
55292,0.00919693945442,0.132705866817,0.143096872559,132.440984848,142.811250059
56494,0.00939687292083,0.157643241819,0.173178472137,157.32858465,172.832806524
57696,0.00959680638723,0.159907538324,0.176823810169,159.588361601,176.470868432
58898,0.00979673985363,0.150717138659,0.169345945474,150.416306047,169.007929615
60100,0.00999667332003,0.155119982823,0.175074797585,154.810362099,174.725346891
61302,0.0101966067864,0.170684800611,0.194766111268,170.344112386,194.377356555
62504,0.0103965402528,0.172980176588,0.198215415908,172.634906775,197.819776356
63706,0.0105964737192,0.165003658311,0.191626182522,164.674309692,191.243695132
64908,0.0107964071856,0.163740419527,0.18981554123,163.413592342,189.436667894
66110,0.010996340652,0.183044814189,0.203213890524,182.679455278,202.808273976
67312,0.0111962741184,0.178946572371,0.188072000536,178.589393584,187.696607321
68514,0.0113962075848,0.164818797967,0.178338972829,164.48981833,177.983006815
69716,0.0115961410512,0.150892306121,0.164722428936,150.591123873,164.393641653
70918,0.0117960745176,0.162948523785,0.171725903381,162.62327723,171.383137106
72120,0.011996007984,0.16578502989,0.174411137859,165.454121647,174.063011835
73322,0.0121959414504,0.16155935566,0.173355607988,161.236881896,173.00958881
74524,0.0123958749168,0.168377793516,0.181512777601,168.041710095,181.150476647
75726,0.0125958083832,0.201335130811,0.220133868314,200.933264282,219.694479355
76928,0.0127957418496,0.241614771197,0.259725609342,241.132506184,259.207194952
78130,0.012995675316,0.252902508834,0.272667737411,252.397713408,272.12349043
79332,0.0131956087824,0.231696605192,0.248810294275,231.234136918,248.313666941
80534,0.0133955422488,0.221750690071,0.236647471846,221.308073923,236.175121603
81736,0.0135954757152,0.217391049889,0.230840780567,216.957135618,230.380020526
82938,0.0137954091816,0.23245578269,0.248763990915,231.991799092,248.267456003
84140,0.013995342648,0.259782334644,0.283823133436,259.26380703,283.256620195
85342,0.0141952761144,0.247653712635,0.27460589034,247.159393847,274.05777479
86544,0.0143952095808,0.262020928815,0.265517130974,261.497932949,264.987156661
87746,0.0145951430472,0.25962432483,0.261364121195,259.106112605,260.842436322
88948,0.0147950765136,0.228379843492,0.232476679678,227.923995501,232.012654369
90150,0.01499500998,0.210481415161,0.209343666884,210.061292576,208.925815253
91352,0.0151949434464,0.2016907545,0.19806202986,201.288178143,197.666696467
92554,0.0153948769128,0.174511938053,0.173674577562,174.163610831,173.327921718
93756,0.0155948103792,0.156566538273,0.155625735027,156.254030212,155.315104817
94958,0.0157947438456,0.139755139104,0.135283949296,139.47618673,135.013921453
96160,0.015994677312,0.149411087816,0.141210544702,149.112862092,140.928687327
97362,0.0161946107784,0.15752105441,0.147811623411,157.206641128,147.51659023
98564,0.0163945442448,0.171136894547,0.161921909944,170.795303939,161.598712518
99766,0.0165944777112,0.182896627974,0.175727679621,182.531564845,175.37692577
100968,0.0167944111776,0.199630651775,0.191636781061,199.232187401,191.254272516
102170,0.016994344644,0.225302085857,0.214260406464,224.852381095,213.832740982
103372,0.0171942781104,0.251095838823,0.235704436477,250.594649524,235.23396854
104574,0.0173942115768,0.256555645411,0.237758899337,256.043558294,237.284330676
105776,0.0175941450432,0.265761368506,0.249278698835,265.230906692,248.781136562
106978,0.0177940785096,0.252392021078,0.235508787549,251.888244589,235.038710128
108180,0.017994011976,0.243267095469,0.224039803513,242.781532405,223.592618276
109382,0.0181939454424,0.245831108609,0.234332838776,245.340427754,233.865108559
110584,0.0183938789088,0.235647367688,0.226053209983,235.177013661,225.602005971
111786,0.0185938123752,0.226520904533,0.22031738461,226.068766999,219.877629351
112988,0.0187937458417,0.214391607494,0.213957070332,213.963680133,213.530010311
114190,0.0189936793081,0.194703692256,0.201399236757,194.315062132,200.997242272
115392,0.0191936127745,0.180096916297,0.185898608302,179.737441414,185.527553196
116594,0.0193935462409,0.166457422399,0.170627010357,166.125172054,170.286437482
117796,0.0195934797073,0.172680193415,0.17347674184,172.33552237,173.130480878
118998,0.0197934131737,0.176285623251,0.179783782391,175.933755739,179.424932526
120200,0.0199933466401,0.180045150739,0.183563145759,179.685779181,183.196752254
121402,0.0201932801065,0.194692295313,0.197560540449,194.303687937,197.166208033
122604,0.0203932135729,0.211166334048,0.217442044023,210.74484436,217.008027967
123806,0.0205931470393,0.224078168292,0.231062568882,223.630906479,230.60136615
125008,0.0207930805057,0.241044282569,0.240759885191,240.563156256,240.279326538
126210,0.0209930139721,0.244987720899,0.243631427172,244.498723453,243.145136898
127412,0.0211929474385,0.232663261944,0.230525258497,232.198864216,230.065128241
128614,0.0213928809049,0.244177106943,0.239854367811,243.689727488,239.375616578
129816,0.0215928143713,0.25650977112,0.256968650977,255.997775569,256.455739498
131018,0.0217927478377,0.25728513293,0.27038448442,256.77158975,269.84479483
132220,0.0219926813041,0.255239532647,0.254235153452,254.730072502,253.727698056
133422,0.0221926147705,0.259851893027,0.254664774075,259.333226573,254.156461153
134624,0.0223925482369,0.230052601634,0.229174190527,229.593414805,228.716757013
135826,0.0225924817033,0.205481089878,0.201208032324,205.070947982,200.806419485
137028,0.0227924151697,0.209976894352,0.209283820914,209.557778795,208.866088737
138230,0.0229923486361,0.222688541594,0.220557534658,222.244053487,220.117300058
139432,0.0231922821025,0.259285262026,0.251926761586,258.767726573,251.423913758
140634,0.0233922155689,0.362378958962,0.364398123003,361.655647667,363.67078144
141836,0.0235921490353,0.477429421228,0.495216309363,476.476468291,494.227853655
143038,0.0237920825017,0.561373672557,0.593864456785,560.253166225,592.679098588
144240,0.0239920159681,0.605124826392,0.631860485612,603.916992408,630.599287038
145442,0.0241919494345,0.651941938881,0.6605211737,650.640657566,659.202768163
146644,0.0243918829009,0.572580666898,0.56349910166,571.437791316,562.374352954
147846,0.0245918163673,0.538959328074,0.55417200978,537.883560953,553.065878024
149048,0.0247917498337,0.42112779959,0.450253830656,420.28722514,449.355120415
150250,0.0249916833001,0.369132716772,0.388597344087,368.395924922,387.821700686
151452,0.0251916167665,0.351260523738,0.356270442297,350.559404929,355.55932365
152654,0.0253915502329,0.408736378308,0.420178436285,407.920537234,419.339756772
153856,0.0255914836993,0.49153227255,0.500994918666,490.55117021,499.994928808
155058,0.0257914171657,0.516768347508,0.51878282406,515.73687376,517.747329401
156260,0.0259913506321,0.47133790323,0.483118175527,470.397109012,482.153867792
157462,0.0261912840985,0.404032973351,0.431461051453,403.22652031,430.599851749
158664,0.0263912175649,0.421749258837,0.443232218836,420.907443949,442.347523788
159866,0.0265911510313,0.481525174551,0.482341190262,480.564046459,481.378433396
161068,0.0267910844977,0.559465486951,0.600067491818,558.348789373,598.869752313
162270,0.0269910179641,0.624753024567,0.676334275394,623.506012542,674.98430678
163472,0.0271909514305,0.490200021279,0.532219680965,489.221578123,531.157366233
164674,0.0273908848969,0.47492729861,0.513288479682,473.97933993,512.263951779
165876,0.0275908183633,0.578555132299,0.59572712374,577.400331636,594.538047645
167078,0.0277907518297,0.662966308541,0.741797851233,661.643022496,740.3172168
168280,0.0279906852961,0.598208169268,0.680118540568,597.014140986,678.761018531
169482,0.0281906187625,0.485332833886,0.529969664809,484.364105675,528.911841126
170684,0.0283905522289,0.491184344815,0.51478628972,490.203936941,513.758772176
171886,0.0285904856953,0.56234974927,0.613672872615,561.227294681,612.447976661
173088,0.0287904191617,0.541984424944,0.614186648064,540.902619704,612.960726611
174290,0.0289903526281,0.570293029007,0.670823983791,569.154719568,669.485013763
175492,0.0291902860945,0.598731494783,0.740449572822,597.536421939,738.971629562
176694,0.0293902195609,0.571901548484,0.712794149898,570.760028427,711.371407084
177896,0.0295901530273,0.536450667802,0.71346997785,535.379907986,712.045886078
179098,0.0297900864937,0.632890167306,0.832207455684,631.62691348,830.546362958
180300,0.0299900199601,0.503149370513,0.685204054902,502.145080352,683.836382138
181502,0.0301899534265,0.40577156242,0.53054600554,404.961639141,529.487031477
182704,0.0303898868929,0.341603025179,0.43989626894,340.921182813,439.018232475
183906,0.0305898203593,0.339385577827,0.453756063087,338.708161504,452.850362362
185108,0.0307897538257,0.305300681279,0.412417379699,304.691298682,411.594191317
186310,0.0309896872921,0.267064961905,0.356090189183,266.531898109,355.379430322
187512,0.0311896207585,0.261937247343,0.35436858099,261.414418506,353.661258473
188714,0.0313895542249,0.26889532158,0.36899937522,268.358604371,368.262849521
189916,0.0315894876913,0.243503357134,0.334487385934,243.017322489,333.819746441
191118,0.0317894211577,0.200446842795,0.280904211091,200.046749297,280.343524042
192320,0.0319893546241,0.158323102061,0.227869651889,158.007087885,227.414822244
193522,0.0321892880905,0.130492230837,0.188334906776,130.231767303,187.958988798
194724,0.0323892215569,0.113822274731,0.157733246137,113.595084562,157.418409318
195926,0.0325891550233,0.114356226125,0.148004243785,114.127970185,147.708826133
197128,0.0327890884897,0.114845705134,0.146310800584,114.61647219,146.018763058
198330,0.0329890219561,0.10573386277,0.134647549762,105.522817136,134.378792177
199532,0.0331889554225,0.103950777629,0.125910993794,103.743291047,125.659674445
200734,0.0333888888889,0.102200985695,0.119091197274,101.996991712,118.853490293
201936,0.0335888223553,0.0964632988897,0.109572946442,96.270757375,109.354237966
203138,0.0337887558217,0.0936683615689,0.10652206815,93.4813987714,106.309449252
204340,0.0339886892881,0.0929746803303,0.104466275464,92.7891021261,104.257759944
205542,0.0341886227545,0.0973299630516,0.105404544826,97.1356916683,105.194156513
206744,0.0343885562209,0.0991202231207,0.104911494606,98.9223783639,104.702090425
207946,0.0345884896873,0.099830936754,0.105187652613,99.6316734072,104.977697218
209148,0.0347884231537,0.101406117693,0.107878648834,101.203710272,107.66332219
210350,0.0349883566201,0.106705018656,0.114908665414,106.492034587,114.679306801
211552,0.0351882900865,0.106521742468,0.11375365535,106.309124219,113.526602146
212754,0.0353882235529,0.104252229238,0.111272982333,104.044140956,111.050880572
213956,0.0355881570193,0.104651959175,0.111605393011,104.443073029,111.382627756
215158,0.0357880904857,0.109074782513,0.116169697542,108.857068376,115.937821899
216360,0.0359880239521,0.112241253114,0.118725382976,112.017218676,118.488406164
217562,0.0361879574185,0.110586702684,0.11766485824,110.365970742,117.429998244
218764,0.0363878908849,0.108837451712,0.115974845207,108.620211289,115.74335849
219966,0.0365878243513,0.103473852479,0.11203993181,103.267317844,111.816299211
221168,0.0367877578177,0.0988216239832,0.108384007113,98.6243752327,108.167671769
222370,0.0369876912841,0.0959272471701,0.103799198113,95.7357756189,103.592014084
223572,0.0371876247505,0.0939296416999,0.100152624252,93.7421573852,99.9527188145
224774,0.0373875582169,0.101186368604,0.104680725487,100.984399805,104.471781923
225976,0.0375874916833,0.110912455982,0.114414699566,110.691073834,114.186326912
227178,0.0377874251497,0.115888845258,0.116986264465,115.657530198,116.752758948
228380,0.0379873586161,0.12239186736,0.126306779854,122.147572216,126.054670513
229582,0.0381872920825,0.115446878408,0.122441097817,115.216445517,122.196704408
230784,0.0383872255489,0.103593716988,0.111378477209,103.386943101,111.156164879
231986,0.0385871590153,0.0943950240396,0.101460192685,94.2066108179,101.25767733
233188,0.0387870924817,0.0995540986542,0.10453218421,99.3553878785,104.323537136
234390,0.0389870259481,0.107797822696,0.116127663437,107.582657381,115.895871694
235592,0.0391869594145,0.120669389878,0.128504038407,120.428532812,128.24754332
236794,0.0393868928809,0.134171081083,0.141103504971,133.903274534,140.821861249
237996,0.0395868263473,0.144543311886,0.155141951926,144.254802281,154.832287352
239198,0.0397867598137,0.150524965589,0.164191014541,150.224516556,163.863287965
240400,0.0399866932801,0.155152904855,0.166226624087,154.843218418,165.894834418
241602,0.0401866267465,0.161936564924,0.172024345752,161.613338247,171.680983785
242804,0.0403865602129,0.169882728831,0.174637532284,169.543641548,174.288954375
244006,0.0405864936793,0.17976409779,0.176152524039,179.405287216,175.800922194
245208,0.0407864271457,0.183680599677,0.178089589081,183.313971734,177.734120839
246410,0.0409863606121,0.180540356144,0.178417959182,180.179996152,178.061835511
247612,0.0411862940785,0.179466889769,0.177570088686,179.108672424,177.215657372
248814,0.0413862275449,0.195858103602,0.1924152833,195.467169263,192.031220858
250016,0.0415861610113,0.20518556758,0.192554009337,204.776015549,192.169669997
251218,0.0417860944777,0.250473397836,0.235195284883,249.973450934,234.725833217
252420,0.0419860279441,0.24458311082,0.244571007738,244.094920978,244.082842053
253622,0.0421859614105,0.226509899755,0.232766976707,226.057784187,232.302371963
254824,0.0423858948769,0.232012762277,0.244320854728,231.549662951,243.833188351
256026,0.0425858283433,0.261313568689,0.294892412482,260.79198472,294.303804873
257228,0.0427857618097,0.299595374112,0.336207298269,298.997379353,335.536225818
258430,0.0429856952761,0.336622620736,0.394275691351,335.950719297,393.488713923
259632,0.0431856287425,0.340737720134,0.413169423819,340.057604924,412.34473435
260834,0.0433855622089,0.349469420098,0.436721615583,348.771876345,435.849915751
262036,0.0435854956753,0.318004956442,0.37817061876,317.37021601,377.415787185
263238,0.0437854291417,0.35849017042,0.439912465433,357.774621177,439.03439664
264440,0.0439853626081,0.377344361077,0.443852078126,376.59117872,442.966145834
265642,0.0441852960745,0.426280353487,0.502209385871,425.429494498,501.206971927
266844,0.0443852295409,0.471185789715,0.590525593148,470.245299117,589.34689935
268046,0.0445851630073,0.437125289147,0.560502449565,436.25278358,559.3836822
269248,0.0447850964737,0.418554435482,0.51749251554,417.718997487,516.459596348
270450,0.0449850299401,0.392139938033,0.464024724638,391.357223586,463.098527583
271652,0.0451849634065,0.427854277049,0.502794989613,427.000276496,501.791406799
272854,0.0453848968729,0.437164268577,0.529114957139,436.291685206,528.05883946
274056,0.0455848303393,0.443638017156,0.56609937248,442.752512131,564.969433612
275258,0.0457847638057,0.450240147,0.584683876974,449.341464072,583.516843287
276460,0.0459846972721,0.42462673077,0.58256313815,423.779172425,581.400337475
277662,0.0461846307385,0.398131995613,0.524279563752,397.337320971,523.233097557
278864,0.0463845642049,0.363400475695,0.47138360991,362.675125444,470.442724461
280066,0.0465844976713,0.310351249271,0.393420924752,309.731785699,392.635653445
281268,0.0467844311377,0.304070856926,0.373008907677,303.463929068,372.264378919
282470,0.0469843646041,0.328605005137,0.407867291648,327.949106923,407.053185278
283672,0.0471842980705,0.30877834502,0.392100823168,308.162020978,391.318186795
284874,0.0473842315369,0.2828225647,0.356867144286,282.258048603,356.154834616
286076,0.0475841650033,0.29117717883,0.359797654916,290.595986856,359.079495924
287278,0.0477840984697,0.309990980983,0.388509059518,309.37223651,387.733592334
288480,0.0479840319361,0.32095730361,0.41566003884,320.31667027,414.830378084
289682,0.0481839654025,0.305886843243,0.406557180071,305.276290661,405.745688694
290884,0.0483838988689,0.300576703661,0.4026803354,299.976750161,401.876582236
292086,0.0485838323353,0.268399761284,0.35352031103,267.864033218,352.814681666
293288,0.0487837658017,0.264636747854,0.331237523634,264.108530792,330.576370893
294490,0.0489836992681,0.298261770083,0.357316729125,297.666437209,356.60352208
295692,0.0491836327345,0.277501967331,0.32574111763,276.948071189,325.090935759
296894,0.0493835662009,0.273447699377,0.313853470965,272.901895585,313.227016931
298096,0.0495834996673,0.276052001057,0.332122035604,275.500999059,331.45911737
299298,0.0497834331337,0.275319683922,0.330368167516,274.770143635,329.708750016
300500,0.0499833666001,0.23994447973,0.287387791915,239.465548632,286.814163588
301702,0.0501833000665,0.208212046366,0.248035115314,207.79645346,247.540035243
302904,0.0503832335329,0.183085338343,0.213434859964,182.719898545,213.008842279
304106,0.0505831669993,0.170070523846,0.194490962318,169.731061722,194.102756804
305308,0.0507831004657,0.15955446946,0.18737938483,159.235997465,187.005374082
306510,0.0509830339321,0.15605216879,0.186460170786,155.740687415,186.087994797
307712,0.0511829673985,0.16063621367,0.194604625987,160.315582505,194.2161936
308914,0.0513829008649,0.157599916779,0.190832616484,157.285346087,190.451713058
310116,0.0515828343313,0.189037894063,0.238218712248,188.660572917,237.743225796
311318,0.0517827677977,0.177727969308,0.224644992876,177.373222863,224.196599677
312520,0.0519827012641,0.156126796345,0.191884099092,155.815166013,191.501096898
313722,0.0521826347305,0.146250968047,0.173437004789,145.959049947,173.090823143
314924,0.0523825681969,0.147817604977,0.175886544445,147.522559857,175.535473498
316126,0.0525825016633,0.148316372287,0.177231982479,148.020331624,176.878226027
317328,0.0527824351297,0.143109759302,0.171205697305,142.82411108,170.863969366
318530,0.0529823685961,0.147496462096,0.174345783226,147.20205798,173.997787651
319732,0.0531823020625,0.151252703881,0.174811054675,150.950802276,174.462130414
320934,0.0533822355289,0.162319151557,0.185376616668,161.995161234,185.006603461
322136,0.0535821689953,0.162831190318,0.184465769419,162.506177962,184.097574271
323338,0.0537821024617,0.169636143308,0.192604374274,169.297548212,192.219934405
324540,0.0539820359281,0.183673383947,0.208080741684,183.306770406,207.665410863
325742,0.0541819693945,0.195187838049,0.214474673356,194.798241566,214.046580196
326944,0.0543819028609,0.189920225538,0.210495894465,189.541143251,210.075742979
328146,0.0545818363273,0.18470143154,0.199417376993,184.332766008,199.019338316
329348,0.0547817697937,0.199568404116,0.205781148912,199.170063988,205.370408096
330550,0.0549817032601,0.193144969945,0.198125755356,192.759451043,197.730294767
331752,0.0551816367265,0.195969583378,0.199243624172,195.578426525,198.845932308
332954,0.0553815701929,0.213914418838,0.216220033366,213.48744395,215.788456454
334156,0.0555815036593,0.235100619095,0.236142804976,234.631356382,235.671462052
335358,0.0557814371257,0.239592640762,0.245479452432,239.114411938,244.989473485
336560,0.0559813705921,0.211294386167,0.226169626032,210.872640885,225.718189653
337762,0.0561813040585,0.200115811746,0.210876491493,199.716378988,210.455580333
338964,0.056381237525,0.223832060819,0.222363166853,223.385290239,221.919328197
340166,0.0565811709914,0.264054099373,0.270572004481,263.527045282,270.0319406
341368,0.0567811044578,0.253702723835,0.258429264681,253.196331172,257.913437806
342570,0.0569810379242,0.254820675596,0.256407016427,254.312051493,255.895225975
343772,0.0571809713906,0.26224170481,0.267820146897,261.718268274,267.285575745
344974,0.057380904857,0.262762773562,0.274660253783,262.238296968,274.112029723
346176,0.0575808383234,0.283820337079,0.304360196692,283.25382942,303.75269131
347378,0.0577807717898,0.252600950993,0.273641973702,252.096757478,273.095782137
348580,0.0579807052562,0.213504826841,0.230851670083,213.078669502,230.390888307
349782,0.0581806387226,0.1881440923,0.201405086816,187.76855519,201.003080655
350984,0.058380572189,0.167429883719,0.176651311125,167.095692334,176.298713697
352186,0.0585805056554,0.171991393477,0.181593655839,171.648097282,181.231193452
353388,0.0587804391218,0.179581659082,0.189359330204,179.223212656,188.981367469
354590,0.0589803725882,0.180282102809,0.187057061254,179.922258292,186.683693866
355792,0.0591803060546,0.191132758763,0.197817340493,190.75125625,197.422495502
356994,0.059380239521,0.190393782399,0.193725194036,190.013754889,193.338517002
358196,0.0595801729874,0.217832813089,0.222175263698,217.398017055,221.731800098
359398,0.0597801064538,0.242923572025,0.245819267765,242.438694635,245.328610544
360600,0.0599800399202,0.289482858755,0.287790216985,288.905048658,287.215785415
361802,0.0601799733866,0.326479739889,0.324411432504,325.828083722,323.763904694
363004,0.060379906853,0.33996939611,0.345003813958,339.290814481,344.315183591
364206,0.0605798403194,0.382360766395,0.395471018578,381.597571252,394.681655267
365408,0.0607797737858,0.403539059881,0.410162013106,402.733592696,409.343326454
366610,0.0609797072522,0.419918378144,0.444920887255,419.080217708,444.032821612
367812,0.0611796407186,0.384116714197,0.409750075111,383.350014168,408.93221069
369014,0.061379574185,0.332347675174,0.342704534643,331.684306561,342.020493655
370216,0.0615795076514,0.325113940417,0.333957919078,324.465010396,333.291336406
371418,0.0617794411178,0.315413570805,0.327853128959,314.784002799,327.198731496
372620,0.0619793745842,0.322072233877,0.3357266267,321.429375127,335.056513673
373822,0.0621793080506,0.288019374756,0.304030808987,287.444485785,303.423961065
375024,0.062379241517,0.2399512472,0.254970436377,239.472302595,254.46151335
376226,0.0625791749834,0.212799240105,0.227184093815,212.374491123,226.730632549
377428,0.0627791084498,0.183014782566,0.196751274659,182.649483599,196.358557543
378630,0.0629790419162,0.160470238296,0.17884255852,160.14993842,178.485587345
379832,0.0631789753826,0.150108472501,0.167539446746,149.808854791,167.205036672
381034,0.063378908849,0.146748615308,0.159602096195,146.455703901,159.283529137
382236,0.0635788423154,0.173716061736,0.18259239092,173.36932309,182.22793505
383438,0.0637787757818,0.185317448828,0.198018215585,184.947553721,197.622969646
384640,0.0639787092482,0.181095806534,0.187605054415,180.734337859,187.230593228
385842,0.0641786427146,0.185772685663,0.193263165366,185.401881899,192.877410544
387044,0.064378576181,0.165543378627,0.177624443712,165.212952722,177.269903904
388246,0.0645785096474,0.170248386278,0.182143945835,169.908569139,181.780385065
389448,0.0647784431138,0.180463685029,0.190840149233,180.103478073,190.459230772
390650,0.0649783765802,0.180525189584,0.188237659916,180.164859864,187.861936044
391852,0.0651783100466,0.16715335093,0.173785236839,166.819711507,173.438360118
393054,0.065378243513,0.16315963657,0.167592610925,162.833968633,167.258094735
394256,0.0655781769794,0.155790369809,0.156492665452,155.479410987,156.180304842
395458,0.0657781104458,0.148575499417,0.144087022906,148.278941534,143.799424058
396660,0.0659780439122,0.148995683878,0.146907973723,148.698287304,146.614744235
397862,0.0661779773786,0.148505863432,0.148405014181,148.209444543,148.108796587
399064,0.066377910845,0.1611304227,0.160352566981,160.80880509,160.032501977
400266,0.0665778443114,0.158329405454,0.162316898354,158.013378697,161.992912529
401468,0.0667777777778,0.1508828382,0.155696056534,150.58167485,155.385285962
402670,0.0669777112442,0.158851913105,0.163491896248,158.534843418,163.165565118
403872,0.0671776447106,0.169242995404,0.175747253087,168.905185034,175.396460166
405074,0.067377578177,0.174566083724,0.180615043004,174.217648427,180.254533937
406276,0.0675775116434,0.170196028017,0.176387571358,169.856315386,176.035500357
407478,0.0677774451098,0.166248924803,0.174635345076,165.917090622,174.286771533
408680,0.0679773785762,0.173260171661,0.182712384549,172.914342975,182.347689171
409882,0.0681773120426,0.20234193377,0.206667999744,201.938057654,206.255488766
411084,0.068377245509,0.224754040184,0.228329275569,224.305429326,227.873528512
412286,0.0685771789754,0.27610038671,0.277412243186,275.549288134,276.858526133
413488,0.0687771124418,0.318230141793,0.332039433987,317.594951889,331.376680626
414690,0.0689770459082,0.311607872219,0.338336290457,310.985900418,337.66096852
415892,0.0691769793746,0.303167637205,0.32931444631,302.56251218,328.657132045
417094,0.069376912841,0.329632364174,0.349947340039,328.974415343,349.248842354
418296,0.0695768463074,0.413159689791,0.441112049286,412.335019752,440.231586114
419498,0.0697767797738,0.470524432574,0.54059391704,469.58526205,539.514887266
420700,0.0699767132402,0.460830062714,0.547828915376,459.91024223,546.735444487
421902,0.0701766467066,0.448352446025,0.553428903687,447.457530963,552.324255177
423104,0.070376580173,0.416535698182,0.508194731279,415.704289603,507.180370538
424306,0.0705765136394,0.404097224574,0.491600133589,403.290643288,490.618895797
425508,0.0707764471058,0.483267568917,0.561296909038,482.302962991,560.176555926
426710,0.0709763805722,0.459893207721,0.545067380087,458.975257206,543.979421245
427912,0.0711763140386,0.339710567515,0.393142241521,339.03250251,392.357526468
429114,0.071376247505,0.25123201698,0.28483104759,250.730555868,284.262522544
430316,0.0715761809714,0.239111341203,0.264612891865,238.634073057,264.084722421
431518,0.0717761144378,0.235475552725,0.263813464453,235.005541642,263.286890672
432720,0.0719760479042,0.207973219156,0.23430340282,207.558102951,233.835731357
433922,0.0721759813706,0.196510449943,0.218527931292,196.118213516,218.091747796
435124,0.072375914837,0.194657813461,0.208906883149,194.269274911,208.489903342
436326,0.0725758483034,0.214569318565,0.233121710995,214.141036492,232.656398199
437528,0.0727757817698,0.224713661767,0.249659678675,224.265131504,249.161355963
438730,0.0729757152362,0.231920419078,0.260323024246,231.45750407,259.803417411
439932,0.0731756487026,0.240611854687,0.264929390547,240.131591504,264.400589368
441134,0.073375582169,0.230298247747,0.247482584086,229.838570606,246.988606872
442336,0.0735755156354,0.21881893436,0.230792846674,218.38217002,230.33218231
443538,0.0737754491018,0.267892458868,0.281311705035,267.357743381,280.750204626
444740,0.0739753825682,0.332953706138,0.347790419479,332.289127882,347.096227025
445942,0.0741753160346,0.351388975051,0.372237348624,350.687599851,371.494359904
447144,0.074375249501,0.376221049889,0.395628131848,375.470109669,394.838454938
448346,0.0745751829674,0.353642070543,0.391646774469,352.936198146,390.86504438
449548,0.0747751164338,0.293521318363,0.324375736735,292.935447468,323.728280175
450750,0.0749750499002,0.241511372628,0.27059149454,241.029314,270.051391757
451952,0.0751749833666,0.224250806163,0.245378055516,223.803199764,244.888278958
453154,0.075374916833,0.220999883312,0.245632982186,220.55876578,245.142696793
454356,0.0755748502994,0.21926286437,0.245709570622,218.825213942,245.219132357
455558,0.0757747837658,0.2068584048,0.229944784033,206.445513773,229.485812409
456760,0.0759747172322,0.205908341532,0.229479720105,205.497346839,229.021676752
457962,0.0761746506986,0.225117191378,0.247100707964,224.667855667,246.607492978
459164,0.076374584165,0.233493207017,0.260422592634,233.027152711,259.90278706
460366,0.0765745176314,0.218448453588,0.24042467861,218.012428731,239.944789032
461568,0.0767744510978,0.207404164504,0.223910518892,206.990184135,223.463591708
462770,0.0769743845642,0.247495600991,0.272569101021,247.001597796,272.025050919
463972,0.0771743180306,0.251679417217,0.282572054698,251.177063091,282.008038621
465174,0.077374251497,0.24436960374,0.275200622778,243.88184006,274.651320137
466376,0.0775741849634,0.240203123156,0.267197742212,239.723675804,266.664413385
467578,0.0777741184298,0.221429063519,0.240970006425,220.987089341,240.489028368
468780,0.0779740518962,0.237600266759,0.256675209582,237.12601473,256.162883815
469982,0.0781739853626,0.22449480127,0.241343103217,224.046707855,240.861380456
471184,0.078373918829,0.206913977698,0.230620920791,206.500975746,230.160599592
472386,0.0785738522954,0.188836791553,0.216633883436,188.459871809,216.201480475
473588,0.0787737857618,0.186057074272,0.209136908659,185.685702866,208.719469719
474790,0.0789737192282,0.219537462371,0.246875526528,219.099263843,246.382761006
475992,0.0791736526946,0.202154628497,0.231435197098,201.751126245,230.973250597
477194,0.079373586161,0.177863165611,0.206309216205,177.508149312,205.897421362
478396,0.0795735196274,0.17685130779,0.201042350352,176.498311168,200.641068216
479598,0.0797734530938,0.191336746318,0.218301877938,190.954836644,217.866145647
480800,0.0799733865602,0.194279958296,0.218639002093,193.892173948,218.202596899
482002,0.0801733200266,0.20123911401,0.220863314063,200.837439132,220.422469124
483204,0.080373253493,0.193038555298,0.208562702417,192.6532488,208.146409597
484406,0.0805731869594,0.179253364274,0.190033934544,178.895573128,189.654625293
485608,0.0807731204258,0.163343796376,0.167771111326,163.017760854,167.436238848
486810,0.0809730538922,0.161865800761,0.164481476889,161.542715331,164.153170548
488012,0.0811729873586,0.16246441237,0.166156159973,162.140132106,165.824510951
489214,0.081372920825,0.170664302046,0.174942153525,170.323654737,174.59296759
490416,0.0815728542914,0.188309959185,0.188814611871,187.934091003,188.437736398
491618,0.0817727877578,0.227152867156,0.223433189079,226.69946822,222.987214649
492820,0.0819727212242,0.23913325814,0.244751285687,238.655946247,244.262760167
494022,0.0821726546906,0.240481986043,0.245922521704,240.001982079,245.431658387
495224,0.082372588157,0.241641428974,0.249137499588,241.159110752,248.64021915
496426,0.0825725216234,0.315765252729,0.324361901754,315.134982764,323.714472808
497628,0.0827724550898,0.340023799761,0.366650651078,339.345109542,365.918813451
498830,0.0829723885562,0.305139258228,0.341620574446,304.530197832,340.938697052
500032,0.0831723220226,0.283192345939,0.326484560426,282.627091756,325.832894637
501234,0.083372255489,0.343677576593,0.382028019581,342.991593406,381.265488604
502436,0.0835721889554,0.399285560695,0.451127659642,398.488583528,450.227205232
503638,0.0837721224218,0.483514821646,0.556484832123,482.549722201,555.374083955
504840,0.0839720558882,0.496491099327,0.583251048461,495.500099129,582.086874712
506042,0.0841719893546,0.514141820591,0.58053179622,513.115589412,579.37305012
507244,0.084371922821,0.656610960834,0.784728011312,655.300360114,783.161687937
508446,0.0845718562874,0.66582688183,0.834690406679,664.497886058,833.024357963
509648,0.0847717897538,0.746451978272,0.928712170169,744.962054164,926.858453263
510850,0.0849717232202,0.970669409523,1.1218378706,968.731945632,1119.59867325
512052,0.0851716566866,0.582161174601,0.698070335867,580.999176248,696.676981903
513254,0.085371590153,0.511693783377,0.59541934851,510.6724385,594.230886737
514456,0.0855715236194,0.599962608179,0.678220098447,598.765078023,676.866365716
515658,0.0857714570858,0.499840765732,0.606629946921,498.843079573,605.419108703
516860,0.0859713905522,0.526695397242,0.660653827477,525.644109024,659.335157163
518062,0.0861713240186,0.53955428177,0.684062522154,538.477327116,682.697127898
519264,0.086371257485,0.605942506816,0.739450912654,604.733040734,737.974962728
520466,0.0865711909514,0.590599011991,0.710006271173,589.420171648,708.589092987
521668,0.0867711244178,0.516460290305,0.630155364947,515.429431442,628.897569807
522870,0.0869710578842,0.458045134862,0.543722399771,457.130873116,542.63712552
524072,0.0871709913506,0.413860203387,0.528061636787,413.034135117,527.007621544
525274,0.087370924817,0.337193331047,0.431528705821,336.520290466,430.667371079
526476,0.0875708582834,0.298855903312,0.386967713084,298.259384543,386.195322439
527678,0.0877707917498,0.259899032594,0.33238869051,259.38027205,331.72524003
528880,0.0879707252162,0.238965152506,0.3033649441,238.488176154,302.759425249
530082,0.0881706586826,0.258127075767,0.312266108782,257.611852063,311.642823136
531284,0.088370592149,0.254383992563,0.305062485526,253.876240083,304.453578369
532486,0.0885705256154,0.247802258878,0.292405249194,247.307643591,291.821605982
533688,0.0887704590818,0.23639709673,0.276110294052,235.925246238,275.5591757
534890,0.0889703925482,0.249276088283,0.281394926321,248.77853122,280.833259802
536092,0.0891703260146,0.257763207489,0.284720203375,257.248710069,284.151899575
537294,0.089370259481,0.248020041026,0.278523814277,247.524991044,277.96787852
538496,0.0895701929474,0.237156031426,0.261167810197,236.682666093,260.646517163
539698,0.0897701264138,0.232395501748,0.252885800851,231.931638471,252.381038774
540900,0.0899700598802,0.232553393961,0.252873600452,232.089215529,252.368862726
542102,0.0901699933466,0.219498813975,0.251350860381,219.060692589,250.849162057
543304,0.090369926813,0.196345012108,0.223314496041,195.953105896,222.868758524
544506,0.0905698602794,0.187444439479,0.217351937058,187.070298881,216.918100856
545708,0.0907697937458,0.176850634764,0.211062790217,176.497639486,210.641507203
546910,0.0909697272122,0.165544111803,0.200352927228,165.213684434,199.953021186
548112,0.0911696606786,0.164696076594,0.199141126848,164.36734191,198.743639569
549314,0.091369594145,0.167914322267,0.200815735513,167.579163939,200.414905701
550516,0.0915695276114,0.165686870733,0.201279156775,165.356158416,200.877401971
551718,0.0917694610778,0.179497339055,0.217373370011,179.139060934,216.939491029
552920,0.0919693945442,0.196840042062,0.238461390448,196.447147766,237.985419609
554122,0.0921693280106,0.192942307588,0.2369857348,192.557193201,236.512709381
555324,0.092369261477,0.182582425944,0.224869323304,182.217989964,224.420482339
556526,0.0925691949434,0.178496043265,0.220823546568,178.139763737,220.382781006
557728,0.0927691284098,0.159499592696,0.199096284039,159.181230235,198.698886267
558930,0.0929690618762,0.149522646721,0.186168457143,149.224198324,185.796863416
560132,0.0931689953426,0.151494511034,0.189477332084,151.19212678,189.099133817
561334,0.093368928809,0.147503061262,0.188149897563,147.208643974,187.774348865
562536,0.0935688622754,0.146728434605,0.182971606625,146.435563478,182.606393837
563738,0.0937687957418,0.139538696389,0.170747719595,139.260176037,170.406905783
564940,0.0939687292083,0.13435281349,0.155790333439,134.084644201,155.47937469
566142,0.0941686626747,0.126173260481,0.138213866713,125.921417646,137.937990732
567344,0.0943685961411,0.109872652625,0.121831828687,109.653345933,121.588651384
568546,0.0945685296075,0.0949753369894,0.107402029833,94.7857654585,107.187654524
569748,0.0947684630739,0.0838380639751,0.095053231693,83.6707225301,94.8635046837
570950,0.0949683965403,0.0805621647495,0.0897238178703,80.4013620254,89.5447284135
572152,0.0951683300067,0.0806074769523,0.0885264206782,80.4465837847,88.3497212358
573354,0.0953682634731,0.0791822922078,0.088339965177,79.0242437204,88.1636379012
574556,0.0955681969395,0.0764699977204,0.0860956705676,76.3173629944,85.9238229218
575758,0.0957681304059,0.0772906678026,0.0853513817516,77.1363950126,85.1810197122
576960,0.0959680638723,0.0805590688741,0.0866351509991,80.3982723295,86.462226546
578162,0.0961679973387,0.0803775567797,0.0865246783455,80.2171225347,86.3519743967
579364,0.0963679308051,0.0796170976002,0.0883837511419,79.4581812377,88.207336469
580566,0.0965678642715,0.0779975371258,0.088660019348,77.841853419,88.4830532415
581768,0.0967677977379,0.0734079082024,0.0854178032749,73.2613854315,85.2473086576
582970,0.0969677312043,0.0708948029912,0.0823348388971,70.7532963984,82.1704979013
584172,0.0971676646707,0.0706571063473,0.0812372259299,70.5160741989,81.0750757784
585374,0.0973675981371,0.0706266219659,0.0796928202008,70.4856506646,79.5337526954
586576,0.0975675316035,0.0743829453046,0.0806436595965,74.2344763518,80.4826942081
587778,0.0977674650699,0.076193424806,0.0843820518241,76.0413421218,84.2136245749
588980,0.0979673985363,0.0794948616226,0.0910743837858,79.3361892441,90.8925985886
590182,0.0981673320027,0.0801807212766,0.0937582007847,80.0206799168,93.5710586674
591384,0.0983672654691,0.0827704172331,0.0966077973236,82.6052068195,96.4149673889
592586,0.0985671989355,0.0870630957427,0.0995862946047,86.8893171085,99.3875195656
593788,0.0987671324019,0.0938504066826,0.106711997733,93.6630805216,106.498999734
594990,0.0989670658683,0.0949962021179,0.109789845677,94.80658894,109.570704269
596192,0.0991669993347,0.0952489992442,0.111438929981,95.0588814812,111.216496987
597394,0.0993669328011,0.101017682916,0.115846239785,100.816050814,115.615009765
598596,0.0995668662675,0.099081978642,0.115464027737,98.8842102216,115.233560616
599798,0.0997667997339,0.0932172429711,0.109703721321,93.0311806099,109.484751817
601000,0.0999667332003,0.090500765708,0.105218660897,90.3201254571,105.00864361
602202,0.100166666667,0.0935406544006,0.105290096307,93.3539465075,105.079936434
603404,0.100366600133,0.0978483020001,0.108838391335,97.6529960081,108.621149037
604606,0.100566533599,0.0991591432877,0.108603262274,98.961220846,108.386489296
605808,0.100766467066,0.10052450081,0.108868336414,100.323853104,108.651034346
607010,0.100966400532,0.102650043945,0.106631377737,102.445153638,106.418540656
608212,0.101166333999,0.100571063606,0.103828266552,100.37032296,103.621024503
609414,0.101366267465,0.0975200945919,0.0973787041233,97.3254437045,97.1843354524
610616,0.101566200931,0.102904776524,0.0981930429742,102.699377768,97.9970488765
611818,0.101766134398,0.118813858646,0.112761783107,118.576705236,112.536709688
613020,0.101966067864,0.133638957776,0.128320139178,133.372213349,128.064011156
614222,0.102166001331,0.150437205757,0.148855015546,150.136931893,148.557899746
615424,0.102365934797,0.167685108117,0.168772301851,167.350407302,168.435430989
616626,0.102565868263,0.17256615273,0.178776113187,172.221709311,178.419274638
617828,0.10276580173,0.175261292942,0.182424126662,174.911470002,182.060006649
619030,0.102965735196,0.184093926316,0.189348171538,183.72647337,188.970231076
620232,0.103165668663,0.191311876128,0.191467562435,190.930016096,191.085391652
621434,0.103365602129,0.194815913997,0.186994848038,194.427059877,186.621604828
622636,0.103565535595,0.193200326089,0.192464047054,192.814696696,192.079887279
623838,0.103765469062,0.18789271133,0.190376401078,187.517675978,189.996408262
625040,0.103965402528,0.193292510666,0.202904347856,192.906697271,202.499349158
626242,0.104165335995,0.203158890451,0.212381361167,202.753383684,211.957446274
627444,0.104365269461,0.196306133641,0.205017183445,195.914305031,204.60796751
628646,0.104565202927,0.189836706183,0.197986380263,189.457790602,197.591197868
629848,0.104765136394,0.195604296238,0.210918795227,195.213868501,210.497799627
631050,0.10496506986,0.203727447984,0.226931559019,203.320806371,226.478601816
632252,0.105165003327,0.226468891238,0.262559026105,226.016857523,262.034956193
633454,0.105364936793,0.237850225294,0.285847616147,237.375474346,285.277062023
634656,0.105564870259,0.252049603643,0.305048562609,251.546510622,304.439683242
635858,0.105764803726,0.287235127087,0.32744264567,286.66180348,326.789067535
637060,0.105964737192,0.312304367098,0.351667029519,311.681005087,350.96509932
638262,0.106164670659,0.312392451168,0.341862688055,311.768913341,341.1803274
639464,0.106364604125,0.29542235434,0.318959160617,294.832688962,318.322515586
640666,0.106564537591,0.265356509459,0.282334706599,264.826855748,281.771164271
641868,0.106764471058,0.269291844881,0.277113832584,268.754336209,276.560711162
643070,0.106964404524,0.294087421652,0.289178186121,293.50042081,288.600984152
644272,0.107164337991,0.337725431253,0.33606459549,337.051328595,335.393807875
645474,0.107364271457,0.391075009261,0.398903141176,390.29442042,398.106927321
646676,0.107564204923,0.371378576526,0.384387609748,370.637301922,383.62036901
647878,0.10776413839,0.319326967316,0.33708283549,318.68958814,336.410015459
649080,0.107964071856,0.300589818267,0.305217571211,299.98983859,304.608354502
650282,0.108164005323,0.265722574939,0.271647723702,265.192190558,271.105512677
651484,0.108363938789,0.242792414162,0.243605392295,242.307798565,243.119153987
652686,0.108563872255,0.209921231765,0.207219216154,209.50222731,206.805604944
653888,0.108763805722,0.182168027747,0.183308496552,181.80441891,182.942611329
655090,0.108963739188,0.167136269234,0.168087898934,166.802663907,167.752394146
656292,0.109163672655,0.162560757884,0.161558799413,162.236285313,161.23632676
657494,0.109363606121,0.160046729926,0.160775877,159.727275375,160.454967066
658696,0.109563539587,0.145889836015,0.149388850625,145.598638738,149.090669286
659898,0.109763473054,0.135252013975,0.142563045231,134.982049876,142.278488254
661100,0.10996340652,0.142692028828,0.15353373577,142.407214399,153.227281207
662302,0.110163339987,0.142514757321,0.15341424318,142.230296728,153.108027126
663504,0.110363273453,0.142319676502,0.151678365142,142.035605292,151.375613914
664706,0.110563206919,0.153987031018,0.164656808356,153.679671675,164.328152052
665908,0.110763140386,0.176199692537,0.184863833531,175.847996544,184.494843844
667110,0.110963073852,0.201270960056,0.211048166533,200.869221613,210.626912708
668312,0.111163007319,0.213395876494,0.228570967599,212.969936621,228.114738122
669514,0.111362940785,0.218547648439,0.228302738709,218.111425588,227.847044619
670716,0.111562874251,0.233991983732,0.238711428153,233.524933864,238.234958237
671918,0.111762807718,0.24201583225,0.251192242454,241.532766717,250.690860733
673120,0.111962741184,0.246401829036,0.2578019069,245.910009018,257.287332235
674322,0.112162674651,0.241838829011,0.259122194456,241.356116777,258.604984487
675524,0.112362608117,0.232949448784,0.249884271212,232.484479825,249.385500212
676726,0.112562541583,0.251893215033,0.263059996715,251.390434164,262.534926862
677928,0.11276247505,0.288850126636,0.298985380481,288.273579477,298.388603275
679130,0.112962408516,0.36660009016,0.39009737261,365.868353453,389.31873514
680332,0.113162341983,0.436744368957,0.485691257282,435.87262371,484.721813655
681534,0.113362275449,0.45588617891,0.561003585985,454.976226457,559.883818349
682736,0.113562208916,0.553209794979,0.710287481837,552.105583812,708.869742352
683938,0.113762142382,0.639697580521,0.846947571461,638.420739043,845.257057346
685140,0.113962075848,0.555086026691,0.710338046895,553.97807055,708.920206482
686342,0.114162009315,0.44257256543,0.563672212021,441.689187056,562.547117786
687544,0.114361942781,0.393055896084,0.465554521749,392.271353377,464.625271206
688746,0.114561876248,0.35487150519,0.41156018501,354.163178832,410.738707594
689948,0.114761809714,0.374012787376,0.41215816882,373.266254867,411.335497824
691150,0.11496174318,0.344041029546,0.364723212547,343.354320904,363.995222103
692352,0.115161676647,0.302005116102,0.319426128688,301.402311479,318.788551585
693554,0.115361610113,0.264508583499,0.277447189502,263.980622254,276.893402696
694756,0.11556154358,0.242572931775,0.253292747247,242.088754266,252.787172901
695958,0.115761477046,0.241140829213,0.254872308281,240.659510193,254.363581119
697160,0.115961410512,0.214378602163,0.22966180066,213.950700761,229.203393872
698362,0.116161343979,0.217411404469,0.230730210381,216.97744957,230.269671038
699564,0.116361277445,0.218582508845,0.228059196163,218.146216412,227.603988187
700766,0.116561210912,0.222689607189,0.236791614396,222.245116955,236.318976443
701968,0.116761144378,0.212952675527,0.237483740761,212.527620286,237.009721318
703170,0.116961077844,0.196136248766,0.218854671556,195.744759247,218.417835885
704372,0.117161011311,0.184029151359,0.203291251185,183.661827703,202.885480224
705574,0.117360944777,0.182007260858,0.19648529297,181.643972912,196.093106756
706776,0.117560878244,0.183601942114,0.191270452469,183.235471172,190.888675119
707978,0.11776081171,0.19089340765,0.191753082639,190.512382884,191.370341955
709180,0.117960745176,0.200379997996,0.193640440226,199.98003792,193.253932361
710382,0.118160678643,0.219764678905,0.202422100493,219.326026851,202.018064365
711584,0.118360612109,0.240700646693,0.222764130654,240.220206281,222.319491671
712786,0.118560545576,0.243691457082,0.226919994665,243.205046988,226.467060544
713988,0.118760479042,0.24764200298,0.237826277348,247.147707564,237.351574199
715190,0.118960412508,0.265915776291,0.276616569554,265.385006278,276.064440673
716392,0.119160345975,0.255952316385,0.275745895453,255.441433518,275.195504444
717594,0.119360279441,0.244301308632,0.275327246134,243.81368127,274.777690753
718796,0.119560212908,0.227241005287,0.259661796557,226.787430426,259.143509538
719998,0.119760146374,0.242354724446,0.256266062378,241.870982481,255.754553272
721200,0.11996007984,0.253705548557,0.26069861753,253.199150256,260.178261008
722402,0.120160013307,0.260305432943,0.278062441581,259.78586122,277.507426728
723604,0.120359946773,0.23495972541,0.24638530409,234.490743922,245.893517056
724806,0.12055988024,0.213404840711,0.223007405717,212.978882945,222.562281155
726008,0.120759813706,0.194763689075,0.208952678752,194.374939196,208.535607537
727210,0.120959747172,0.181320896326,0.192822654581,180.958978369,192.437779023
728412,0.121159680639,0.17357925068,0.187065064137,173.23278511,186.691680775
729614,0.121359614105,0.148888526335,0.170689979404,148.591343648,170.349280842
730816,0.121559547572,0.132503287993,0.155087289648,132.238810373,154.777734179
732018,0.121759481038,0.125027439246,0.144633587767,124.777883479,144.344897971
733220,0.121959414504,0.126462577284,0.146133103304,126.21015697,145.841420463
734422,0.122159347971,0.118832632535,0.13983448603,118.595441651,139.555375279
735624,0.122359281437,0.115314519901,0.13380670786,115.084351199,133.539628603
736826,0.122559214904,0.112334898223,0.128798007173,112.110676869,128.540925322
738028,0.12275914837,0.114699661077,0.13136891251,114.470719637,131.106699112
739230,0.122959081836,0.118301019829,0.136919162641,118.064890049,136.6458709
740432,0.123159015303,0.125923688003,0.14225249244,125.672343316,141.96855533
741634,0.123358948769,0.137054297673,0.154905551579,136.7807362,154.596358861
742836,0.123558882236,0.152543062975,0.167079241107,152.238585804,166.745749607
744038,0.123758815702,0.159095876709,0.174119114806,158.778320069,173.771571663
745240,0.123958749168,0.160892164167,0.174774658563,160.571022123,174.425806949
746442,0.124158682635,0.160490590394,0.173468500222,160.170249894,173.122255711
747644,0.124358616101,0.185145816717,0.205610568191,184.776264189,205.200167855
748846,0.124558549568,0.202406628006,0.235936253741,202.00262276,235.465323094
750048,0.124758483034,0.23061965327,0.277342490371,230.159334601,276.788912546
751250,0.1249584165,0.233189021835,0.294804838957,232.723574686,294.216406145
752452,0.125158349967,0.239164452258,0.306708805016,238.687078101,306.096611792
753654,0.125358283433,0.231903313409,0.308097078356,231.440432544,307.482114128
754856,0.1255582169,0.231977249479,0.293341827828,231.514221037,292.756315198
756058,0.125758150366,0.258353473879,0.316169987592,257.837798282,315.538909773
757260,0.125958083832,0.233540329988,0.294701370162,233.074181625,294.113143874
758462,0.126158017299,0.195500076941,0.254688267214,195.109857226,254.179907399
759664,0.126357950765,0.178946507732,0.228836166182,178.589329074,228.379407367
760866,0.126557884232,0.170810667993,0.217074836709,170.469728536,216.641553602
762068,0.126757817698,0.163635228987,0.214676351948,163.308611763,214.247856235
763270,0.126957751164,0.167846944828,0.225588310319,167.511920986,225.13803425
764472,0.127157684631,0.157205484133,0.207099965832,156.891700732,206.686592647
765674,0.127357618097,0.161042423775,0.193770460258,160.720981812,193.383692872
766876,0.127557551564,0.18166895201,0.20115188235,181.306339332,200.750381587
768078,0.12775748503,0.197534361071,0.213129702111,197.140080909,212.704293524
769280,0.127957418496,0.209638462734,0.224990730208,209.220022688,224.541646915
770482,0.128157351963,0.229291050994,0.248529442361,228.833384226,248.03337561
771684,0.128357285429,0.247006886886,0.260409076626,246.513859168,259.88929803
772886,0.128557218896,0.273441296322,0.289407127181,272.895505311,288.829468244
774088,0.128757152362,0.276030905122,0.313008095839,275.479945231,312.38332918
775290,0.128957085828,0.274273894129,0.317401773336,273.726441246,316.768236862
776492,0.129157019295,0.318791694777,0.380495674507,318.155384009,379.736202103
777694,0.129356952761,0.292551748019,0.364882602802,291.967812394,364.154294213
778896,0.129556886228,0.266998682788,0.335710726651,266.465751286,335.04064536
780098,0.129756819694,0.294225105039,0.370717240105,293.63782938,369.977285534
781300,0.12995675316,0.275571940418,0.346629052794,275.021896624,345.937178437
782502,0.130156686627,0.265957250372,0.332464024506,265.426397577,331.800423659
783704,0.130356620093,0.338178410452,0.415295872483,337.503403645,414.466938606
784906,0.13055655356,0.347522150667,0.433432654366,346.82849368,432.567519328
786108,0.130756487026,0.29744471578,0.379755891258,296.851013753,378.997895467
787310,0.130956420492,0.276087937833,0.356823011043,275.536864105,356.110789464
788512,0.131156353959,0.263649215987,0.332562417559,263.122970047,331.898620318
789714,0.131356287425,0.235763205996,0.289411133335,235.292620754,288.833466402
790916,0.131556220892,0.198091785231,0.233929725916,197.696392446,233.462800315
792118,0.131756154358,0.175264321566,0.201718556485,174.91449258,201.315924636
793320,0.131956087824,0.157283086403,0.179521899358,156.969148107,179.163572213
794522,0.132156021291,0.154015964915,0.16868566756,153.70854782,168.348969621
795724,0.132355954757,0.149041871447,0.159956438327,148.744382682,159.637163999
796926,0.132555888224,0.159277059372,0.166156245238,158.95914109,165.824596046
798128,0.13275582169,0.161288152357,0.163891802915,160.966219917,163.564673568
799330,0.132955755156,0.170195233972,0.168751794147,169.855522926,168.414964219
800532,0.133155688623,0.162829810135,0.16019889297,162.504800534,159.879134701
801734,0.133355622089,0.156839587438,0.155629655033,156.526534369,155.319016999
802936,0.133555555556,0.17130135106,0.176748136984,170.959432195,176.395346291
804138,0.133755489022,0.17206219043,0.178726016364,171.718752925,178.369277808
805340,0.133955422488,0.181935344947,0.189132558582,181.572200546,188.755048485
806542,0.134155355955,0.178274396337,0.189812062626,177.918559218,189.433196233
807744,0.134355289421,0.164260088383,0.175800582297,163.932223935,175.449682932
808946,0.134555222888,0.148785693752,0.156449769295,148.488716319,156.137494306
810148,0.134755156354,0.136701937401,0.145679174724,136.429079242,145.388397929
811350,0.13495508982,0.131643481073,0.141803020943,131.380719633,141.519980981
812552,0.135155023287,0.136479581982,0.149120136077,136.207167646,148.822491095
813754,0.135354956753,0.147255766165,0.162052638841,146.96184248,161.72918048
814956,0.13555489022,0.148246182674,0.165466576163,147.95028211,165.136303555
816158,0.135754823686,0.152292194229,0.170092659599,151.988217794,169.753153292
817360,0.135954757152,0.153533392604,0.165839637002,153.226938727,165.508619763
818562,0.136154690619,0.150102984487,0.156440069805,149.803377731,156.127814177
819764,0.136354624085,0.147272697075,0.146676159035,146.978739595,146.383392251
820966,0.136554557552,0.153834531916,0.153312137843,153.527476962,153.006125592
822168,0.136754491018,0.175544122155,0.171780467702,175.193734686,171.437592517
823370,0.136954424484,0.191363454947,0.182475278281,190.981491963,182.111056168
824572,0.137154357951,0.198195000791,0.193068888395,197.799401987,192.683521352
825774,0.137354291417,0.213122283136,0.21579656546,212.696889357,215.365833793
826976,0.137554224884,0.238858801258,0.244613391052,238.382037183,244.125140771
828178,0.13775415835,0.260101517981,0.283034574668,259.582353275,282.469635397
829380,0.137954091816,0.264488636949,0.284107380475,263.960715518,283.540299875
830582,0.138154025283,0.277023892504,0.305165882529,276.470950603,304.556768991
831784,0.138353958749,0.26487926771,0.305211589118,264.350566577,304.602384349
832986,0.138553892216,0.271672620575,0.322799269535,271.130359856,322.154959616
834188,0.138753825682,0.264155994569,0.331973620245,263.628737095,331.310998249
835390,0.138953759148,0.259836818012,0.338737863236,259.318181649,338.061739756
836592,0.139153692615,0.276463922292,0.362168081956,275.912098096,361.445191573
837794,0.139353626081,0.31915695701,0.39032239205,318.519917176,389.543305439
838996,0.139553559548,0.330930436349,0.380037652838,330.269896556,379.279094648
840198,0.139753493014,0.333981106684,0.363760264047,333.314477728,363.034195656
841400,0.13995342648,0.340504203068,0.36101479242,339.82455396,360.294204012
842602,0.140153359947,0.413800403929,0.435516680593,412.974455019,434.647385821
843804,0.140353293413,0.548821798124,0.605853857138,547.726345433,604.644568002
845006,0.14055322688,0.508727828845,0.550492775333,507.712404037,549.393987358
846208,0.140753160346,0.476908470366,0.498364018909,475.956557251,497.369280348
847410,0.140953093812,0.466432143612,0.498056549794,465.501141329,497.062424944
848612,0.141153027279,0.388862197098,0.454908784771,388.086025048,454.000783204
849814,0.141352960745,0.343496935172,0.39565518189,342.811312547,394.865450988
851016,0.141552894212,0.287121287341,0.326237192163,286.548190959,325.586020123
852218,0.141752827678,0.284177112143,0.326576452088,283.609892358,325.924602882
853420,0.141952761144,0.272771777618,0.317948973573,272.227322972,317.314344883
854622,0.142152694611,0.278405750929,0.325409342681,277.850050828,324.759823035
855824,0.142352628077,0.295352684116,0.344635933225,294.7631578,343.948037151
857026,0.142552561544,0.2881392958,0.332761153577,287.564167466,332.096959658
858228,0.14275249501,0.267531710061,0.303458877322,266.997714631,302.85317098
859430,0.142952428476,0.244328558764,0.281645725855,243.84087701,281.083558738
860632,0.143152361943,0.235073119163,0.272996910825,234.603911341,272.452006812
861834,0.143352295409,0.285620452921,0.329956714763,285.050352216,329.298118526
863036,0.143552228876,0.336159238352,0.399507104938,335.488261829,398.709685567
864238,0.143752162342,0.395652598062,0.453292011109,394.862872318,452.387236636
865440,0.143952095808,0.356019124595,0.396582973963,355.30850758,395.791391181
866642,0.144152029275,0.321307097481,0.349062200745,320.665765949,348.365469805
867844,0.144351962741,0.387376666431,0.387501988572,386.603459512,386.728531509
869046,0.144551896208,0.479961226694,0.477908885237,479.003220254,476.954975286
870248,0.144751829674,0.444522283126,0.440482227273,443.6350131,439.603021231
871450,0.14495176314,0.441667341637,0.446197675285,440.785770097,445.307061163
872652,0.145151696607,0.422176112016,0.432628019013,421.333445126,431.764490033
873854,0.145351630073,0.480842916708,0.478055915377,479.883150407,477.101711953
875056,0.14555156354,0.579175135463,0.621725547942,578.019097268,620.484578784
876258,0.145751497006,0.790790453949,0.869557005684,789.21202989,867.821362959
877460,0.145951430472,1.02916539418,1.1400443358,1027.11117184,1137.76879821
878662,0.146151363939,1.06538861516,1.25460370104,1063.26209098,1252.09950203
879864,0.146351297405,1.26569037962,1.44080450049,1263.16405152,1437.9286432
881066,0.146551230872,1.17632646188,1.36972189097,1173.97850487,1366.98791514
882268,0.146751164338,1.18905324991,1.34711426559,1186.67989013,1344.42541476
883470,0.146951097804,0.959068201067,1.26485076228,957.15389328,1262.32611006
884672,0.147151031271,0.595014028505,0.708668947945,593.826375754,707.254439066
885874,0.147350964737,0.756116490241,0.822614462639,754.60727569,820.972517603
887076,0.147550898204,0.758360745904,0.777662258997,756.8470518,776.110038919
888278,0.14775083167,0.612585964096,0.596886940632,611.363237621,595.695549533
889480,0.147950765136,0.572891514886,0.570533131516,571.748018848,569.39434283
890682,0.148150698603,0.650903560286,0.64073530945,649.604351583,639.456396657
891884,0.148350632069,0.606198027402,0.555906844,604.988051299,554.797249501
893086,0.148550565536,0.546655459508,0.522037584916,545.564330846,520.995593729
894288,0.148750499002,0.640844494287,0.625572538104,639.56536356,624.323890324
895490,0.148950432468,0.6068488901,0.565942301122,605.637614871,564.812675771
896692,0.149150365935,0.509316763575,0.495567939142,508.300163249,494.578781579
897894,0.149350299401,0.454341121725,0.456190574245,453.434253219,455.280014216
899096,0.149550232868,0.426116790778,0.423746908451,425.266258262,422.901106238
900298,0.149750166334,0.411311710649,0.405806961666,410.49072919,404.99696773
901500,0.1499500998,0.418572355774,0.417468555259,417.73688201,416.635284689
902702,0.150150033267,0.439815702513,0.447657228778,438.937826859,446.763701376
903904,0.150349966733,0.501894557652,0.507874372245,500.892772108,506.860650943
905106,0.1505499002,0.551617499049,0.579357650547,550.516466116,578.201248051
906308,0.150749833666,0.533291517517,0.565283462884,532.22706339,564.155152579
907510,0.150949767132,0.430230792024,0.475122780502,429.372047928,474.174431639
908712,0.151149700599,0.321078895109,0.376269932248,320.438019071,375.518894459
909914,0.151349634065,0.270743358155,0.300855363037,270.202952251,300.25485333
911116,0.151549567532,0.29210968062,0.310103916976,291.526627365,309.484947082
912318,0.151749500998,0.279455862507,0.288730009368,278.898066374,288.153701964
913520,0.151949434464,0.27774307361,0.277030585578,277.188696217,276.477630317
914722,0.152149367931,0.259252451446,0.260104442509,258.734981483,259.585271965
915924,0.152349301397,0.273389286382,0.266969123953,272.843599183,266.436251451
917126,0.152549234864,0.257338491692,0.251282848903,256.824842008,250.78128633
918328,0.15274916833,0.241905633145,0.236107010266,241.42278757,235.635738789
919530,0.152949101796,0.231136502491,0.232471610061,230.675152187,232.007594872
920732,0.153149035263,0.23260458693,0.23549951837,232.140306317,235.029459451
921934,0.153348968729,0.247016060441,0.254347974641,246.523014413,253.840294053
923136,0.153548902196,0.259657064309,0.285980535031,259.138786735,285.409715599
924338,0.153748835662,0.2488148085,0.276158923586,248.318172156,275.60770817
925540,0.153948769128,0.253339031111,0.279179255494,252.833364382,278.622011471
926742,0.154148702595,0.292199586752,0.3321530989,291.616354044,331.490118662
927944,0.154348636061,0.26294450151,0.312565220233,262.419662185,311.941337558
929146,0.154548569528,0.221657869435,0.268103195891,221.215438558,267.568059771
930348,0.154748502994,0.182884276006,0.222145170938,182.519237531,221.701767403
931550,0.15494843646,0.167167516714,0.204333547246,166.833849016,203.925695855
932752,0.155148369927,0.165023685101,0.200346389012,164.694296508,199.94649602
933954,0.155348303393,0.163156139858,0.197881545331,162.8304789,197.486572187
935156,0.15554823686,0.160100836634,0.197662007951,159.781274086,197.267473004
936358,0.155748170326,0.158681999521,0.201023646469,158.365268983,200.622401665
937560,0.155948103792,0.153684141057,0.197773709791,153.377386284,197.378951888
938762,0.156148037259,0.156859160052,0.195386081397,156.546067916,194.996089219
939964,0.156347970725,0.167089695078,0.202310959385,166.756182713,201.907145095
941166,0.156547904192,0.169730067202,0.208148743167,169.391284633,207.733276614
942368,0.156747837658,0.17586963839,0.22135840202,175.518601187,220.916568883
943570,0.156947771124,0.173710103602,0.220985490552,173.363376848,220.544401749
944772,0.157147704591,0.178620977103,0.227493348201,178.264448206,227.039269662
945974,0.157347638057,0.170258886312,0.212518272363,169.919048216,212.094084195
947176,0.157547571524,0.167211155227,0.200748898879,166.877400426,200.348202474
948378,0.15774750499,0.173808530286,0.198302294345,173.461607072,197.906481382
949580,0.157947438456,0.161328420632,0.184750158634,161.006407816,184.381395842
950782,0.158147371923,0.145798352581,0.167314815215,145.507337905,166.980853508
951984,0.158347305389,0.141377764495,0.163535551865,141.095573348,163.209133598
953186,0.158547238856,0.13205637499,0.148005931178,131.792789411,147.710510157
954388,0.158747172322,0.121972215132,0.134311988197,121.728757617,134.043900397
955590,0.158947105788,0.114678487944,0.129664080042,114.449588767,129.405269503
956792,0.159147039255,0.108847142601,0.126232412302,108.629882835,125.980451399
957994,0.159346972721,0.103673298255,0.120239278585,103.466365524,119.999280025
959196,0.159546906188,0.117988347026,0.134814638854,117.752841344,134.545547758
960398,0.159746839654,0.136424656626,0.149407614336,136.152351922,149.109395545
961600,0.15994677312,0.15689452947,0.167656362405,156.581366737,167.321718967
961921,0.160000166334,0.164504351864,0.175205583373,164.175999864,174.85587163
