601,9.99667332003e-05,1.96160532878,0.967447559096
1202,0.000199933466401,1.92313527879,1.00043251094
1803,0.000299900199601,1.78587298638,0.954019616377
2404,0.000399866932801,1.53642803487,0.800468064773
3005,0.000499833666001,1.38615560466,0.742278357625
3606,0.000599800399202,1.42469717319,0.931598004354
4207,0.000699767132402,1.32042872989,1.00413333924
4808,0.000799733865602,1.22591305192,1.06856800093
5409,0.000899700598802,1.02653595184,1.05334736955
6010,0.000999667332003,0.950466483655,1.25213407271
6611,0.0010996340652,0.716669220341,1.12296237072
7212,0.0011996007984,0.510174890743,1.37960714555
7813,0.0012995675316,0.227513298861,1.30415333042
8414,0.0013995342648,0.854916730246,2.23841797593
9015,0.001499500998,0.0604235177993,2.119478524
9616,0.0015994677312,0.269143474985,2.4936814383
10217,0.0016994344644,-0.255450700234,2.1348317629
10818,0.0017994011976,-0.211711256707,2.08931767622
11419,0.00189936793081,0.690442103032,2.33318319685
12020,0.00199933466401,0.374215274206,1.78245749362
12621,0.00209930139721,0.362162529299,1.96824096104
13222,0.00219926813041,0.944912510442,2.55632174728
13823,0.00229923486361,0.95523801911,2.93119953974
14424,0.00239920159681,1.34202321736,3.40779495839
15025,0.00249916833001,0.554395362022,3.30841107521
15626,0.00259913506321,1.51582299693,3.95422940044
16227,0.00269910179641,-0.0123005683169,3.00727698948
16828,0.00279906852961,0.856528198864,4.22411984411
17429,0.00289903526281,0.954888493618,4.46149565871
18030,0.00299900199601,-0.335583483759,4.97817913182
18631,0.00309896872921,-0.14568000041,3.26525599766
19232,0.00319893546241,0.697937735806,2.60909008177
19833,0.00329890219561,-0.695487739421,3.2091357235
20434,0.00339886892881,-0.132587571072,2.250696382
21035,0.00349883566201,0.549400530393,2.30587824632
21636,0.00359880239521,-0.176193173536,1.83234073132
22237,0.00369876912841,0.674232352546,1.7689375366
22838,0.00379873586161,0.432592146115,1.89244087716
23439,0.00389870259481,1.06178769657,2.60547833043
24040,0.00399866932801,0.978100654798,2.15315115937
24641,0.00409863606121,0.95033097516,2.10705318181
25242,0.00419860279441,-0.118347492585,2.00289752017
25843,0.00429856952761,1.31252380766,3.65156472835
26444,0.00439853626081,1.23663085356,3.45841223102
27045,0.00449850299401,1.70053871262,3.96457429437
27646,0.00459846972721,2.04636138436,3.28067731579
28247,0.00469843646041,0.698435553745,3.99583772666
28848,0.00479840319361,-0.0630140428005,4.47990492619
29449,0.00489836992681,2.2570076636,5.02347736017
30050,0.00499833666001,-0.27190263874,2.42045519517
30651,0.00509830339321,-0.8856714344,3.12115559251
31252,0.00519827012641,1.42334258897,4.07093984932
31853,0.00529823685961,0.629286844425,3.72036668997
32454,0.00539820359281,-1.05134829878,4.5743706776
33055,0.00549817032601,-1.31425772244,3.49232257041
33656,0.00559813705921,0.57717327049,3.2798574172
34257,0.00569810379242,1.53539175723,4.23855103878
34858,0.00579807052562,0.339838775615,2.66192912035
35459,0.00589803725882,0.704495562603,3.05096700308
36060,0.00599800399202,0.212834035501,3.01326621377
36661,0.00609797072522,-0.00959463942285,2.57920672151
37262,0.00619793745842,1.02394026701,3.38114616118
37863,0.00629790419162,0.980982890472,3.76142540894
38464,0.00639787092482,0.929190033342,3.96336414211
39065,0.00649783765802,0.662059836835,3.88641842746
39666,0.00659780439122,3.47170599156,5.87094851648
40267,0.00669777112442,0.692260819684,2.94058403541
40868,0.00679773785762,-0.211835105722,3.77298536011
41469,0.00689770459082,0.813780909965,4.39579227573
42070,0.00699767132402,0.369419123596,4.54424917147
42671,0.00709763805722,3.33841592961,6.69906392904
43272,0.00719760479042,0.274805092497,4.41226326541
43873,0.00729757152362,0.481476643965,5.43721995747
44474,0.00739753825682,-0.917715507217,7.05392330466
45075,0.00749750499002,0.621208113244,3.92558866143
45676,0.00759747172322,0.313172304603,3.95432638577
46277,0.00769743845642,0.459644149801,3.22510280258
46878,0.00779740518962,1.98437264075,4.33628633842
47479,0.00789737192282,0.951812314581,3.16459732655
48080,0.00799733865602,1.89475251409,5.84690152252
48681,0.00809730538922,-0.510208356448,2.44669524631
49282,0.00819727212242,-0.417196925101,4.69235523287
49883,0.00829723885562,0.202646057409,1.63485906608
50484,0.00839720558882,4.08853560076,7.06270742252
51085,0.00849717232202,0.86082989782,1.56764320054
51686,0.00859713905522,-1.88979828858,6.22575666325
52287,0.00869710578842,1.04058521201,2.15584449935
52888,0.00879707252162,-0.315433142095,8.29628585796
53489,0.00889703925482,0.459038734959,2.93260945697
54090,0.00899700598802,0.35826120805,5.17694285028
54691,0.00909697272122,-0.493934115549,2.50829148816
55292,0.00919693945442,1.66016362324,4.93586882723
55893,0.00929690618762,1.26378911022,3.31489749326
56494,0.00939687292083,0.89970512078,4.53728066606
57095,0.00949683965403,1.91226597802,3.36510503839
57696,0.00959680638723,-0.257849065455,6.65956498728
58297,0.00969677312043,-0.290241148466,3.66145529597
58898,0.00979673985363,1.12718258138,8.66230125766
59499,0.00989670658683,0.486114393933,2.9688183128
60100,0.00999667332003,0.938131851784,6.99533166832
60701,0.0100966400532,0.0940024023755,3.0403911758
61302,0.0101966067864,0.134331722428,3.51668338124
61903,0.0102965735196,0.243796207382,1.99998307256
62504,0.0103965402528,0.985566400812,4.26067245636
63105,0.010496506986,1.09661311888,1.94153557714
63706,0.0105964737192,-0.317156307274,4.68008305651
64307,0.0106964404524,0.711442796924,1.92877083377
64908,0.0107964071856,1.55669900401,3.55704975813
65509,0.0108963739188,0.363319916493,2.31446373271
66110,0.010996340652,0.985338850764,4.19916577986
66711,0.0110963073852,0.819535096482,2.05658367908
67312,0.0111962741184,-0.605507661033,5.34243163458
67913,0.0112962408516,0.416786396278,1.56406415106
68514,0.0113962075848,1.15761259771,3.37322254383
69115,0.011496174318,0.733184643568,1.53062914074
69716,0.0115961410512,1.97404749438,3.84220865904
70317,0.0116961077844,0.621325432229,1.92899881301
70918,0.0117960745176,0.0116383341491,3.38401591391
71519,0.0118960412508,1.34451107864,2.59250670917
72120,0.011996007984,-0.467084947885,5.94847546581
72721,0.0120959747172,0.146219950384,2.37147232599
73322,0.0121959414504,0.988552931951,5.33508772377
73923,0.0122959081836,0.466883623405,2.7134803029
74524,0.0123958749168,-0.143960461893,4.21370381825
75125,0.01249584165,0.687039668738,2.31307748117
75726,0.0125958083832,1.76198212782,6.18818149515
76327,0.0126957751164,2.28118066704,3.74296336092
76928,0.0127957418496,1.63470350228,5.01755839808
77529,0.0128957085828,1.53663835137,5.39909683138
78130,0.012995675316,2.03244318865,4.80040303877
78731,0.0130956420492,0.791036620369,7.92121382552
79332,0.0131956087824,0.0600104083417,4.62406784535
79933,0.0132955755156,0.837870209597,6.70865320536
80534,0.0133955422488,2.35337052068,6.52448773373
81135,0.013495508982,0.251438288065,5.18878970381
81736,0.0135954757152,-0.591215527941,6.68809246057
82337,0.0136954424484,1.22173324107,5.06570530185
82938,0.0137954091816,3.30406548158,5.91259573079
83539,0.0138953759148,0.0469769246003,5.16953464159
84140,0.013995342648,2.12735579473,5.98646228532
84741,0.0140953093812,0.751098400556,4.11618533973
85342,0.0141952761144,-0.316322028592,9.77878022554
85943,0.0142952428476,1.96357250748,6.1464188829
86544,0.0143952095808,1.74007480975,4.82269514225
87145,0.014495176314,2.03639436721,5.50455148117
87746,0.0145951430472,-0.0225524505135,4.54212067191
88347,0.0146951097804,0.858780658721,4.49790942124
88948,0.0147950765136,-0.821147320828,6.13454537389
89549,0.0148950432468,3.33751962584,6.27878449985
90150,0.01499500998,0.836526816217,7.19314457239
90751,0.0150949767132,0.288207471465,6.97600943335
91352,0.0151949434464,0.463738722877,7.05112867199
91953,0.0152949101796,-0.646609070643,6.30942521385
92554,0.0153948769128,1.58020824575,5.59800187487
93155,0.015494843646,1.68174875151,6.05222577114
93756,0.0155948103792,1.69342368002,5.33502077505
94357,0.0156947771124,1.26594339461,5.99446920463
94958,0.0157947438456,-0.749313862329,3.79773457447
95559,0.0158947105788,0.35255742505,6.32103941317
96160,0.015994677312,1.34715036954,4.91706760471
96761,0.0160946440452,1.24120527448,4.82866589116
97362,0.0161946107784,0.454282659976,3.74723396741
97963,0.0162945775116,4.2459224376,8.6021978294
98564,0.0163945442448,0.0547238230354,2.70772702561
99165,0.016494510978,1.26997369343,6.46505510556
99766,0.0165944777112,0.877629818585,2.62571141545
100367,0.0166944444444,-0.660543709829,5.06671949797
100968,0.0167944111776,1.63997545557,3.31214738453
101569,0.0168943779108,1.05865451,4.47108226488
102170,0.016994344644,0.525531159415,2.16199615372
102771,0.0170943113772,0.875648867946,3.7001055998
103372,0.0171942781104,0.860189324248,2.98740170843
103973,0.0172942448436,0.208375684107,4.26833047058
104574,0.0173942115768,0.747356935476,2.46752209851
105175,0.01749417831,1.58250366972,4.04188221067
105776,0.0175941450432,0.903786294437,2.07733014637
106377,0.0176941117764,3.1546214358,5.15203231675
106978,0.0177940785096,0.388711254675,1.95990387917
107579,0.0178940452428,3.43001614236,5.51423257491
108180,0.017994011976,0.484516474272,2.05094398813
108781,0.0180939787092,1.56858569781,6.43132483328
109382,0.0181939454424,0.79460399718,1.96350053773
109983,0.0182939121756,0.712895516654,5.92363069855
110584,0.0183938789088,1.11137142165,2.94996343198
111185,0.018493845642,2.05297063684,3.97046245066
111786,0.0185938123752,0.119311314129,2.42605196288
112387,0.0186937791084,1.22589341041,4.6579068197
112988,0.0187937458417,0.708121276783,2.4971025381
113589,0.0188937125749,0.31250223306,3.60960103479
114190,0.0189936793081,0.300686605302,2.28977211843
114791,0.0190936460413,0.909856426547,4.09070510735
115392,0.0191936127745,-0.31216665103,2.64242959658
115993,0.0192935795077,2.19211077472,7.0338095652
116594,0.0193935462409,0.859875594089,2.93559761313
117195,0.0194935129741,2.0775566974,5.03500387796
117796,0.0195934797073,0.843813187536,3.56953625633
118397,0.0196934464405,1.20952984488,5.28008742923
118998,0.0197934131737,1.31271315101,3.565090002
119599,0.0198933799069,-0.732866771953,8.00171393259
120200,0.0199933466401,-0.283957092534,2.77177442713
120801,0.0200933133733,0.570222530554,6.81731717889
121402,0.0201932801065,0.654706467647,2.262341162
122003,0.0202932468397,-2.08399574465,6.73378390691
122604,0.0203932135729,1.42407867698,2.43876687988
123205,0.0204931803061,1.83717414538,3.87060950899
123806,0.0205931470393,1.71217476224,3.54252021519
124407,0.0206931137725,-0.762664537206,4.5697370304
125008,0.0207930805057,0.5523525863,1.80876900487
125609,0.0208930472389,-0.532312019955,3.74322220185
126210,0.0209930139721,-0.102841848692,2.0933453801
126811,0.0210929807053,0.0865289067165,4.17154458087
127412,0.0211929474385,1.33948013312,2.94505868553
128013,0.0212929141717,1.68681162096,3.82048369052
128614,0.0213928809049,-0.167537251166,3.45977612924
129215,0.0214928476381,0.396452488135,3.39805996824
129816,0.0215928143713,-1.29281610313,3.88280807114
130417,0.0216927811045,0.331874940364,3.7189377467
131018,0.0217927478377,-0.271877149352,3.57010838715
131619,0.0218927145709,0.446850785065,2.32023121428
132220,0.0219926813041,1.69274430202,4.33126054802
132821,0.0220926480373,1.89307500626,3.03845007425
133422,0.0221926147705,0.37710159489,3.83365228309
134023,0.0222925815037,2.19690020364,3.82467102736
134624,0.0223925482369,1.08876605095,4.86953956393
135225,0.0224925149701,-0.313098477196,3.14612349663
135826,0.0225924817033,0.472690620381,3.21848556894
136427,0.0226924484365,-0.779627686272,3.61275225884
137028,0.0227924151697,0.462662391666,2.43970444961
137629,0.0228923819029,1.28921726112,3.62325882264
138230,0.0229923486361,0.791209035727,3.01715926321
138831,0.0230923153693,0.00364215965888,4.07950532658
139432,0.0231922821025,0.721344972614,3.86878015177
140033,0.0232922488357,2.57298272595,6.20648170574
140634,0.0233922155689,0.0753755890831,3.15477680802
141235,0.0234921823021,1.13152108422,5.02633836471
141836,0.0235921490353,0.424389359327,3.74079322994
142437,0.0236921157685,0.898204350035,5.12719581964
143038,0.0237920825017,1.00241560557,3.84255308275
143639,0.0238920492349,-0.736020703616,5.41695134977
144240,0.0239920159681,0.42901327867,3.95739333297
144841,0.0240919827013,-0.36056353325,4.06513934758
145442,0.0241919494345,-0.385280799417,4.28965200747
146043,0.0242919161677,1.16340414,3.82801331493
146644,0.0243918829009,0.363379892447,3.13025691956
147245,0.0244918496341,0.487500291147,4.28190191518
147846,0.0245918163673,1.54051879741,3.50871331393
148447,0.0246917831005,-0.416758284888,4.61919370703
149048,0.0247917498337,0.89269593337,3.57436793569
149649,0.0248917165669,0.223721234211,2.8367275333
150250,0.0249916833001,-0.553745805189,4.72937789207
150851,0.0250916500333,1.98310657193,3.16123025089
151452,0.0251916167665,0.814234673525,4.299647419
152053,0.0252915834997,1.03156994017,3.27246064835
152654,0.0253915502329,0.570579852806,3.95721603672
153255,0.0254915169661,1.24039664941,3.56388870574
153856,0.0255914836993,-0.127856701843,4.11909471614
154457,0.0256914504325,0.476287050983,5.10885636153
155058,0.0257914171657,1.35902510299,3.83934837867
155659,0.0258913838989,-0.352160945047,3.45773361152
156260,0.0259913506321,0.955992419698,4.53860594597
156861,0.0260913173653,0.0299400645817,4.9090655618
157462,0.0261912840985,0.615502797612,4.21166946789
158063,0.0262912508317,2.55883627177,5.34808798337
158664,0.0263912175649,-0.0129999590672,2.4832473949
159265,0.0264911842981,-0.228708814138,4.74290897536
159866,0.0265911510313,1.09891572006,4.41162812811
160467,0.0266911177645,-0.0186332662325,6.66951679681
161068,0.0267910844977,0.0772585327943,3.11711927602
161669,0.0268910512309,0.0869415838722,4.09328394724
162270,0.0269910179641,1.30592681785,2.92578419818
162871,0.0270909846973,1.06883525054,3.5144937924
163472,0.0271909514305,0.543557010528,2.99285933227
164073,0.0272909181637,0.41337227374,3.21504073534
164674,0.0273908848969,-0.423552534898,3.47892139752
165275,0.0274908516301,0.850737399336,4.56561348182
165876,0.0275908183633,0.181825584048,3.98350305878
166477,0.0276907850965,0.231181777918,4.78791037807
167078,0.0277907518297,0.535531165153,4.01748266737
167679,0.0278907185629,1.43884344042,4.81231856233
168280,0.0279906852961,0.201790967671,3.91941881368
168881,0.0280906520293,0.358584791317,3.4342842143
169482,0.0281906187625,0.398512935902,4.3704360875
170083,0.0282905854957,1.1515927558,2.91133871797
170684,0.0283905522289,7.7861833456e-06,5.2640416854
171285,0.0284905189621,1.22792339981,2.96714895016
171886,0.0285904856953,0.76589791392,3.71395055884
172487,0.0286904524285,1.5004085262,3.62318333195
173088,0.0287904191617,-0.447800666381,4.91537492836
173689,0.0288903858949,0.684012489818,4.1409784102
174290,0.0289903526281,1.98637213427,3.80865416613
174891,0.0290903193613,0.148819129906,4.12308170519
175492,0.0291902860945,-0.111488853954,3.99699885304
176093,0.0292902528277,0.8388004908,4.61701521135
176694,0.0293902195609,0.272247161349,3.92320770632
177295,0.0294901862941,3.04717294672,4.97342731354
177896,0.0295901530273,0.596987328347,3.34874426801
178497,0.0296901197605,-0.453771374169,5.92981155212
179098,0.0297900864937,0.73718311399,4.42109222792
179699,0.0298900532269,0.375765155549,5.01597481131
180300,0.0299900199601,0.519376994097,4.64553740744
180901,0.0300899866933,0.249096074013,4.08724623731
181502,0.0301899534265,0.638054152333,4.32179548331
182103,0.0302899201597,1.78609651628,4.76227695905
182704,0.0303898868929,0.864877747482,5.40315281267
183305,0.0304898536261,1.01359992849,3.11565065867
183906,0.0305898203593,-2.13659809175,7.76914680036
184507,0.0306897870925,-0.0360981972669,4.24148718055
185108,0.0307897538257,0.396830764255,6.08048269489
185709,0.0308897205589,0.71741576272,3.83909642836
186310,0.0309896872921,1.20417057522,5.34854746734
186911,0.0310896540253,0.379406870259,5.23757053906
187512,0.0311896207585,-0.187633770955,4.53723050314
188113,0.0312895874917,1.57174323385,7.43220448788
188714,0.0313895542249,1.22502894002,4.17340009016
189315,0.0314895209581,-0.703615685919,5.00963057114
189916,0.0315894876913,-1.14764331829,3.31664379372
190517,0.0316894544245,2.01429886049,4.96053415654
191118,0.0317894211577,-0.270116791529,3.28688330402
191719,0.0318893878909,1.64539732671,5.33099613341
192320,0.0319893546241,1.76291218359,3.67187934288
192921,0.0320893213573,2.14825150106,3.91971136031
193522,0.0321892880905,0.791549545101,3.6872444261
194123,0.0322892548237,0.260402707993,5.91285545061
194724,0.0323892215569,1.52477319493,4.74387252702
195325,0.0324891882901,1.99841058863,4.4164310463
195926,0.0325891550233,0.916325487894,3.86016122586
196527,0.0326891217565,2.19139340517,7.74900303628
197128,0.0327890884897,-0.19827514194,4.0637782453
197729,0.0328890552229,1.28053500076,8.1676280789
198330,0.0329890219561,-0.0246567913312,2.77453973586
198931,0.0330889886893,1.21296589869,5.2458333282
199532,0.0331889554225,2.39596485695,4.36853694206
200133,0.0332889221557,3.41272410202,8.72584673658
200734,0.0333888888889,1.83798867483,12.8142920941
201335,0.0334888556221,2.2123914993,8.24306156889
201936,0.0335888223553,3.06695221209,8.94323136435
202537,0.0336887890885,-0.0241123007051,6.04666195702
203138,0.0337887558217,-2.33905117371,10.600733159
203739,0.0338887225549,-0.858370102754,6.4701872661
204340,0.0339886892881,1.8366071292,5.42791154574
204941,0.0340886560213,-0.133569475641,7.06899178647
205542,0.0341886227545,-0.017939794188,3.17215736777
206143,0.0342885894877,0.334826052917,3.44106460729
206744,0.0343885562209,0.653382538504,2.93398559786
207345,0.0344885229541,0.999446263307,2.38801367441
207946,0.0345884896873,0.068052670927,2.93114044747
208547,0.0346884564205,1.13278910942,2.94091270162
209148,0.0347884231537,-0.23907504534,2.97897248408
209749,0.0348883898869,0.531744606243,3.00901662782
210350,0.0349883566201,0.950250430033,3.71545410156
210951,0.0350883233533,1.14092765496,4.18512230351
211552,0.0351882900865,0.594956747695,4.23219310507
212153,0.0352882568197,1.39718104823,4.97260518644
212754,0.0353882235529,-1.87923373771,5.61901889238
213355,0.0354881902861,-0.0185341078302,3.86475128339
213956,0.0355881570193,0.611454009598,3.30446447311
214557,0.0356881237525,0.673104928289,2.98079863534
215158,0.0357880904857,0.122356783607,2.44672149879
215759,0.0358880572189,1.81053167327,3.60602692778
216360,0.0359880239521,-0.175586080803,3.00236095572
216961,0.0360879906853,1.08261219608,3.62799313469
217562,0.0361879574185,1.53824184532,3.0916402229
218163,0.0362879241517,1.25771537527,3.58746814571
218764,0.0363878908849,1.12597605904,4.20744116084
219365,0.0364878576181,1.14870828266,4.65253817225
219966,0.0365878243513,1.64678032907,5.10194568023
220567,0.0366877910845,0.948531087544,3.38311498653
221168,0.0367877578177,0.331122378198,4.20661334476
221769,0.0368877245509,2.02912142347,5.88778678418
222370,0.0369876912841,0.60761520765,4.77491263161
222971,0.0370876580173,0.833285014754,4.33380347161
223572,0.0371876247505,-0.502155792638,6.1961152982
224173,0.0372875914837,3.05020385263,5.31939049542
224774,0.0373875582169,0.178369023856,7.24037492032
225375,0.0374875249501,0.89309365177,4.40163925341
225976,0.0375874916833,1.4329176161,6.4736574794
226577,0.0376874584165,2.52383468308,10.8918969041
227178,0.0377874251497,2.44369585438,10.687651374
227779,0.0378873918829,0.99555255022,7.60159884512
228380,0.0379873586161,2.08595174228,5.42936824637
228981,0.0380873253493,2.27604397076,7.3693975075
229582,0.0381872920825,5.08270448606,15.3353056314
230183,0.0382872588157,1.08944652988,9.62743511289
230784,0.0383872255489,1.50252135641,6.65818110938
231385,0.0384871922821,-1.86971959176,7.05576597147
231986,0.0385871590153,1.3599712075,9.10463143828
232587,0.0386871257485,-0.846001482579,7.1317059541
233188,0.0387870924817,1.84503914783,6.62548200016
233789,0.0388870592149,-0.0342129901313,5.87352622502
234390,0.0389870259481,-1.21758982211,5.12333485363
234991,0.0390869926813,0.31752229094,3.09737898939
235592,0.0391869594145,1.05633003827,3.21193485915
236193,0.0392869261477,0.748281728882,3.93130343584
236794,0.0393868928809,0.0554753388347,3.96845798008
237395,0.0394868596141,2.24189656477,4.31520212498
237996,0.0395868263473,0.949494058691,3.93969362067
238597,0.0396867930805,0.526990126141,4.25419632466
239198,0.0397867598137,0.658022086637,3.75357341029
239799,0.0398867265469,1.14549590993,3.49653024362
240400,0.0399866932801,0.660713953083,3.92511585689
241001,0.0400866600133,1.70183356198,5.14226940072
241602,0.0401866267465,0.924628128731,4.67079216683
242203,0.0402865934797,2.92634210019,5.01255494547
242804,0.0403865602129,0.702465738221,3.92805054048
243405,0.0404865269461,1.05288244206,3.50031497654
244006,0.0405864936793,-0.897191835175,6.67955998777
244607,0.0406864604125,0.0193268808515,5.72446263043
245208,0.0407864271457,2.76145649169,8.86708447062
245809,0.0408863938789,1.10865292686,6.6708881392
246410,0.0409863606121,1.36599820055,8.03774644742
247011,0.0410863273453,0.961501584861,3.48940248605
247612,0.0411862940785,-0.568350787753,5.84556620472
248213,0.0412862608117,-0.431982158635,6.47385937363
248814,0.0413862275449,0.200388146555,10.2068711926
249415,0.0414861942781,0.811977073279,10.7844500205
250016,0.0415861610113,-1.24028684942,8.5111576415
250617,0.0416861277445,0.756874301478,7.00400733084
251218,0.0417860944777,0.419674362468,4.71268623187
251819,0.0418860612109,0.0234288727908,4.90279971252
252420,0.0419860279441,1.99837749004,4.84724946424
253021,0.0420859946773,1.02246004583,5.39135475344
253622,0.0421859614105,0.622810793059,5.0879585875
254223,0.0422859281437,1.05260968631,5.57230371049
254824,0.0423858948769,-0.361248085534,4.39611286526
255425,0.0424858616101,0.904512958868,7.25089165511
256026,0.0425858283433,1.42030237343,8.61345826582
256627,0.0426857950765,4.89338839618,6.97176827394
257228,0.0427857618097,-0.878897766563,7.84173651398
257829,0.0428857285429,1.81888237897,6.41170314
258430,0.0429856952761,0.370450413811,4.64918749881
259031,0.0430856620093,-0.74296732562,6.68460677243
259632,0.0431856287425,2.9814675036,5.8870637483
260233,0.0432855954757,3.86433020708,8.0764340399
260834,0.0433855622089,0.0556862773565,4.26319892731
261435,0.0434855289421,-0.0634074293187,6.76247171112
262036,0.0435854956753,0.284851972952,5.31380332418
262637,0.0436854624085,1.11220243552,6.75615618667
263238,0.0437854291417,1.42143280926,4.80695518211
263839,0.0438853958749,0.658731145303,4.91872234284
264440,0.0439853626081,1.40814411311,4.63867593384
265041,0.0440853293413,1.57148894316,5.22909873141
265642,0.0441852960745,-1.30879855611,5.89841132619
266243,0.0442852628077,0.42187424308,5.45954489309
266844,0.0443852295409,-1.04022655067,4.56047445034
267445,0.0444851962741,1.35704481606,4.515594334
268046,0.0445851630073,1.35890558879,4.89989478037
268647,0.0446851297405,0.030900749682,6.27939983969
269248,0.0447850964737,1.86540131658,6.54726510837
269849,0.0448850632069,1.85768821123,9.6014592785
270450,0.0449850299401,-1.46394296699,7.12482591909
271051,0.0450849966733,0.977356750129,5.05583925455
271652,0.0451849634065,-0.697277030484,7.09245430404
272253,0.0452849301397,1.98049262875,8.75660932422
272854,0.0453848968729,1.06351106332,5.97013026024
273455,0.0454848636061,3.02193484206,6.33992237738
274056,0.0455848303393,-0.86465448532,6.15987328505
274657,0.0456847970725,1.37505835841,4.98463158296
275258,0.0457847638057,0.670283383009,6.17586378078
275859,0.0458847305389,2.28634832539,8.76435701484
276460,0.0459846972721,1.44336945448,6.6406082388
277061,0.0460846640053,-0.468543237043,6.85097882592
277662,0.0461846307385,-0.588418170461,6.18571889698
278263,0.0462845974717,0.49089965525,5.23376908877
278864,0.0463845642049,1.95819080489,3.83117207329
279465,0.0464845309381,-0.325631219593,5.99693295773
280066,0.0465844976713,0.529575505855,5.59002115547
280667,0.0466844644045,-0.956185730537,4.97520517352
281268,0.0467844311377,1.632069571,3.78432591404
281869,0.0468843978709,0.607590173371,3.95173772466
282470,0.0469843646041,0.5365655987,3.83179906402
283071,0.0470843313373,1.37033757554,5.37400596783
283672,0.0471842980705,0.645247189057,4.1294312944
284273,0.0472842648037,-0.0836898680535,4.28426866221
284874,0.0473842315369,0.0875591526752,6.73247566832
285475,0.0474841982701,1.93166910277,4.89910079691
286076,0.0475841650033,0.409354248721,4.55115090537
286677,0.0476841317365,-0.718060706591,5.56056289262
287278,0.0477840984697,0.508818196976,6.20070809773
287879,0.0478840652029,0.304384395344,3.66764071003
288480,0.0479840319361,0.0457744396945,4.12021459281
289081,0.0480839986693,-0.236301554632,4.05563064374
289682,0.0481839654025,0.310119279037,4.08884747574
290283,0.0482839321357,0.662440644685,4.39340103101
290884,0.0483838988689,1.59488962937,4.10395134294
291485,0.0484838656021,0.434695494438,3.17311116516
292086,0.0485838323353,0.174162622539,3.90502704223
292687,0.0486837990685,-0.265117886507,2.41340765933
293288,0.0487837658017,0.642950240819,2.90741690526
293889,0.0488837325349,1.22964177412,2.76800003492
294490,0.0489836992681,0.502323097,2.73456707486
295091,0.0490836660013,0.763286668597,3.16273772459
295692,0.0491836327345,1.85260924142,3.78386469101
296293,0.0492835994677,0.675600517553,3.36763213518
296894,0.0493835662009,1.31996891727,3.58235800813
297495,0.0494835329341,0.107396531779,3.05617341577
298096,0.0495834996673,-0.192666020314,3.19960698562
298697,0.0496834664005,1.93581607238,4.20291302625
299298,0.0497834331337,-0.118142702036,3.36511566542
299899,0.0498833998669,0.710733150778,2.92205702761
300500,0.0499833666001,0.605829001417,3.89411587325
301101,0.0500833333333,0.220266645348,2.97460508667
301702,0.0501833000665,0.796300209886,3.89169121609
302303,0.0502832667997,0.667546218262,4.3890491524
302904,0.0503832335329,-0.161790934516,5.0233575298
303505,0.0504832002661,1.21487655253,4.98204808708
304106,0.0505831669993,0.654243325899,5.52991917058
304707,0.0506831337325,2.08694675683,4.77295447579
305308,0.0507831004657,1.15308965497,4.10787447557
305909,0.0508830671989,-0.773493271102,4.35792903291
306510,0.0509830339321,0.618160100147,5.09365693129
307111,0.0510830006653,1.52110427613,4.21146348778
307712,0.0511829673985,0.505627628256,3.94460292037
308313,0.0512829341317,0.975146019908,7.49815337003
308914,0.0513829008649,0.287202859015,4.86220117197
309515,0.0514828675981,0.598941452435,6.36410861852
310116,0.0515828343313,1.43894910818,4.05393513489
310717,0.0516828010645,2.05328535549,3.7894797857
311318,0.0517827677977,-0.463384162926,4.58257652949
311919,0.0518827345309,0.984226686086,4.13708903648
312520,0.0519827012641,-0.157741613316,4.26733281896
313121,0.0520826679973,0.392598540884,4.19795473347
313722,0.0521826347305,0.279881252523,3.68303460512
314323,0.0522826014637,0.488415964584,4.45803438343
314924,0.0523825681969,0.937962154728,3.90186294916
315525,0.0524825349301,2.06985134459,5.1186672022
316126,0.0525825016633,-0.102948072501,3.35516994734
316727,0.0526824683965,0.110712457599,3.17626734475
317328,0.0527824351297,0.385630971797,3.01292117441
317929,0.0528824018629,0.749903448353,3.40110339237
318530,0.0529823685961,-0.282255336211,3.30821350681
319131,0.0530823353293,1.65427149133,3.49881697674
319732,0.0531823020625,1.06013117207,3.43182944199
320333,0.0532822687957,1.01227341571,3.89099177601
320934,0.0533822355289,-0.312909001963,3.73343128309
321535,0.0534822022621,2.21671421771,4.45078588404
322136,0.0535821689953,0.786446307179,4.09719777903
322737,0.0536821357285,0.443218913173,3.910756189
323338,0.0537821024617,0.266850273681,4.89154849673
323939,0.0538820691949,1.3763303557,6.06977472636
324540,0.0539820359281,0.776235923763,4.27075979578
325141,0.0540820026613,0.442565978976,5.15836954777
325742,0.0541819693945,0.264956559668,5.34723813151
326343,0.0542819361277,-0.171254284335,3.72116632651
326944,0.0543819028609,-0.00230187234097,4.10900231707
327545,0.0544818695941,0.497211981982,2.89660627404
328146,0.0545818363273,1.16125997012,3.89631669465
328747,0.0546818030605,1.03018863803,2.46291385409
329348,0.0547817697937,1.00157489592,2.86836819271
329949,0.0548817365269,1.60622250758,3.25209600716
330550,0.0549817032601,0.497039101777,2.2305473999
331151,0.0550816699933,-0.222878253444,2.53998217387
331752,0.0551816367265,1.94437008403,3.69986200806
332353,0.0552816034597,0.431960387476,2.26438761477
332954,0.0553815701929,1.50982661226,3.35240896343
333555,0.0554815369261,0.411241103201,3.23843264679
334156,0.0555815036593,-0.317308988213,2.5464248859
334757,0.0556814703925,0.431781676409,3.08520745109
335358,0.0557814371257,1.04852021362,3.03577867699
335959,0.0558814038589,0.0585540198763,2.71550028539
336560,0.0559813705921,0.576228655694,2.35642987209
337161,0.0560813373253,1.68733739763,3.15188776774
337762,0.0561813040585,0.606650475469,2.57399706946
338363,0.0562812707917,0.913736342964,2.48435833392
338964,0.056381237525,0.320275508013,1.93045776518
339565,0.0564812042582,0.535558030976,2.3218673561
340166,0.0565811709914,-0.494866012309,2.60559774517
340767,0.0566811377246,-0.256879817205,2.09406845195
341368,0.0567811044578,0.432247698441,1.83951272334
341969,0.056881071191,0.944864709303,2.65475473715
342570,0.0569810379242,0.963674341973,3.22179457653
343171,0.0570810046574,0.144875631192,2.66773065022
343772,0.0571809713906,0.620549885556,1.85448299242
344373,0.0572809381238,1.39046435415,2.65606287852
344974,0.057380904857,0.71186857802,2.03821163976
345575,0.0574808715902,0.573401763787,2.23009322605
346176,0.0575808383234,0.435129357971,2.46748385773
346777,0.0576808050566,0.0387151796603,2.59532373689
347378,0.0577807717898,1.28237934744,2.3129431152
347979,0.057880738523,1.55012439138,3.03360080769
348580,0.0579807052562,0.887051493493,3.15593779468
349181,0.0580806719894,-0.327070979254,2.40456841268
349782,0.0581806387226,0.716878553455,3.03354759574
350383,0.0582806054558,0.763804724162,3.03253770011
350984,0.058380572189,1.27056647784,2.78631235362
351585,0.0584805389222,0.694158981581,2.92652108298
352186,0.0585805056554,1.1633001486,3.30885499827
352787,0.0586804723886,2.10482709435,3.8298404849
353388,0.0587804391218,0.197231905499,4.57422815237
353989,0.058880405855,1.49987711163,4.28341390688
354590,0.0589803725882,0.849650855564,5.50648095622
355191,0.0590803393214,0.558508097598,4.44907536824
355792,0.0591803060546,-0.470659798047,6.84628948429
356393,0.0592802727878,-0.0818065865217,4.65335455728
356994,0.059380239521,0.185458335429,4.4353403005
357595,0.0594802062542,1.3442272649,5.24331652039
358196,0.0595801729874,1.74060291516,4.97305402884
358797,0.0596801397206,0.874356207655,4.40836277169
359398,0.0597801064538,1.38721765194,4.86480491501
359999,0.059880073187,1.31286037957,4.04546449897
360600,0.0599800399202,-2.54463054846,7.58856234765
361201,0.0600800066534,0.124501814434,5.31980382128
361802,0.0601799733866,-0.743281533842,4.84100230587
362403,0.0602799401198,-1.3577438447,6.02339223622
363004,0.060379906853,0.774885511526,5.47230648326
363605,0.0604798735862,-0.392606841519,6.11333918467
364206,0.0605798403194,0.612053873615,4.21950069536
364807,0.0606798070526,2.46680800406,5.4909980241
365408,0.0607797737858,-0.229576459493,3.44217047228
366009,0.060879740519,0.69348957285,5.04680930114
366610,0.0609797072522,0.766503081542,4.2979069501
367211,0.0610796739854,-0.682870004506,4.36001418416
367812,0.0611796407186,0.795893253132,3.73175198767
368413,0.0612796074518,-0.0962444850526,3.73579426022
369014,0.061379574185,1.37052138681,3.42900478555
369615,0.0614795409182,1.04110256859,3.96025564787
370216,0.0615795076514,1.4356173454,4.29864247428
370817,0.0616794743846,1.51792327487,4.3107512243
371418,0.0617794411178,1.20991108661,4.78236665725
372019,0.061879407851,0.338254479541,4.27760129561
372620,0.0619793745842,0.414226661751,3.70602689759
373221,0.0620793413174,0.126464089981,5.23584318346
373822,0.0621793080506,1.2585608039,4.07960574039
374423,0.0622792747838,0.919381068645,5.85192418764
375024,0.062379241517,1.3850976678,6.32180037484
375625,0.0624792082502,-0.0461231291299,5.93290534693
376226,0.0625791749834,0.376866178387,4.34294636234
376827,0.0626791417166,-0.696998942161,4.91942998431
377428,0.0627791084498,-0.584635622462,4.74052286012
378029,0.062879075183,1.34092235059,4.20330243159
378630,0.0629790419162,-0.0817110573121,4.2476727998
379231,0.0630790086494,0.924557779697,3.93176414808
379832,0.0631789753826,-0.247974647025,3.04557610149
380433,0.0632789421158,-0.0499596945052,2.50802663772
381034,0.063378908849,0.637582194591,2.6441575939
381635,0.0634788755822,1.17771885189,3.17672038186
382236,0.0635788423154,0.449407882385,3.80172939733
382837,0.0636788090486,1.14679911436,3.64823378127
383438,0.0637787757818,1.93639870278,3.04128844213
384039,0.063878742515,0.0190905210714,3.61501471296
384640,0.0639787092482,0.332916281518,2.65298857776
385241,0.0640786759814,1.30675255427,3.09620664465
385842,0.0641786427146,0.365961414686,2.90949152631
386443,0.0642786094478,0.97874876032,2.79786711566
387044,0.064378576181,-0.708311488561,3.54099893961
387645,0.0644785429142,0.151384587245,3.4281221763
388246,0.0645785096474,-0.150597222516,3.0024195939
388847,0.0646784763806,0.701703581846,2.35090303989
389448,0.0647784431138,1.16724096354,2.67391803124
390049,0.064878409847,0.921763292381,3.35189489293
390650,0.0649783765802,0.1910728421,3.01524425297
391251,0.0650783433134,0.145944759329,3.07046771949
391852,0.0651783100466,0.360832047551,3.32038670121
392453,0.0652782767798,-0.517409506678,2.63086457799
393054,0.065378243513,0.315758981505,2.55158078114
393655,0.0654782102462,0.619171426702,2.35712578623
394256,0.0655781769794,0.831051938938,2.87300887285
394857,0.0656781437126,2.90541633632,4.431550915
395458,0.0657781104458,0.877600794818,4.8333737214
396059,0.065878077179,1.24242549232,4.50952304389
396660,0.0659780439122,0.719805858492,4.25066504435
397261,0.0660780106454,1.47696491929,4.74228169067
397862,0.0661779773786,-1.48102124793,5.54631862679
398463,0.0662779441118,1.08913775252,3.97939463527
399064,0.066377910845,0.100660605436,2.91936734123
399665,0.0664778775782,0.185733320319,2.39654339282
400266,0.0665778443114,-0.370896500061,2.47133329151
400867,0.0666778110446,0.632322157742,2.73071402908
401468,0.0667777777778,0.121260068262,1.60996301211
402069,0.066877744511,0.853440510085,1.93626740381
402670,0.0669777112442,0.710133773193,1.85497879408
403271,0.0670776779774,0.462276892259,1.9155351565
403872,0.0671776447106,0.691595841157,2.1312693733
404473,0.0672776114438,0.285377993972,1.78556386833
405074,0.067377578177,0.825626450443,2.65594803056
405675,0.0674775449102,1.26091178209,2.57949298814
406276,0.0675775116434,1.03730944244,3.62840682644
406877,0.0676774783766,-0.022250980966,2.65063593456
407478,0.0677774451098,1.43929929809,3.25299321444
408079,0.067877411843,-0.355971845864,2.6298349494
408680,0.0679773785762,1.09340401681,3.01386975805
409281,0.0680773453094,1.95525675778,2.88413660762
409882,0.0681773120426,-0.305464097053,2.78329827663
410483,0.0682772787758,0.0260517971315,2.64586914278
411084,0.068377245509,0.792383687728,3.5086762524
411685,0.0684772122422,0.981471469249,3.27145055087
412286,0.0685771789754,0.909082022121,3.22525993073
412887,0.0686771457086,0.977339764372,4.12222439494
413488,0.0687771124418,0.854469598377,3.27018396906
414089,0.068877079175,2.59888913737,4.28712551133
414690,0.0689770459082,1.83618680352,4.91138802995
415291,0.0690770126414,2.66447675936,6.02596385767
415892,0.0691769793746,2.82153777886,6.21389540874
416493,0.0692769461078,1.14229927836,7.14992714486
417094,0.069376912841,1.09683042931,5.64978265139
417695,0.0694768795742,0.297448958131,4.6874897668
418296,0.0695768463074,0.570340851912,6.3046127591
418897,0.0696768130406,2.1129678384,6.22520835032
419498,0.0697767797738,1.4292124752,4.76170813064
420099,0.069876746507,-0.275512299624,10.5510006961
420700,0.0699767132402,-0.871978945374,9.15937081357
421301,0.0700766799734,-1.17484387339,8.39990566361
421902,0.0701766467066,0.744364192725,7.54200910262
422503,0.0702766134398,1.85560425307,5.13134303584
423104,0.070376580173,-1.77952710345,6.01990145031
423705,0.0704765469062,1.50211991736,9.6403112406
424306,0.0705765136394,-2.21210210285,6.48744212403
424907,0.0706764803726,1.26091759311,4.55157514282
