200,3.32667997339e-05,0.549585593493,0.195752734352,0.220830142037,2.19025631278,1.31132400716,2.3043600694
400,6.65335994677e-05,0.908934247133,0.428351115433,0.590027945914,2.20169621793,1.35233289951,2.34702413087
600,9.98003992016e-05,1.19649720732,0.64289311238,0.885337721162,2.21473749784,1.41519978415,2.41117829445
800,0.000133067198935,1.51097211974,0.854295543022,1.16826518996,2.31066312416,1.50818716167,2.53694040894
1000,0.000166333998669,1.78106339747,1.03344204325,1.40236881862,2.42466242303,1.5908254136,2.65080302426
1200,0.000199600798403,1.92544901805,1.17459339534,1.56049234378,2.46466837824,1.67503094995,2.70183448022
1400,0.000232867598137,1.97992324719,1.30407670029,1.61756582094,2.39568654941,1.75914414054,2.68034624228
1600,0.000266134397871,1.81349534664,1.35993312195,1.35937233851,2.07882913133,1.7906401425,2.29917107244
1800,0.000299401197605,1.47558242315,1.31768277476,0.929311530398,1.65802515289,1.6957752745,1.75399022189
2000,0.000332667997339,1.26349351077,1.26644971652,0.670161170561,1.49345141751,1.62547650587,1.47511412326
2200,0.000365934797073,1.13882882721,1.21106387675,0.556696896157,1.41803237088,1.52441872353,1.34731403482
2400,0.000399201596806,1.11162056195,1.18005201535,0.50674545385,1.38608188993,1.50179230248,1.2493997921
2600,0.00043246839654,1.17228574331,1.19437180111,0.52109553855,1.45871673139,1.56066008972,1.18986321854
2800,0.000465735196274,1.28415337746,1.22769340556,0.536592119694,1.62681299064,1.63272489487,1.231892935
3000,0.000499001996008,1.3447605096,1.22085087964,0.646490262468,1.70472634511,1.69671385302,1.38472786959
3200,0.000532268795742,1.42935811687,1.23769644123,0.891036473333,1.78997671888,1.76944361264,1.64518662738
3400,0.000565535595476,1.58834277284,1.28749439466,1.0700565292,1.94318941085,1.88146717459,1.86233228407
3600,0.00059880239521,1.90513908948,1.35824849884,1.34768493382,2.35002771305,2.0302186764,2.16041162867
3800,0.000632069194943,1.98886412787,1.41225282915,1.52076902449,2.41003964525,2.12894466386,2.30577395323
4000,0.000665335994677,1.75349429977,1.30378385881,1.4478797539,2.07303189555,2.07610782843,2.23202614677
4200,0.000698602794411,1.76169453437,1.26933178752,1.57083077915,2.11516218692,2.03767193126,2.37912891929
4400,0.000731869594145,1.97105227102,1.37941081718,1.72063543533,2.45114567755,2.16016279661,2.63791700246
4600,0.000765136393879,2.08652910251,1.464982187,1.69837175254,2.68836318995,2.31998255477,2.68822576265
4800,0.000798403193613,2.1313165161,1.24953593326,1.70141848796,2.88330474826,2.26472741715,2.70583113268
5000,0.000831669993347,2.26090108174,1.18272713402,1.93582987995,3.10195796491,2.36999555695,3.21000262984
5200,0.000864936793081,1.9935390044,1.08418160848,2.05013770071,2.87256471242,2.53003548827,3.35116277135
5400,0.000898203592814,1.86928589263,0.968095548795,1.74928007058,2.82962226225,2.37910671382,2.78980714315
5600,0.000931470392548,1.79084703554,0.818892979154,1.5812780448,2.91899150355,2.25733373423,2.60349927507
5800,0.000964737192282,2.12693770162,0.808266053007,1.68022536462,3.51499811633,2.98417835499,2.91287182053
6000,0.000998003992016,2.23999578222,0.63906167996,1.19312262681,3.84797219618,2.89431333383,2.51059180588
6200,0.00103127079175,3.38814499265,1.10575687701,1.71159151923,5.42333898586,3.20698046295,3.03193815049
6400,0.00106453759148,2.23213626122,0.675757900182,1.56061928191,4.04109240993,2.70574233952,3.02826330277
6600,0.00109780439122,0.998516508307,0.129880672765,1.31852952389,2.87493720707,2.35987089336,3.15031994598
6800,0.00113107119095,0.616930144992,0.108571950466,1.49156806904,2.67743706049,2.31809583669,3.28812552605
7000,0.00116433799069,0.426258382499,0.107365994148,0.830201181263,2.57635216873,2.37132688849,2.57030379554
7200,0.00119760479042,0.14573907023,0.165309249183,0.844714786047,2.42632853694,2.50674833545,2.77616986825
7400,0.00123087159015,0.323901014833,0.765721896035,1.21945806008,2.79317042455,3.05206938154,3.47512361026
7600,0.00126413838989,0.122710218108,0.513848038239,-0.101999552909,2.7121384691,2.93335326517,2.71184677647
7800,0.00129740518962,-0.313369916387,-0.0881304456918,-0.878986604996,2.26203151674,2.35194540923,2.38696781102
8000,0.00133067198935,-0.261249371995,-0.165897507067,-1.00198545945,2.18802204812,2.21837854687,2.3976064615
8200,0.00136393878909,-0.155608524203,-0.138410525141,-0.87518122489,2.26128391839,2.21234407362,2.3733775065
8400,0.00139720558882,0.0840728059562,-0.13816683391,-0.740842731061,2.51253871326,2.2949853222,2.47095757096
8600,0.00143047238856,0.395600240649,0.00839613108934,-0.705365837239,2.92964878667,2.50409108753,2.60801635535
8800,0.00146373918829,0.605375334471,0.118248959607,-0.508058427332,3.24994709977,2.45916955598,2.9145998169
9000,0.00149700598802,0.806310061162,0.0501447292827,-0.74444079155,3.87691561573,2.82000969825,3.74857960032
9200,0.00153027278776,1.10504983988,-0.10786431556,-0.578738968026,3.92000514993,3.49170388195,3.89931941749
9400,0.00156353958749,0.0280830784438,-0.614577932974,-1.15098022558,2.71056746751,2.79971570714,2.80504361174
9600,0.00159680638723,-0.310009050873,-0.896865948702,-1.03984722325,2.44634703783,2.57243482047,2.71148063921
9800,0.00163007318696,-0.622795092188,-1.19732200738,-1.3976611893,2.27588360249,2.28505978955,2.60430654095
10000,0.00166333998669,-0.86509909277,-1.44589903129,-1.4585186513,2.1417966775,2.04288738155,2.34295847847
10200,0.00169660678643,-0.649476879761,-1.36564647458,-1.2088465865,2.1874208293,1.94510228594,2.23634417825
10400,0.00172987358616,-0.294789708006,-1.0259151911,-0.568956508369,2.44315436671,1.88638920973,2.51846903588
10600,0.00176314038589,0.719278288436,-0.06084936788,1.01997442902,3.47053747182,2.65323619193,4.00852447109
10800,0.00179640718563,0.633493534416,0.176668554682,0.13432407005,3.15495995502,2.89058313099,2.93355890081
11000,0.00182967398536,0.0764684959784,-0.120223071698,-0.58663227851,3.01711559547,3.04077575091,2.67269152819
11200,0.0018629407851,-0.674445966013,-0.744117836533,-1.15865068528,2.25036469994,2.3146599383,2.23486362337
11400,0.00189620758483,-0.601444558636,-0.724618515377,-1.25089060234,2.28539913023,2.19669538858,2.18194041461
11600,0.00192947438456,-0.613509183189,-0.697635670079,-1.11946895911,2.11520308442,2.16363227149,2.16794329038
11800,0.0019627411843,-0.661770794615,-0.721086733241,-0.861020323341,2.13594476937,2.04054302941,2.24063722461
12000,0.00199600798403,-0.250455730346,-0.441813921716,-0.071293876344,2.41622087193,2.14698757293,2.9828578902
12200,0.00202927478377,0.229027137139,-0.0194250960154,0.789979121048,2.65180784955,2.35580865304,3.72630387874
12400,0.0020625415835,0.0653747820184,0.229339708296,0.417672647438,2.27778916058,2.2333011621,2.90887956864
12600,0.00209580838323,0.666060661419,0.997076488898,1.10233585967,2.72132524566,2.80688075361,3.34449238889
12800,0.00212907518297,0.939431383781,1.41067555775,1.19979803367,2.71760402577,3.09348164119,3.08794526453
13000,0.0021623419827,0.919547088771,1.18245980066,0.769320503623,2.43385923166,2.45581131729,2.43319591667
13200,0.00219560878244,1.2236440656,1.31561681362,0.828212364673,2.67112718671,2.60722349989,2.59662121019
13400,0.00222887558217,1.76779199571,1.75968457526,1.26305336998,3.34188415149,3.19705510398,3.20597405322
13600,0.0022621423819,2.01050234276,2.30767827659,1.85459883377,3.73025891983,3.9848887174,4.36283057493
13800,0.00229540918164,1.50894316243,1.23705561204,0.507590080989,3.3445907785,2.8632328735,2.74593960011
14000,0.00232867598137,1.06705641318,0.547330111452,0.128753830416,3.03319215865,2.71947294137,2.85119475475
14200,0.0023619427811,1.22469186855,0.545674744351,0.186919028669,3.47999685372,3.03766075048,3.20963165574
14400,0.00239520958084,1.81148397246,0.667971449983,0.624582934166,4.35535584113,3.32211951886,3.71853103951
14600,0.00242847638057,0.692407190561,-0.0090357359049,-0.040446457462,3.43499450185,3.01886040983,3.13111657044
14800,0.00246174318031,-0.104248141462,-0.490964379038,-0.827146883448,2.68638148391,2.92514474788,2.57009695333
15000,0.00249500998004,0.128042716063,-0.158604897004,-0.729462041186,2.87071143033,3.00247263037,2.55310197188
15200,0.00252827677977,0.568570757859,0.112523090155,-0.263766565638,3.52587470698,3.07921003997,2.85549882034
15400,0.00256154357951,0.716855111306,0.0810738399501,0.265123710462,3.55138353177,2.76851797292,3.0929078077
15600,0.00259481037924,1.70200260514,0.36378690868,1.06416556641,4.17036039845,2.93958916657,3.69098798818
15800,0.00262807717898,4.31865271961,1.0570238728,2.84747454419,6.12353773883,3.96069367135,5.20083072088
16000,0.00266134397871,2.65148798813,0.0845563378574,1.32452971088,4.44548028591,2.90551417889,3.79678642626
16200,0.00269461077844,2.13802253995,-0.452245105986,0.416236961232,4.42072112386,2.80373938799,3.74574324743
16400,0.00272787757818,0.867448789739,-1.0267600703,-0.410906154291,3.34519303747,2.58136598776,3.13233329506
16600,0.00276114437791,0.968775199749,-1.00893375999,-0.496904942201,3.85251218622,2.78331193059,3.32384236346
16800,0.00279441117764,0.612282966297,-0.832078125514,-0.719369543379,3.76686026079,3.23798855665,3.45071727681
17000,0.00282767797738,0.894987211988,-0.698782659724,0.0408895661135,4.33413088743,3.79348814236,4.30532978811
17200,0.00286094477711,0.721241871591,-0.177700118104,0.250804250144,4.28680113567,4.14232685877,4.38266424507
17400,0.00289421157685,-0.264653189203,-0.679580950108,-0.651820953173,3.46457384471,3.44719883995,3.15743408809
17600,0.00292747837658,-0.891243622086,-1.28746496921,-1.18894361198,3.19489191691,2.83220899607,2.67980139445
17800,0.00296074517631,-0.825665287757,-1.3540193471,-1.10910745347,3.4301420068,2.94079067518,3.06103159235
18000,0.00299401197605,-0.396488091431,-0.953995451297,-0.983474614456,3.61441834462,3.18627600062,3.55024775904
18200,0.00302727877578,-0.380958485728,-0.558031736616,-0.725217447444,2.90337493559,2.94863014399,3.10847931149
18400,0.00306054557552,0.0596431957365,0.136943222939,-0.0988870251144,3.43569471823,3.04002552328,3.09081718247
18600,0.00309381237525,-0.598731268603,-0.156562021999,-0.596322085784,3.3029870364,2.9830722527,2.73998368554
18800,0.00312707917498,-0.688556148531,-0.146694965275,-0.661533240621,3.16579163776,3.04182789232,2.75223766501
19000,0.00316034597472,-1.1072763686,-0.40013759046,-0.865869116808,2.51576540949,2.46956546778,2.50614661552
19200,0.00319361277445,-1.09343661754,-0.531931531163,-0.637786119545,2.29497035266,2.06922385323,2.66067086534
19400,0.00322687957418,-0.818437054701,-0.358420587594,0.0703160634356,2.32611486484,2.06630486636,3.29065890229
19600,0.00326014637392,-0.434207711957,-0.0287584614822,0.436431047729,2.50056454241,2.49306154376,3.43548654611
19800,0.00329341317365,-0.238803806163,-0.0472588603593,-0.0236902799301,2.49608474602,2.51862826801,2.6743131365
20000,0.00332667997339,0.0617910536756,0.0559457798333,0.137386205614,2.62434578812,2.56835662366,2.76495714812
20041,0.00333349966733,0.0328501211696,0.00239170487229,0.141859084413,2.57045648713,2.47395580054,2.80711072063
