200,3.32667997339e-05,0.0618348673258,0.0258063012126,0.0610555879852,0.0692916137118,0.0298345809261,0.0712307083229
400,6.65335994677e-05,0.312752331344,0.142091712889,0.310497453229,0.332635783886,0.155508034261,0.34451384846
600,9.98003992016e-05,0.778720156413,0.377289555426,0.789124118968,0.80578105889,0.40227785351,0.855303539518
800,0.000133067198935,1.48410506892,0.757638982093,1.52634851467,1.51437743462,0.796703022758,1.65090464873
1000,0.000166333998669,2.52320251939,1.30183615,2.56652492465,2.56975536456,1.36006250057,2.76165142315
1200,0.000199600798403,3.93467855601,2.0026052182,3.90674698634,4.03763918457,2.0727084314,4.20378259788
1400,0.000232867598137,5.67251589144,2.88375020287,5.61116357992,5.90627991989,2.97552899512,6.08168563165
1600,0.000266134397871,7.58179367294,3.93501830998,7.59725028038,7.92433414702,4.07021288271,8.3120718573
1800,0.000299401197605,9.16746647119,4.95572067273,9.18611113909,9.42165459722,5.08478109866,9.98349814769
2000,0.000332667997339,10.3514823259,5.87173718119,10.2765484387,10.3482944543,5.8894103867,10.9975602225
2200,0.000365934797073,11.3044607394,6.74871255328,11.1482944177,10.9037269484,6.61255161568,11.6624874034
2400,0.000399201596806,12.1357349105,7.60033769943,11.9423477856,11.3232682162,7.31573083504,12.1833488772
2600,0.00043246839654,12.9643914128,8.44024237803,12.7100811092,11.8374211059,7.94079060995,12.789840657
2800,0.000465735196274,13.8494604719,9.2988788181,13.4178267732,12.4240057121,8.57431377386,13.3680224003
3000,0.000499001996008,14.8110232557,10.1483809494,14.0418719921,13.1411431261,9.22494702757,13.7893595428
3200,0.000532268795742,15.790376374,10.9925199052,14.7210268205,13.8929549883,9.80947895709,14.2931157206
3400,0.000565535595476,16.8668624235,11.8950481374,15.6773602403,14.7005976939,10.3404750473,15.1165088734
3600,0.00059880239521,18.0553723685,12.9205970422,16.7898581397,15.6420375341,10.9307959814,15.9595289518
3800,0.000632069194943,19.7529194662,14.1731856971,18.4017428372,17.1910184446,11.7769049936,17.3833414825
4000,0.000665335994677,21.3223104751,15.4580634484,19.9701074312,18.6123623235,12.772109215,18.7543662942
4200,0.000698602794411,22.4562068675,16.6964750149,21.355634176,19.5375785815,13.7237782611,19.8524537845
4400,0.000731869594145,23.5338809264,18.0269851029,22.8904165446,20.2382932778,14.7736004193,21.0542339868
4600,0.000765136393879,24.8939177356,19.678542138,24.6565715807,21.3717477302,16.3695113893,22.4261442951
4800,0.000798403193613,26.2920526611,21.3957312631,26.4267550318,22.4891788649,18.1956556979,23.6806200577
5000,0.000831669993347,28.1118599585,23.0812892713,28.4560687277,23.9970245354,19.9360185878,25.2978110504
5200,0.000864936793081,30.6022661738,24.8884060342,31.1940854552,26.5035631534,21.6792985236,27.7387823648
5400,0.000898203592814,32.7560956547,26.7939506561,34.0240484323,28.5158968494,23.5511255087,30.4383043796
5600,0.000931470392548,33.8772618167,28.2474378117,36.213621172,29.3128461695,24.8465635768,32.8069573463
5800,0.000964737192282,35.858496542,29.7578887149,39.1678727317,31.2714352662,26.1785113095,36.0517612127
6000,0.000998003992016,37.2612145028,30.6712447814,40.8208365737,32.1810313229,26.5743624234,37.4105445959
6200,0.00103127079175,39.8545177957,31.8744984424,42.3102307303,34.0708144943,27.1767313339,38.3595403755
6400,0.00106453759148,44.1549469916,33.6193729036,44.1294898531,37.6794633743,28.2953456413,39.4437209841
6600,0.00109780439122,45.7394773526,33.9264571494,44.5973443434,38.4176585578,28.287923258,39.3260664326
6800,0.00113107119095,45.6685385787,33.5713774038,45.2677572698,37.3614269537,27.5935779966,39.4424435515
7000,0.00116433799069,45.2444318779,33.1098898533,46.1976726489,35.8713743405,26.5746243989,40.0826755359
7200,0.00119760479042,44.5569453063,32.6214135339,46.3635401112,34.3658937953,25.6109142606,39.4802605452
7400,0.00123087159015,44.5022032783,33.1061985369,48.7043914594,33.8246082192,25.7388130458,41.49495986
7600,0.00126413838989,44.3884532925,34.1382354847,49.6410244654,33.1671953395,26.7725300011,41.9514804068
7800,0.00129740518962,43.3024442113,34.2759167615,48.1347442673,32.0583309764,27.2178077428,40.0749884692
8000,0.00133067198935,41.5470754309,33.4816767642,45.7423641438,30.626345909,26.5487372121,37.5174079945
8200,0.00136393878909,39.9845652862,32.5534011407,43.3863069918,29.2358838673,25.4989531505,35.0259535012
8400,0.00139720558882,38.7519460259,31.7570188077,41.5830999664,28.2575363534,24.466380688,33.0482232857
8600,0.00143047238856,37.9977002143,31.3023226079,40.2210951089,28.217619373,23.6556417805,31.7806095054
8800,0.00146373918829,37.7913068729,31.3517240173,39.2470178483,28.3270319045,23.6160493311,31.2830555156
9000,0.00149700598802,37.8237808105,31.5784186734,38.5346269465,28.7143271355,24.1093473675,30.9538621161
9200,0.00153027278776,39.5657942348,32.141751355,39.1567055952,31.2134844216,24.8950447347,32.2904252317
9400,0.00156353958749,40.2281547918,32.5203718441,39.2733270784,32.3919595192,25.7607617575,32.9551777409
9600,0.00159680638723,39.4336593669,32.039906313,38.4685666152,31.7166719476,25.9101593398,32.6357512922
9800,0.00163007318696,38.8195224458,31.3522304873,38.0045840504,31.3497250474,25.4165418561,32.7596532179
10000,0.00166333998669,37.0704205563,29.9035959925,36.0554398285,29.8219183946,24.1594593581,31.0533535897
10200,0.00169660678643,35.1319196552,28.2912850726,33.9950443085,28.1043562716,22.6363542754,29.0490059937
10400,0.00172987358616,33.6364756423,26.8992838896,32.3414256487,26.6969788545,21.3074264745,27.3390216225
10600,0.00176314038589,33.8102915171,26.7524965275,33.5328415409,26.9767218208,20.9616618229,28.5823222812
10800,0.00179640718563,35.4748196687,27.8485536479,36.3800437319,28.5915191478,21.8150303475,32.0932520535
11000,0.00182967398536,37.1472731132,29.0849769211,37.4439669616,30.7927265197,23.1863982946,33.4553225543
11200,0.0018629407851,37.3847375523,29.8153790105,36.961296144,31.5537388302,24.2375019444,33.0489568163
11400,0.00189620758483,36.3541153369,29.5153218765,35.3846333168,30.7642601829,24.2776875922,31.293754492
11600,0.00192947438456,35.4606428419,29.103005464,33.8251149123,30.088632782,24.0403432151,29.5536515833
11800,0.0019627411843,34.2680505774,28.5177635088,32.4950624748,29.0285749449,23.722739859,28.1015901322
12000,0.00199600798403,33.0714857879,27.8700447235,31.5573663442,27.9142435692,23.3385464555,27.2075868535
12200,0.00202927478377,32.9869570673,27.9298477724,32.2514894289,28.0577879226,23.5675929961,28.253166104
12400,0.0020625415835,33.1919368891,28.3911575927,33.5833513608,28.41064118,24.1319183558,30.1546015177
12600,0.00209580838323,33.3337034152,29.3158445427,34.8708740604,28.4251760232,24.7834398157,31.243914021
12800,0.00212907518297,34.784334768,31.9700017186,38.4872877422,29.7009766589,27.0930543811,34.7482383733
13000,0.0021623419827,35.9712411197,34.7236610266,41.3875420971,30.6649088378,30.0332420751,37.5898427893
13200,0.00219560878244,36.8495614996,36.9053123808,43.4510883519,31.0833492835,32.3408684752,39.3402092785
13400,0.00222887558217,38.2005925757,39.4478280091,45.6787130677,31.6700321093,35.0397220245,41.3969590148
13600,0.0022621423819,40.7401630878,44.1214939732,51.556587472,33.209364492,39.8853900636,48.771124341
13800,0.00229540918164,43.4452359521,49.1668222322,56.9093865824,35.3089889516,45.8751147814,55.6181473296
14000,0.00232867598137,44.3419107117,50.3833577236,57.5425076803,35.5310436996,46.9950510411,55.4635143231
14200,0.0023619427811,44.9080466383,50.7904179866,57.40048208,35.3882278514,46.8531481751,53.7119238295
14400,0.00239520958084,46.2202732344,51.4341332071,58.054779382,35.6846824211,46.3584244322,53.0591532749
14600,0.00242847638057,48.574906733,51.9950535064,58.9807346273,37.6776877575,45.3734531958,52.0212684674
14800,0.00246174318031,48.4154802878,50.5299274055,57.4360675521,37.981619732,43.0454322049,49.8238932792
15000,0.00249500998004,47.3230492866,48.6581328178,55.0187545046,37.4407946016,40.7519438727,47.1667674034
15200,0.00252827677977,47.1140415937,47.7608739538,53.5784295285,37.5835889583,39.3132409002,45.769889453
15400,0.00256154357951,46.6952129281,47.0757949499,52.4040365746,37.1708486627,38.8261933218,44.0424387924
15600,0.00259481037924,46.6638061765,46.6621310748,52.1566041491,36.9848921007,38.3726607054,43.0280473217
15800,0.00262807717898,50.9135337408,47.963521813,55.6840720377,40.4851401374,39.2036361113,45.1074281877
16000,0.00266134397871,57.06076641,50.6957123437,61.077786656,45.5363636672,41.9325819165,48.5572787642
16200,0.00269461077844,59.7516793447,51.0174970152,62.7283272293,46.4675291367,41.8419186266,48.1663733062
16400,0.00272787757818,60.8229866268,49.9895258492,62.1477528035,47.172442059,40.5997879416,46.8370904415
16600,0.00276114437791,59.9714423939,47.7196600607,60.0244036645,46.3988928268,38.6487454355,44.5876675968
16800,0.00279441117764,59.8290973178,45.8671556668,57.7637086366,46.5114818116,37.3533904381,42.7561593718
17000,0.00282767797738,58.4453579587,43.767826332,55.5767756097,45.0456441155,35.5024901763,41.0357451461
17200,0.00286094477711,59.559464811,43.2905164097,57.2909673305,45.3339460684,34.5654347194,42.7048737664
17400,0.00289421157685,60.6793737675,43.9226702226,59.1846652392,46.609653978,35.3866699376,45.4769699102
17600,0.00292747837658,59.305937553,43.0624153671,58.3327639929,45.9865686392,34.9437031806,45.7048520196
17800,0.00296074517631,56.8024314334,41.3455508358,56.2249810228,43.9912278711,33.4400798703,44.2852308723
18000,0.00299401197605,55.0362767492,39.9835657501,54.4689887668,42.607284168,31.7520266812,42.7504473242
18200,0.00302727877578,54.0961843917,39.2156754335,53.4732291587,42.1389730107,30.1982448274,41.4188236477
18400,0.00306054557552,53.4778761093,39.1503671954,53.1292672432,41.7230567172,29.6007250163,40.6077258705
18600,0.00309381237525,52.247894574,39.0113206334,52.5556989231,40.4624876713,29.0111616866,39.9727592363
18800,0.00312707917498,50.1635000384,38.4648855809,51.3552952252,37.6016291535,27.7686403685,38.4215115541
19000,0.00316034597472,47.7921431987,37.6112141799,49.4682215712,35.423838643,26.6282554629,36.9684919873
19200,0.00319361277445,45.0669985869,36.3441253434,47.2141599498,33.2502173668,25.3111442881,35.2250322378
19400,0.00322687957418,42.6351116181,35.0472259253,45.2931938813,31.2461311423,24.1256996522,33.4903953233
19600,0.00326014637392,41.0248114489,34.4840539498,45.1868069978,29.8732576054,23.5142015014,32.9812196163
19800,0.00329341317365,39.9384698173,34.4755530482,45.275730743,29.154464412,23.6841094829,33.1448967612
20000,0.00332667997339,39.3591531563,34.7388939942,44.797232734,28.9378442055,24.2499200204,32.6457150198
20041,0.00333349966733,39.3054080514,34.8278902236,44.6831737815,29.0194291882,24.3870903418,32.5312347366
