200,3.32667997339e-05,0.811867354049,0.145849440793
400,6.65335994677e-05,0.799562977454,0.149824686546
600,9.98003992016e-05,0.804506396812,0.15741989624
800,0.000133067198935,0.798840341312,0.164374792364
1000,0.000166333998669,0.785628742945,0.169006493758
1200,0.000199600798403,0.761256816573,0.173828166866
1400,0.000232867598137,0.750911572913,0.195476358002
1600,0.000266134397871,0.757558402585,0.221964217254
1800,0.000299401197605,0.76053075999,0.235733893507
2000,0.000332667997339,0.760244868527,0.244903405586
2200,0.000365934797073,0.756196558733,0.250676846373
2400,0.000399201596806,0.746081940882,0.255395507192
2600,0.00043246839654,0.739179740849,0.264237831316
2800,0.000465735196274,0.754656575488,0.283401344719
3000,0.000499001996008,0.761424571152,0.295627130047
3200,0.000532268795742,0.764032657561,0.302933824081
3400,0.000565535595476,0.758624433767,0.30719581061
3600,0.00059880239521,0.743046503093,0.300594643954
3800,0.000632069194943,0.723061142987,0.310477204028
4000,0.000665335994677,0.729144292082,0.317160126179
4200,0.000698602794411,0.728555246497,0.312416690246
4400,0.000731869594145,0.71990352914,0.311968305933
4600,0.000765136393879,0.710563944553,0.318851863317
4800,0.000798403193613,0.697021422549,0.317186469879
5000,0.000831669993347,0.668308150308,0.305566545706
5200,0.000864936793081,0.658829847639,0.333197159616
5400,0.000898203592814,0.660450120117,0.356699380262
5600,0.000931470392548,0.654045582938,0.355481046874
5800,0.000964737192282,0.636680142803,0.376199783308
6000,0.000998003992016,0.630944665676,0.370102285688
6200,0.00103127079175,0.61360727683,0.355946198214
6400,0.00106453759148,0.602594673803,0.353384367749
6600,0.00109780439122,0.607214512948,0.358937604983
6800,0.00113107119095,0.60445728348,0.389913489484
7000,0.00116433799069,0.600984048064,0.398629968759
7200,0.00119760479042,0.593064877706,0.395855101813
7400,0.00123087159015,0.589392326839,0.386476367331
7600,0.00126413838989,0.574264532295,0.380829806986
7800,0.00129740518962,0.585453323389,0.385195838514
8000,0.00133067198935,0.592675465334,0.380199060287
8200,0.00136393878909,0.596843340242,0.378728058697
8400,0.00139720558882,0.589641548747,0.379401335981
8600,0.00143047238856,0.592820338638,0.376774365369
8800,0.00146373918829,0.594847594686,0.359847436159
9000,0.00149700598802,0.610404349391,0.36293024554
9200,0.00153027278776,0.628262073956,0.372131630255
9400,0.00156353958749,0.640289332264,0.387459244499
9600,0.00159680638723,0.645287903429,0.399250978156
9800,0.00163007318696,0.647649257495,0.415410502317
10000,0.00166333998669,0.637297235255,0.410185783724
10200,0.00169660678643,0.650062053129,0.409602645732
10400,0.00172987358616,0.662897446504,0.41097920587
10600,0.00176314038589,0.661204187816,0.398595406011
10800,0.00179640718563,0.65131963778,0.419119566557
11000,0.00182967398536,0.646269217958,0.427589899119
11200,0.0018629407851,0.638040597236,0.420086398493
11400,0.00189620758483,0.638141381868,0.412733287805
11600,0.00192947438456,0.656642008086,0.421007870433
11800,0.0019627411843,0.668465144215,0.422585194226
12000,0.00199600798403,0.673952079458,0.414283185205
12200,0.00202927478377,0.659846585533,0.413745937732
12400,0.0020625415835,0.65457470556,0.398945714705
12600,0.00209580838323,0.649070139317,0.383431774537
12800,0.00212907518297,0.659984836112,0.411354363866
13000,0.0021623419827,0.66669022757,0.42121889434
13200,0.00219560878244,0.665764849811,0.416202061738
13400,0.00222887558217,0.658640030474,0.415519219553
13600,0.0022621423819,0.660382915478,0.437325979528
13800,0.00229540918164,0.653613037288,0.440280924539
14000,0.00232867598137,0.674437945532,0.459535588751
14200,0.0023619427811,0.677797784582,0.453594238822
14400,0.00239520958084,0.659902822881,0.402368265387
14600,0.00242847638057,0.650658483358,0.39129324522
14800,0.00246174318031,0.641350297618,0.37007259978
15000,0.00249500998004,0.62486646085,0.353493570486
15200,0.00252827677977,0.632257214367,0.361639814214
15400,0.00256154357951,0.643823736657,0.354952000252
15600,0.00259481037924,0.650910923991,0.365295020577
15800,0.00262807717898,0.661624892551,0.373691057278
16000,0.00266134397871,0.645102239709,0.375440615431
16200,0.00269461077844,0.61565733626,0.382571489424
16400,0.00272787757818,0.603755299137,0.390335795525
16600,0.00276114437791,0.616374622293,0.408755377448
16800,0.00279441117764,0.621606541578,0.414821430713
17000,0.00282767797738,0.61966392206,0.383807883974
17200,0.00286094477711,0.605844066611,0.391441681634
17400,0.00289421157685,0.592569948727,0.401402298589
17600,0.00292747837658,0.586269523771,0.396449989161
17800,0.00296074517631,0.610280640531,0.414210715162
18000,0.00299401197605,0.621955879682,0.411437123424
18200,0.00302727877578,0.622194619819,0.418128373485
18400,0.00306054557552,0.617312117643,0.413624715846
18600,0.00309381237525,0.605761313175,0.401963204183
18800,0.00312707917498,0.595481151579,0.38916363418
19000,0.00316034597472,0.605598978219,0.394197326837
19200,0.00319361277445,0.618992781223,0.39306781098
19400,0.00322687957418,0.622802747364,0.385086878286
19600,0.00326014637392,0.614728277635,0.372634166408
19800,0.00329341317365,0.599111097175,0.373053699735
20000,0.00332667997339,0.579947858733,0.372402269979
20200,0.00335994677312,0.576392844117,0.370222182773
20400,0.00339321357285,0.579892884024,0.376565931783
20600,0.00342648037259,0.581167079144,0.380321655681
20800,0.00345974717232,0.586867781364,0.380087543991
21000,0.00349301397206,0.593671988727,0.377804538955
21200,0.00352628077179,0.594907755658,0.376351894511
21400,0.00355954757152,0.599330662445,0.374931095633
21600,0.00359281437126,0.613892474397,0.381025403741
21800,0.00362608117099,0.612194224965,0.374179086672
22000,0.00365934797073,0.6000625958,0.375185450254
22200,0.00369261477046,0.597319083879,0.383783190807
22400,0.00372588157019,0.59108220077,0.390873597976
22600,0.00375914836993,0.581077373884,0.398984936771
22800,0.00379241516966,0.592336722862,0.417562690897
23000,0.00382568196939,0.599583269165,0.421781280804
23200,0.00385894876913,0.598193443144,0.418067345532
23400,0.00389221556886,0.599327865789,0.418470561594
23600,0.0039254823686,0.600013271482,0.424270202024
23800,0.00395874916833,0.593696700624,0.425093940535
24000,0.00399201596806,0.604010735852,0.430560390333
24200,0.0040252827678,0.611474944876,0.426105000806
24400,0.00405854956753,0.615553152406,0.414375202331
24600,0.00409181636727,0.613217391126,0.424481961027
24800,0.004125083167,0.592920847332,0.417173855702
25000,0.00415834996673,0.58583370358,0.40526136606
25200,0.00419161676647,0.60384304317,0.3889357441
25400,0.0042248835662,0.625447362572,0.392000704275
25600,0.00425815036593,0.635823367441,0.388243409736
25800,0.00429141716567,0.632392474345,0.350236954398
26000,0.0043246839654,0.631666080042,0.33657076334
26200,0.00435795076514,0.614361411202,0.367978111902
26400,0.00439121756487,0.61705861894,0.357401362111
26600,0.0044244843646,0.62788652923,0.369949464737
26800,0.00445775116434,0.636930784232,0.380830974076
27000,0.00449101796407,0.643751054932,0.377304978716
27200,0.00452428476381,0.646686899396,0.368743476435
27400,0.00455755156354,0.640354929104,0.35806495237
27600,0.00459081836327,0.626676082619,0.343567981284
27800,0.00462408516301,0.641205095754,0.352172824052
28000,0.00465735196274,0.64749158089,0.35134025159
28200,0.00469061876248,0.646321890909,0.347348819603
28400,0.00472388556221,0.644002706492,0.344005971689
28600,0.00475715236194,0.64098558192,0.339487466602
28800,0.00479041916168,0.628671806822,0.326603349012
29000,0.00482368596141,0.638575932567,0.322904038053
29200,0.00485695276114,0.646140878184,0.324004674163
29400,0.00489021956088,0.641276271301,0.337545002909
29600,0.00492348636061,0.643512995007,0.350345450441
29800,0.00495675316035,0.643875017737,0.338970821014
30000,0.00499001996008,0.637544000332,0.339804928936
30200,0.00502328675981,0.633954788079,0.346830085113
30400,0.00505655355955,0.646949669229,0.34983068647
30600,0.00508982035928,0.645382764101,0.360244266362
30800,0.00512308715902,0.638530032375,0.360801382083
31000,0.00515635395875,0.621004610161,0.376939852831
31200,0.00518962075848,0.61316526308,0.365856871851
31400,0.00522288755822,0.613830296878,0.373026698614
31600,0.00525615435795,0.630951905209,0.395600436711
31800,0.00528942115768,0.646847220451,0.405598538235
32000,0.00532268795742,0.649794142486,0.401407546817
32200,0.00535595475715,0.653318141171,0.396461036825
32400,0.00538922155689,0.65191212824,0.391871929373
32600,0.00542248835662,0.636567096466,0.374774782926
32800,0.00545575515635,0.641353272253,0.412314699556
33000,0.00548902195609,0.640264557013,0.413657289933
33200,0.00552228875582,0.641482662681,0.439419705174
33400,0.00555555555556,0.649474080907,0.429956829923
33600,0.00558882235529,0.636310525111,0.423616693721
33800,0.00562208915502,0.622801837506,0.398234812958
34000,0.00565535595476,0.622606387022,0.412481021066
34200,0.00568862275449,0.627822148606,0.420091657268
34400,0.00572188955422,0.631180585337,0.4016966043
34600,0.00575515635396,0.625241316989,0.394439540047
34800,0.00578842315369,0.613654857278,0.388834873925
35000,0.00582168995343,0.592513370448,0.367344971376
35200,0.00585495675316,0.601762001631,0.367880512204
35400,0.00588822355289,0.601938168727,0.384644011575
35600,0.00592149035263,0.594116952608,0.373419165725
35800,0.00595475715236,0.593353381874,0.370613329427
36000,0.0059880239521,0.593643300008,0.363325236426
36200,0.00602129075183,0.587492263981,0.345208291415
36400,0.00605455755156,0.580805480507,0.350179966442
36600,0.0060878243513,0.597014289663,0.362249477379
36800,0.00612109115103,0.615907243201,0.382372024266
37000,0.00615435795077,0.624358176566,0.387006252813
37200,0.0061876247505,0.621206102989,0.381438653169
37400,0.00622089155023,0.613060894062,0.382122821499
37600,0.00625415834997,0.611730589249,0.364999482158
37800,0.0062874251497,0.619243873705,0.356091207585
38000,0.00632069194943,0.627259683911,0.365108911766
38200,0.00635395874917,0.631543544795,0.366064713903
38400,0.0063872255489,0.625930663449,0.35842992122
38600,0.00642049234864,0.617743299344,0.352495314213
38800,0.00645375914837,0.603868063526,0.343705151535
39000,0.0064870259481,0.60608794261,0.348334311938
39200,0.00652029274784,0.619617077943,0.350209084209
39400,0.00655355954757,0.630686505263,0.362419300278
39600,0.00658682634731,0.633850550325,0.363741354074
39800,0.00662009314704,0.634605354619,0.353639178685
40000,0.00665335994677,0.625853296182,0.341933031082
40200,0.00668662674651,0.622140657215,0.330923517537
40400,0.00671989354624,0.630695865913,0.344990226623
40600,0.00675316034597,0.638498711015,0.347631471453
40800,0.00678642714571,0.636252521229,0.346993272337
41000,0.00681969394544,0.632800800396,0.345067035988
41200,0.00685296074518,0.62759395242,0.335590289511
41400,0.00688622754491,0.620099898519,0.349377661154
41600,0.00691949434464,0.611561755099,0.393860018819
41800,0.00695276114438,0.60627705709,0.42986201046
42000,0.00698602794411,0.590757006505,0.438370264021
42200,0.00701929474385,0.571761709907,0.43764705548
42400,0.00705256154358,0.569670683265,0.431646820177
42600,0.00708582834331,0.572073988659,0.397551026515
42800,0.00711909514305,0.583385650608,0.40166706021
43000,0.00715236194278,0.59396056329,0.432709494793
43200,0.00718562874251,0.595865414882,0.422128648214
43400,0.00721889554225,0.603519586673,0.394695112361
43600,0.00725216234198,0.604536921472,0.376990994591
43800,0.00728542914172,0.589676202762,0.36723331201
44000,0.00731869594145,0.592111866363,0.363610633612
44200,0.00735196274118,0.597279995322,0.366516227544
44400,0.00738522954092,0.5966432949,0.359934036935
44600,0.00741849634065,0.597807836573,0.359694451519
44800,0.00745176314039,0.595551605091,0.354758363334
45000,0.00748502994012,0.593416442719,0.348349751328
45200,0.00751829673985,0.595586070644,0.345618765915
45400,0.00755156353959,0.607154244344,0.359868154817
45600,0.00758483033932,0.616484803086,0.367434279285
45800,0.00761809713906,0.622885937846,0.363092294759
46000,0.00765136393879,0.625918877062,0.345871438321
46200,0.00768463073852,0.619386479853,0.336670944843
46400,0.00771789753826,0.611524321766,0.325550810711
46600,0.00775116433799,0.616371060752,0.321111259251
46800,0.00778443113772,0.613712485306,0.350568983915
47000,0.00781769793746,0.621511017583,0.355116400228
47200,0.00785096473719,0.619101553624,0.355232559383
47400,0.00788423153693,0.614504585765,0.34878363761
47600,0.00791749833666,0.608452944292,0.331657339929
47800,0.00795076513639,0.626674944061,0.342706504716
48000,0.00798403193613,0.638772279584,0.354020430292
48200,0.00801729873586,0.648569055453,0.356861873214
48400,0.0080505655356,0.644911450389,0.366606205451
48600,0.00808383233533,0.637782264585,0.364264223422
48800,0.00811709913506,0.626815723696,0.358897771365
49000,0.0081503659348,0.628360029833,0.36016542206
49200,0.00818363273453,0.631798443476,0.366548213014
49400,0.00821689953426,0.631781938048,0.369539233914
49600,0.008250166334,0.640348435223,0.360108871289
49800,0.00828343313373,0.640192996097,0.342317215283
50000,0.00831669993347,0.631990529693,0.328780826834
50200,0.0083499667332,0.621003463731,0.320149610525
50400,0.00838323353293,0.620526057844,0.318522208085
50600,0.00841650033267,0.614373826031,0.313055365952
50800,0.0084497671324,0.604461193577,0.320830879354
51000,0.00848303393214,0.594623949743,0.314485511048
51200,0.00851630073187,0.584248793453,0.301353656248
51400,0.0085495675316,0.573672587711,0.297572594332
51600,0.00858283433134,0.583027525662,0.313286373186
51800,0.00861610113107,0.595828154186,0.323055033577
52000,0.00864936793081,0.603222421232,0.324665208546
52200,0.00868263473054,0.606348532196,0.320189464171
52400,0.00871590153027,0.60568497393,0.313395200566
52600,0.00874916833001,0.598390475219,0.303024793006
52800,0.00878243512974,0.607693209823,0.304660043944
53000,0.00881570192947,0.615443796652,0.310376496682
53200,0.00884896872921,0.62562699108,0.310633435068
53400,0.00888223552894,0.630536016875,0.305421096003
53600,0.00891550232868,0.62628904398,0.30068983357
53800,0.00894876912841,0.614261986237,0.309334936298
54000,0.00898203592814,0.62110667819,0.314938177287
54200,0.00901530272788,0.636600331857,0.330067805572
54400,0.00904856952761,0.644553398061,0.343022145345
54600,0.00908183632735,0.649026811185,0.342970522275
54800,0.00911510312708,0.644473327429,0.334798129262
55000,0.00914836992681,0.628135843145,0.325671085452
55200,0.00918163672655,0.622439755183,0.32287905623
55400,0.00921490352628,0.6365806061,0.323044450376
55600,0.00924817032601,0.641899879426,0.329686347641
55800,0.00928143712575,0.643044058715,0.338977823795
56000,0.00931470392548,0.638115184663,0.335876690904
56200,0.00934797072522,0.628487198644,0.327311444911
56400,0.00938123752495,0.619885471683,0.318117306996
56600,0.00941450432468,0.629332695251,0.322273506774
56800,0.00944777112442,0.63133090187,0.320910754852
57000,0.00948103792415,0.627313739593,0.329173203396
57200,0.00951430472389,0.627200625445,0.330184525694
57400,0.00954757152362,0.6228988766,0.325910506574
57600,0.00958083832335,0.619713256385,0.30958633868
57800,0.00961410512309,0.633119648331,0.315830722448
58000,0.00964737192282,0.639294470592,0.324453528356
58200,0.00968063872255,0.644960954477,0.322440647947
58400,0.00971390552229,0.647889445671,0.31281802859
58600,0.00974717232202,0.642813061927,0.308438409007
58800,0.00978043912176,0.634276103813,0.30337612364
59000,0.00981370592149,0.638419928493,0.29571455775
59200,0.00984697272122,0.656328653456,0.298894345002
59400,0.00988023952096,0.656185435879,0.304870646446
59600,0.00991350632069,0.648052450657,0.309277302392
59800,0.00994677312043,0.635304200913,0.313878647849
60000,0.00998003992016,0.617988159499,0.310655235754
60200,0.0100133067199,0.607719196608,0.307143415548
60400,0.0100465735196,0.615402486454,0.317913819887
60600,0.0100798403194,0.614532754351,0.323626349004
60800,0.0101131071191,0.59571510965,0.328486954908
61000,0.0101463739188,0.596314391614,0.323340510218
61200,0.0101796407186,0.597762405654,0.322817963528
61400,0.0102129075183,0.587552493356,0.320306899996
61600,0.010246174318,0.601916836637,0.336590765854
61800,0.0102794411178,0.615039508637,0.339674876155
62000,0.0103127079175,0.623631124726,0.342183697229
62200,0.0103459747172,0.630560388747,0.345571747843
62400,0.010379241517,0.632997872884,0.338780832995
62600,0.0104125083167,0.627614785935,0.329351556663
62800,0.0104457751164,0.635096703942,0.333206064137
63000,0.0104790419162,0.648285339369,0.352731170029
63200,0.0105123087159,0.652837865514,0.356984845347
63400,0.0105455755156,0.651027834834,0.351822404718
63600,0.0105788423154,0.644730630852,0.341005038098
63800,0.0106121091151,0.63567021953,0.332565854706
64000,0.0106453759148,0.631971101737,0.342996053242
64200,0.0106786427146,0.649840522622,0.354417306161
64400,0.0107119095143,0.650332479366,0.361633116591
64600,0.010745176314,0.646022979034,0.36577786657
64800,0.0107784431138,0.645043790735,0.371663762372
65000,0.0108117099135,0.634474075182,0.361872794858
65200,0.0108449767132,0.629354172799,0.359016840042
65400,0.010878243513,0.637292016381,0.36480885575
65600,0.0109115103127,0.643320726774,0.386653814968
65800,0.0109447771124,0.655860209756,0.3695354315
66000,0.0109780439122,0.657518334159,0.355779928687
66200,0.0110113107119,0.647789404097,0.343039308868
66400,0.0110445775116,0.620898538489,0.351353313826
66600,0.0110778443114,0.620879216004,0.364603456503
66800,0.0111111111111,0.626675025551,0.369687353892
67000,0.0111443779108,0.616969199701,0.366596293158
67200,0.0111776447106,0.611233261131,0.382050320288
67400,0.0112109115103,0.611054029023,0.364146752324
67600,0.01124417831,0.603284267385,0.336414275149
67800,0.0112774451098,0.611256293089,0.334944359644
68000,0.0113107119095,0.612811460588,0.334338822568
68200,0.0113439787092,0.600930348262,0.326326115696
68400,0.011377245509,0.589587335055,0.337608308737
68600,0.0114105123087,0.591627739234,0.326605421038
68800,0.0114437791084,0.581359533299,0.326820565031
69000,0.0114770459082,0.584265184584,0.312761584815
69200,0.0115103127079,0.594445101139,0.305471742353
69400,0.0115435795077,0.599047313788,0.31432871631
69600,0.0115768463074,0.606822428001,0.316446280011
69800,0.0116101131071,0.613956936615,0.312197258795
70000,0.0116433799069,0.610174053745,0.299889503337
70200,0.0116766467066,0.600295911992,0.309475357814
70400,0.0117099135063,0.617394128904,0.327663944772
70600,0.0117431803061,0.630712623406,0.334006913287
70800,0.0117764471058,0.638148687488,0.338436976213
71000,0.0118097139055,0.626480888301,0.348039198604
71200,0.0118429807053,0.620792827656,0.360465483061
71400,0.011876247505,0.606743680455,0.374230823436
71600,0.0119095143047,0.593840637264,0.370723494717
71800,0.0119427811045,0.596013058918,0.375585826703
72000,0.0119760479042,0.590782707062,0.392979627592
72200,0.0120093147039,0.589688020615,0.38955265383
72400,0.0120425815037,0.580217790773,0.3793414125
72600,0.0120758483034,0.572894496773,0.362144379671
72800,0.0121091151031,0.580304229115,0.357547169503
73000,0.0121423819029,0.592987538408,0.355492272512
73200,0.0121756487026,0.596937810655,0.347958328773
73400,0.0122089155023,0.592526367576,0.342788776599
73600,0.0122421823021,0.584676093917,0.351397550746
73800,0.0122754491018,0.577189497648,0.345678882707
74000,0.0123087159015,0.579379667176,0.342837247219
74200,0.0123419827013,0.59273134604,0.351090802513
74400,0.012375249501,0.598595709023,0.341531511678
74600,0.0124085163007,0.589740393204,0.359919959746
74800,0.0124417831005,0.580264992517,0.383194822458
75000,0.0124750499002,0.572267044575,0.361870474309
75200,0.0125083166999,0.559807062937,0.348136389586
75400,0.0125415834997,0.571205275083,0.360611943992
75600,0.0125748502994,0.574032871664,0.37277920607
75800,0.0126081170991,0.57730282506,0.376529020985
76000,0.0126413838989,0.575124109454,0.376076991815
76200,0.0126746506986,0.57475681688,0.360995039446
76400,0.0127079174983,0.574185465373,0.345801184517
76600,0.0127411842981,0.591970078045,0.367860923034
76800,0.0127744510978,0.611915421051,0.385632189982
77000,0.0128077178975,0.625058003107,0.3883825856
77200,0.0128409846973,0.637644785571,0.384574769337
77400,0.012874251497,0.642308940237,0.382726802897
77600,0.0129075182967,0.63898101352,0.37219116592
77800,0.0129407850965,0.642645888533,0.37738721301
78000,0.0129740518962,0.649289371022,0.372811026288
78200,0.0130073186959,0.663123933959,0.376894142518
78400,0.0130405854957,0.672305052109,0.379481618254
78600,0.0130738522954,0.658058623701,0.376007984606
78800,0.0131071190951,0.62790689581,0.393922046808
79000,0.0131403858949,0.62304458215,0.384066272302
79200,0.0131736526946,0.633474189108,0.388010205159
79400,0.0132069194943,0.630670850505,0.382246219856
79600,0.0132401862941,0.613558323723,0.369082164821
79800,0.0132734530938,0.596398905606,0.364898484251
80000,0.0133067198935,0.579079692154,0.358283456987
80200,0.0133399866933,0.565154567013,0.343560363302
80400,0.013373253493,0.569420265617,0.34832164108
80600,0.0134065202927,0.57606360899,0.34647436776
80800,0.0134397870925,0.574491154614,0.34001161059
81000,0.0134730538922,0.569622773216,0.319725409717
81200,0.0135063206919,0.559313918183,0.305550364456
81400,0.0135395874917,0.55149235755,0.296886154799
81600,0.0135728542914,0.555673072277,0.30421538349
81800,0.0136061210912,0.567782960836,0.3171883672
82000,0.0136393878909,0.578698898274,0.333302170098
82200,0.0136726546906,0.578616690489,0.332918238911
82400,0.0137059214904,0.573604141044,0.325811395725
82600,0.0137391882901,0.569769480153,0.318996202929
82800,0.0137724550898,0.568164249838,0.325544722779
83000,0.0138057218896,0.580232720576,0.333076780055
83200,0.0138389886893,0.587380203351,0.337806354951
83400,0.013872255489,0.59123259158,0.350660944348
83600,0.0139055222888,0.597963799693,0.368002206367
83800,0.0139387890885,0.586826190638,0.36475834076
84000,0.0139720558882,0.587112777352,0.377720793129
84200,0.014005322688,0.607281543385,0.398889257564
84400,0.0140385894877,0.613396389103,0.398277422074
84600,0.0140718562874,0.621534092865,0.395401631848
84800,0.0141051230872,0.616809143944,0.393891629035
85000,0.0141383898869,0.606422769712,0.393605323635
85200,0.0141716566866,0.584762130269,0.379231330329
85400,0.0142049234864,0.589456836324,0.388950336172
85600,0.0142381902861,0.599686776747,0.391987854474
85800,0.0142714570858,0.59366722514,0.389877061073
86000,0.0143047238856,0.585244614683,0.379434858877
86200,0.0143379906853,0.570155052005,0.395616454965
86400,0.014371257485,0.562900923959,0.372793998567
86600,0.0144045242848,0.579805918252,0.378385313946
86800,0.0144377910845,0.600695547625,0.37773455299
87000,0.0144710578842,0.607332806812,0.369019459873
87200,0.014504324684,0.609516742063,0.369667418438
87400,0.0145375914837,0.598288260187,0.37443243499
87600,0.0145708582834,0.589381123021,0.357739285386
87800,0.0146041250832,0.592894484064,0.348876813169
88000,0.0146373918829,0.593727477587,0.367206873722
88200,0.0146706586826,0.597854666407,0.382027436244
88400,0.0147039254824,0.594263781166,0.382554059422
88600,0.0147371922821,0.583679906803,0.383523945813
88800,0.0147704590818,0.568026474434,0.353606222609
89000,0.0148037258816,0.552559915825,0.364926856827
89200,0.0148369926813,0.560728278392,0.377997103987
89400,0.014870259481,0.56817422866,0.37916385048
89600,0.0149035262808,0.570902272258,0.362669970236
89800,0.0149367930805,0.565780476101,0.343754500136
90000,0.0149700598802,0.558511270556,0.321485242553
90200,0.01500332668,0.549504625481,0.311771421325
90400,0.0150365934797,0.562467974149,0.329817154259
90600,0.0150698602794,0.5794992544,0.339222803763
90800,0.0151031270792,0.592924796891,0.347049561546
91000,0.0151363938789,0.598734581562,0.347092357003
91200,0.0151696606786,0.600631241286,0.338087175872
91400,0.0152029274784,0.589911843597,0.317328595319
91600,0.0152361942781,0.572240919193,0.320973057397
91800,0.0152694610778,0.582718086451,0.325276785954
92000,0.0153027278776,0.586464926063,0.331112985587
92200,0.0153359946773,0.587524811702,0.329764970377
92400,0.015369261477,0.585940158777,0.321869214644
92600,0.0154025282768,0.581565842807,0.317717614234
92800,0.0154357950765,0.585995968893,0.320065074917
93000,0.0154690618762,0.600455202143,0.327771398301
93200,0.015502328676,0.604018736826,0.323710928899
93400,0.0155355954757,0.597765265439,0.331770729286
93600,0.0155688622754,0.591759934384,0.332019419656
93800,0.0156021290752,0.587420422306,0.319798637108
94000,0.0156353958749,0.580099810709,0.30796112951
94200,0.0156686626747,0.586558627229,0.317645087441
94400,0.0157019294744,0.589661802465,0.320732007355
94600,0.0157351962741,0.589233504637,0.326362680449
94800,0.0157684630739,0.590612244735,0.327151336202
95000,0.0158017298736,0.588237248092,0.324992781389
95200,0.0158349966733,0.57528956978,0.312102820262
95400,0.0158682634731,0.580043612702,0.313681139629
95600,0.0159015302728,0.583715532138,0.317332530153
95800,0.0159347970725,0.586455526196,0.319014940013
96000,0.0159680638723,0.588324614814,0.326256872741
96200,0.016001330672,0.594114907027,0.317303840877
96400,0.0160345974717,0.59330727859,0.314754348875
96600,0.0160678642715,0.601448885089,0.322883338475
96800,0.0161011310712,0.614424754522,0.345175166893
97000,0.0161343978709,0.61935100352,0.355735180876
97200,0.0161676646707,0.614143348094,0.354448658393
97400,0.0162009314704,0.602425855568,0.3477800052
97600,0.0162341982701,0.590647501012,0.340092036813
97800,0.0162674650699,0.587217846697,0.334438915517
98000,0.0163007318696,0.596959171744,0.334347297771
98200,0.0163339986693,0.605394913434,0.334615176519
98400,0.0163672654691,0.606253377272,0.338282635647
98600,0.0164005322688,0.605094764097,0.345019001248
98800,0.0164337990685,0.601693672902,0.33529322242
99000,0.0164670658683,0.603230807965,0.33435576113
99200,0.016500332668,0.623447498769,0.35171225169
99400,0.0165335994677,0.637940565049,0.360205397958
99600,0.0165668662675,0.644990471436,0.370592507276
99800,0.0166001330672,0.645612401064,0.375507846445
100000,0.0166333998669,0.634779332791,0.377039457795
100200,0.0166666666667,0.617568413434,0.359198287421
100400,0.0166999334664,0.620673531317,0.350575745869
100600,0.0167332002661,0.622311765923,0.358440116794
100800,0.0167664670659,0.6199503937,0.355727567137
101000,0.0167997338656,0.620676978054,0.349639464057
101200,0.0168330006653,0.614444050269,0.344456652115
101400,0.0168662674651,0.604781807005,0.335503324474
101600,0.0168995342648,0.606465613949,0.334593863797
101800,0.0169328010645,0.615246442799,0.347188415258
102000,0.0169660678643,0.615227986493,0.3442386945
102200,0.016999334664,0.613492921622,0.337389445452
102400,0.0170326014637,0.615208739604,0.335990068787
102600,0.0170658682635,0.612489408092,0.322401580828
102800,0.0170991350632,0.608253188105,0.31444602539
103000,0.0171324018629,0.609065970487,0.329815608643
103200,0.0171656686627,0.604214280504,0.325251049313
103400,0.0171989354624,0.603756201306,0.313870487126
103600,0.0172322022621,0.60537810221,0.303089063265
103800,0.0172654690619,0.601724382375,0.292405794348
104000,0.0172987358616,0.598252593858,0.287098027356
104200,0.0173320026613,0.600934149389,0.295503944954
104400,0.0173652694611,0.611718299466,0.311837518065
104600,0.0173985362608,0.618511250824,0.309916242772
104800,0.0174318030605,0.61753429161,0.307601041056
105000,0.0174650698603,0.612405653723,0.308497052362
105200,0.01749833666,0.597217736296,0.320882574111
105400,0.0175316034597,0.60244960022,0.342518193567
105600,0.0175648702595,0.616987788073,0.360192356696
105800,0.0175981370592,0.629571896615,0.375252680336
106000,0.0176314038589,0.62119056148,0.393427846209
106200,0.0176646706587,0.621446857411,0.421900836504
106400,0.0176979374584,0.611506989843,0.411459293268
106600,0.0177312042582,0.605337786546,0.391141725578
106800,0.0177644710579,0.610979987428,0.402494561577
107000,0.0177977378576,0.609023743644,0.411063510612
107200,0.0178310046574,0.601250597142,0.414478037238
107400,0.0178642714571,0.585731376045,0.418118681057
107600,0.0178975382568,0.577048753715,0.395109501326
107800,0.0179308050566,0.563952515832,0.37762822961
108000,0.0179640718563,0.563492184452,0.364158297863
108200,0.017997338656,0.563574647812,0.375325150393
108400,0.0180306054558,0.578546207623,0.377286880424
108600,0.0180638722555,0.57922596668,0.37580356583
108800,0.0180971390552,0.581173582491,0.355634002413
109000,0.018130405855,0.565730622581,0.338612785332
109200,0.0181636726547,0.571033268705,0.347869202931
109400,0.0181969394544,0.564004950464,0.364943877495
109600,0.0182302062542,0.540404520155,0.375692162211
109800,0.0182634730539,0.539937796819,0.365650736984
110000,0.0182967398536,0.544307032202,0.352482087088
110200,0.0183300066534,0.543010714651,0.336675677733
110400,0.0183632734531,0.56213384395,0.350361084692
110600,0.0183965402528,0.574058390837,0.360373660026
110800,0.0184298070526,0.576478065208,0.366844188738
111000,0.0184630738523,0.589213105771,0.360846772551
111200,0.018496340652,0.595793006173,0.351959231826
111400,0.0185296074518,0.576525895512,0.350578239548
111600,0.0185628742515,0.563790798642,0.37156173467
111800,0.0185961410512,0.576724346723,0.37827054808
112000,0.018629407851,0.570296076779,0.376704317459
112200,0.0186626746507,0.568823425855,0.37574581314
112400,0.0186959414504,0.537140141281,0.390594034579
112600,0.0187292082502,0.530473903433,0.372713489913
112800,0.0187624750499,0.523643869815,0.358431243183
113000,0.0187957418496,0.533733652108,0.381062845795
113200,0.0188290086494,0.543432965909,0.373178453768
113400,0.0188622754491,0.567723369933,0.360425224751
113600,0.0188955422488,0.588561454337,0.354637784113
113800,0.0189288090486,0.600936947475,0.358219110902
114000,0.0189620758483,0.599903560684,0.339477314318
114200,0.018995342648,0.616697128439,0.34255559641
114400,0.0190286094478,0.628844624661,0.338851311472
114600,0.0190618762475,0.634072940881,0.332150370629
114800,0.0190951430472,0.636366909191,0.336167538289
115000,0.019128409847,0.63084493721,0.367301841935
115200,0.0191616766467,0.632041206108,0.383380704166
115400,0.0191949434464,0.644687609533,0.385843214394
115600,0.0192282102462,0.656702792466,0.392645481115
115800,0.0192614770459,0.656450471215,0.393591696462
116000,0.0192947438456,0.644668060599,0.394411053797
116200,0.0193280106454,0.635223725838,0.38162744425
116400,0.0193612774451,0.624487902005,0.366302573105
116600,0.0193945442448,0.625727854517,0.357326080365
116800,0.0194278110446,0.639033779723,0.361833409451
117000,0.0194610778443,0.649803763703,0.364143023795
117200,0.019494344644,0.654631707268,0.369370145856
117400,0.0195276114438,0.657155731533,0.365091891106
117600,0.0195608782435,0.652646827582,0.373529479129
117800,0.0195941450432,0.645559735719,0.375492466492
118000,0.019627411843,0.659720399446,0.40104230166
118200,0.0196606786427,0.663055811662,0.414182564771
118400,0.0196939454424,0.664777920351,0.420021964706
118600,0.0197272122422,0.650796495741,0.404152431097
118800,0.0197604790419,0.638631785972,0.388796358648
119000,0.0197937458417,0.621119135876,0.367061822924
119200,0.0198270126414,0.63459251758,0.371326801921
119400,0.0198602794411,0.647427131765,0.384886959229
119600,0.0198935462409,0.654672003683,0.383636938856
119800,0.0199268130406,0.658798048762,0.37345849869
120000,0.0199600798403,0.646937440031,0.364910965672
120200,0.0199933466401,0.630930674678,0.355264495441
120400,0.0200266134398,0.634330632839,0.359193159341
120600,0.0200598802395,0.647014912722,0.363665146464
120800,0.0200931470393,0.650261814026,0.356879957043
121000,0.020126413839,0.645842640316,0.348621419768
121200,0.0201596806387,0.636133694233,0.344971183597
121400,0.0201929474385,0.612374444263,0.346397021883
121600,0.0202262142382,0.611785389892,0.346586995249
121800,0.0202594810379,0.625121131434,0.360235833374
122000,0.0202927478377,0.63699117646,0.369589401292
122200,0.0203260146374,0.636099959271,0.370403761349
122400,0.0203592814371,0.628140837805,0.344102921336
122600,0.0203925482369,0.604805459284,0.317498202972
122800,0.0204258150366,0.588240573554,0.344425209686
123000,0.0204590818363,0.600997039919,0.370030955314
123200,0.0204923486361,0.610504857641,0.354305143134
123400,0.0205256154358,0.61309711489,0.344026988332
123600,0.0205588822355,0.612546056168,0.339252508811
123800,0.0205921490353,0.609591174142,0.327237660426
124000,0.020625415835,0.602137043914,0.303523545314
124200,0.0206586826347,0.616174648985,0.305145941757
124400,0.0206919494345,0.623676188515,0.309396743596
124600,0.0207252162342,0.631503495988,0.317608622396
124800,0.0207584830339,0.633332854829,0.313882934218
125000,0.0207917498337,0.631932292719,0.304895248626
125200,0.0208250166334,0.626729787794,0.294011957285
125400,0.0208582834331,0.62600521183,0.321939535645
125600,0.0208915502329,0.637584720938,0.34939100294
125800,0.0209248170326,0.645529787251,0.341436825169
126000,0.0209580838323,0.646707851991,0.331815507098
126200,0.0209913506321,0.644497240088,0.328031290104
126400,0.0210246174318,0.640661448171,0.316839823282
126600,0.0210578842315,0.638182851308,0.308370145181
126800,0.0210911510313,0.652523876568,0.314267005358
127000,0.021124417831,0.660755151045,0.311762737072
127200,0.0211576846307,0.662767897247,0.307615572088
127400,0.0211909514305,0.660669233044,0.303582416333
127600,0.0212242182302,0.650877713709,0.287567634534
127800,0.0212574850299,0.628780461625,0.286134578571
128000,0.0212907518297,0.630174098582,0.314809557094
128200,0.0213240186294,0.643288371757,0.362291956875
128400,0.0213572854291,0.650267149381,0.38545464565
128600,0.0213905522289,0.644311193906,0.412451364256
128800,0.0214238190286,0.639227009056,0.402773474176
129000,0.0214570858283,0.631748717253,0.380547658674
129200,0.0214903526281,0.631236073162,0.383003553534
129400,0.0215236194278,0.638153679775,0.396540117307
129600,0.0215568862275,0.63079159471,0.407154303856
129800,0.0215901530273,0.618662336717,0.402702057076
130000,0.021623419827,0.617721555646,0.399754229845
130200,0.0216566866267,0.606226282046,0.374601812459
130400,0.0216899534265,0.595336310374,0.348917094173
130600,0.0217232202262,0.599711847725,0.362177199946
130800,0.0217564870259,0.607438055566,0.363250666419
131000,0.0217897538257,0.610318024539,0.36341789636
131200,0.0218230206254,0.610394447391,0.355967711522
131400,0.0218562874251,0.604817291926,0.346258022132
131600,0.0218895542249,0.601085698975,0.341807411062
131800,0.0219228210246,0.61317188546,0.350152481454
132000,0.0219560878244,0.61893609292,0.373595398641
132200,0.0219893546241,0.625170514944,0.372250508545
132400,0.0220226214238,0.622747899215,0.362352821664
132600,0.0220558882236,0.613503377775,0.345518343527
132800,0.0220891550233,0.605007650628,0.323721744155
133000,0.022122421823,0.607694687293,0.325190798457
133200,0.0221556886228,0.604930458819,0.329044874035
133400,0.0221889554225,0.609946152139,0.327467478952
133600,0.0222222222222,0.608887385721,0.327629586717
133800,0.022255489022,0.609346281939,0.322514483959
134000,0.0222887558217,0.607819615199,0.311677108551
134200,0.0223220226214,0.620976237234,0.31098173083
134400,0.0223552894212,0.638315454419,0.316218381504
134600,0.0223885562209,0.646554431722,0.322638484639
134800,0.0224218230206,0.647728374569,0.334483067606
135000,0.0224550898204,0.643126039776,0.342101583319
135200,0.0224883566201,0.635307864299,0.340237273453
135400,0.0225216234198,0.637481532919,0.3417318855
135600,0.0225548902196,0.654738629423,0.350312502422
135800,0.0225881570193,0.665128557959,0.351962118462
136000,0.022621423819,0.656321620765,0.369266205539
136200,0.0226546906188,0.635565659073,0.381566023456
136400,0.0226879574185,0.628571923208,0.37255749008
136600,0.0227212242182,0.615524072706,0.371178482099
136800,0.022754491018,0.62384653979,0.395442259259
137000,0.0227877578177,0.632656870021,0.412865713844
137200,0.0228210246174,0.634769227131,0.411302032798
137400,0.0228542914172,0.630833754681,0.376767060646
137600,0.0228875582169,0.614718870356,0.388562193973
137800,0.0229208250166,0.600353590428,0.392738207065
138000,0.0229540918164,0.612339716784,0.397935023815
138200,0.0229873586161,0.624052552554,0.400378876647
138400,0.0230206254158,0.627567258782,0.390000743264
138600,0.0230538922156,0.625130771307,0.391266558657
138800,0.0230871590153,0.618067669056,0.395615866598
139000,0.023120425815,0.626643004123,0.37927566148
139200,0.0231536926148,0.645965408849,0.382466994773
139400,0.0231869594145,0.661112927658,0.379805166968
139600,0.0232202262142,0.665356757361,0.371588388559
139800,0.023253493014,0.654424523315,0.379095369355
140000,0.0232867598137,0.636345839449,0.387944029038
140200,0.0233200266134,0.619069947384,0.38752323557
140400,0.0233532934132,0.602848433748,0.387090629542
140600,0.0233865602129,0.602118504982,0.396585218411
140800,0.0234198270126,0.60733333052,0.396637993648
141000,0.0234530938124,0.603023195575,0.416471607256
141200,0.0234863606121,0.600678089253,0.398730680327
141400,0.0235196274118,0.592776980789,0.386899250414
141600,0.0235528942116,0.580448383672,0.388908032923
141800,0.0235861610113,0.593612104214,0.406004596869
142000,0.023619427811,0.611445416019,0.415281834526
142200,0.0236526946108,0.622161951646,0.414211221494
142400,0.0236859614105,0.612545726064,0.402607316518
142600,0.0237192282102,0.598516069256,0.384992763708
142800,0.02375249501,0.583086325638,0.354979495302
143000,0.0237857618097,0.594540515574,0.353265279207
143200,0.0238190286094,0.587486217148,0.350296244878
143400,0.0238522954092,0.577480816463,0.361336190849
143600,0.0238855622089,0.581881089918,0.348591332655
143800,0.0239188290086,0.580153075521,0.337106813151
144000,0.0239520958084,0.5758991591,0.326566997929
144200,0.0239853626081,0.581580090883,0.329080454786
144400,0.0240186294079,0.589238856312,0.322366845442
144600,0.0240518962076,0.591299682567,0.313990084875
144800,0.0240851630073,0.587218520657,0.306425492021
145000,0.0241184298071,0.57780363982,0.303080537233
145200,0.0241516966068,0.572820820183,0.293020696551
145400,0.0241849634065,0.578088635337,0.294353251314
145600,0.0242182302063,0.587369224481,0.309226289214
145800,0.024251497006,0.590754373082,0.313736402903
146000,0.0242847638057,0.602184290299,0.315077435
146200,0.0243180306055,0.608572344436,0.318682215178
146400,0.0243512974052,0.603059450087,0.314964870527
146600,0.0243845642049,0.587634988195,0.312365659803
146800,0.0244178310047,0.59412122058,0.314828410847
147000,0.0244510978044,0.599524484567,0.326087249182
147200,0.0244843646041,0.602288767097,0.334816165183
147400,0.0245176314039,0.608787300506,0.330348854072
147600,0.0245508982036,0.606977963997,0.321690828672
147800,0.0245841650033,0.599839028011,0.316216759877
148000,0.0246174318031,0.61160127314,0.31577688543
148200,0.0246506986028,0.615548801342,0.322719793159
148400,0.0246839654025,0.618584708087,0.326109880979
148600,0.0247172322023,0.618696441706,0.332557049851
148800,0.024750499002,0.621535034165,0.329258559188
149000,0.0247837658017,0.616349375035,0.314775083773
149200,0.0248170326015,0.615900094553,0.314983476368
149400,0.0248502994012,0.61799805697,0.331784443895
149600,0.0248835662009,0.626886251067,0.338816530857
149800,0.0249168330007,0.636126724868,0.343064473258
150000,0.0249500998004,0.636925214831,0.342745243643
150200,0.0249833666001,0.634900607388,0.334430544675
150400,0.0250166333999,0.630534112817,0.32532866923
150600,0.0250499001996,0.646639478083,0.336162867051
150800,0.0250831669993,0.650804949316,0.34000774889
151000,0.0251164337991,0.638563924948,0.342735170426
151200,0.0251497005988,0.642145970803,0.349342525692
151400,0.0251829673985,0.634070033405,0.352328056991
151600,0.0252162341983,0.621538697794,0.341784482267
151800,0.025249500998,0.632554273575,0.350780533346
152000,0.0252827677977,0.632572584308,0.368684295797
152200,0.0253160345975,0.630591474133,0.36965138513
152400,0.0253493013972,0.630839820578,0.357649119999
152600,0.0253825681969,0.626293031218,0.343100542742
152800,0.0254158349967,0.616159571108,0.325008020706
153000,0.0254491017964,0.625192829213,0.327508643065
153200,0.0254823685961,0.630428393553,0.332199303333
153400,0.0255156353959,0.619137797852,0.335501901384
153600,0.0255489021956,0.618098347666,0.335532260098
153800,0.0255821689953,0.610310725364,0.322018532874
154000,0.0256154357951,0.595515662891,0.296725189016
154200,0.0256487025948,0.584864080243,0.310743087069
154400,0.0256819693945,0.593793311104,0.320584715049
154600,0.0257152361943,0.604139851924,0.325697370616
154800,0.025748502994,0.590470646312,0.337875137434
155000,0.0257817697937,0.588028702786,0.34230414888
155200,0.0258150365935,0.584812371932,0.340283757514
155400,0.0258483033932,0.587517364932,0.355140968327
155600,0.0258815701929,0.596749049073,0.383294857943
155800,0.0259148369927,0.607592127785,0.407439135049
156000,0.0259481037924,0.614165494757,0.399374211186
156200,0.0259813705921,0.610554409883,0.388983426048
156400,0.0260146373919,0.60921350572,0.380514896397
156600,0.0260479041916,0.607579221412,0.367562287821
156800,0.0260811709914,0.626994631917,0.360320922997
157000,0.0261144377911,0.63998356774,0.358946659762
157200,0.0261477045908,0.641360213325,0.361771428251
157400,0.0261809713906,0.645171176927,0.356039348992
157600,0.0262142381903,0.645249748365,0.35579039597
157800,0.02624750499,0.636194419673,0.342206730588
158000,0.0262807717898,0.644476467328,0.33810214976
158200,0.0263140385895,0.654812588738,0.334718704167
158400,0.0263473053892,0.658552205243,0.328751766434
158600,0.026380572189,0.652874072758,0.316873400616
158800,0.0264138389887,0.643750981865,0.321402527008
159000,0.0264471057884,0.63533692371,0.317409002613
159200,0.0264803725882,0.631095799417,0.315993413251
159400,0.0265136393879,0.638815034585,0.335638896652
159600,0.0265469061876,0.639668006734,0.351856047261
159800,0.0265801729874,0.636882751598,0.367865176748
160000,0.0266134397871,0.636994368837,0.380871266288
160200,0.0266467065868,0.630036250987,0.385158489589
160400,0.0266799733866,0.62174929869,0.390737670337
160600,0.0267132401863,0.631439687117,0.398968689291
160800,0.026746506986,0.627092533172,0.410144642577
161000,0.0267797737858,0.616984504605,0.427422009199
161200,0.0268130405855,0.622756003048,0.399145819963
161400,0.0268463073852,0.625648870058,0.363148452394
161600,0.026879574185,0.61952576204,0.323095269926
161800,0.0269128409847,0.621147929784,0.323104173877
162000,0.0269461077844,0.617938783526,0.310009844586
162200,0.0269793745842,0.622818957015,0.313285248087
162400,0.0270126413839,0.629120708598,0.313170608446
162600,0.0270459081836,0.632006542426,0.312045770576
162800,0.0270791749834,0.618595772426,0.320676791921
163000,0.0271124417831,0.63061864868,0.323424109712
163200,0.0271457085828,0.650909107936,0.322820851852
163400,0.0271789753826,0.663093943808,0.316796132687
163600,0.0272122421823,0.669527437687,0.327498490699
163800,0.027245508982,0.668315773116,0.320773769325
164000,0.0272787757818,0.661512792122,0.321289990994
164200,0.0273120425815,0.657159093362,0.342791814142
164400,0.0273453093812,0.664658584382,0.344029973632
164600,0.027378576181,0.66967479331,0.353692113801
164800,0.0274118429807,0.663683945575,0.36117327596
165000,0.0274451097804,0.648618070233,0.362054031231
165200,0.0274783765802,0.640594305017,0.34786948373
165400,0.0275116433799,0.624439160372,0.340232816767
165600,0.0275449101796,0.623890303521,0.346877780708
165800,0.0275781769794,0.625273892573,0.360607014123
166000,0.0276114437791,0.62076911878,0.378749891057
166200,0.0276447105788,0.616106846929,0.379788747882
166400,0.0276779773786,0.611904205457,0.378423898061
166600,0.0277112441783,0.595509051085,0.353510821686
166800,0.027744510978,0.596939360147,0.348656683843
167000,0.0277777777778,0.602886667936,0.354208158912
167200,0.0278110445775,0.606867809885,0.343949018635
167400,0.0278443113772,0.598331023937,0.351383402902
167600,0.027877578177,0.602422011347,0.358067524026
167800,0.0279108449767,0.589316129507,0.353266020102
168000,0.0279441117764,0.597010606376,0.355753268052
168200,0.0279773785762,0.607948692621,0.355953283698
168400,0.0280106453759,0.615386845238,0.357019927628
168600,0.0280439121756,0.623292513277,0.366284113566
168800,0.0280771789754,0.631750549134,0.369983351829
169000,0.0281104457751,0.6289914438,0.372758523484
169200,0.0281437125749,0.626399831741,0.383011298133
169400,0.0281769793746,0.635869799744,0.389394310047
169600,0.0282102461743,0.641839810503,0.39587570479
169800,0.0282435129741,0.63089314258,0.429195363305
170000,0.0282767797738,0.620884195956,0.436847021972
170200,0.0283100465735,0.607506061577,0.433630560486
170400,0.0283433133733,0.598947512864,0.410441241454
170600,0.028376580173,0.599715196192,0.411420985362
170800,0.0284098469727,0.605305516698,0.410889409657
171000,0.0284431137725,0.5941088289,0.415230649407
171200,0.0284763805722,0.594459073546,0.405501711811
171400,0.0285096473719,0.602073691327,0.389701586513
171600,0.0285429141717,0.598359695818,0.380467926257
171800,0.0285761809714,0.601119872303,0.386647914478
172000,0.0286094477711,0.606053590385,0.382969510492
172200,0.0286427145709,0.60694323242,0.372366262694
172400,0.0286759813706,0.611202105356,0.360127268935
172600,0.0287092481703,0.612429437983,0.358830755967
172800,0.0287425149701,0.609248516347,0.361906128821
173000,0.0287757817698,0.615527142377,0.375840930828
173200,0.0288090485695,0.631245926623,0.394221039674
173400,0.0288423153693,0.645081513437,0.383396555412
173600,0.028875582169,0.656434474703,0.362115571446
173800,0.0289088489687,0.664319815641,0.357447433157
174000,0.0289421157685,0.661438154364,0.34689033435
174200,0.0289753825682,0.666215596417,0.345594159233
174400,0.0290086493679,0.683040213162,0.348611401272
174600,0.0290419161677,0.691605039154,0.343469153499
174800,0.0290751829674,0.688236988566,0.339107357448
175000,0.0291084497671,0.673785971748,0.337763962154
175200,0.0291417165669,0.642006828345,0.324112744091
175400,0.0291749833666,0.618100142365,0.360009755822
175600,0.0292082501663,0.636738571435,0.370528812491
175800,0.0292415169661,0.643932202347,0.374490054057
176000,0.0292747837658,0.644991353473,0.402767022294
176200,0.0293080505655,0.636274086182,0.417866432947
176400,0.0293413173653,0.627807309318,0.427668103181
176600,0.029374584165,0.606642620638,0.422916854753
176800,0.0294078509647,0.609691193756,0.454023932853
177000,0.0294411177645,0.619418144836,0.472006406471
177200,0.0294743845642,0.619359050087,0.470539243717
177400,0.0295076513639,0.621426482776,0.466888961862
177600,0.0295409181637,0.618300353808,0.449947095963
177800,0.0295741849634,0.609952791981,0.435020455676
178000,0.0296074517631,0.62370043564,0.427948091576
178200,0.0296407185629,0.657662371086,0.432230034701
178400,0.0296739853626,0.671133810385,0.446903190155
178600,0.0297072521623,0.677923669326,0.453941053991
178800,0.0297405189621,0.647901247836,0.452269520807
179000,0.0297737857618,0.607694690355,0.429980652802
179200,0.0298070525615,0.595037942207,0.428818178681
179400,0.0298403193613,0.613967848212,0.440393230331
179600,0.029873586161,0.620131673318,0.425964999311
179800,0.0299068529607,0.619155284077,0.415439950541
180000,0.0299401197605,0.613280989191,0.408159509276
180200,0.0299733865602,0.603661302107,0.389892162906
180400,0.0300066533599,0.592052081516,0.36227985501
180600,0.0300399201597,0.598390889586,0.352014961058
180800,0.0300731869594,0.596332044611,0.37070412987
181000,0.0301064537591,0.594429725833,0.38088449547
181200,0.0301397205589,0.591658367119,0.393651847133
181400,0.0301729873586,0.588844651599,0.381048393087
181600,0.0302062541583,0.580475351548,0.362174031009
181800,0.0302395209581,0.586902648139,0.370324381664
182000,0.0302727877578,0.598077542368,0.35791596331
182200,0.0303060545576,0.614602488579,0.388317032565
182400,0.0303393213573,0.628081895337,0.43275074539
182600,0.030372588157,0.623342101155,0.44926815514
182800,0.0304058549568,0.613187196056,0.430176227468
183000,0.0304391217565,0.602718342934,0.415457364076
183200,0.0304723885562,0.603310130541,0.407588643782
183400,0.030505655356,0.594207868838,0.384484936524
183600,0.0305389221557,0.598772790009,0.386468286417
183800,0.0305721889554,0.59869478543,0.368612615918
184000,0.0306054557552,0.59345983819,0.376181411947
184200,0.0306387225549,0.592007757374,0.382083863602
184400,0.0306719893546,0.597872064636,0.40753371319
184600,0.0307052561544,0.588190631169,0.430029777319
184800,0.0307385229541,0.583248363048,0.425588501404
185000,0.0307717897538,0.592675290973,0.423731842056
185200,0.0308050565536,0.598347807262,0.410503789014
185400,0.0308383233533,0.6049084076,0.381819143055
185600,0.030871590153,0.624315712168,0.376439633882
185800,0.0309048569528,0.635882614842,0.379184621294
186000,0.0309381237525,0.639246383343,0.369447348141
186200,0.0309713905522,0.629109490977,0.35748275948
186400,0.031004657352,0.617871239763,0.350097466503
186600,0.0310379241517,0.605775746413,0.348761416184
186800,0.0310711909514,0.605006416288,0.356691006469
187000,0.0311044577512,0.60650096015,0.361202466588
187200,0.0311377245509,0.606704085374,0.3609543711
187400,0.0311709913506,0.605658286069,0.363685205105
187600,0.0312042581504,0.603268904127,0.355142133009
187800,0.0312375249501,0.592643827726,0.35591781769
188000,0.0312707917498,0.581677301044,0.382875400392
188200,0.0313040585496,0.587044799647,0.398445034725
188400,0.0313373253493,0.583223063696,0.417593186507
188600,0.031370592149,0.581052401122,0.435833471917
188800,0.0314038589488,0.581284581012,0.427995468157
189000,0.0314371257485,0.574112373282,0.439108187926
189200,0.0314703925482,0.57083001514,0.43741274343
189400,0.031503659348,0.58091644616,0.454473204394
189600,0.0315369261477,0.585361956395,0.465261365528
189800,0.0315701929474,0.589872295075,0.462024901253
190000,0.0316034597472,0.595627393121,0.446392046299
190200,0.0316367265469,0.588728554835,0.428341409091
190400,0.0316699933466,0.586048986428,0.403576555747
190600,0.0317032601464,0.587478569978,0.4078676318
190800,0.0317365269461,0.591766148372,0.449178598812
191000,0.0317697937458,0.591430849792,0.463578501881
191200,0.0318030605456,0.592436067397,0.462965634526
191400,0.0318363273453,0.571673292177,0.489063549136
191600,0.031869594145,0.56134995603,0.452402910176
191800,0.0319028609448,0.569209821103,0.453351753644
192000,0.0319361277445,0.575834889852,0.447669463392
192200,0.0319693945442,0.585693704589,0.443008082323
192400,0.032002661344,0.598138669644,0.439837302986
192600,0.0320359281437,0.606611443231,0.426928379556
192800,0.0320691949434,0.59483633378,0.396194344959
193000,0.0321024617432,0.58251792187,0.386206474571
193200,0.0321357285429,0.58729186007,0.393690348087
193400,0.0321689953426,0.585915088353,0.413083129197
193600,0.0322022621424,0.578681546611,0.408584330521
193800,0.0322355289421,0.576617615901,0.406829956943
194000,0.0322687957418,0.583299329101,0.419137230741
194200,0.0323020625416,0.585421211225,0.414598408088
194400,0.0323353293413,0.609432366533,0.415185500712
194600,0.0323685961411,0.62222224071,0.414462214223
194800,0.0324018629408,0.624024100692,0.403193364464
195000,0.0324351297405,0.624164834001,0.385599811059
195200,0.0324683965403,0.625442666224,0.38791205275
195400,0.03250166334,0.617560393992,0.375189535187
195600,0.0325349301397,0.634139354638,0.38677004586
195800,0.0325681969395,0.649186315739,0.404158162156
196000,0.0326014637392,0.650534251334,0.415351316839
196200,0.0326347305389,0.639643619869,0.393722620173
196400,0.0326679973387,0.632195282511,0.380003053007
196600,0.0327012641384,0.618715068683,0.365849687738
196800,0.0327345309381,0.624696891714,0.372088242576
197000,0.0327677977379,0.640522366932,0.371258705703
197200,0.0328010645376,0.64791686935,0.379657893552
197400,0.0328343313373,0.643743690174,0.385250515333
197600,0.0328675981371,0.639280055829,0.395979868558
197800,0.0329008649368,0.636747224182,0.387158027405
198000,0.0329341317365,0.635303574068,0.371086973063
198200,0.0329673985363,0.643043865665,0.378816243763
198400,0.033000665336,0.641134429443,0.366442467608
198600,0.0330339321357,0.638724174477,0.379540521741
198800,0.0330671989355,0.635719354996,0.403537115524
199000,0.0331004657352,0.631943862007,0.402873799789
199200,0.0331337325349,0.622508955861,0.404815855328
199400,0.0331669993347,0.636190940629,0.419736376881
199600,0.0332002661344,0.641496554383,0.425532515019
199800,0.0332335329341,0.64909350336,0.392820339651
200000,0.0332667997339,0.638611479261,0.418455733494
200200,0.0333000665336,0.634603894076,0.403176604063
200400,0.0333333333333,0.625605081173,0.408048095948
200401,0.0333334996673,0.625553502246,0.408138084721
