3006,0.0005,0.25238838365,0.171077944765,0.322285210686,0.354345766256,0.189037378859,0.40451229124
6012,0.001,0.7399662355,0.476198839053,0.886093185894,0.735673956475,0.404009896642,0.830798897164
9018,0.0015,1.2553522318,0.823162641763,1.47788237685,1.15797267226,0.645183179003,1.27147221467
12024,0.002,1.71743644417,1.14947579363,2.04701344252,1.54033931485,0.875167167034,1.70522433445
15030,0.0025,2.11446792716,1.47110457069,2.50872316076,1.8564188007,1.1210175365,2.03526552487
18036,0.003,2.69358025866,1.80949931884,3.04978841955,2.41603013289,1.42113462191,2.52702004683
21042,0.0035,3.35847296679,2.1640029593,3.67156853087,3.0811968594,1.75751159318,3.08599703436
24048,0.004,4.05129848511,2.65295628396,4.35057350628,3.83204358972,2.24849881585,3.7193430677
27054,0.0045,4.40209706088,3.07249257548,4.80175835236,4.17775298647,2.63885108842,4.08259087939
30060,0.005,4.67713303262,3.46909409944,5.21870334743,4.40721011366,2.97326545282,4.38098580617
33066,0.0055,4.91382280469,3.79256752427,5.46857594696,4.53161240253,3.21009852844,4.5746290102
36072,0.006,5.37027910836,4.21176415028,5.82430798702,4.96191760875,3.60162170536,4.84283548133
39078,0.0065,5.96201241345,4.55991629192,6.21353024979,5.69130087261,3.99118268852,5.23846438992
42084,0.007,6.11836391803,4.72425271674,6.18437404153,5.86670387701,4.14322544187,5.21707485658
45090,0.0075,5.92459813132,4.58695839522,5.81707944598,5.65255329648,3.96496791454,4.85739343111
48096,0.008,5.5963346293,4.28579917601,5.44558047241,5.24952685654,3.6134728134,4.53096170645
51102,0.0085,5.12878485203,3.99756805996,5.24529085327,4.64708872151,3.27568883902,4.32690645864
54108,0.009,4.65437501911,3.65572355503,4.93067858657,4.11878960127,2.93495662734,4.05681033029
57114,0.0095,4.43714816162,3.54378467071,4.85890354698,3.83843633041,2.78444847086,3.99307873424
60120,0.01,4.30955581146,3.40442214629,4.76603162514,3.6299690189,2.60604886505,3.89219511175
63126,0.0105,4.49056231422,3.49434889056,5.00742706498,3.79529895413,2.61175046633,4.08649263368
66132,0.011,4.93321367368,3.97038131734,5.56840480792,4.19239739099,2.93021336727,4.43931499102
69138,0.0115,5.4057140395,4.58102070561,6.29014719113,4.51251635172,3.48149822262,4.87583361208
72144,0.012,5.98430892318,5.09968788855,7.06775338438,4.99868125607,3.96766396696,5.24022747131
75150,0.0125,6.74938967208,5.83252874165,7.90620825021,5.67926137479,4.54589830484,5.61937290949
78156,0.013,7.69151718198,6.62154237598,8.79861443568,6.33954641183,5.1567300631,5.98503128159
81162,0.0135,9.14486771851,7.57294246009,10.6115490021,7.29346554418,5.74859813013,7.12916414188
84168,0.014,11.5808867361,9.5713698022,13.8255771866,8.97718309491,7.09753552717,9.35301010601
87174,0.0145,16.8434901483,13.096870814,19.7343172356,13.236418384,9.42805029303,14.059285041
90180,0.015,24.3336778199,17.8179105811,26.9124048021,19.8444570522,13.4709952975,20.3175741299
93186,0.0155,30.5384736948,23.6643618035,32.960102375,24.1577168878,17.4606842188,24.1377813568
96192,0.016,38.3932947622,29.0691517228,41.3010198188,28.8091301982,21.2639965731,29.433793636
99198,0.0165,45.2363405507,34.2741209281,47.817779741,32.9070280328,23.9441696633,34.0443997075
102204,0.017,47.0153140028,39.2121054731,52.0177112049,33.7823071316,28.0743119853,36.953372401
105210,0.0175,42.5554392393,40.9274032555,50.0830752107,30.0511462276,30.688823233,36.0962699112
108216,0.018,42.586978477,39.9670514387,49.5581238958,30.1598637145,28.319209149,37.1329018347
111222,0.0185,55.1924524046,48.6612405825,62.3169471958,39.8520175677,34.0750443844,45.9884748239
114228,0.019,65.7255489116,60.4072575732,79.6405980652,46.6540794828,41.2515880199,56.4805031037
117234,0.0195,85.8619898235,82.4554954399,107.328024095,60.5529914461,56.8959119468,78.1316920525
120240,0.02,99.8814768972,99.289756825,125.142410931,72.1725959182,74.359555935,92.4844738195
123246,0.0205,91.9903543008,91.7204105214,116.026442116,61.586448548,64.2534263195,84.617687798
126252,0.021,114.342298855,107.346383989,144.101433929,86.9551192754,77.9781330409,110.978307157
129258,0.0215,100.292723589,90.6886137453,126.746386588,72.981044385,66.4545788124,96.9137105198
132264,0.022,89.6600638771,67.1138836902,101.392607458,68.0139870272,48.7279919253,76.4566259127
135270,0.0225,75.2288254171,56.8051211442,80.3252308304,55.4137823717,39.2449155663,57.9966639886
138276,0.023,95.0692018411,65.7839150538,98.5329469168,68.3461604532,47.7545885545,74.5298350405
141282,0.0235,145.559612615,104.59286496,139.210671893,107.826415984,81.2123466279,107.667518965
144288,0.024,187.886496454,149.375722932,184.27027172,146.494103903,112.464856987,143.762914776
147294,0.0245,275.576427838,227.602272884,300.754574914,213.531156289,177.7546315,234.884943645
150300,0.025,803.906061544,624.519340617,833.613050755,594.881895631,480.747163957,613.48006453
153306,0.0255,725.664638111,612.969736786,692.129703481,568.575417678,492.014685265,503.176274486
156312,0.026,605.38810032,503.81265048,587.669874416,456.876222515,388.852273715,446.544383799
159318,0.0265,1085.64390414,900.416925972,1139.04781923,778.313900307,655.67749013,872.835983904
162324,0.027,694.136139997,587.417418642,690.665186714,518.005569832,462.708107581,526.948041707
165330,0.0275,453.67463015,409.816475257,504.603874917,357.926811103,315.350969555,400.835626704
168336,0.028,466.664505616,440.023317878,555.098228088,319.919669793,335.706308097,414.894032331
171342,0.0285,684.298151251,601.129772853,775.25869122,472.889628607,424.998725203,553.105667627
174348,0.029,941.503666425,863.496440005,1044.05380448,641.129333759,613.487726227,733.393356566
177354,0.0295,981.741526444,770.993863217,940.316104879,702.597755326,529.717952927,651.184544023
180360,0.03,707.663893443,539.20803065,672.435272892,493.101586901,357.140805272,445.480942013
183366,0.0305,522.25318685,400.013731293,484.836860457,415.320933169,277.847036647,312.059676377
186372,0.031,707.540395332,535.824939395,606.942370664,519.663851095,376.68048796,384.974004616
189378,0.0315,793.574627392,635.648396594,662.424734475,573.776524194,486.737681397,427.229458726
192384,0.032,692.970747108,522.605175842,611.166385881,456.899332659,394.885584794,382.781208787
195390,0.0325,831.9119072,614.513493667,690.858545279,543.822283154,456.835628332,423.038392249
198396,0.033,990.078925686,745.008469956,821.01995198,649.368089342,522.255875144,561.824796363
201402,0.0335,852.577050534,670.715946956,735.771760488,568.97774974,473.800504566,519.793118809
204408,0.034,550.930586153,446.227954325,519.527390702,365.834779874,326.499505437,341.826035879
207414,0.0345,283.636950562,241.467261932,280.41099879,206.157937098,179.18167926,173.794781101
210420,0.035,255.031190056,203.294172165,228.055557564,198.752613107,153.552993195,154.150108521
213426,0.0355,257.009140944,198.881895914,225.020553921,198.08522876,146.808313402,165.062360653
216432,0.036,214.619638802,186.898308675,197.94439938,161.53836656,145.094068629,143.724154658
219438,0.0365,195.538424398,167.987007447,177.823714683,132.343124183,130.005646587,123.677349527
222444,0.037,116.433305413,107.573882196,105.537166425,78.6396575001,82.8391159707,72.0322511353
225450,0.0375,92.0661055125,79.8997643135,78.3312384495,63.3874117911,64.7738140837,53.0341489879
228456,0.038,61.3068190507,51.7633120896,57.2497672107,41.8173145487,41.1342802741,41.6820194575
231462,0.0385,63.358860721,52.739909746,58.2937131494,46.3272457669,42.0476603162,43.0646246026
234468,0.039,69.5126803722,59.972379272,61.6461940298,54.0792768754,48.3519676005,48.021624633
237474,0.0395,60.8691408603,51.4330055024,52.3333830467,50.1315539544,43.430160783,39.9489370156
240480,0.04,51.9344511509,45.9587901615,46.3221857143,41.0000228154,39.0218139597,35.8458579903
243486,0.0405,47.1067880612,43.0024596814,40.964344304,36.8351999506,36.1771937768,31.8566969574
246492,0.041,47.3212105362,40.0796412398,38.71046392,36.4294108528,31.8781086959,28.4026920589
249498,0.0415,36.4050355714,34.9486038578,31.4810399013,27.5141074105,27.5585124159,22.7956029127
252504,0.042,34.1371062487,35.2605954992,32.4243063986,25.1902690121,28.2127921259,24.267120203
255510,0.0425,34.0634045135,38.2431018063,39.0166364389,25.0241409183,31.3706193365,31.0962519179
258516,0.043,36.8059776005,43.4420613664,45.2580049916,27.3522701911,34.3876239642,39.5508133942
261522,0.0435,42.4282732094,47.1554243711,49.5887800877,33.0849000833,36.1684442672,46.0392140069
264528,0.044,54.9702173877,58.4298007395,59.5668514051,44.5942212221,44.5919266452,54.0065896199
267534,0.0445,66.0893528777,66.5711819753,68.4449153237,53.5985687171,51.2979012432,59.2182468988
270540,0.045,58.693224046,60.4832658003,58.3754815301,47.3576779978,45.3873419075,49.2132300945
273546,0.0455,55.0305706277,57.8431702768,58.6619113622,43.164195372,43.1560874834,50.2221463321
276552,0.046,62.2455308715,61.5096322545,64.9427825115,51.96388124,45.7931851663,57.8997119265
279558,0.0465,82.5139382604,78.5420567362,85.3127466698,69.9857009336,59.5975382506,71.2317484495
282564,0.047,124.842519157,109.042478821,137.498128729,112.240566951,80.2383064595,117.760016294
285570,0.0475,226.561949082,212.294465028,241.882540589,201.645842786,154.788772681,209.856543624
288576,0.048,205.104746667,189.640241149,206.750084335,170.261832244,129.107260385,170.37686477
291582,0.0485,180.384215828,175.268519231,171.922658002,138.028039045,120.539820643,137.942397309
294588,0.049,139.13452277,123.842587673,122.070395773,107.562895816,89.1522520542,99.5469604327
297594,0.0495,133.911844423,112.708871954,125.426958553,101.604486054,79.6558041708,100.096051522
300600,0.05,145.736222834,118.243930984,130.850979432,109.667714835,86.2163579042,103.570928864
303606,0.0505,162.097956815,126.716534862,133.990154888,129.121074118,98.9675506338,103.323894845
306612,0.051,169.719730386,144.022768403,146.88013064,137.00533107,112.006521031,113.542428829
309618,0.0515,132.444628958,106.717974108,113.70938794,101.354953766,81.5562846152,85.0895994042
312624,0.052,119.196680226,107.216397695,104.919997046,93.9830503624,81.2632745604,81.8885771696
315630,0.0525,94.051983175,95.2103564859,91.5500503294,76.4355897934,75.6994550491,71.6334693755
318636,0.053,88.6819701064,86.9262624989,85.5806146924,67.9161486417,69.4639579738,68.3766318898
321642,0.0535,84.7915529955,84.8680669886,85.4982120349,63.2257829278,67.9547768154,65.3951006442
324648,0.054,94.3079474593,93.4147576824,93.8991183924,71.7639919683,71.6746650684,68.6225855032
327654,0.0545,114.868294582,124.551266168,112.768888799,84.1333427384,97.7976746667,90.5392774096
330660,0.055,139.714983674,142.655047106,130.453108288,101.926203665,108.724170987,104.662880585
333666,0.0555,151.306728645,155.023394029,140.541993617,106.042727338,107.814526594,108.313265995
336672,0.056,152.504338587,175.40171271,151.296933104,107.006152314,127.07611149,119.537914477
339678,0.0565,147.246113023,169.070368331,155.653488368,99.8573454981,118.840365947,119.642664527
342684,0.057,103.898730639,128.358265251,112.310682509,70.4437672876,91.7630933959,87.7282230747
345690,0.0575,101.340790906,113.350050287,103.226308069,66.0005767053,76.9269049252,75.2359610224
348696,0.058,144.186266103,145.267872068,134.623122598,93.8894621947,99.8067937514,98.7920323174
351702,0.0585,142.097887102,151.118521964,131.30852447,106.551059546,111.755169842,100.900970218
354708,0.059,110.729261734,118.857031917,108.92827777,77.4528503636,89.2877944582,82.2082625547
357714,0.0595,115.021618042,126.204898576,113.590779932,82.9535542715,97.5417705265,82.0157942376
360720,0.06,134.036973473,135.781884384,115.057004497,93.2087806142,102.617070301,83.6484195773
363726,0.0605,154.834849627,153.981457061,127.282581138,105.106776061,116.170649805,92.3703753356
366732,0.061,158.10773068,151.098568736,149.928599407,103.841191753,107.393891558,111.93225644
369738,0.0615,174.646721779,156.669070922,163.275780746,119.350080535,105.717688858,125.9645716
372744,0.062,126.913784171,123.199364121,110.058350751,81.0635836421,83.1611548322,80.9340452916
375750,0.0625,120.926693845,111.619339975,104.506460391,78.6823286114,66.7039394864,73.2614377333
378756,0.063,112.413861518,104.895153152,92.8368543795,72.6447612613,69.6555607702,64.0541346907
381762,0.0635,185.412054566,172.997611084,155.862634804,132.942436259,129.482422729,119.464277479
384768,0.064,149.152338857,144.693690461,126.942241254,101.109915295,107.199762275,91.0464887323
387774,0.0645,100.517386876,93.6773402581,93.0354003964,68.8664964751,65.2878795625,65.175610389
390780,0.065,108.380196806,102.714388231,97.0606541247,78.2354302228,72.3010121671,68.2147415609
393786,0.0655,120.995938176,116.951970088,107.927491915,93.1304035115,84.7386233194,78.5678909284
396792,0.066,146.923113289,129.536057388,127.559218374,117.926515952,97.7603036185,94.972505704
399798,0.0665,179.891765943,173.881714286,167.99515795,143.618336405,134.264286769,119.33174414
402804,0.067,224.281449597,227.598189581,218.807183518,171.374252529,163.190985766,148.276913502
405810,0.0675,273.49295322,276.457658741,260.346637833,195.677728055,195.158949798,168.356846448
408816,0.068,364.531093283,326.980478111,317.796837487,264.360506749,225.722152767,204.886413252
411822,0.0685,738.30716961,701.817322724,680.863006716,552.05769225,512.932503543,460.86236994
414828,0.069,1068.26404279,975.706122858,950.744375477,760.761829442,663.511417608,594.260998088
417834,0.0695,1636.37397605,1553.6763605,1411.63704758,1120.22455198,1001.09837573,906.256383742
420840,0.07,1273.08947138,1281.14432407,1157.72159568,848.867008533,849.960881176,776.426648846
423846,0.0705,1078.62367506,1032.33063848,1178.50792598,725.648859936,599.941212033,795.447175231
426852,0.071,796.302741892,701.219440175,910.38821464,556.262083235,475.025919157,685.184810146
429858,0.0715,363.928696532,318.98906723,438.960177519,230.737020288,241.579786177,313.471331234
432864,0.072,220.214803939,213.388613057,243.835487634,142.155988392,155.487363835,173.224707779
435870,0.0725,136.129015561,145.98582457,155.872575139,88.7406400653,102.780572332,106.734006141
438876,0.073,95.6114126762,93.8295153638,110.666239478,66.7383302317,61.4727388888,79.9267511088
441882,0.0735,82.3385532708,76.819794877,93.0201809445,57.0955318684,52.320674995,68.3372721346
444888,0.074,79.5082984429,71.4792145008,89.2728512553,53.7609546861,50.1007898468,60.5455764003
447894,0.0745,73.2170928558,71.0971019516,81.3303049135,52.5509896765,54.97033408,56.1726241413
450900,0.075,80.5501188213,76.166791326,83.770541496,59.6684401125,59.5352515602,64.0876776626
453906,0.0755,88.7168205689,82.1134569777,86.7150930354,65.7155904075,65.2318011483,61.0398789445
456912,0.076,83.7067284695,78.5251009171,83.9884123899,61.2500152022,57.9372750102,58.4996589574
459918,0.0765,95.1628924008,87.2737400307,93.8597627685,67.6246636476,66.4989243206,69.9766874021
462924,0.077,76.163069521,65.0550275579,69.0786336835,54.5484889105,50.1438489753,50.1184873704
465930,0.0775,65.0169116873,59.0421475903,63.70959891,46.2109814706,44.7358820434,48.081197628
468936,0.078,72.2704824916,64.2328792366,73.1597667643,50.9547849417,49.900329907,54.3437461849
471942,0.0785,92.5469178506,82.5988729694,94.3080705292,65.9324457458,64.0978117243,66.1825506257
474948,0.079,93.0142660847,77.3734952178,98.6586326831,60.8368777167,60.0448774446,64.4036491263
477954,0.0795,92.2307312181,72.1906980878,96.205857965,62.2142745254,54.423886189,66.684302396
480960,0.08,133.000582467,100.104733674,124.969625614,101.120621254,80.1421122264,90.0438347283
483966,0.0805,219.671929847,159.130651394,194.395194674,165.633388985,126.386949221,148.495162215
486972,0.081,388.004957967,249.834597132,319.151875719,287.565144293,192.45450595,235.864376413
489978,0.0815,195.181968005,139.546298196,177.680231469,149.532900901,102.491492576,129.755758473
492984,0.082,322.335119906,220.790026049,316.380869742,222.324365181,156.294016103,223.800644093
495990,0.0825,367.245905571,304.021247692,417.702052593,259.533209125,243.991759005,315.141118197
498996,0.083,367.083566819,323.853491244,422.040619574,269.257096914,245.964018529,303.814487893
502002,0.0835,402.012327399,398.061676206,446.742765008,285.29063576,311.285342344,327.387649341
505008,0.084,432.341898649,421.128910932,474.832825507,286.247452348,298.818856044,345.627875844
508014,0.0845,712.019332529,643.444631107,782.446105752,446.162407797,459.003677139,518.704832604
511020,0.085,901.834455785,889.031454272,967.593313375,557.171982585,614.987629538,662.789993182
514026,0.0855,812.926723213,779.369694772,820.639514758,515.94489239,493.232185217,586.277054084
517032,0.086,563.751060444,584.153855062,652.633005571,372.15546425,373.645607771,464.329084053
520038,0.0865,808.165105649,777.423206033,902.717931404,537.776632167,518.739269862,662.884913481
523044,0.087,1079.27468613,1122.630504,1149.34152402,732.796909961,851.425878716,854.464164655
526050,0.0875,835.778094064,864.343259118,908.181452121,585.552876502,616.013433427,698.327266457
529056,0.088,455.799295952,470.36687364,494.05773919,331.171174338,323.863718584,365.193806023
532062,0.0885,402.586044207,393.041894622,419.409608491,273.304403657,252.274762928,294.616025129
535068,0.089,285.851602966,282.516817153,304.083435637,213.197657254,205.974829641,217.56251991
538074,0.0895,188.558830042,202.125949388,218.814798708,135.577521826,140.01201594,161.518091071
541080,0.09,181.233345205,172.468966729,193.930707375,133.812387092,128.618210263,147.424112394
544086,0.0905,160.699850191,156.543268734,174.332489433,122.636343875,115.985450774,124.371798422
547092,0.091,148.795145876,147.563234422,161.464258972,112.578688725,100.483366113,110.849412941
550098,0.0915,120.064686165,123.423539457,138.737334222,88.6136182729,85.2467561742,99.7975653617
553104,0.092,103.684883779,101.980495152,115.91236835,78.4728961689,79.5050487369,94.1054231238
556110,0.0925,109.974716888,109.471832192,136.813523073,84.7545275522,91.9427983965,115.461677038
559116,0.093,112.956811817,108.268104468,131.047998754,91.3619834344,90.5082795432,106.298895964
562122,0.0935,115.057000761,118.482550512,137.383249249,89.0461053015,92.3722162184,101.125127416
565128,0.094,135.55510066,138.242316602,163.24429103,99.0240875996,99.7940938593,117.128897856
568134,0.0945,101.529591352,113.055066689,144.579418996,72.3466136488,82.1349568534,100.246686684
571140,0.095,100.325174101,113.993990113,147.093215827,72.299770277,87.5780321218,108.955782128
574146,0.0955,85.7508535031,92.8141971229,111.229901512,61.4286536677,68.412725292,84.8109124365
577152,0.096,95.6640155571,105.491838159,123.189333645,66.853009257,76.6905385777,92.788813107
580158,0.0965,103.198044209,114.031512554,126.121559192,74.5623620478,82.1327682997,88.4287657971
583164,0.097,126.993890919,146.801411966,166.787823883,90.1155899807,105.112012001,117.803291457
586170,0.0975,193.291201235,209.644447141,248.423368555,141.053701096,158.838684072,177.6686991
589176,0.098,164.030719095,180.729110536,219.297439076,124.558012894,141.364386425,158.460527357
592182,0.0985,190.250336248,195.583174377,232.448460548,143.260008253,154.739513443,163.36194295
595188,0.099,258.161646356,277.552475143,332.403483463,182.720794692,195.44193458,236.154565719
598194,0.0995,137.001881732,159.249934393,204.595518342,96.7834872715,107.758273073,146.473693772
601200,0.1,123.868212354,128.368886927,186.733443479,88.7692019324,94.0215141617,141.171297537
604206,0.1005,120.340006093,122.635210395,183.663492328,85.4496364267,92.48884462,147.221136545
607212,0.101,117.002896744,109.05871246,165.596419738,84.3775493963,81.6293999885,134.759286357
610218,0.1015,138.443797466,131.367881008,206.488112933,99.3342605792,100.748140035,163.777302816
613224,0.102,211.698375502,210.616413783,302.275962421,159.85559127,160.238954372,225.503385234
616230,0.1025,142.648371125,135.794552986,198.203522198,114.039157234,104.622176961,150.300567903
619236,0.103,200.753649905,196.247649673,291.808183136,160.246373493,138.69796602,232.237765718
622242,0.1035,200.535406108,209.602002573,271.219741013,155.917853789,149.927050858,206.966451941
625248,0.104,148.613474378,149.773080592,184.086917169,107.30176894,106.096711519,137.208588128
628254,0.1045,128.475871025,138.616366427,166.881463302,92.6587426098,104.696621542,125.382093658
631260,0.105,77.4196841809,87.0096573491,102.599883066,59.4628137915,65.6331516376,80.6685179509
634266,0.1055,51.0788072143,58.7115043366,71.8944101508,38.7149358768,44.4558782056,58.0693440782
637272,0.106,36.3634156769,37.4510356955,52.9507105847,26.8933178248,25.5912626905,42.6132975706
640278,0.1065,29.6530519563,30.2423837925,42.7891493326,21.963098938,21.0623267724,33.2199968651
643284,0.107,26.310270129,26.8627366227,38.3660561109,19.9922674692,18.9793708328,29.8156685535
646290,0.1075,32.1766306151,31.4334737946,41.2585718203,26.0771255006,23.9473555383,32.1948322467
649296,0.108,41.6084580981,41.8964519295,48.9821601132,34.1868503453,32.4312684226,39.8730494937
652302,0.1085,45.9489865054,49.4931886348,60.9121643191,38.9318937641,36.6616090949,48.5889767503
655308,0.109,54.3026840255,58.3915084543,76.593495274,46.3626712718,44.8034886422,64.556279367
658314,0.1095,62.9613991214,59.789744463,82.4579708857,53.7571057055,45.6091175918,67.8854575619
661320,0.11,45.7731256947,44.2147119818,56.0727054841,36.4920347373,35.6520622879,46.3999800465
664326,0.1105,41.728021125,37.8211505767,49.8165737327,35.1747187019,31.7984168929,42.9871032424
667332,0.111,34.3099656233,31.6389507294,41.7767469334,28.0958499741,27.0956557305,36.5200367357
670338,0.1115,27.9243105693,25.5331899993,35.013821074,22.1787363426,20.8044559635,29.2452918128
673344,0.112,30.0219314782,25.7757598554,36.8317684099,24.2521429213,20.9315015015,30.4066093666
676350,0.1125,31.1482373439,27.1005224475,36.8410846553,24.7023094837,21.7831067373,29.799330025
679356,0.113,35.9224852673,31.8446235376,41.1932678426,27.5690343949,25.5952124004,32.8049071603
682362,0.1135,46.7944060256,41.664246675,51.6516053372,38.0671731986,34.8026221059,41.3012581
685368,0.114,67.5797331634,57.6978359704,68.9756218537,55.0511445981,46.996716394,56.3118031319
688374,0.1145,86.2747612235,76.4708136698,89.3904228363,65.9856666335,59.2694378916,71.0566561418
691380,0.115,80.9664278908,68.1686743489,83.9011047352,62.7639151611,51.2123296456,65.285150715
694386,0.1155,76.1404358537,58.9276464444,78.5011749058,62.1052749555,44.3367506005,58.9857334511
697392,0.116,94.4061204432,78.3640528254,103.594324883,75.1974599875,59.258078909,82.0880914582
700398,0.1165,95.0845916743,87.5970893835,109.583274514,72.6308942555,65.7455330326,83.3115195253
703404,0.117,130.279554392,124.000466285,153.654142651,98.4395961854,92.8055487487,120.634655135
706410,0.1175,151.145082299,143.626767032,157.388256868,120.720467558,102.458433028,121.887805266
709416,0.118,141.186993606,128.117713874,143.002242723,115.349812305,92.6434282323,112.453162465
712422,0.1185,119.097350263,120.824314976,126.788811375,93.9354785763,88.1482638231,100.95457905
715428,0.119,119.070844617,118.7749316,127.614094039,94.2177729997,89.1771407325,101.654162478
718434,0.1195,115.174576756,113.970006498,132.594842396,90.7441095322,82.4532773541,103.252889137
721440,0.12,138.023578756,118.78617535,142.673787258,108.34487224,85.2523397175,114.584926422
724446,0.1205,147.172453773,126.950143976,148.806342521,120.492908703,93.9120477401,114.044177517
727452,0.121,169.852419778,144.960165429,159.176822794,135.578482074,107.694911317,115.076037902
730458,0.1215,142.8604495,123.689264795,137.745615538,113.971361667,92.0587874016,96.8598308418
733464,0.122,101.752987192,89.0951348922,107.462403258,82.8777126551,67.1511018285,80.0121168125
736470,0.1225,94.6849016366,88.1782632386,104.602118539,76.7863343569,67.2236697653,81.195207726
739476,0.123,80.8909764531,74.6558767537,94.7902269467,61.6158257081,54.5249122219,74.8332984656
742482,0.1235,84.9143843246,80.7847144948,98.5167817724,70.5112475,61.1205568837,78.0649291849
745488,0.124,116.195243734,97.1768459662,120.71445155,99.6888558008,74.6014262166,94.5498579402
748494,0.1245,111.149409106,96.3033658324,122.654711398,93.560942615,73.2723803097,95.8738671437
751500,0.125,105.824088836,98.622141956,126.326007294,80.3369204483,77.1471968025,96.9121281115
754506,0.1255,68.6765945555,64.5916617194,75.8984570585,50.1350511916,50.9732661273,57.2365481511
757512,0.126,52.9588284325,46.3562984278,54.6266196488,38.5151819651,34.1531627038,39.257778172
760518,0.1265,42.6228919194,39.2318913529,44.5648136637,31.2328623492,28.7646462071,30.4676500745
763524,0.127,45.0275758415,44.7036682656,51.7461965431,35.026912046,35.5604088366,39.0829252106
766530,0.1275,46.8323861016,42.6512009954,53.2476119008,35.9407098553,32.7789517712,40.1342678075
769536,0.128,63.2370693013,55.2302230428,76.3950971615,51.4796517939,42.2736663363,57.1580404378
772542,0.1285,86.9593937883,77.2062288425,109.582682734,72.5119306684,61.5054958019,83.1657986226
775548,0.129,103.306426769,90.7599700899,139.595402923,81.9043019842,70.4377434599,106.390916867
778554,0.1295,115.213496889,98.4835949676,156.17675962,87.567091736,73.6306527146,119.502061653
781560,0.13,164.506492562,141.490196132,200.03628368,122.787964696,103.905634886,149.127945405
784566,0.1305,164.516398129,138.743050196,208.513653652,120.868806026,101.293528785,154.862938946
787572,0.131,152.035602816,122.032533351,183.214233971,104.81230312,84.0403830541,129.032360912
790578,0.1315,169.051447661,139.351421369,215.925332321,118.188000489,93.3319042353,148.622883562
793584,0.132,176.374872983,149.427805999,223.511615518,124.436654316,105.117739739,154.668177739
796590,0.1325,219.792860655,170.090122399,256.495242377,164.444323013,128.458916874,193.399207378
799596,0.133,239.559130521,173.278524971,271.494971238,178.371989792,126.889421472,210.831234475
802602,0.1335,260.463145926,207.174674821,331.230157818,188.037029666,161.877223044,260.123402724
805608,0.134,288.687131668,217.775602903,363.369304537,199.713764982,153.366306112,282.419016135
808614,0.1345,188.289163254,151.100314131,211.472511111,118.454967763,97.0020835004,152.862944358
811620,0.135,104.813117797,80.5786583162,112.586814272,68.3417688898,55.7010842337,78.7036868926
814626,0.1355,72.8517993978,58.6059643866,81.5212502112,51.4434146959,42.0472271126,59.0074849931
817632,0.136,72.8307806693,60.6937061932,77.8294970562,49.6575270586,44.0172674929,54.8680909261
820638,0.1365,85.9669610464,70.9719845534,88.6665736583,64.5565848835,50.472220929,61.0903689216
823644,0.137,84.488280705,71.2447594361,88.0056901766,65.4154595525,49.9286011511,60.2911752572
826650,0.1375,96.0938637476,79.3097142832,104.705709123,71.0293770035,55.7893779252,75.0024614095
829656,0.138,140.337601582,101.891685578,152.098433496,107.092850551,74.5335529229,103.820948165
832662,0.1385,169.658554039,119.189637865,177.09190917,124.390379264,84.7143186024,112.440130735
835668,0.139,180.520943502,133.547117367,178.106510131,130.611588426,92.9832745888,112.365669444
838674,0.1395,140.825329529,108.797515245,137.880532109,106.33107485,76.8368194044,89.1251770773
841680,0.14,153.035038868,103.772290775,151.194925207,122.983418099,75.1833173891,100.774730333
844686,0.1405,185.751389012,126.810629719,193.617820814,146.786023278,90.6953538831,133.134658999
847692,0.141,232.493011442,173.249363039,262.340937814,179.510540717,116.624399534,183.623088684
850698,0.1415,283.98679627,225.701471124,299.647173209,215.532598272,156.855345473,206.468448648
853704,0.142,224.448474267,191.428016422,238.331589612,167.113066497,141.860649888,159.647342829
856710,0.1425,276.770481257,231.48459216,269.188332252,206.353095849,171.903002171,185.154744917
859716,0.143,300.552625542,256.909070649,308.149486966,222.859491981,177.839240093,200.201639221
862722,0.1435,226.96032396,175.318733128,243.125574708,168.502685567,126.153284044,159.960946804
865728,0.144,424.553897228,346.110630559,515.865635223,319.40242963,235.948944039,351.694150988
868734,0.1445,253.843166853,213.243334491,300.186839068,181.189745224,151.526229799,192.88441278
871740,0.145,213.001463985,188.955086363,242.695411848,153.603014977,147.676276943,164.325463203
874746,0.1455,188.82900461,162.404178195,206.05363023,141.840016655,122.41074381,150.9380087
877752,0.146,220.234992013,204.980161446,249.186010691,169.118399501,149.102998732,175.963374907
880758,0.1465,481.829627453,431.731488423,530.174919914,383.141362115,309.287817791,368.062769632
883764,0.147,1006.92912956,873.463860951,1055.5324862,766.627453319,671.818946905,730.898163679
886770,0.1475,868.365998474,739.669802176,921.748075165,674.60339096,571.76027582,651.469058245
889776,0.148,302.867724438,234.186968605,304.595337775,235.289486227,180.354158161,221.305513992
892782,0.1485,223.499106153,173.507428561,216.533362397,175.773578625,136.563296209,161.297936075
895788,0.149,184.101933357,141.568811628,189.246848497,154.293729155,117.831341733,147.385213166
898794,0.1495,217.720558701,179.465917633,219.749164468,180.065860647,142.156597434,168.509292963
901800,0.15,203.105791514,182.249801083,191.752996413,151.446061436,135.842316329,139.883180854
904806,0.1505,152.043726572,133.161621693,154.770005912,108.446700631,98.7484317968,99.6283248655
907812,0.151,162.477106155,152.469988577,189.47040618,115.9763596,114.18099657,121.766950031
910818,0.1515,155.781060404,143.363601793,193.594791552,119.836307684,113.777110352,141.508105391
913824,0.152,196.564334476,171.871315853,242.205823195,154.833705461,135.627436458,171.17259261
916830,0.1525,176.352627047,160.500624163,204.628411487,136.796371806,127.25173271,137.124638395
919836,0.153,176.926699088,156.919977086,233.213632383,131.054192941,123.072571739,157.125612863
922842,0.1535,231.737461768,226.350043867,310.612229467,181.288564138,179.561247584,218.511762814
925848,0.154,251.764308104,247.05595581,311.251696642,189.322863491,219.58186382,250.225254888
928854,0.1545,159.069055985,155.973866319,183.246157603,119.8690463,126.69766184,140.349730871
931860,0.155,106.653146098,110.759322428,125.691956833,74.2840407794,98.8649895825,89.1528764182
934866,0.1555,83.6885898745,75.7934635776,88.8129347043,57.6946098934,65.0131747453,63.7437054147
937872,0.156,87.0450008857,81.7720903836,100.718375664,63.8160422484,67.5673783348,74.6323170268
940878,0.1565,111.284777147,109.451101267,133.927541495,85.4750366346,95.3607363891,103.759605649
943884,0.157,139.828404218,126.58033026,164.861459334,107.093680974,101.908151372,124.26905892
946890,0.1575,105.384636543,87.3293549521,108.950810838,79.5906568313,66.1991485899,79.9737548545
949896,0.158,77.1021159256,65.9069525675,75.4155321946,60.3300204888,50.5158251112,56.5002259106
952902,0.1585,62.8686189436,54.1110824452,63.2126701369,49.2774708149,39.635008385,47.4044149689
955908,0.159,57.9824483758,47.8278069039,59.2839100191,47.2944607864,33.2669321572,43.6167929789
958914,0.1595,60.6383523367,49.7066680793,63.3445406501,48.829440455,35.1063669683,46.772356104
961920,0.16,74.9480800713,59.3068403024,76.1621379318,57.5945462428,42.1127453193,58.6113883909
964926,0.1605,88.9845075069,71.8804995611,91.0612319004,67.7178493877,51.8332998408,69.7378418409
967932,0.161,130.915093636,99.6381655576,122.226945577,98.416591932,69.5499714435,93.9449052591
970938,0.1615,153.946997,129.007372711,157.466087263,112.73161383,91.1654302588,119.204750528
973944,0.162,131.163126975,115.477149695,134.536929083,92.8080761794,86.2561300945,97.5680488643
976950,0.1625,103.909360894,85.0709425243,104.525636099,76.6540924884,64.14465648,79.2028597951
979956,0.163,98.0452074961,82.36671888,90.4508506194,72.0333329466,59.4040947021,66.554359273
982962,0.1635,89.1033506481,73.8553340883,83.0082125833,62.3683391381,53.2881798418,62.7279654531
985968,0.164,82.5539344589,59.6437521125,75.283765013,64.3058583693,43.4529497562,60.9482657728
988974,0.1645,88.3783818219,63.949868356,87.2115993147,70.3532798786,48.4969425793,71.689473766
991980,0.165,103.415415855,75.3326283227,98.3916934717,82.7045954056,50.5185468153,75.5038931724
994986,0.1655,143.090610881,107.39237704,143.046498473,110.001368275,77.9400360878,115.874157682
997992,0.166,191.735325098,144.537315362,207.435303187,149.176493996,101.328559724,178.7329763
1000998,0.1665,275.172841313,204.682825711,264.233476925,218.709913322,146.940090049,213.955780649
1004004,0.167,240.284009531,184.364684439,219.082951299,194.760278355,138.528497925,183.487567453
1007010,0.1675,295.845017343,230.209324852,275.850827229,242.825652564,159.093949893,226.421460166
1010016,0.168,335.509248436,247.780372508,293.270994178,270.164808519,175.032883486,232.39707428
1013022,0.1685,499.881616146,401.756042527,460.768111413,399.710930413,305.459058289,350.767591608
1016028,0.169,780.559325836,673.136207701,747.299781692,625.666777089,476.117307919,551.373997655
1019034,0.1695,892.148340237,761.517376219,837.217724057,745.831832851,548.095184492,620.500365896
1022040,0.17,475.480436861,382.080749818,468.074213353,401.252822982,287.914004568,332.7241479
1025046,0.1705,520.197413903,420.320282845,535.797340361,409.135529058,308.675798755,401.090535644
1028052,0.171,363.183114373,264.650847553,343.298470287,270.669001014,201.271038651,256.254293032
1031058,0.1715,156.334550713,115.796611099,137.664478696,124.105007896,78.6039964988,96.4809599007
1034064,0.172,168.24706652,122.798508363,157.171997266,141.132095577,93.8031133587,119.382880921
1037070,0.1725,166.690984758,114.152432182,161.128177408,136.796170093,83.9195753837,124.601264167
1040076,0.173,200.420924366,134.292582218,201.252798924,155.84090893,94.3712733584,160.481456498
1043082,0.1735,176.90831231,130.846131582,187.356845127,140.562048984,98.2300275965,142.157639596
1046088,0.174,209.138311521,153.444130926,220.819975699,175.445898327,116.36450784,158.72314165
1049094,0.1745,142.567151013,119.477346277,151.312101201,106.366583234,85.4372064751,108.652466468
1052100,0.175,117.521129699,94.6293804346,122.526784892,89.0746151795,66.8971642956,87.2186708097
1055106,0.1755,88.9033880708,73.8616935966,88.6751087166,70.4250701551,50.9681129743,59.8260668006
1058112,0.176,108.565907342,84.9741658507,103.378439079,88.8426778522,59.7691295833,77.8343560374
1061118,0.1765,101.577503918,90.3256256051,101.836417073,78.6640813596,65.6281359618,73.8846411342
1064124,0.177,125.853588386,107.531685084,104.146043458,94.0821898103,75.6439657299,75.3098271984
1067130,0.1775,137.646851071,121.952377597,112.006831193,106.828960169,83.6375512925,77.6644205786
1070136,0.178,242.495876012,217.611159853,197.466159224,200.315884431,162.457758941,145.099458077
1073142,0.1785,297.376981771,313.201921613,264.801539645,234.878916891,243.038088593,195.854745209
1076148,0.179,304.289278417,311.489946156,293.151366821,233.979047671,227.191162841,207.665169102
1079154,0.1795,234.200655131,209.8577881,207.466707247,184.656674642,151.3974377,145.433934087
1082160,0.18,228.269449571,207.402483651,205.757326984,180.344702008,150.929029572,150.843925308
1085166,0.1805,202.327932806,182.327924057,178.957824563,153.464974908,129.910032548,132.039122662
1088172,0.181,332.296063671,295.124466448,290.058757029,249.203723694,214.698878928,205.969013695
1091178,0.1815,459.639346769,337.321755477,427.381480516,360.777714436,235.830846185,328.192059754
1094184,0.182,406.757323365,298.326391606,377.085351673,320.093694152,213.400851805,295.112047187
1097190,0.1825,409.838924503,374.595121557,445.904041259,322.538844239,268.06496053,351.469768518
1100196,0.183,511.934519412,474.072410518,532.187603321,398.643340256,340.499666099,416.751795431
1103202,0.1835,545.252604448,528.835125477,574.690212515,409.329029273,369.364966549,406.139092328
1106208,0.184,880.577116235,915.835422121,991.657712895,668.003405167,633.673592519,704.635579696
1109214,0.1845,620.469438365,601.57339598,659.959891072,503.888866131,450.295343721,483.34380058
1112220,0.185,614.002122256,586.126313698,722.73862455,481.971164048,431.490470098,530.538924425
1115226,0.1855,552.034382819,533.471767548,662.118647907,439.521247673,386.385393366,533.665866956
1118232,0.186,494.65820432,480.782254167,554.12637175,384.858861242,354.978706385,392.3911445
1121238,0.1865,621.601946665,562.914000948,651.089792568,453.010311591,400.186376005,454.990887735
1124244,0.187,954.671512582,837.028390683,999.026832778,670.204238027,563.416651325,681.085680867
1127250,0.1875,1036.56825677,881.932892221,1114.05574531,753.016371507,593.924154368,818.032041815
1130256,0.188,665.632740218,506.571367675,642.037852363,464.994863429,354.813925152,437.091125013
1133262,0.1885,426.857659606,341.538952659,404.120808789,288.745658963,238.443674642,257.972556584
1136268,0.189,306.85090639,267.515063915,322.737340505,213.625026686,190.266188532,207.55529536
1139274,0.1895,163.855617354,123.968343073,148.154891455,113.494002617,81.4261723381,93.6792598335
1142280,0.19,129.136615164,92.4034959027,111.78396176,92.7373761855,64.9767347786,72.2277155712
1145286,0.1905,86.0972545136,65.4896314376,81.183089182,61.4821592804,47.1590795113,55.9972224231
1148292,0.191,67.9859815776,46.6802303699,63.2826689488,52.3110579472,35.7052720071,46.0211723215
1151298,0.1915,61.8247612138,44.8478489572,62.9922829074,50.4596461931,34.7622982479,49.5721388794
1154304,0.192,53.6879345847,35.9845796716,52.9648460157,42.5805977948,27.0108418836,40.8374936449
1157310,0.1925,44.0566213163,29.8883609208,41.6364930619,33.3057940736,21.9742066321,29.4568256872
1160316,0.193,45.2195635438,30.2712487281,38.5336929015,33.7350825692,21.7253476279,27.5361247886
1163322,0.1935,57.009017473,37.9390015696,47.0026908386,42.565460746,28.1235537302,32.4945094232
1166328,0.194,63.3264215798,44.9406061739,52.1359639932,49.0224428995,33.1567084028,38.0674998176
1169334,0.1945,63.4741258832,45.4557843324,50.5884190755,47.3552733591,33.3047951402,36.3269785287
1172340,0.195,61.1215103263,45.7552144083,46.3930215897,46.4335147955,33.491204796,32.8091121026
1175346,0.1955,62.685198425,47.4427757185,47.6548373879,44.9011337504,34.8415762436,33.2304187498
1178352,0.196,48.3045561203,39.3441547242,38.6489445862,34.7872541345,29.1831665245,28.5573372192
1181358,0.1965,36.4110757828,30.2514949726,30.536562944,27.2428677001,22.0188810212,22.9054308853
1184364,0.197,30.0300878566,24.828336511,25.4710452644,22.6625680258,17.8099595168,19.2700340843
1187370,0.1975,28.0214076518,23.5220879154,23.6389226003,20.8453872222,17.5168987103,17.6295911519
1190376,0.198,25.8565349509,22.8381917449,22.5284862332,19.0363462622,16.0274799459,16.8054072685
1193382,0.1985,24.359776766,21.9754230381,21.1338095147,16.9881718637,14.8205482657,15.5245007558
1196388,0.199,23.996750473,21.8026075335,21.4378922547,16.024910604,14.7673381623,15.8438576111
1199394,0.1995,25.472760056,22.977511856,22.8890998394,18.1998496197,16.4367955312,16.8584159136
1202400,0.2,30.7832040341,27.3782142555,28.4102258221,23.9560497905,20.5666997274,20.9851901547
1205406,0.2005,30.326160596,27.4215663514,28.5010913838,24.0724226932,20.0664233645,21.6496986289
1208412,0.201,29.2945667263,26.3590028825,27.2786295863,23.4344122566,19.9463496831,20.2426166256
1211418,0.2015,31.2606835625,26.1180630689,27.5896475037,23.2969172541,19.8395955733,19.9785614152
1214424,0.202,34.111457825,28.307306792,29.0885347392,23.7405356825,22.0243400686,20.8823625936
1217430,0.2025,36.6243018416,29.2447301018,28.6448870863,26.5790378321,22.8021443868,21.6217851041
1220436,0.203,38.8078399992,31.2645337605,31.4649377358,30.51674929,24.779793932,25.4441074044
1223442,0.2035,40.1386881359,32.3800357047,34.626019073,32.9744562709,26.359976685,28.7668019141
1226448,0.204,41.0555487685,32.7018523091,34.4768587357,34.9498045785,27.3716266538,30.2369140327
1229454,0.2045,43.021661358,34.3574649594,36.5208521609,37.383217311,29.1492749347,31.9383380032
1232460,0.205,58.0657342566,44.6617670256,47.0810810457,49.2336973023,37.7600020273,38.055718456
1235466,0.2055,65.1204040679,50.1248659044,52.0996724862,56.0360790279,43.7720269983,42.7950420745
1238472,0.206,50.5765433974,40.7318890102,42.2004515632,41.510248699,34.6386998959,34.568355088
1241478,0.2065,48.0504721894,37.0576285154,41.6216125212,38.5083363382,30.2933750936,34.7395582517
1244484,0.207,49.6201648434,37.970440196,42.8239850447,39.3500659213,30.9584844142,34.1201861517
1247490,0.2075,54.6723301182,44.7001841749,53.5360747146,42.4126549119,36.3815580785,41.5209558473
1250496,0.208,48.1789131527,44.6579088349,54.8933230895,36.88608819,36.1393849547,42.7847900194
1253502,0.2085,55.0313719698,44.454006773,56.8043246094,43.1205770417,35.1648482347,46.2807407353
1256508,0.209,55.9045840346,46.4321692298,60.3333415584,45.4585115246,40.0660942611,50.5752924721
1259514,0.2095,68.6770247057,61.1395209836,77.1603742946,54.8709620474,52.5013672216,62.2258073525
1262520,0.21,97.5296799676,85.0585271173,103.946642338,78.7378284104,67.2530630473,78.9733799806
1265526,0.2105,125.913783081,108.115771815,131.54700327,98.6994291652,81.7213607678,104.20455858
1268532,0.211,101.236214708,93.0731753456,127.27204203,78.6499608075,68.5279530776,102.096689627
1271538,0.2115,118.472006294,102.794901955,136.643980107,91.0407801501,75.2079459946,109.333406017
1274544,0.212,173.790342603,147.116007772,193.69965944,139.165010368,108.425311905,159.381265393
1277550,0.2125,246.144889362,184.892644576,232.716597616,218.533004984,141.57703572,206.678462334
1280556,0.213,352.524873285,257.71600331,312.769092367,319.307661292,206.691820045,267.078329235
1283562,0.2135,306.013549148,227.779823556,283.773574245,270.579369511,178.868074615,236.40129215
1286568,0.214,237.850847392,166.731943439,210.644860607,208.155254648,128.046118247,173.51097777
1289574,0.2145,225.546292814,164.291671679,219.838780821,192.176439526,118.608797654,172.397954935
1292580,0.215,267.321589438,196.487523106,254.253872554,219.673958159,140.743504289,210.068869437
1295586,0.2155,386.203419678,320.625354268,380.059351927,275.594379313,228.100521714,286.935284223
1298592,0.216,378.663217998,290.152375195,374.676579961,282.591375417,189.75873508,285.159488842
1301598,0.2165,543.066370413,417.040152697,513.957829596,443.324662929,321.678594388,418.799824645
1304604,0.217,500.99115451,388.09217968,474.200137286,391.474369505,306.366246884,359.364037077
1307610,0.2175,549.426570809,420.848660778,489.508812797,442.82737123,329.199172522,386.917813631
1310616,0.218,1069.63379129,793.520039021,948.625182642,781.849741295,559.343426243,737.297071188
1313622,0.2185,883.041755487,676.156673199,762.764475854,681.219342313,460.459210028,612.230069108
1316628,0.219,1144.84825473,956.197811261,1044.46431615,904.230322788,599.731599469,760.421808209
1319634,0.2195,1177.90648844,1010.97267664,1126.18219331,891.204489579,693.311120729,880.501360561
1322640,0.22,1407.90347755,1211.0688131,1334.49237323,1020.83769314,832.726536116,1010.66536873
1325646,0.2205,1987.24400026,1710.34495369,1996.57617973,1428.79158263,1181.65642735,1473.03427942
1328652,0.221,2341.41383749,2171.72573238,2615.05796692,1623.75960796,1447.86015855,1848.25246549
1331658,0.2215,1644.90043565,1557.40843349,1853.48605067,1233.35903357,1178.37991085,1470.94146237
1334664,0.222,1461.78835286,1322.10430769,1583.37395928,1100.38159451,951.971136334,1215.24308096
1337670,0.2225,1532.06279325,1373.55148916,1567.35996948,1133.14497165,950.057980213,1179.10210103
1340676,0.223,1266.31444359,1031.16757324,1249.54863099,983.954905265,736.225898684,981.483182617
1343682,0.2235,855.513297734,738.710723828,841.909341977,725.534698523,545.812737959,679.159603851
1346688,0.224,613.106875443,496.889809189,640.695208684,509.449564694,367.091317165,516.618442954
1349694,0.2245,1043.0648142,762.939307248,924.14235183,803.382346319,536.739484127,742.164312476
1352700,0.225,389.215617894,306.982014291,338.346488608,312.54621737,235.163230311,278.655585448
1355706,0.2255,263.119205107,208.002775317,250.049196839,196.10484176,152.364613696,189.245670312
1358712,0.226,251.488484428,204.235021044,236.846943521,190.089747679,156.949116733,181.112389287
1361718,0.2265,182.700378303,164.180086004,186.704325515,145.762059337,129.461701839,148.404675884
1364724,0.227,101.01262779,88.4943509362,111.698811475,80.7325622421,68.4959507967,93.8150542802
1367730,0.2275,86.5597186628,70.0047247756,89.0281882664,67.3220128749,53.2957463665,72.6545544265
1370736,0.228,85.4094464406,70.9998019247,92.1624565138,64.7983311918,53.6324143071,75.4894638534
1373742,0.2285,90.996583183,83.3368428477,99.6966204788,67.9198497845,62.5407297275,77.732128789
1376748,0.229,93.1328649656,84.9772609201,100.094654531,71.0611573375,66.9263803776,79.2322877281
1379754,0.2295,85.5115003905,81.4160827315,92.4116958035,64.3730890114,63.94470359,69.6018610645
1382760,0.23,79.1431283324,74.7296328487,89.5925318229,59.6031822221,58.5582233692,72.1881886556
1385766,0.2305,55.3382587022,50.1793060116,65.4192314176,39.6841146971,37.1364805361,49.9035977069
1388772,0.231,51.6330819807,46.8287558885,61.125318597,41.2697035065,39.2523537313,50.4263896151
1391778,0.2315,43.2698000344,37.4887191143,46.7708815233,35.0745565386,30.2790419876,37.5219809275
1394784,0.232,37.6513874997,29.6920491921,34.6100121706,30.2272061624,22.8456392341,25.4465247291
1397790,0.2325,44.1460477079,33.4776251165,38.1327066813,36.7784220021,25.6436051442,29.5602365565
1400796,0.233,49.3931029592,36.4457549621,43.9026230517,42.4322633854,26.7437990081,37.6631202865
1403802,0.2335,51.9167696866,38.4392498124,50.6025330531,44.4158803511,28.9785786984,44.8223633793
1406808,0.234,50.0973767224,37.3639488186,48.6468035354,44.0471476211,27.4028721864,42.1690113499
1409814,0.2345,49.2668054613,38.2215799346,45.3371675532,41.6734778741,29.8922213076,39.1303091257
1412820,0.235,44.9974652885,36.2839897828,41.8981222982,38.9018129144,29.8322018713,36.8046992973
1415826,0.2355,49.7894289294,40.1191561818,47.2211344232,41.7436771535,32.4523376295,39.7839328567
1418832,0.236,55.9659750604,43.574773842,53.8464856205,44.9507560449,34.4932383689,43.1403330972
1421838,0.2365,52.3371859268,44.641931622,51.9244061617,40.9260698287,34.5479250401,41.3714995019
1424844,0.237,43.9643761085,39.5340475173,50.1353297909,34.9950723496,28.6344573562,42.4370193586
1427850,0.2375,40.1878187502,36.9237985113,45.7841143404,33.8687802114,28.3192285157,38.4638244486
1430856,0.238,37.0054315496,34.0039012613,39.4345017499,33.2839254581,26.761322615,34.5308000258
1433862,0.2385,38.7627939451,32.9772930565,38.9811910712,35.8631075177,24.9883652236,32.7958142866
1436868,0.239,49.3990076613,40.7201053558,51.748493443,45.2415642144,32.0127249627,44.664542612
1439874,0.2395,55.0496217681,48.1289285236,60.6042723886,48.1758475084,36.2273997614,53.7339106397
1442880,0.24,58.2011368792,55.8686214589,64.2261278806,47.7465836589,42.6417385232,52.2380238381
1445886,0.2405,69.1371268741,64.5216569918,76.4883116549,58.9753217771,50.9522469297,61.0457474404
1448892,0.241,78.1954776392,72.0927304628,84.8789085479,63.2178970333,54.8386052847,65.8755403041
1451898,0.2415,71.9025617209,65.7621208232,78.8056986644,59.1837697707,52.0954600252,63.0981544543
1454904,0.242,79.5866661728,71.8533892192,87.85328552,65.9146750455,57.9151700213,71.9316058605
1457910,0.2425,67.4920800519,59.5693300692,70.727792552,53.7161612877,46.4013803838,57.7906301356
1460916,0.243,51.1959803173,42.9400997218,50.2039351092,40.0486693436,31.6701159762,38.710043238
1463922,0.2435,41.4250565882,32.4628002103,39.4154768104,32.9324571456,23.5262863058,29.8189830065
1466928,0.244,42.1194220696,33.8389515564,38.5324842994,32.814819518,24.9545853285,28.3039934647
1469934,0.2445,41.5692565706,31.0438822151,36.3021295142,31.9938504688,22.0364932657,25.6618827308
1472940,0.245,45.0620367022,31.7800435829,38.135966625,36.4747671973,22.6036984794,27.2064996646
1475946,0.2455,55.2088378603,40.00244335,45.6683146454,45.108454129,29.3777656851,32.60567854
1478952,0.246,53.7875537647,37.6833921763,41.492304668,44.821968331,29.5515316869,29.5923474928
1481958,0.2465,73.2509608245,46.1617316656,54.7010156537,62.0126924168,36.7538801614,40.1935697638
1484964,0.247,84.733656546,54.2807158623,64.1282486357,74.5167385515,41.8519897768,47.8333144032
1487970,0.2475,116.474339844,79.1408003251,94.4694505611,106.057612672,61.3504145591,71.4380735907
1490976,0.248,118.196548933,84.5287894871,96.5488526415,101.498600513,65.4577387953,70.6515728528
1493982,0.2485,140.755898724,105.145094872,112.72535079,114.629663806,81.2098948799,83.1659741752
1496988,0.249,151.045648057,99.0732603776,121.00275153,118.893562154,73.0242844705,88.4609735257
1499994,0.2495,176.90321391,128.022561432,155.848746488,146.410427132,95.2574517372,116.736959652
1503000,0.25,177.323804229,140.520356348,178.313785557,145.371445836,112.322601307,133.630989624
