601,9.99667332003e-05,0.205504110061,0.0
1202,0.000199933466401,0.204642114738,0.0
1803,0.000299900199601,0.204992141896,0.0
2404,0.000399866932801,0.204326416986,0.0
3005,0.000499833666001,0.205065003156,0.0
3606,0.000599800399202,0.203025780826,0.0
4207,0.000699767132402,0.204431924832,0.0
4808,0.000799733865602,0.204490523773,0.0
5409,0.000899700598802,0.204268556223,0.0
6010,0.000999667332003,0.204126839325,0.0
6611,0.0010996340652,0.204448296363,0.0
7212,0.0011996007984,0.203506847268,0.0
7813,0.0012995675316,0.203522402542,0.0
8414,0.0013995342648,0.204433296887,0.0
9015,0.001499500998,0.203966639002,0.0
9616,0.0015994677312,0.203886133715,0.0
10217,0.0016994344644,0.203929494313,0.0
10818,0.0017994011976,0.203652733656,0.0
11419,0.00189936793081,0.202604120354,0.0
12020,0.00199933466401,0.203944306451,0.0
12621,0.00209930139721,0.203788750405,0.0
13222,0.00219926813041,0.203774093026,0.0
13823,0.00229923486361,0.203682191396,0.0
14424,0.00239920159681,0.204115991777,0.0
15025,0.00249916833001,0.201983596896,0.0
15626,0.00259913506321,0.204072729439,0.0
16227,0.00269910179641,0.203675279941,0.0
16828,0.00279906852961,0.203437767891,0.0
17429,0.00289903526281,0.203636888935,0.0
18030,0.00299900199601,0.203724812015,0.0
18631,0.00309896872921,0.20246314992,0.0
19232,0.00319893546241,0.203079888892,0.0
19833,0.00329890219561,0.203307221067,0.0
20434,0.00339886892881,0.203208867978,0.0
21035,0.00349883566201,0.203321110507,0.0
21636,0.00359880239521,0.203514411921,0.0
22237,0.00369876912841,0.202728970017,0.0
22838,0.00379873586161,0.20284732402,0.0
23439,0.00389870259481,0.203630117182,0.0
24040,0.00399866932801,0.203404711296,0.0
24641,0.00409863606121,0.203279041533,0.0
25242,0.00419860279441,0.203719486785,0.0
25843,0.00429856952761,0.203286471584,0.0
26444,0.00439853626081,0.202508756725,0.0
27045,0.00449850299401,0.203715422421,0.0
27646,0.00459846972721,0.203538505278,0.0
28247,0.00469843646041,0.202986299092,0.0
28848,0.00479840319361,0.203476681264,0.0
29449,0.00489836992681,0.203507108257,0.0
30050,0.00499833666001,0.201974332036,0.0
30651,0.00509830339321,0.203661484906,0.0
31252,0.00519827012641,0.203646532479,0.0
31853,0.00529823685961,0.203478353,0.0
32454,0.00539820359281,0.203563687542,0.0
33055,0.00549817032601,0.203785035876,0.0
33656,0.00559813705921,0.202562426232,0.0
34257,0.00569810379242,0.20337903599,0.0
34858,0.00579807052562,0.203760462695,0.0
35459,0.00589803725882,0.203419976666,0.0
36060,0.00599800399202,0.203449634199,0.0
36661,0.00609797072522,0.203601740155,0.0
37262,0.00619793745842,0.202903448711,0.0
37863,0.00629790419162,0.20285057109,0.0
38464,0.00639787092482,0.203780949944,0.0
39065,0.00649783765802,0.203699827057,0.0
39666,0.00659780439122,0.203478943825,0.0
40267,0.00669777112442,0.203325771028,0.0
40868,0.00679773785762,0.2028872949,0.0
41469,0.00689770459082,0.202328163985,0.0
42070,0.00699767132402,0.203262982531,0.0
42671,0.00709763805722,0.203192982677,0.0
43272,0.00719760479042,0.203073521945,0.0
43873,0.00729757152362,0.203204765012,0.0
44474,0.00739753825682,0.203417143608,0.0
45075,0.00749750499002,0.202002650104,0.0
45676,0.00759747172322,0.203559414574,0.0
46277,0.00769743845642,0.203177866704,0.0
46878,0.00779740518962,0.203621214652,0.0
47479,0.00789737192282,0.203381279594,0.0
48080,0.00799733865602,0.203613346332,0.0
48681,0.00809730538922,0.202550825286,0.0
49282,0.00819727212242,0.202965167987,0.0
49883,0.00829723885562,0.202891511537,0.0
50484,0.00839720558882,0.202817737474,0.0
51085,0.00849717232202,0.202872027454,0.0
51686,0.00859713905522,0.202926607482,0.0
52287,0.00869710578842,0.202536072972,0.0
52888,0.00879707252162,0.202562825127,0.0
53489,0.00889703925482,0.20268591709,0.0
54090,0.00899700598802,0.202731088346,0.0
54691,0.00909697272122,0.202797536519,0.0
55292,0.00919693945442,0.202852739624,0.0
55893,0.00929690618762,0.202808775148,0.0
56494,0.00939687292083,0.202338416092,0.0
57095,0.00949683965403,0.203412161411,0.0
57696,0.00959680638723,0.203292511923,0.0
58297,0.00969677312043,0.203251388247,0.0
58898,0.00979673985363,0.203321796816,0.0
59499,0.00989670658683,0.203321174811,0.0
60100,0.00999667332003,0.202016924251,0.0
60701,0.0100966400532,0.203050950787,0.0
61302,0.0101966067864,0.203148136562,0.0
61903,0.0102965735196,0.202559673225,0.0
62504,0.0103965402528,0.203193494328,0.0
63105,0.010496506986,0.203627551704,0.0
63706,0.0105964737192,0.202582929267,0.0
64307,0.0106964404524,0.202962993976,0.0
64908,0.0107964071856,0.202975569299,0.0
65509,0.0108963739188,0.202952094908,0.0
66110,0.010996340652,0.20295276654,0.0
66711,0.0110963073852,0.203116094018,0.0
67312,0.0111962741184,0.202726293139,0.0
67913,0.0112962408516,0.202579417105,0.0
68514,0.0113962075848,0.202943061606,0.0
69115,0.011496174318,0.20287920256,0.0
69716,0.0115961410512,0.202835685859,0.0
70317,0.0116961077844,0.203127942894,0.0
70918,0.0117960745176,0.202731541642,0.0
71519,0.0118960412508,0.202181141637,0.0
72120,0.011996007984,0.202559278523,0.0
72721,0.0120959747172,0.202770894503,0.0
73322,0.0121959414504,0.202913922328,0.0
73923,0.0122959081836,0.202820243656,0.0
74524,0.0123958749168,0.203180396966,0.0
75125,0.01249584165,0.202020935269,0.0
75726,0.0125958083832,0.203304228974,0.0
76327,0.0126957751164,0.203007682398,0.0
76928,0.0127957418496,0.203188091667,0.0
77529,0.0128957085828,0.203128562379,0.0
78130,0.012995675316,0.203285660678,0.0
78731,0.0130956420492,0.202464224651,0.0
79332,0.0131956087824,0.203112101648,0.0
79933,0.0132955755156,0.203214004714,0.0
80534,0.0133955422488,0.203217034182,0.0
81135,0.013495508982,0.203249545415,0.0
81736,0.0135954757152,0.203393880544,0.0
82337,0.0136954424484,0.203039272121,0.0
82938,0.0137954091816,0.202997444674,0.0
83539,0.0138953759148,0.203846345196,0.0
84140,0.013995342648,0.203442666963,0.0
84741,0.0140953093812,0.203240632903,0.0
85342,0.0141952761144,0.203417089899,0.0
85943,0.0142952428476,0.203203637122,0.0
86544,0.0143952095808,0.202397498429,0.0
87145,0.014495176314,0.203335622116,0.0
87746,0.0145951430472,0.203000451368,0.0
88347,0.0146951097804,0.202889698152,0.0
88948,0.0147950765136,0.202848350327,0.0
89549,0.0148950432468,0.202951097361,0.0
90150,0.01499500998,0.201998220609,0.0
90751,0.0150949767132,0.202628776215,0.0
91352,0.0151949434464,0.202633196694,0.0
91953,0.0152949101796,0.202702667989,0.0
92554,0.0153948769128,0.202704131113,0.0
93155,0.015494843646,0.202812897266,0.0
93756,0.0155948103792,0.202343713395,0.0
94357,0.0156947771124,0.202813183177,0.0
94958,0.0157947438456,0.203116021727,0.0
95559,0.0158947105788,0.202875431865,0.0
96160,0.015994677312,0.203031575681,0.0
96761,0.0160946440452,0.203401145956,0.0
97362,0.0161946107784,0.202849377856,0.0
97963,0.0162945775116,0.202740364644,0.0
98564,0.0163945442448,0.203434421303,0.0
99165,0.016494510978,0.203415680395,0.0
99766,0.0165944777112,0.203358535271,0.0
100367,0.0166944444444,0.203490447589,0.0
100968,0.0167944111776,0.20323949534,0.0
101569,0.0168943779108,0.202336628651,0.0
102170,0.016994344644,0.203102698306,0.0
102771,0.0170943113772,0.203054519071,0.0
103372,0.0171942781104,0.202906400295,0.0
103973,0.0172942448436,0.20320702717,0.0
104574,0.0173942115768,0.203100696869,0.0
105175,0.01749417831,0.202027961805,0.0
105776,0.0175941450432,0.203132663551,0.0
106377,0.0176941117764,0.203209558739,0.0
106978,0.0177940785096,0.20298011113,0.0
107579,0.0178940452428,0.203193367396,0.0
108180,0.017994011976,0.20358634723,0.0
108781,0.0180939787092,0.20263681925,0.0
109382,0.0181939454424,0.203299089257,0.0
109983,0.0182939121756,0.203786995235,0.0
110584,0.0183938789088,0.203617888004,0.0
111185,0.018493845642,0.203666838526,0.0
111786,0.0185938123752,0.203911237624,0.0
112387,0.0186937791084,0.203151026286,0.0
112988,0.0187937458417,0.202797713164,0.0
113589,0.0188937125749,0.203395270368,0.0
114190,0.0189936793081,0.203237938237,0.0
114791,0.0190936460413,0.203301927735,0.0
115392,0.0191936127745,0.203559297634,0.0
115993,0.0192935795077,0.203112935901,0.0
116594,0.0193935462409,0.20225006411,0.0
117195,0.0194935129741,0.203009552515,0.0
117796,0.0195934797073,0.202733186391,0.0
118397,0.0196934464405,0.202617835177,0.0
118998,0.0197934131737,0.202703036104,0.0
119599,0.0198933799069,0.202998789179,0.0
120200,0.0199933466401,0.202026652351,0.0
120801,0.0200933133733,0.203037551743,0.0
121402,0.0201932801065,0.202893748051,0.0
122003,0.0202932468397,0.2031281514,0.0
122604,0.0203932135729,0.203155184961,0.0
123205,0.0204931803061,0.203323676332,0.0
123806,0.0205931470393,0.202556753744,0.0
124407,0.0206931137725,0.203104738634,0.0
125008,0.0207930805057,0.20341604055,0.0
125609,0.0208930472389,0.203535095931,0.0
126210,0.0209930139721,0.203492933072,0.0
126811,0.0210929807053,0.20346748604,0.0
127412,0.0211929474385,0.203025979207,0.0
128013,0.0212929141717,0.202894572021,0.0
128614,0.0213928809049,0.203495265357,0.0
129215,0.0214928476381,0.203187871316,0.0
129816,0.0215928143713,0.203309545506,0.0
130417,0.0216927811045,0.203254575403,0.0
131018,0.0217927478377,0.203466456068,0.0
131619,0.0218927145709,0.20238302882,0.0
132220,0.0219926813041,0.203565962152,0.0
132821,0.0220926480373,0.202880652667,0.0
133422,0.0221926147705,0.203255237178,0.0
134023,0.0222925815037,0.202676899092,0.0
134624,0.0223925482369,0.203747125311,0.0
135225,0.0224925149701,0.20216374272,0.0
135826,0.0225924817033,0.203801850843,0.0
136427,0.0226924484365,0.203232056735,0.0
137028,0.0227924151697,0.203559769758,0.0
137629,0.0228923819029,0.203185748705,0.0
138230,0.0229923486361,0.203550590698,0.0
138831,0.0230923153693,0.202735026333,0.0
139432,0.0231922821025,0.203348339169,0.0
140033,0.0232922488357,0.203534877217,0.0
140634,0.0233922155689,0.203429861219,0.0
141235,0.0234921823021,0.203289471899,0.0
141836,0.0235921490353,0.203328633436,0.0
142437,0.0236921157685,0.202919075813,0.0
143038,0.0237920825017,0.202685092015,0.0
143639,0.0238920492349,0.203151207364,0.0
144240,0.0239920159681,0.203008304905,0.0
144841,0.0240919827013,0.203231258409,0.0
145442,0.0241919494345,0.203055671145,0.0
146043,0.0242919161677,0.20326925568,0.0
146644,0.0243918829009,0.202365478804,0.0
147245,0.0244918496341,0.203438120595,0.0
147846,0.0245918163673,0.20297716742,0.0
148447,0.0246917831005,0.202922413477,0.0
149048,0.0247917498337,0.202908715824,0.0
149649,0.0248917165669,0.203262973297,0.0
150250,0.0249916833001,0.202117328238,0.0
150851,0.0250916500333,0.203255795688,0.0
151452,0.0251916167665,0.203112034217,0.0
152053,0.0252915834997,0.203190797851,0.0
152654,0.0253915502329,0.203119744499,0.0
153255,0.0254915169661,0.20311854212,0.0
153856,0.0255914836993,0.202458237315,0.0
154457,0.0256914504325,0.20284397061,0.0
155058,0.0257914171657,0.203202825362,0.0
155659,0.0258913838989,0.203072558376,0.0
156260,0.0259913506321,0.203053751852,0.0
156861,0.0260913173653,0.203133900627,0.0
157462,0.0261912840985,0.202693777863,0.0
158063,0.0262912508317,0.202530745962,0.0
158664,0.0263912175649,0.203171669455,0.0
159265,0.0264911842981,0.203027007155,0.0
159866,0.0265911510313,0.20289841813,0.0
160467,0.0266911177645,0.202980719383,0.0
161068,0.0267910844977,0.202829694235,0.0
161669,0.0268910512309,0.202198849002,0.0
162270,0.0269910179641,0.203012459503,0.0
162871,0.0270909846973,0.202944471802,0.0
163472,0.0271909514305,0.202865712405,0.0
164073,0.0272909181637,0.202778923812,0.0
164674,0.0273908848969,0.202808027505,0.0
165275,0.0274908516301,0.202093481192,0.0
165876,0.0275908183633,0.202953671627,0.0
166477,0.0276907850965,0.203029295901,0.0
167078,0.0277907518297,0.203152278598,0.0
167679,0.0278907185629,0.203006814907,0.0
168280,0.0279906852961,0.203147332128,0.0
168881,0.0280906520293,0.20250439878,0.0
169482,0.0281906187625,0.202929169525,0.0
170083,0.0282905854957,0.203319400999,0.0
170684,0.0283905522289,0.203207591781,0.0
171285,0.0284905189621,0.203315213868,0.0
171886,0.0285904856953,0.203571355221,0.0
172487,0.0286904524285,0.203116496627,0.0
173088,0.0287904191617,0.202787684163,0.0
173689,0.0288903858949,0.203293994661,0.0
174290,0.0289903526281,0.202941024295,0.0
174891,0.0290903193613,0.202940660084,0.0
175492,0.0291902860945,0.202591169542,0.0
176093,0.0292902528277,0.20281042058,0.0
176694,0.0293902195609,0.202178031513,0.0
177295,0.0294901862941,0.202534574617,0.0
177896,0.0295901530273,0.201997541941,0.0
178497,0.0296901197605,0.202370177332,0.0
179098,0.0297900864937,0.202189058797,0.0
179699,0.0298900532269,0.202762808655,0.0
180300,0.0299900199601,0.20211513377,0.0
180901,0.0300899866933,0.203167560405,0.0
181502,0.0301899534265,0.202884112861,0.0
182103,0.0302899201597,0.203219913716,0.0
182704,0.0303898868929,0.203005115143,0.0
183305,0.0304898536261,0.203677776082,0.0
183906,0.0305898203593,0.202867707276,0.0
184507,0.0306897870925,0.203403334816,0.0
185108,0.0307897538257,0.203724730323,0.0
185709,0.0308897205589,0.203276983621,0.0
186310,0.0309896872921,0.203092493557,0.0
186911,0.0310896540253,0.20343945195,0.0
187512,0.0311896207585,0.203191114674,0.0
188113,0.0312895874917,0.202775673742,0.0
188714,0.0313895542249,0.203065804719,0.0
189315,0.0314895209581,0.202590299355,0.0
189916,0.0315894876913,0.202699460918,0.0
190517,0.0316894544245,0.202627002277,0.0
191118,0.0317894211577,0.202650413846,0.0
191719,0.0318893878909,0.20212583158,0.0
192320,0.0319893546241,0.202751022785,0.0
192921,0.0320893213573,0.202845660259,0.0
193522,0.0321892880905,0.203082402763,0.0
194123,0.0322892548237,0.202902840583,0.0
194724,0.0323892215569,0.203044912707,0.0
195325,0.0324891882901,0.202127791149,0.0
195926,0.0325891550233,0.202969836045,0.0
196527,0.0326891217565,0.203063438696,0.0
197128,0.0327890884897,0.203449391026,0.0
197729,0.0328890552229,0.203189517445,0.0
198330,0.0329890219561,0.203533292086,0.0
198931,0.0330889886893,0.202684819911,0.0
199532,0.0331889554225,0.203003097432,0.0
200133,0.0332889221557,0.20325756327,0.0
200734,0.0333888888889,0.203188247376,0.0
201335,0.0334888556221,0.203112034813,0.0
201936,0.0335888223553,0.202852815626,0.0
202537,0.0336887890885,0.202558353214,0.0
203138,0.0337887558217,0.202391614141,0.0
203739,0.0338887225549,0.202822801336,0.0
204340,0.0339886892881,0.20290487397,0.0
204941,0.0340886560213,0.203062499569,0.0
205542,0.0341886227545,0.203132675964,0.0
206143,0.0342885894877,0.203137790597,0.0
206744,0.0343885562209,0.20215641473,0.0
207345,0.0344885229541,0.202653005452,0.0
207946,0.0345884896873,0.202488730816,0.0
208547,0.0346884564205,0.202938582824,0.0
209148,0.0347884231537,0.202587263998,0.0
209749,0.0348883898869,0.203075735697,0.0
210350,0.0349883566201,0.20216660639,0.0
210951,0.0350883233533,0.203363852128,0.0
211552,0.0351882900865,0.203212766492,0.0
212153,0.0352882568197,0.203721102918,0.0
212754,0.0353882235529,0.203471840389,0.0
213355,0.0354881902861,0.203619700351,0.0
213956,0.0355881570193,0.202742515403,0.0
214557,0.0356881237525,0.203109010013,0.0
215158,0.0357880904857,0.203368660995,0.0
215759,0.0358880572189,0.203546226674,0.0
216360,0.0359880239521,0.203467709185,0.0
216961,0.0360879906853,0.203415489715,0.0
217562,0.0361879574185,0.203071647611,0.0
218163,0.0362879241517,0.202738349609,0.0
218764,0.0363878908849,0.203390980653,0.0
219365,0.0364878576181,0.203134226271,0.0
219966,0.0365878243513,0.20332416096,0.0
220567,0.0366877910845,0.203039723584,0.0
221168,0.0367877578177,0.203136978674,0.0
221769,0.0368877245509,0.202221160445,0.0
222370,0.0369876912841,0.203179660647,0.0
222971,0.0370876580173,0.202904168037,0.0
223572,0.0371876247505,0.203163279368,0.0
224173,0.0372875914837,0.20306149266,0.0
224774,0.0373875582169,0.203118435762,0.0
225375,0.0374875249501,0.202140253291,0.0
225976,0.0375874916833,0.203079218644,0.0
226577,0.0376874584165,0.203317413307,0.0
227178,0.0377874251497,0.203566411422,0.0
227779,0.0378873918829,0.203572467662,0.0
228380,0.0379873586161,0.203508029042,0.0
228981,0.0380873253493,0.202616457785,0.0
229582,0.0381872920825,0.202890913086,0.0
230183,0.0382872588157,0.203170169689,0.0
230784,0.0383872255489,0.203224847521,0.0
231385,0.0384871922821,0.203162342339,0.0
231986,0.0385871590153,0.202934661839,0.0
232587,0.0386871257485,0.202716481451,0.0
233188,0.0387870924817,0.202488145594,0.0
233789,0.0388870592149,0.202992439742,0.0
234390,0.0389870259481,0.202751674169,0.0
234991,0.0390869926813,0.202938349538,0.0
235592,0.0391869594145,0.202458518615,0.0
236193,0.0392869261477,0.202292502579,0.0
236794,0.0393868928809,0.202060167412,0.0
237395,0.0394868596141,0.202506285091,0.0
237996,0.0395868263473,0.2021072961,0.0
238597,0.0396867930805,0.20234325623,0.0
239198,0.0397867598137,0.202330107808,0.0
239799,0.0398867265469,0.202466533386,0.0
240400,0.0399866932801,0.20202355721,0.0
241001,0.0400866600133,0.202274342409,0.0
241602,0.0401866267465,0.202353218406,0.0
242203,0.0402865934797,0.202477360188,0.0
242804,0.0403865602129,0.202628245175,0.0
243405,0.0404865269461,0.20283398532,0.0
244006,0.0405864936793,0.202466147074,0.0
244607,0.0406864604125,0.202863225948,0.0
245208,0.0407864271457,0.20325715372,0.0
245809,0.0408863938789,0.203261254508,0.0
246410,0.0409863606121,0.203339880607,0.0
247011,0.0410863273453,0.203342214213,0.0
247612,0.0411862940785,0.202945330737,0.0
248213,0.0412862608117,0.202671738633,0.0
248814,0.0413862275449,0.203458940648,0.0
249415,0.0414861942781,0.203389855811,0.0
250016,0.0415861610113,0.203395879499,0.0
250617,0.0416861277445,0.203416683972,0.0
251218,0.0417860944777,0.203202176833,0.0
251819,0.0418860612109,0.202188649755,0.0
252420,0.0419860279441,0.203529656249,0.0
253021,0.0420859946773,0.203594666091,0.0
253622,0.0421859614105,0.202874681937,0.0
254223,0.0422859281437,0.202938842272,0.0
254824,0.0423858948769,0.202783682455,0.0
255425,0.0424858616101,0.202081793756,0.0
256026,0.0425858283433,0.202558178056,0.0
256627,0.0426857950765,0.202681481963,0.0
257228,0.0427857618097,0.202619056764,0.0
257829,0.0428857285429,0.202912982682,0.0
258430,0.0429856952761,0.202965305201,0.0
259031,0.0430856620093,0.202458434342,0.0
259632,0.0431856287425,0.202713460202,0.0
260233,0.0432855954757,0.202857368419,0.0
260834,0.0433855622089,0.202705508219,0.0
261435,0.0434855289421,0.20269246792,0.0
262036,0.0435854956753,0.202747819555,0.0
262637,0.0436854624085,0.202432446586,0.0
263238,0.0437854291417,0.202291619568,0.0
263839,0.0438853958749,0.202958908928,0.0
264440,0.0439853626081,0.203095830571,0.0
265041,0.0440853293413,0.203168307308,0.0
265642,0.0441852960745,0.203180790185,0.0
266243,0.0442852628077,0.202994748491,0.0
266844,0.0443852295409,0.202119037675,0.0
267445,0.0444851962741,0.202967895968,0.0
268046,0.0445851630073,0.20291350002,0.0
268647,0.0446851297405,0.202758726786,0.0
269248,0.0447850964737,0.202988808362,0.0
269849,0.0448850632069,0.203016919379,0.0
270450,0.0449850299401,0.202148210548,0.0
271051,0.0450849966733,0.203184540941,0.0
271652,0.0451849634065,0.203362672309,0.0
272253,0.0452849301397,0.203501479501,0.0
272854,0.0453848968729,0.203727011919,0.0
273455,0.0454848636061,0.203559464478,0.0
274056,0.0455848303393,0.202558234009,0.0
274657,0.0456847970725,0.202531281567,0.0
275258,0.0457847638057,0.203126782192,0.0
275859,0.0458847305389,0.20293339717,0.0
276460,0.0459846972721,0.202910799653,0.0
277061,0.0460846640053,0.202732450831,0.0
277662,0.0461846307385,0.20255760224,0.0
278263,0.0462845974717,0.202369510793,0.0
278864,0.0463845642049,0.202681137153,0.0
279465,0.0464845309381,0.202651098036,0.0
280066,0.0465844976713,0.202830556446,0.0
280667,0.0466844644045,0.202934543672,0.0
281268,0.0467844311377,0.20294005739,0.0
281869,0.0468843978709,0.202169620335,0.0
282470,0.0469843646041,0.203587108045,0.0
283071,0.0470843313373,0.203005657025,0.0
283672,0.0471842980705,0.20313716852,0.0
284273,0.0472842648037,0.203197563764,0.0
284874,0.0473842315369,0.203596642309,0.0
285475,0.0474841982701,0.202320155389,0.0
286076,0.0475841650033,0.202966374743,0.0
286677,0.0476841317365,0.202668141032,0.0
287278,0.0477840984697,0.203063420933,0.0
287879,0.0478840652029,0.202864922577,0.0
288480,0.0479840319361,0.203044176975,0.0
289081,0.0480839986693,0.202509428123,0.0
289682,0.0481839654025,0.202654279589,0.0
290283,0.0482839321357,0.203065127427,0.0
290884,0.0483838988689,0.202752483138,0.0
291485,0.0484838656021,0.202809249364,0.0
292086,0.0485838323353,0.203299581724,0.0
292687,0.0486837990685,0.202940035676,0.0
293288,0.0487837658017,0.202549342,0.0
293889,0.0488837325349,0.203324308913,0.0
294490,0.0489836992681,0.203030729057,0.0
295091,0.0490836660013,0.202946968663,0.0
295692,0.0491836327345,0.203051117585,0.0
296293,0.0492835994677,0.203129634453,0.0
296894,0.0493835662009,0.202119719278,0.0
297495,0.0494835329341,0.203270175533,0.0
298096,0.0495834996673,0.202919686444,0.0
298697,0.0496834664005,0.20345992847,0.0
299298,0.0497834331337,0.203101961402,0.0
299899,0.0498833998669,0.203426637512,0.0
300500,0.0499833666001,0.202296174729,0.0
301101,0.0500833333333,0.203331554169,0.0
301702,0.0501833000665,0.203285107917,0.0
302303,0.0502832667997,0.203300596016,0.0
302904,0.0503832335329,0.203202398284,0.0
303505,0.0504832002661,0.203379179716,0.0
304106,0.0505831669993,0.202815689925,0.0
304707,0.0506831337325,0.203158346865,0.0
305308,0.0507831004657,0.20346924249,0.0
305909,0.0508830671989,0.20322109223,0.0
306510,0.0509830339321,0.20329486481,0.0
307111,0.0510830006653,0.20323873685,0.0
307712,0.0511829673985,0.203066502715,0.0
308313,0.0512829341317,0.202675419419,0.0
308914,0.0513829008649,0.203401759472,0.0
309515,0.0514828675981,0.203065925195,0.0
310116,0.0515828343313,0.203181714674,0.0
310717,0.0516828010645,0.20283584125,0.0
311318,0.0517827677977,0.203076106387,0.0
311919,0.0518827345309,0.202103684518,0.0
312520,0.0519827012641,0.203188781771,0.0
313121,0.0520826679973,0.20265911238,0.0
313722,0.0521826347305,0.203236114318,0.0
314323,0.0522826014637,0.20264588727,0.0
314924,0.0523825681969,0.202909128915,0.0
315525,0.0524825349301,0.202168159574,0.0
316126,0.0525825016633,0.202816162384,0.0
316727,0.0526824683965,0.202905188584,0.0
317328,0.0527824351297,0.203150744082,0.0
317929,0.0528824018629,0.202963627375,0.0
318530,0.0529823685961,0.203148341822,0.0
319131,0.0530823353293,0.202625801695,0.0
319732,0.0531823020625,0.202926835154,0.0
320333,0.0532822687957,0.203486581016,0.0
320934,0.0533822355289,0.20343318725,0.0
321535,0.0534822022621,0.203489237344,0.0
322136,0.0535821689953,0.203470527661,0.0
322737,0.0536821357285,0.203250548326,0.0
323338,0.0537821024617,0.20272344517,0.0
323939,0.0538820691949,0.203755141721,0.0
324540,0.0539820359281,0.203482518763,0.0
325141,0.0540820026613,0.203472464873,0.0
325742,0.0541819693945,0.203263597481,0.0
326343,0.0542819361277,0.203458198973,0.0
326944,0.0543819028609,0.202134121582,0.0
327545,0.0544818695941,0.203451719286,0.0
328146,0.0545818363273,0.202970773408,0.0
328747,0.0546818030605,0.203126637141,0.0
329348,0.0547817697937,0.203057176774,0.0
329949,0.0548817365269,0.203494347363,0.0
330550,0.0549817032601,0.202349364531,0.0
331151,0.0550816699933,0.203438638063,0.0
331752,0.0551816367265,0.203538160119,0.0
332353,0.0552816034597,0.20352391907,0.0
332954,0.0553815701929,0.203506807507,0.0
333555,0.0554815369261,0.203778415046,0.0
334156,0.0555815036593,0.202953886828,0.0
334757,0.0556814703925,0.203114480446,0.0
335358,0.0557814371257,0.203681470697,0.0
335959,0.0558814038589,0.203455045827,0.0
336560,0.0559813705921,0.203355848409,0.0
337161,0.0560813373253,0.203583635703,0.0
337762,0.0561813040585,0.203228276429,0.0
338363,0.0562812707917,0.202596748008,0.0
338964,0.056381237525,0.203415493654,0.0
339565,0.0564812042582,0.203157908292,0.0
340166,0.0565811709914,0.203174718454,0.0
340767,0.0566811377246,0.203219448978,0.0
341368,0.0567811044578,0.203297923488,0.0
341969,0.056881071191,0.202086670696,0.0
342570,0.0569810379242,0.203275586984,0.0
343171,0.0570810046574,0.202845341929,0.0
343772,0.0571809713906,0.203119266168,0.0
344373,0.0572809381238,0.203033646226,0.0
344974,0.057380904857,0.203458436782,0.0
345575,0.0574808715902,0.202424313037,0.0
346176,0.0575808383234,0.20335411355,0.0
346777,0.0576808050566,0.203129958544,0.0
347378,0.0577807717898,0.203360174966,0.0
347979,0.057880738523,0.203195747996,0.0
348580,0.0579807052562,0.203569760826,0.0
349181,0.0580806719894,0.203010812782,0.0
349782,0.0581806387226,0.203146438628,0.0
350383,0.0582806054558,0.203504317372,0.0
350984,0.058380572189,0.203381150117,0.0
351585,0.0584805389222,0.203494550554,0.0
352186,0.0585805056554,0.20344894227,0.0
352787,0.0586804723886,0.203287671096,0.0
353388,0.0587804391218,0.202685172784,0.0
353989,0.058880405855,0.203654696121,0.0
354590,0.0589803725882,0.203378588976,0.0
355191,0.0590803393214,0.203445294695,0.0
355792,0.0591803060546,0.203155267491,0.0
356393,0.0592802727878,0.203343437294,0.0
356994,0.059380239521,0.202090189824,0.0
357595,0.0594802062542,0.203357532091,0.0
358196,0.0595801729874,0.203369934103,0.0
358797,0.0596801397206,0.203224654953,0.0
359398,0.0597801064538,0.203296221245,0.0
359999,0.059880073187,0.203253726632,0.0
360600,0.0599800399202,0.202225177626,0.0
361201,0.0600800066534,0.202936681195,0.0
361802,0.0601799733866,0.203145822421,0.0
362403,0.0602799401198,0.203418762885,0.0
363004,0.060379906853,0.203287444723,0.0
363605,0.0604798735862,0.203212245469,0.0
364206,0.0605798403194,0.202580477595,0.0
364807,0.0606798070526,0.202707425793,0.0
365408,0.0607797737858,0.203185852216,0.0
366009,0.060879740519,0.203313412232,0.0
366610,0.0609797072522,0.203359500865,0.0
367211,0.0610796739854,0.203082351726,0.0
367812,0.0611796407186,0.20266876449,0.0
368413,0.0612796074518,0.20228705621,0.0
369014,0.061379574185,0.202903225737,0.0
369615,0.0614795409182,0.203094755852,0.0
370216,0.0615795076514,0.2032079206,0.0
370817,0.0616794743846,0.202955501037,0.0
371418,0.0617794411178,0.202848764901,0.0
372019,0.061879407851,0.201970681268,0.0
372620,0.0619793745842,0.202702055526,0.0
373221,0.0620793413174,0.20292878137,0.0
373822,0.0621793080506,0.202859519738,0.0
374423,0.0622792747838,0.202939283437,0.0
375024,0.062379241517,0.202794737051,0.0
375625,0.0624792082502,0.202113263397,0.0
376226,0.0625791749834,0.202653318432,0.0
376827,0.0626791417166,0.202867371313,0.0
377428,0.0627791084498,0.202464149132,0.0
378029,0.062879075183,0.202404966663,0.0
378630,0.0629790419162,0.202464297391,0.0
379231,0.0630790086494,0.202196258957,0.0
379832,0.0631789753826,0.20232481058,0.0
380433,0.0632789421158,0.202687090848,0.0
381034,0.063378908849,0.202546999243,0.0
381635,0.0634788755822,0.202755909523,0.0
382236,0.0635788423154,0.202942722915,0.0
382837,0.0636788090486,0.202582557262,0.0
383438,0.0637787757818,0.202257173469,0.0
384039,0.063878742515,0.203014925665,0.0
384640,0.0639787092482,0.202782085015,0.0
385241,0.0640786759814,0.202645367095,0.0
385842,0.0641786427146,0.202556423863,0.0
386443,0.0642786094478,0.202882925673,0.0
387044,0.064378576181,0.201966002175,0.0
387645,0.0644785429142,0.202911913361,0.0
388246,0.0645785096474,0.202608205431,0.0
388847,0.0646784763806,0.202820767468,0.0
389448,0.0647784431138,0.202568471893,0.0
390049,0.064878409847,0.203059621839,0.0
390650,0.0649783765802,0.202317265371,0.0
391251,0.0650783433134,0.20280821685,0.0
391852,0.0651783100466,0.202763689949,0.0
392453,0.0652782767798,0.202916389512,0.0
393054,0.065378243513,0.202852860539,0.0
393655,0.0654782102462,0.203053006823,0.0
394256,0.0655781769794,0.202646568946,0.0
394857,0.0656781437126,0.20263095504,0.0
395458,0.0657781104458,0.202831711529,0.0
396059,0.065878077179,0.202752121699,0.0
396660,0.0659780439122,0.202968085361,0.0
397261,0.0660780106454,0.202886711312,0.0
397862,0.0661779773786,0.203161200095,0.0
398463,0.0662779441118,0.202525185892,0.0
399064,0.066377910845,0.203224134112,0.0
399665,0.0664778775782,0.202660719708,0.0
400266,0.0665778443114,0.202823089525,0.0
400867,0.0666778110446,0.202494659186,0.0
401468,0.0667777777778,0.202645859093,0.0
402069,0.066877744511,0.201962770638,0.0
402670,0.0669777112442,0.202616365306,0.0
403271,0.0670776779774,0.202305594378,0.0
403872,0.0671776447106,0.20251687224,0.0
404473,0.0672776114438,0.202380104239,0.0
405074,0.067377578177,0.202750456547,0.0
405675,0.0674775449102,0.202186021257,0.0
406276,0.0675775116434,0.202726137588,0.0
406877,0.0676774783766,0.20288578061,0.0
407478,0.0677774451098,0.203002436682,0.0
408079,0.067877411843,0.203066732213,0.0
408680,0.0679773785762,0.203233849051,0.0
409281,0.0680773453094,0.20280974486,0.0
409882,0.0681773120426,0.202950934047,0.0
410483,0.0682772787758,0.203271229962,0.0
411084,0.068377245509,0.203216869928,0.0
411685,0.0684772122422,0.203292457432,0.0
412286,0.0685771789754,0.203234700624,0.0
412887,0.0686771457086,0.203157139678,0.0
413488,0.0687771124418,0.202531242935,0.0
414089,0.068877079175,0.203445302385,0.0
414690,0.0689770459082,0.202926493543,0.0
415291,0.0690770126414,0.202924193075,0.0
415892,0.0691769793746,0.202829779289,0.0
416493,0.0692769461078,0.203138195034,0.0
417094,0.069376912841,0.20200132645,0.0
417695,0.0694768795742,0.203100623092,0.0
418296,0.0695768463074,0.202728150579,0.0
418897,0.0696768130406,0.202812746654,0.0
419498,0.0697767797738,0.202673859612,0.0
420099,0.069876746507,0.203238840365,0.0
420700,0.0699767132402,0.202400625468,0.0
421301,0.0700766799734,0.203239788645,0.0
421902,0.0701766467066,0.203062743017,0.0
422503,0.0702766134398,0.203087514754,0.0
423104,0.070376580173,0.20296047932,0.0
423705,0.0704765469062,0.203280098055,0.0
424306,0.0705765136394,0.202869617438,0.0
424907,0.0706764803726,0.202961009999,0.0
425508,0.0707764471058,0.203260202714,0.0
426109,0.070876413839,0.203148153618,0.0
426710,0.0709763805722,0.203279939527,0.0
427311,0.0710763473054,0.203452773588,0.0
427912,0.0711763140386,0.203367852014,0.0
428513,0.0712762807718,0.202581845916,0.0
429114,0.071376247505,0.203712562407,0.0
429715,0.0714762142382,0.203256628069,0.0
430316,0.0715761809714,0.203126430017,0.0
430917,0.0716761477046,0.203053732304,0.0
431518,0.0717761144378,0.20331957037,0.0
432119,0.071876081171,0.201963098169,0.0
432720,0.0719760479042,0.20312235361,0.0
433321,0.0720760146374,0.202801436722,0.0
433922,0.0721759813706,0.20295152208,0.0
434523,0.0722759481038,0.202708886711,0.0
435124,0.072375914837,0.202977082243,0.0
435725,0.0724758815702,0.202336809265,0.0
436326,0.0725758483034,0.203065331112,0.0
436927,0.0726758150366,0.202997251784,0.0
437528,0.0727757817698,0.203269572087,0.0
438129,0.072875748503,0.203081276109,0.0
438730,0.0729757152362,0.203195645204,0.0
439331,0.0730756819694,0.202811679075,0.0
439932,0.0731756487026,0.202752454973,0.0
440533,0.0732756154358,0.203192376923,0.0
441134,0.073375582169,0.203007478727,0.0
441735,0.0734755489022,0.203009056369,0.0
442336,0.0735755156354,0.202981451885,0.0
442937,0.0736754823686,0.202858307435,0.0
443538,0.0737754491018,0.202360141574,0.0
444139,0.073875415835,0.203020267662,0.0
444740,0.0739753825682,0.202703827038,0.0
445341,0.0740753493014,0.202777215238,0.0
445942,0.0741753160346,0.202676159722,0.0
446543,0.0742752827678,0.203044436761,0.0
447144,0.074375249501,0.201941205304,0.0
447745,0.0744752162342,0.203202889178,0.0
448346,0.0745751829674,0.202930711244,0.0
448947,0.0746751497006,0.203166389859,0.0
449548,0.0747751164338,0.203055243541,0.0
450149,0.074875083167,0.203484674065,0.0
450750,0.0749750499002,0.202422721676,0.0
451351,0.0750750166334,0.203043408745,0.0
451952,0.0751749833666,0.2030641538,0.0
452553,0.0752749500998,0.203011492798,0.0
453154,0.075374916833,0.203144936795,0.0
453755,0.0754748835662,0.203561079066,0.0
454356,0.0755748502994,0.203083590148,0.0
454957,0.0756748170326,0.203014184377,0.0
455558,0.0757747837658,0.203602619167,0.0
456159,0.075874750499,0.203590493366,0.0
456760,0.0759747172322,0.203634451609,0.0
457361,0.0760746839654,0.203308585683,0.0
457962,0.0761746506986,0.203115330072,0.0
458563,0.0762746174318,0.202482426213,0.0
459164,0.076374584165,0.203505199226,0.0
459765,0.0764745508982,0.203076485325,0.0
460366,0.0765745176314,0.203131815569,0.0
460967,0.0766744843646,0.203068543453,0.0
461568,0.0767744510978,0.203444732774,0.0
462169,0.076874417831,0.201938834348,0.0
462770,0.0769743845642,0.203559202799,0.0
463371,0.0770743512974,0.203161072627,0.0
463972,0.0771743180306,0.203324484605,0.0
464573,0.0772742847638,0.203306758468,0.0
465174,0.077374251497,0.203807550605,0.0
465775,0.0774742182302,0.202538794283,0.0
466376,0.0775741849634,0.203224121201,0.0
466977,0.0776741516966,0.203327459296,0.0
467578,0.0777741184298,0.203232162119,0.0
468179,0.077874085163,0.203337191291,0.0
468780,0.0779740518962,0.203487224019,0.0
469381,0.0780740186294,0.20281933614,0.0
469982,0.0781739853626,0.202815543392,0.0
470583,0.0782739520958,0.203245331464,0.0
471184,0.078373918829,0.202967615766,0.0
471785,0.0784738855622,0.202921641085,0.0
472386,0.0785738522954,0.202829149796,0.0
472987,0.0786738190286,0.202692752696,0.0
473588,0.0787737857618,0.202263790552,0.0
474189,0.078873752495,0.202840485984,0.0
474790,0.0789737192282,0.202681528338,0.0
475391,0.0790736859614,0.202798289815,0.0
475992,0.0791736526946,0.202657210839,0.0
476593,0.0792736194278,0.2028537395,0.0
477194,0.079373586161,0.201942362821,0.0
477795,0.0794735528942,0.202868448428,0.0
478396,0.0795735196274,0.202715304654,0.0
478997,0.0796734863606,0.202694852723,0.0
479598,0.0797734530938,0.202550623371,0.0
480199,0.079873419827,0.202773396714,0.0
480800,0.0799733865602,0.202302141692,0.0
481401,0.0800733532934,0.202724373137,0.0
482002,0.0801733200266,0.202770616987,0.0
482603,0.0802732867598,0.202862527218,0.0
483204,0.080373253493,0.202910106906,0.0
483805,0.0804732202262,0.203027888046,0.0
484406,0.0805731869594,0.202619025245,0.0
485007,0.0806731536926,0.202661121443,0.0
485608,0.0807731204258,0.203362518487,0.0
486209,0.080873087159,0.203262488346,0.0
486810,0.0809730538922,0.20312058749,0.0
487411,0.0810730206254,0.203413023067,0.0
488012,0.0811729873586,0.203265305184,0.0
488613,0.0812729540918,0.202428390755,0.0
489214,0.081372920825,0.203350832358,0.0
489815,0.0814728875582,0.202892172876,0.0
490416,0.0815728542914,0.202836186276,0.0
491017,0.0816728210246,0.202996983737,0.0
491618,0.0817727877578,0.203475635704,0.0
492219,0.081872754491,0.202014736068,0.0
492820,0.0819727212242,0.203404693678,0.0
493421,0.0820726879574,0.203052655404,0.0
494022,0.0821726546906,0.20285876088,0.0
494623,0.0822726214238,0.202727996121,0.0
495224,0.082372588157,0.20309882612,0.0
495825,0.0824725548902,0.202413872448,0.0
496426,0.0825725216234,0.202897427787,0.0
497027,0.0826724883566,0.20278754011,0.0
497628,0.0827724550898,0.202838787007,0.0
498229,0.082872421823,0.202807407694,0.0
498830,0.0829723885562,0.202776434458,0.0
499431,0.0830723552894,0.202536503148,0.0
500032,0.0831723220226,0.202571861977,0.0
500633,0.0832722887558,0.203022234072,0.0
501234,0.083372255489,0.202845210484,0.0
501835,0.0834722222222,0.202915529407,0.0
502436,0.0835721889554,0.202856241934,0.0
503037,0.0836721556886,0.202812900767,0.0
503638,0.0837721224218,0.202313962063,0.0
504239,0.083872089155,0.202913884954,0.0
504840,0.0839720558882,0.202282632931,0.0
505441,0.0840720226214,0.202448643114,0.0
506042,0.0841719893546,0.202124067107,0.0
506643,0.0842719560878,0.202566199366,0.0
507244,0.084371922821,0.201943288056,0.0
507845,0.0844718895542,0.202874470071,0.0
508446,0.0845718562874,0.202387999046,0.0
509047,0.0846718230206,0.202916962104,0.0
509648,0.0847717897538,0.202534696287,0.0
510249,0.084871756487,0.202949418276,0.0
510850,0.0849717232202,0.202420135774,0.0
511451,0.0850716899534,0.202889124428,0.0
512052,0.0851716566866,0.202858678782,0.0
512653,0.0852716234198,0.20286951746,0.0
513254,0.085371590153,0.202937258141,0.0
513855,0.0854715568862,0.203124744251,0.0
514456,0.0855715236194,0.202770772383,0.0
515057,0.0856714903526,0.202759722854,0.0
515658,0.0857714570858,0.203466073396,0.0
516259,0.085871423819,0.203266498085,0.0
516860,0.0859713905522,0.203164849879,0.0
517461,0.0860713572854,0.203175900894,0.0
518062,0.0861713240186,0.202886216491,0.0
518663,0.0862712907518,0.202292580089,0.0
519264,0.086371257485,0.203011890109,0.0
519865,0.0864712242182,0.202629657758,0.0
520466,0.0865711909514,0.202668906736,0.0
521067,0.0866711576846,0.20270476363,0.0
521668,0.0867711244178,0.202887258974,0.0
522269,0.086871091151,0.201989189406,0.0
522870,0.0869710578842,0.203002991583,0.0
523471,0.0870710246174,0.203131633161,0.0
524072,0.0871709913506,0.203085767112,0.0
524673,0.0872709580838,0.20313572247,0.0
525274,0.087370924817,0.203250381073,0.0
525875,0.0874708915502,0.202497129482,0.0
526476,0.0875708582834,0.202947149453,0.0
527077,0.0876708250166,0.20290477045,0.0
527678,0.0877707917498,0.202920424093,0.0
528279,0.087870758483,0.202838187111,0.0
528880,0.0879707252162,0.203073451765,0.0
529481,0.0880706919494,0.202679750936,0.0
530082,0.0881706586826,0.20252898532,0.0
530683,0.0882706254158,0.202882323999,0.0
531284,0.088370592149,0.20279364621,0.0
531885,0.0884705588822,0.202932621252,0.0
532486,0.0885705256154,0.202659180125,0.0
533087,0.0886704923486,0.202719054969,0.0
533688,0.0887704590818,0.202241017788,0.0
534289,0.088870425815,0.202716068556,0.0
534890,0.0889703925482,0.20243523915,0.0
535491,0.0890703592814,0.202605769728,0.0
536092,0.0891703260146,0.20221759726,0.0
536693,0.0892702927478,0.202475779796,0.0
537294,0.089370259481,0.20200182584,0.0
537895,0.0894702262142,0.202565538193,0.0
538496,0.0895701929474,0.202766976385,0.0
539097,0.0896701596806,0.202534358108,0.0
539698,0.0897701264138,0.202698484958,0.0
540299,0.089870093147,0.202748128914,0.0
540900,0.0899700598802,0.202245702843,0.0
541501,0.0900700266134,0.202588139405,0.0
542102,0.0901699933466,0.202946891777,0.0
542703,0.0902699600798,0.202769292898,0.0
543304,0.090369926813,0.202901257622,0.0
543905,0.0904698935462,0.203376656637,0.0
544506,0.0905698602794,0.203140383248,0.0
545107,0.0906698270126,0.202848961236,0.0
545708,0.0907697937458,0.203397848235,0.0
546309,0.090869760479,0.203176370323,0.0
546910,0.0909697272122,0.203211482245,0.0
547511,0.0910696939454,0.203145764742,0.0
548112,0.0911696606786,0.20327409876,0.0
548713,0.0912696274118,0.202464814388,0.0
549314,0.091369594145,0.203746878091,0.0
549915,0.0914695608782,0.202945227346,0.0
550516,0.0915695276114,0.203426979608,0.0
551117,0.0916694943446,0.202882724861,0.0
551718,0.0917694610778,0.204025056985,0.0
552319,0.091869427811,0.202090438336,0.0
552920,0.0919693945442,0.203892469691,0.0
553521,0.0920693612774,0.203325961421,0.0
554122,0.0921693280106,0.203795330398,0.0
554723,0.0922692947438,0.203390507226,0.0
555324,0.092369261477,0.203793532198,0.0
555925,0.0924692282102,0.202753746272,0.0
556526,0.0925691949434,0.203320494474,0.0
557127,0.0926691616766,0.203572109546,0.0
557728,0.0927691284098,0.203440214482,0.0
558329,0.092869095143,0.203492725988,0.0
558930,0.0929690618762,0.203428901292,0.0
559531,0.0930690286094,0.202963140722,0.0
560132,0.0931689953426,0.202841255126,0.0
560733,0.0932689620758,0.203516201418,0.0
561334,0.093368928809,0.203396086874,0.0
561935,0.0934688955422,0.203456552979,0.0
562536,0.0935688622754,0.203293376213,0.0
563137,0.0936688290086,0.203091959568,0.0
563738,0.0937687957418,0.202290764889,0.0
564339,0.093868762475,0.203245847976,0.0
564940,0.0939687292083,0.20293065462,0.0
565541,0.0940686959415,0.203197728766,0.0
566142,0.0941686626747,0.202847808123,0.0
566743,0.0942686294079,0.20338157058,0.0
567344,0.0943685961411,0.202053370921,0.0
567945,0.0944685628743,0.203423755609,0.0
568546,0.0945685296075,0.20303395508,0.0
569147,0.0946684963407,0.203610259211,0.0
569748,0.0947684630739,0.203240986095,0.0
570349,0.0948684298071,0.203597283491,0.0
570950,0.0949683965403,0.202726252983,0.0
571551,0.0950683632735,0.20343950838,0.0
572152,0.0951683300067,0.203562154963,0.0
572753,0.0952682967399,0.20349215339,0.0
573354,0.0953682634731,0.203318936529,0.0
573955,0.0954682302063,0.203426415311,0.0
574556,0.0955681969395,0.203076368722,0.0
575157,0.0956681636727,0.202942625564,0.0
575758,0.0957681304059,0.203758899152,0.0
576359,0.0958680971391,0.203372144658,0.0
576960,0.0959680638723,0.203393756468,0.0
577561,0.0960680306055,0.203073194514,0.0
578162,0.0961679973387,0.203119450067,0.0
578763,0.0962679640719,0.202326370147,0.0
579364,0.0963679308051,0.203219367426,0.0
579965,0.0964678975383,0.202837939233,0.0
580566,0.0965678642715,0.20315183222,0.0
581167,0.0966678310047,0.202702038039,0.0
581768,0.0967677977379,0.202992178178,0.0
582369,0.0968677644711,0.202058858225,0.0
582970,0.0969677312043,0.203028433948,0.0
583571,0.0970676979375,0.202829290567,0.0
584172,0.0971676646707,0.203166510153,0.0
584773,0.0972676314039,0.202923829025,0.0
585374,0.0973675981371,0.203145635069,0.0
585975,0.0974675648703,0.202440178734,0.0
586576,0.0975675316035,0.202897290208,0.0
587177,0.0976674983367,0.203170324754,0.0
587778,0.0977674650699,0.20311726636,0.0
588379,0.0978674318031,0.203052718696,0.0
588980,0.0979673985363,0.202998150442,0.0
589581,0.0980673652695,0.202708783282,0.0
590182,0.0981673320027,0.202601152318,0.0
590783,0.0982672987359,0.203028618106,0.0
591384,0.0983672654691,0.202952782958,0.0
591985,0.0984672322023,0.203182253995,0.0
592586,0.0985671989355,0.202946398266,0.0
593187,0.0986671656687,0.203085980067,0.0
593788,0.0987671324019,0.202281523742,0.0
594389,0.0988670991351,0.203312991531,0.0
594990,0.0989670658683,0.203041695379,0.0
595591,0.0990670326015,0.203204829643,0.0
596192,0.0991669993347,0.203001759537,0.0
596793,0.0992669660679,0.203477626306,0.0
597394,0.0993669328011,0.20210668804,0.0
597995,0.0994668995343,0.203318597085,0.0
598596,0.0995668662675,0.203120782388,0.0
599197,0.0996668330007,0.203039551805,0.0
599798,0.0997667997339,0.203207712348,0.0
600399,0.0998667664671,0.203551006788,0.0
601000,0.0999667332003,0.202649889669,0.0
601201,0.100000166334,0.201911529653,0.0
