601,9.99667332003e-05,0.0,0.0
1202,0.000199933466401,0.00176192006852,0.00345263298506
1803,0.000299900199601,0.0275792732432,0.044481174679
2404,0.000399866932801,0.106806295952,0.162415379851
3005,0.000499833666001,0.17650996148,0.25513841794
3606,0.000599800399202,0.275985325435,0.384788174176
4207,0.000699767132402,0.401795894242,0.545795748322
4808,0.000799733865602,0.467445196424,0.608824063843
5409,0.000899700598802,0.502002294599,0.640847869239
6010,0.000999667332003,0.546193553973,0.689053290402
6611,0.0010996340652,0.579017940315,0.730813211845
7212,0.0011996007984,0.607155477243,0.756295138313
7813,0.0012995675316,0.642749736783,0.781616593373
8414,0.0013995342648,0.676991114984,0.791077717584
9015,0.001499500998,0.713322953431,0.815078237653
9616,0.0015994677312,0.751902105375,0.845668749034
10217,0.0016994344644,0.800047507938,0.882049720511
10818,0.0017994011976,0.858478210653,0.927878749229
11419,0.00189936793081,0.914882162349,0.986277674758
12020,0.00199933466401,0.958579855953,1.03614072859
12621,0.00209930139721,1.0326853415,1.14511312887
13222,0.00219926813041,1.10150587055,1.22539619455
13823,0.00229923486361,1.16536445128,1.31676345297
14424,0.00239920159681,1.30073756866,1.49996643836
15025,0.00249916833001,1.38511640599,1.61836905802
15626,0.00259913506321,1.36640966144,1.63892355033
16227,0.00269910179641,1.35403467229,1.65223307811
16828,0.00279906852961,1.36994692049,1.69268428715
17429,0.00289903526281,1.4430974964,1.76964529595
18030,0.00299900199601,1.59126715901,1.87949843918
18631,0.00309896872921,1.65042040848,1.91225614116
19232,0.00319893546241,1.68187571346,1.9124022244
19833,0.00329890219561,1.69708109056,1.90252724084
20434,0.00339886892881,1.70092219152,1.90933511256
21035,0.00349883566201,1.6852053959,1.86760174734
21636,0.00359880239521,1.74080812337,1.8869912817
22237,0.00369876912841,1.76782231679,1.95385605709
22838,0.00379873586161,1.81765745837,2.0344507246
23439,0.00389870259481,1.84167564585,2.09934481146
24040,0.00399866932801,1.82688248487,2.10927134075
24641,0.00409863606121,1.7715128571,1.99362477458
25242,0.00419860279441,1.65748350716,1.84291165804
25843,0.00429856952761,1.56835661395,1.70847207703
26444,0.00439853626081,1.51013821084,1.60210160624
27045,0.00449850299401,1.42564148732,1.46974123712
27646,0.00459846972721,1.41252366473,1.46568634486
28247,0.00469843646041,1.35522959944,1.42170305586
28848,0.00479840319361,1.35283705906,1.42786928929
29449,0.00489836992681,1.30928547863,1.36974544202
30050,0.00499833666001,1.2622667747,1.29569053499
30651,0.00509830339321,1.20256748025,1.21314834669
31252,0.00519827012641,1.13464710526,1.14066485954
31853,0.00529823685961,1.09795099658,1.08793606682
32454,0.00539820359281,1.05437028347,1.04461051401
33055,0.00549817032601,1.01182805445,1.01298985327
33656,0.00559813705921,0.98685555258,1.00691587121
34257,0.00569810379242,0.971883867739,1.02257559446
34858,0.00579807052562,1.04277900009,1.12577664393
35459,0.00589803725882,1.1476052937,1.28865115395
36060,0.00599800399202,1.20530894592,1.38056262932
36661,0.00609797072522,1.23460393938,1.40715795919
37262,0.00619793745842,1.26103210548,1.40104797612
37863,0.00629790419162,1.30261599661,1.39325558693
38464,0.00639787092482,1.33015698416,1.43287970579
39065,0.00649783765802,1.42658472356,1.46016857467
39666,0.00659780439122,1.54531042491,1.59534114245
40267,0.00669777112442,1.58952394364,1.65633674163
40868,0.00679773785762,1.58518562523,1.65696574475
41469,0.00689770459082,1.56606853336,1.61832650813
42070,0.00699767132402,1.57221167239,1.61310750376
42671,0.00709763805722,1.5812500805,1.60409743816
43272,0.00719760479042,1.63633651837,1.6246746432
43873,0.00729757152362,1.65327492676,1.60827242786
44474,0.00739753825682,1.69874769758,1.65059528857
45075,0.00749750499002,1.79042299866,1.68228450715
45676,0.00759747172322,1.88518665828,1.75495076572
46277,0.00769743845642,2.00689827503,1.88159849744
46878,0.00779740518962,2.17058272618,2.13795830471
47479,0.00789737192282,2.24489222907,2.19545830547
48080,0.00799733865602,2.42016587662,2.38654130939
48681,0.00809730538922,2.83087216276,2.78145402811
49282,0.00819727212242,3.05102930161,3.01877119988
49883,0.00829723885562,3.0757063109,3.07772128283
50484,0.00839720558882,3.16442281109,3.13432823996
51085,0.00849717232202,3.35355278705,3.24125957862
51686,0.00859713905522,3.70105714759,3.65172053148
52287,0.00869710578842,3.96833218534,3.9599431136
52888,0.00879707252162,4.14815501679,4.20817918869
53489,0.00889703925482,4.34407130219,4.45715296068
54090,0.00899700598802,4.65086267707,4.94367833553
54691,0.00909697272122,4.61903088934,4.99292609811
55292,0.00919693945442,4.39295352842,4.77754451825
55893,0.00929690618762,4.10124597332,4.57753887322
56494,0.00939687292083,3.7593940501,4.19114810808
57095,0.00949683965403,3.35891333961,3.71916931726
57696,0.00959680638723,3.19123983567,3.37205287434
58297,0.00969677312043,3.20956954948,3.249749742
58898,0.00979673985363,3.33315960982,3.3771509967
59499,0.00989670658683,3.38345547014,3.43094716771
60100,0.00999667332003,3.53344393305,3.61208607593
60701,0.0100966400532,3.57389133746,3.74008154601
61302,0.0101966067864,3.51763254156,3.66901940293
61903,0.0102965735196,3.34528291317,3.4243424216
62504,0.0103965402528,3.08695676166,3.16439371534
63105,0.010496506986,3.0739957487,3.06890187163
63706,0.0105964737192,2.97228058245,2.94730547052
64307,0.0106964404524,2.89616884155,2.86652666684
64908,0.0107964071856,2.85056096986,2.76458172476
65509,0.0108963739188,2.74152908094,2.617186716
66110,0.010996340652,2.7231194134,2.56230561237
66711,0.0110963073852,2.88348039094,2.62868318176
67312,0.0111962741184,3.1292245558,2.85612770161
67913,0.0112962408516,3.20306156241,2.99487763752
68514,0.0113962075848,3.19960998227,3.0416176061
69115,0.011496174318,3.3278137316,3.24406948268
69716,0.0115961410512,3.48141533575,3.46861350063
70317,0.0116961077844,3.54806472227,3.66463972771
70918,0.0117960745176,3.56972102214,3.69045102672
71519,0.0118960412508,3.41376305687,3.4873677803
72120,0.011996007984,3.08141220948,3.05876367297
72721,0.0120959747172,2.70628390715,2.70514081724
73322,0.0121959414504,2.42804127441,2.44650365794
73923,0.0122959081836,2.14328084695,2.10814237001
74524,0.0123958749168,1.91052605854,1.82948897333
75125,0.01249584165,1.744720582,1.65860847463
75726,0.0125958083832,1.59346316696,1.48351050081
76327,0.0126957751164,1.50673697273,1.33349074751
76928,0.0127957418496,1.47163744577,1.31192833768
77529,0.0128957085828,1.40970588046,1.27979593589
78130,0.012995675316,1.36024317623,1.22629892504
78731,0.0130956420492,1.29900464932,1.15126318913
79332,0.0131956087824,1.28505449376,1.14529062792
79933,0.0132955755156,1.29937905044,1.20131890619
80534,0.0133955422488,1.33115750375,1.23589736943
81135,0.013495508982,1.34537495848,1.26138331416
81736,0.0135954757152,1.36636700852,1.25909299743
82337,0.0136954424484,1.39306895161,1.26837101075
82938,0.0137954091816,1.48846511089,1.33862032969
83539,0.0138953759148,1.66255294805,1.52093110406
84140,0.013995342648,1.87995803321,1.68089640842
84741,0.0140953093812,1.94823330329,1.73082247517
85342,0.0141952761144,1.96795197891,1.74661780359
85943,0.0142952428476,1.95539487511,1.73050442608
86544,0.0143952095808,1.89313901813,1.68596932945
87145,0.014495176314,1.89073543161,1.66361891465
87746,0.0145951430472,1.86014814056,1.67365922258
88347,0.0146951097804,1.80605304103,1.68082596891
88948,0.0147950765136,1.81254593699,1.74247096823
89549,0.0148950432468,1.77956028459,1.76949632196
90150,0.01499500998,1.83579143248,1.78991118185
90751,0.0150949767132,1.88485791294,1.7977008799
91352,0.0151949434464,1.85345201066,1.75993697949
91953,0.0152949101796,1.83821437377,1.74368071822
92554,0.0153948769128,1.81172139697,1.71927777828
93155,0.015494843646,1.80706643915,1.64429913379
93756,0.0155948103792,1.77279687735,1.6192892525
94357,0.0156947771124,1.71775784952,1.58493177276
94958,0.0157947438456,1.68579666285,1.58158757216
95559,0.0158947105788,1.71734043583,1.61190333703
96160,0.015994677312,1.74764464134,1.6594327168
96761,0.0160946440452,1.82762086345,1.77265029442
97362,0.0161946107784,1.8930989943,1.81036591883
97963,0.0162945775116,1.88541851237,1.8107721394
98564,0.0163945442448,1.89120534816,1.794536652
99165,0.016494510978,1.90234724912,1.79895949327
99766,0.0165944777112,1.92815062869,1.80236966563
100367,0.0166944444444,1.91017658764,1.8059233818
100968,0.0167944111776,1.89613492875,1.77228075647
101569,0.0168943779108,1.95633921083,1.83501246801
102170,0.016994344644,1.96099455275,1.91971721369
102771,0.0170943113772,2.06433530116,2.07882462857
103372,0.0171942781104,2.19775343438,2.24741352031
103973,0.0172942448436,2.19620611378,2.23824895855
104574,0.0173942115768,2.13655584225,2.1839961102
105175,0.01749417831,2.04281967441,2.10056060164
105776,0.0175941450432,1.96165291893,2.00784767234
106377,0.0176941117764,1.89180571717,1.96089358421
106978,0.0177940785096,1.87019277381,1.98378145729
107579,0.0178940452428,1.88094293881,1.99891344128
108180,0.017994011976,1.88306185236,1.99510992664
108781,0.0180939787092,1.87991038112,1.98529235175
109382,0.0181939454424,1.83863956946,1.92067494975
109983,0.0182939121756,1.7982111498,1.85043503919
110584,0.0183938789088,1.82161965522,1.84632052993
111185,0.018493845642,1.85923295787,1.87504871224
111786,0.0185938123752,1.94676455843,1.96936911759
112387,0.0186937791084,2.1058698109,2.10826341112
112988,0.0187937458417,2.24472688197,2.25297418737
113589,0.0188937125749,2.28743265294,2.2435770155
114190,0.0189936793081,2.27560454578,2.1919337258
114791,0.0190936460413,2.27041646875,2.14676650825
115392,0.0191936127745,2.35283408627,2.21438364508
115993,0.0192935795077,2.3490146121,2.18662219087
116594,0.0193935462409,2.3396100976,2.11637800032
117195,0.0194935129741,2.31406732356,2.02722875569
117796,0.0195934797073,2.31861280861,2.03500503735
118397,0.0196934464405,2.34111500583,2.06515066528
118998,0.0197934131737,2.39629116869,2.15642407351
119599,0.0198933799069,2.38219910449,2.19288560585
120200,0.0199933466401,2.33138234841,2.1985356378
120801,0.0200933133733,2.25963733043,2.14708874562
121402,0.0201932801065,2.20383866102,2.09398686543
122003,0.0202932468397,2.20624170618,2.0442734356
122604,0.0203932135729,2.16407393919,2.02713241841
123205,0.0204931803061,2.1286103565,2.00228192358
123806,0.0205931470393,2.03321776591,1.92022440081
124407,0.0206931137725,1.9667035676,1.88537701968
125008,0.0207930805057,1.88167628591,1.84066432776
125609,0.0208930472389,1.82381984855,1.76622118422
126210,0.0209930139721,1.72113814696,1.67022796581
126811,0.0210929807053,1.61275102807,1.56234373165
127412,0.0211929474385,1.47461772578,1.47149540068
128013,0.0212929141717,1.45644687219,1.5169855929
128614,0.0213928809049,1.55139619885,1.58280505295
129215,0.0214928476381,1.52500178317,1.54382778442
129816,0.0215928143713,1.50387421502,1.50256126375
130417,0.0216927811045,1.48688065017,1.49659369761
131018,0.0217927478377,1.43156762385,1.45016414814
131619,0.0218927145709,1.3324194953,1.35233925127
132220,0.0219926813041,1.25321503761,1.25930089434
132821,0.0220926480373,1.21707525819,1.22198857103
133422,0.0221926147705,1.27014952314,1.26326175743
134023,0.0222925815037,1.34116434025,1.31170885154
134624,0.0223925482369,1.4010607898,1.32814839951
135225,0.0224925149701,1.47058127167,1.38551137618
135826,0.0225924817033,1.52977459227,1.36378927522
136427,0.0226924484365,1.62476665461,1.46489686627
137028,0.0227924151697,1.79085068431,1.64482254897
137629,0.0228923819029,1.9667166153,1.84636152747
138230,0.0229923486361,2.02767497394,1.92625571477
138831,0.0230923153693,1.90928008754,1.86612678467
139432,0.0231922821025,1.78934630923,1.74218373369
140033,0.0232922488357,1.67618376149,1.67009434382
140634,0.0233922155689,1.57802332622,1.5916870962
141235,0.0234921823021,1.5759230682,1.54506560459
141836,0.0235921490353,1.68744079444,1.64567327022
142437,0.0236921157685,1.77012608008,1.77514104225
143038,0.0237920825017,1.75417420389,1.73541536777
143639,0.0238920492349,1.66221393432,1.64889606611
144240,0.0239920159681,1.60784220962,1.59910361952
144841,0.0240919827013,1.61811522136,1.61189973286
145442,0.0241919494345,1.64019005847,1.63645845288
146043,0.0242919161677,1.63845542219,1.637875911
146644,0.0243918829009,1.66178503633,1.61737176291
147245,0.0244918496341,1.69597095697,1.62586610546
147846,0.0245918163673,1.74524310754,1.6802654819
148447,0.0246917831005,1.88114184916,1.75324023671
149048,0.0247917498337,1.97223338261,1.75667066517
149649,0.0248917165669,2.02341496937,1.75487764317
150250,0.0249916833001,2.04896145031,1.7517813766
150851,0.0250916500333,2.13121692707,1.83718275899
151452,0.0251916167665,2.10818232529,1.80265066866
152053,0.0252915834997,2.12677491743,1.83014384249
152654,0.0253915502329,2.08204791959,1.80514066757
153255,0.0254915169661,1.91586163914,1.7210664304
153856,0.0255914836993,1.75613924002,1.66915834972
154457,0.0256914504325,1.65192955825,1.61659890869
155058,0.0257914171657,1.64039341115,1.6546622146
155659,0.0258913838989,1.6659317348,1.71103429953
156260,0.0259913506321,1.68894268328,1.77243223512
156861,0.0260913173653,1.69844432486,1.79639471161
157462,0.0261912840985,1.71573731431,1.81713701632
158063,0.0262912508317,1.75682013837,1.84803203533
158664,0.0263912175649,1.85646354342,1.94448134918
159265,0.0264911842981,1.86690062634,1.98688429221
159866,0.0265911510313,1.83887542103,1.95218805899
160467,0.0266911177645,1.76630792919,1.85667752563
161068,0.0267910844977,1.72496981311,1.78238124123
161669,0.0268910512309,1.68394027354,1.72728955647
162270,0.0269910179641,1.66466179425,1.69835844189
162871,0.0270909846973,1.64621657979,1.64908255133
163472,0.0271909514305,1.6608584936,1.63695483522
164073,0.0272909181637,1.6791915058,1.65696140586
164674,0.0273908848969,1.64322440702,1.66607573395
165275,0.0274908516301,1.54210708212,1.59239371742
165876,0.0275908183633,1.46044645935,1.49700964174
166477,0.0276907850965,1.49444247961,1.53000016989
167078,0.0277907518297,1.46095951953,1.53709050208
167679,0.0278907185629,1.50252525017,1.55052300487
168280,0.0279906852961,1.58331292585,1.61713340356
168881,0.0280906520293,1.59389329635,1.63895599042
169482,0.0281906187625,1.52601222354,1.59650983412
170083,0.0282905854957,1.43020726281,1.50618777754
170684,0.0283905522289,1.3475523744,1.43242863135
171285,0.0284905189621,1.31538012423,1.42191667678
171886,0.0285904856953,1.29361294513,1.39292443376
172487,0.0286904524285,1.31887212333,1.37803111132
173088,0.0287904191617,1.38349814495,1.46595773337
173689,0.0288903858949,1.39708794077,1.4979501574
174290,0.0289903526281,1.40508384935,1.48197263176
174891,0.0290903193613,1.47327502909,1.52098348271
175492,0.0291902860945,1.61406877406,1.63128690463
176093,0.0292902528277,1.72738706525,1.7305203586
176694,0.0293902195609,1.73480007975,1.72143974992
177295,0.0294901862941,1.65900184103,1.63645956693
177896,0.0295901530273,1.54643472326,1.51022396789
178497,0.0296901197605,1.4248051136,1.38537632038
179098,0.0297900864937,1.40073448874,1.35722633306
179699,0.0298900532269,1.39425155007,1.35967672433
180300,0.0299900199601,1.39029987997,1.39266006109
180901,0.0300899866933,1.42086689305,1.41696984313
181502,0.0301899534265,1.45708429909,1.48007874567
182103,0.0302899201597,1.41648220537,1.48246790341
182704,0.0303898868929,1.44271829371,1.51004847297
183305,0.0304898536261,1.53704612588,1.59505755171
183906,0.0305898203593,1.62422673787,1.68723559056
184507,0.0306897870925,1.74310548295,1.80615158472
185108,0.0307897538257,1.86241828984,1.92897796958
185709,0.0308897205589,2.03900685162,2.13737892499
186310,0.0309896872921,2.07019752316,2.17436377087
186911,0.0310896540253,2.07298419714,2.1753346997
187512,0.0311896207585,2.07615899862,2.16509992021
188113,0.0312895874917,2.06316752588,2.17590622481
188714,0.0313895542249,2.02783706336,2.23809954388
189315,0.0314895209581,1.96324698235,2.24909721038
189916,0.0315894876913,1.90289525988,2.1757432732
190517,0.0316894544245,1.9584089466,2.19403604852
191118,0.0317894211577,1.91667373086,2.11154651647
191719,0.0318893878909,1.92759329004,2.10433232609
192320,0.0319893546241,1.94194766536,2.03312348131
192921,0.0320893213573,2.01645113968,2.05850799124
193522,0.0321892880905,2.07365962914,2.0528228145
194123,0.0322892548237,2.04188421434,2.05183894017
194724,0.0323892215569,1.9601101184,1.97673735976
195325,0.0324891882901,1.7606467437,1.81909945161
195926,0.0325891550233,1.63909543703,1.68790881478
196527,0.0326891217565,1.57252250962,1.58080429766
197128,0.0327890884897,1.6617301188,1.72602402654
197729,0.0328890552229,1.76455530133,1.96747838948
198330,0.0329890219561,1.88393743695,2.1280996581
198931,0.0330889886893,2.03516105332,2.27637079617
199532,0.0331889554225,2.14079002027,2.30217882511
200133,0.0332889221557,2.22666811087,2.32422024938
200734,0.0333888888889,2.3482123761,2.44104959745
201335,0.0334888556221,2.37170945822,2.43368889946
201936,0.0335888223553,2.44831695879,2.53932528782
202537,0.0336887890885,2.72700397458,2.91430360049
203138,0.0337887558217,2.77199228558,3.0134184501
203739,0.0338887225549,2.70551949931,2.9183584352
204340,0.0339886892881,2.61080189879,2.78801895357
204941,0.0340886560213,2.60183780593,2.72182040739
205542,0.0341886227545,2.49883818264,2.60012038847
206143,0.0342885894877,2.34050062239,2.42910107226
206744,0.0343885562209,2.24208265792,2.34407184103
207345,0.0344885229541,2.1101025512,2.2059603403
207946,0.0345884896873,1.91843863612,2.00864904033
208547,0.0346884564205,1.75600748572,1.80309093918
209148,0.0347884231537,1.57272493726,1.60309792005
209749,0.0348883898869,1.42559946406,1.42281845155
210350,0.0349883566201,1.28819376766,1.2889124652
210951,0.0350883233533,1.20056981089,1.21962168625
211552,0.0351882900865,1.13397715343,1.14789486522
212153,0.0352882568197,1.08263933073,1.07768617481
212754,0.0353882235529,1.08072106695,1.09071866704
213355,0.0354881902861,1.09656099745,1.10851074548
213956,0.0355881570193,1.14261494462,1.14592503101
214557,0.0356881237525,1.17495385777,1.18598156412
215158,0.0357880904857,1.18987212576,1.18713114414
215759,0.0358880572189,1.22938730332,1.2662552545
216360,0.0359880239521,1.24882508687,1.31542479497
216961,0.0360879906853,1.27434420475,1.34606559332
217562,0.0361879574185,1.31494096001,1.38393690199
218163,0.0362879241517,1.35764712566,1.41471564105
218764,0.0363878908849,1.36238946215,1.4084242466
219365,0.0364878576181,1.35658778024,1.39730537378
219966,0.0365878243513,1.34559555693,1.37583523441
220567,0.0366877910845,1.33291437368,1.35264523643
221168,0.0367877578177,1.3185532231,1.34162594646
221769,0.0368877245509,1.29384295241,1.31720201092
222370,0.0369876912841,1.27322589938,1.28759226676
222971,0.0370876580173,1.25092224216,1.24189670779
223572,0.0371876247505,1.25773897554,1.22264551565
224173,0.0372875914837,1.2612351404,1.20141559409
224774,0.0373875582169,1.21755274577,1.15931763536
225375,0.0374875249501,1.18496366832,1.10787647142
225976,0.0375874916833,1.17566894546,1.08607822635
226577,0.0376874584165,1.13819969389,1.03445495845
227178,0.0377874251497,1.10144826487,0.969404495988
227779,0.0378873918829,1.13669086986,1.00797974318
228380,0.0379873586161,1.18722527068,1.06487633013
228981,0.0380873253493,1.23770503395,1.20354170995
229582,0.0381872920825,1.31440922574,1.31147615797
230183,0.0382872588157,1.43876878765,1.4302783593
230784,0.0383872255489,1.47041608437,1.45584956764
231385,0.0384871922821,1.47893190922,1.4754459028
231986,0.0385871590153,1.52906776731,1.51574493522
232587,0.0386871257485,1.57689111943,1.54584339439
233188,0.0387870924817,1.68757882371,1.65039688317
233789,0.0388870592149,1.95502512068,1.93533363565
234390,0.0389870259481,1.99236821963,2.04080057542
234991,0.0390869926813,2.04187791272,2.13934481582
235592,0.0391869594145,2.09010333596,2.19771897666
236193,0.0392869261477,2.15344322209,2.27390940203
236794,0.0393868928809,2.18592033862,2.2915035612
237395,0.0394868596141,2.22112694853,2.32586183371
237996,0.0395868263473,2.23078782707,2.30707699561
238597,0.0396867930805,2.15287982975,2.16418295543
239198,0.0397867598137,2.01780709333,1.9982473047
239799,0.0398867265469,1.99060529839,1.93659770557
240400,0.0399866932801,2.02599933222,1.95682197251
241001,0.0400866600133,2.04159403492,1.94560093827
241602,0.0401866267465,2.00292515705,1.89237549961
242203,0.0402865934797,1.92343437771,1.80355880017
242804,0.0403865602129,1.86420785862,1.72811923226
243405,0.0404865269461,1.83347513278,1.68334948943
244006,0.0405864936793,1.77019914892,1.61465507815
244607,0.0406864604125,1.69743236931,1.55625194985
245208,0.0407864271457,1.67301077949,1.51640427528
245809,0.0408863938789,1.69113380789,1.50118102323
246410,0.0409863606121,1.67755123923,1.49206748223
247011,0.0410863273453,1.75008504254,1.56013760192
247612,0.0411862940785,1.79387887967,1.59172292524
248213,0.0412862608117,1.86926598317,1.73762195648
248814,0.0413862275449,1.84945772182,1.80712251402
249415,0.0414861942781,1.82649680847,1.81807203144
250016,0.0415861610113,1.7680033204,1.75172053875
250617,0.0416861277445,1.81883665805,1.78548995382
251218,0.0417860944777,1.81952570159,1.83818410668
251819,0.0418860612109,1.8358114579,1.8430493636
252420,0.0419860279441,1.76946153039,1.82737306915
253021,0.0420859946773,1.72341170812,1.80293678657
253622,0.0421859614105,1.72499308586,1.76867487541
254223,0.0422859281437,1.69975739035,1.77319793306
254824,0.0423858948769,1.76568352232,1.84907387517
255425,0.0424858616101,1.85282678101,2.00817294558
256026,0.0425858283433,1.8873704716,2.07190763335
256627,0.0426857950765,1.9499630305,2.10296630731
257228,0.0427857618097,2.06129647806,2.17625404229
257829,0.0428857285429,2.14226763027,2.23276587569
258430,0.0429856952761,2.18276874355,2.25575054941
259031,0.0430856620093,2.31583808526,2.43133589273
259632,0.0431856287425,2.43136621752,2.62108545748
260233,0.0432855954757,2.6157474689,2.78104274023
260834,0.0433855622089,2.75782376101,2.87960201475
261435,0.0434855289421,2.92118278792,3.06157885269
262036,0.0435854956753,2.90112843258,3.09599077137
262637,0.0436854624085,2.70350754911,2.92879397673
263238,0.0437854291417,2.65082081846,2.88993644209
263839,0.0438853958749,2.63260754335,2.87429620709
264440,0.0439853626081,2.57309427019,2.66312147913
265041,0.0440853293413,2.66095898226,2.66134153777
265642,0.0441852960745,2.81246190065,2.96610820718
266243,0.0442852628077,2.86336177338,3.24424914317
266844,0.0443852295409,2.7058767062,3.05956105079
267445,0.0444851962741,2.52368046003,2.70497857469
268046,0.0445851630073,2.36499302111,2.38642530585
268647,0.0446851297405,2.216535306,2.18040295579
269248,0.0447850964737,2.12743322726,2.00730447071
269849,0.0448850632069,2.17589253396,1.97565735815
270450,0.0449850299401,2.2637038944,1.98593949523
271051,0.0450849966733,2.54272462039,2.27185699411
271652,0.0451849634065,2.52522436293,2.34622194726
272253,0.0452849301397,2.68153312899,2.71406469192
272854,0.0453848968729,3.00317292804,3.29770068582
273455,0.0454848636061,3.25276060584,3.65669498204
274056,0.0455848303393,3.51294905793,3.95912225222
274657,0.0456847970725,3.856612391,4.56113170713
275258,0.0457847638057,4.15206841826,5.01628955742
275859,0.0458847305389,4.12801971748,5.00527634786
276460,0.0459846972721,4.11463220801,4.76503410443
277061,0.0460846640053,4.345848587,5.04678996896
277662,0.0461846307385,3.94230410477,4.51452177545
278263,0.0462845974717,3.70589651762,4.1634000618
278864,0.0463845642049,3.6589263753,4.16043599818
279465,0.0464845309381,3.50393215765,3.95524242168
280066,0.0465844976713,3.2520964843,3.53588740937
280667,0.0466844644045,3.15960412479,3.28526474133
281268,0.0467844311377,3.2003485142,3.24211019295
281869,0.0468843978709,3.02167834801,3.04464513587
282470,0.0469843646041,2.70778873995,2.7095094205
283071,0.0470843313373,2.45005274398,2.39483656071
283672,0.0471842980705,2.3438103065,2.23152622091
284273,0.0472842648037,2.40502821951,2.20383611389
284874,0.0473842315369,2.52517707966,2.39955633585
285475,0.0474841982701,2.60812957733,2.51410890474
286076,0.0475841650033,2.68954430979,2.55689395853
286677,0.0476841317365,2.57993737586,2.49772524236
287278,0.0477840984697,2.4106730957,2.39152077681
287879,0.0478840652029,2.30965932786,2.3794816297
288480,0.0479840319361,2.26425098188,2.37738279622
289081,0.0480839986693,2.17433134336,2.33607738033
289682,0.0481839654025,2.02913703152,2.21082509127
290283,0.0482839321357,1.91757139151,2.10363033053
290884,0.0483838988689,1.83327963342,2.01256927684
291485,0.0484838656021,1.75526054264,1.90646928982
292086,0.0485838323353,1.68340601804,1.80508781896
292687,0.0486837990685,1.55644505279,1.65995346358
293288,0.0487837658017,1.50269686152,1.55608105295
293889,0.0488837325349,1.47085993588,1.49529901021
294490,0.0489836992681,1.40610995364,1.42302352135
295091,0.0490836660013,1.27225225725,1.33315983282
295692,0.0491836327345,1.16990726299,1.27130341958
296293,0.0492835994677,1.16311658392,1.29092910209
296894,0.0493835662009,1.12755548499,1.23872785242
297495,0.0494835329341,1.09282143041,1.17874861138
298096,0.0495834996673,1.06966856021,1.14561010708
298697,0.0496834664005,1.07102697518,1.14136506444
299298,0.0497834331337,1.09356345532,1.15815244827
299899,0.0498833998669,1.13230692677,1.17224025464
300500,0.0499833666001,1.14595091548,1.16398750888
301101,0.0500833333333,1.16214986096,1.17114878069
301702,0.0501833000665,1.17087634292,1.1621899466
302303,0.0502832667997,1.1924894427,1.17782223707
302904,0.0503832335329,1.25887727633,1.22796165995
303505,0.0504832002661,1.29669836314,1.2513704837
304106,0.0505831669993,1.30000003109,1.25116449904
304707,0.0506831337325,1.32121235095,1.26243807625
305308,0.0507831004657,1.34608227117,1.30417800306
305909,0.0508830671989,1.40145862152,1.39062240698
306510,0.0509830339321,1.35274092694,1.34846917397
307111,0.0510830006653,1.33550963182,1.32677543112
307712,0.0511829673985,1.36603741969,1.35869408043
308313,0.0512829341317,1.3171547361,1.31978438642
308914,0.0513829008649,1.25452923812,1.26790631779
309515,0.0514828675981,1.23946993911,1.2184965969
310116,0.0515828343313,1.20527889781,1.15640194441
310717,0.0516828010645,1.1670942135,1.13089546428
311318,0.0517827677977,1.11704865905,1.09538893486
311919,0.0518827345309,1.06773994071,1.04841669812
312520,0.0519827012641,1.05350953026,1.03468927314
313121,0.0520826679973,1.04543411766,1.05181909629
313722,0.0521826347305,1.0543105468,1.07230863922
314323,0.0522826014637,1.04750681429,1.07497173981
314924,0.0523825681969,1.05897501369,1.07868478739
315525,0.0524825349301,1.04325446498,1.07607136889
316126,0.0525825016633,1.00982078449,1.04893864081
316727,0.0526824683965,0.992517177814,1.03302613229
317328,0.0527824351297,0.975180933199,1.01208157111
317929,0.0528824018629,0.952855653707,0.975041167951
318530,0.0529823685961,0.907409792827,0.910951687317
319131,0.0530823353293,0.850401548033,0.838436919913
319732,0.0531823020625,0.802633949541,0.804224672829
320333,0.0532822687957,0.754865565707,0.760378670634
320934,0.0533822355289,0.758434421423,0.773962849974
321535,0.0534822022621,0.745580482179,0.788619676427
322136,0.0535821689953,0.728117494617,0.800788469281
322737,0.0536821357285,0.740354108105,0.82108039132
323338,0.0537821024617,0.761133085376,0.843565991592
323939,0.0538820691949,0.791810327145,0.857305178964
324540,0.0539820359281,0.84516557315,0.894468321342
325141,0.0540820026613,0.861203354028,0.918567367836
325742,0.0541819693945,0.862476189243,0.92246702628
326343,0.0542819361277,0.88866784841,0.95691907871
326944,0.0543819028609,0.9094438526,0.985599698613
327545,0.0544818695941,0.890221419398,0.987518394701
328146,0.0545818363273,0.872580585338,0.971623030479
328747,0.0546818030605,0.882357326754,0.977832200778
329348,0.0547817697937,0.908889672459,0.989322831104
329949,0.0548817365269,0.954550352454,1.05412096618
330550,0.0549817032601,1.01673245693,1.12787300891
331151,0.0550816699933,1.06600524367,1.18791513821
331752,0.0551816367265,1.10241565946,1.21394390847
332353,0.0552816034597,1.12147710276,1.21939123053
332954,0.0553815701929,1.15270429281,1.22449180508
333555,0.0554815369261,1.16420435226,1.23159570475
334156,0.0555815036593,1.21637836622,1.28821765637
334757,0.0556814703925,1.33193278878,1.37867054456
335358,0.0557814371257,1.42214348039,1.45413045515
335959,0.0558814038589,1.45155210422,1.47029292216
336560,0.0559813705921,1.46718997438,1.48004346729
337161,0.0560813373253,1.44861550382,1.46165660587
337762,0.0561813040585,1.46696740603,1.4662432966
338363,0.0562812707917,1.4571324499,1.45138822805
338964,0.056381237525,1.38199620818,1.36340756629
339565,0.0564812042582,1.30641493858,1.27123975201
340166,0.0565811709914,1.26722720255,1.22206578618
340767,0.0566811377246,1.22936560706,1.16867976186
341368,0.0567811044578,1.24447889097,1.1848141186
341969,0.056881071191,1.2448707123,1.16167249033
342570,0.0569810379242,1.26524630107,1.14930725552
343171,0.0570810046574,1.31077982491,1.17266284369
343772,0.0571809713906,1.2946443695,1.18385857815
344373,0.0572809381238,1.26427473372,1.14873979808
344974,0.057380904857,1.27639388264,1.16125081226
345575,0.0574808715902,1.28237056243,1.15744897569
346176,0.0575808383234,1.27822429154,1.14223742772
346777,0.0576808050566,1.2841173683,1.1376230577
347378,0.0577807717898,1.25885317049,1.10108868693
347979,0.057880738523,1.23997838345,1.07716033042
348580,0.0579807052562,1.23289933341,1.0740453541
349181,0.0580806719894,1.26024492999,1.12308882515
349782,0.0581806387226,1.27202643584,1.14396150754
350383,0.0582806054558,1.28253646282,1.15085832462
350984,0.058380572189,1.26346994206,1.12190853579
351585,0.0584805389222,1.23525707558,1.08393908377
352186,0.0585805056554,1.21117080618,1.08306702669
352787,0.0586804723886,1.24062622143,1.15049104255
353388,0.0587804391218,1.30430646093,1.24242595268
353989,0.058880405855,1.34251374758,1.31795377544
354590,0.0589803725882,1.38291018044,1.36346816429
355191,0.0590803393214,1.40990351439,1.4048299072
355792,0.0591803060546,1.45022117158,1.46995939143
356393,0.0592802727878,1.45057056599,1.48555550132
356994,0.059380239521,1.50323811955,1.55353583823
357595,0.0594802062542,1.55901545128,1.63530626274
358196,0.0595801729874,1.63026119286,1.72779847956
358797,0.0596801397206,1.62885384257,1.69908102144
359398,0.0597801064538,1.62872616406,1.70606267715
359999,0.059880073187,1.57616012624,1.65009374407
360600,0.0599800399202,1.54617701187,1.59381600383
361201,0.0600800066534,1.49307491123,1.48668161011
361802,0.0601799733866,1.41215940796,1.37936410903
362403,0.0602799401198,1.39773909714,1.3323741325
363004,0.060379906853,1.36069997644,1.28465125125
363605,0.0604798735862,1.4081740905,1.30989429706
364206,0.0605798403194,1.33929666487,1.27179367437
364807,0.0606798070526,1.2603963029,1.20945451736
365408,0.0607797737858,1.21257647477,1.13670663632
366009,0.060879740519,1.16831980568,1.08341934479
366610,0.0609797072522,1.16482266109,1.04583274412
367211,0.0610796739854,1.15516376406,1.04671163318
367812,0.0611796407186,1.19750441751,1.13371939366
368413,0.0612796074518,1.23856671214,1.1911507633
369014,0.061379574185,1.26679236677,1.19786083907
369615,0.0614795409182,1.28823025155,1.23752467618
370216,0.0615795076514,1.30614486464,1.27024893166
370817,0.0616794743846,1.36505198751,1.28940985537
371418,0.0617794411178,1.51894005388,1.41609086655
372019,0.061879407851,1.59052649252,1.501664461
372620,0.0619793745842,1.73812103222,1.65886540061
373221,0.0620793413174,1.91636327257,1.85677291162
373822,0.0621793080506,2.01971776975,2.00358493354
374423,0.0622792747838,2.14813253224,2.15404967876
375024,0.062379241517,2.226676014,2.22341693706
375625,0.0624792082502,2.24225179041,2.21279480721
376226,0.0625791749834,2.21341973765,2.18141417394
376827,0.0626791417166,2.19356198109,2.19346922887
377428,0.0627791084498,2.264185972,2.24443421488
378029,0.062879075183,2.25178945769,2.23757716944
378630,0.0629790419162,2.25093688151,2.2541685367
379231,0.0630790086494,2.29430673124,2.32506701653
379832,0.0631789753826,2.26550091421,2.32778134574
380433,0.0632789421158,2.19200751947,2.24043518169
381034,0.063378908849,2.1075000027,2.14613550275
381635,0.0634788755822,1.97421307162,1.99399906454
382236,0.0635788423154,1.85290164163,1.8278097311
382837,0.0636788090486,1.73072884528,1.65980958912
383438,0.0637787757818,1.60027997097,1.52127319446
384039,0.063878742515,1.60065489343,1.55245805737
384640,0.0639787092482,1.6912599175,1.70610087732
385241,0.0640786759814,1.78373824247,1.8549969999
385842,0.0641786427146,1.86487748054,1.91344836743
386443,0.0642786094478,1.91556919222,1.94892734433
387044,0.064378576181,1.92715511149,1.93050155967
387645,0.0644785429142,1.96076521947,1.91475905454
388246,0.0645785096474,2.03617357193,1.97144650554
388847,0.0646784763806,1.99765620069,1.923598733
389448,0.0647784431138,2.07691500045,2.00582869834
390049,0.064878409847,2.21676941981,2.28949386079
390650,0.0649783765802,2.25656081438,2.3999470091
391251,0.0650783433134,2.34511448586,2.51801480987
391852,0.0651783100466,2.34572952891,2.53988642135
392453,0.0652782767798,2.26650164818,2.48328955805
393054,0.065378243513,2.14922463413,2.41373199561
393655,0.0654782102462,2.08617270176,2.33749318293
394256,0.0655781769794,2.05338955901,2.23142186753
394857,0.0656781437126,2.06053844619,2.19529138418
395458,0.0657781104458,1.98544621565,2.13302881539
396059,0.065878077179,1.93160713163,2.10354562409
396660,0.0659780439122,1.85260896068,2.00148112472
397261,0.0660780106454,1.77236523109,1.85432706526
397862,0.0661779773786,1.69228465888,1.75542550839
398463,0.0662779441118,1.61747659755,1.63706820657
399064,0.066377910845,1.53529080951,1.52634976707
399665,0.0664778775782,1.47962564685,1.43397700872
400266,0.0665778443114,1.40236894031,1.35930498616
400867,0.0666778110446,1.35388238149,1.32316876921
401468,0.0667777777778,1.31117172847,1.28367525994
402069,0.066877744511,1.25694778939,1.25079058018
402670,0.0669777112442,1.22891802518,1.24648752522
403271,0.0670776779774,1.25265634985,1.29822993573
403872,0.0671776447106,1.30731302861,1.37995670652
404473,0.0672776114438,1.35964195708,1.44478574304
405074,0.067377578177,1.34888893442,1.41381485594
405675,0.0674775449102,1.29444724004,1.34770435911
406276,0.0675775116434,1.23554574576,1.28583830438
406877,0.0676774783766,1.20893316682,1.2443500384
407478,0.0677774451098,1.21353665973,1.24092780078
408079,0.067877411843,1.28045467,1.31408457018
408680,0.0679773785762,1.28562666083,1.34092194456
409281,0.0680773453094,1.34354665452,1.43202887719
409882,0.0681773120426,1.36581404297,1.45401242844
410483,0.0682772787758,1.35359478192,1.42345881444
411084,0.068377245509,1.34480849819,1.41987110646
411685,0.0684772122422,1.37043769961,1.47067147318
412286,0.0685771789754,1.38161166157,1.50268698871
412887,0.0686771457086,1.37419928959,1.50527624285
413488,0.0687771124418,1.36215742289,1.44937221217
414089,0.068877079175,1.36401855256,1.40838633566
414690,0.0689770459082,1.33053757861,1.39660378965
415291,0.0690770126414,1.30297448473,1.38178453367
415892,0.0691769793746,1.2570347567,1.32908634447
416493,0.0692769461078,1.2095741726,1.27282839729
417094,0.069376912841,1.21127128699,1.28547902705
417695,0.0694768795742,1.2154793831,1.29053495523
418296,0.0695768463074,1.28646369589,1.38477280826
418897,0.0696768130406,1.31410049944,1.41495822179
419498,0.0697767797738,1.33316718374,1.43943582311
420099,0.069876746507,1.31451862401,1.4204986596
420700,0.0699767132402,1.32323693174,1.42927777529
421301,0.0700766799734,1.30917462529,1.4259914653
421902,0.0701766467066,1.33707557404,1.45917399355
422503,0.0702766134398,1.39349921649,1.54778080862
423104,0.070376580173,1.37488756022,1.54108070599
423705,0.0704765469062,1.35003207043,1.51946163188
424306,0.0705765136394,1.33276543835,1.50020749622
424907,0.0706764803726,1.3453980023,1.50710011412
425508,0.0707764471058,1.42080367835,1.60128310182
426109,0.070876413839,1.49868602697,1.67053160089
426710,0.0709763805722,1.54472692434,1.70320028552
427311,0.0710763473054,1.56841423909,1.76426475111
427912,0.0711763140386,1.6142819393,1.83089921633
428513,0.0712762807718,1.69503113199,1.8932263019
429114,0.071376247505,1.70053913067,1.88821945053
429715,0.0714762142382,1.69812620741,1.88639710898
430316,0.0715761809714,1.72020824964,1.90280682431
430917,0.0716761477046,1.72166233716,1.89407025605
431518,0.0717761144378,1.68148997418,1.82944587244
432119,0.071876081171,1.65447390495,1.78416566462
432720,0.0719760479042,1.64400714422,1.75617236561
433321,0.0720760146374,1.57160202324,1.68399706891
433922,0.0721759813706,1.56882909218,1.65849137433
434523,0.0722759481038,1.55836145025,1.64173913842
435124,0.072375914837,1.61141113242,1.68275165954
435725,0.0724758815702,1.6194824421,1.68962046284
436326,0.0725758483034,1.58326637386,1.64463871761
436927,0.0726758150366,1.64835015216,1.72433466159
437528,0.0727757817698,1.68883639593,1.84680694552
438129,0.072875748503,1.70045319156,1.89407871275
438730,0.0729757152362,1.69939091292,1.8515378411
439331,0.0730756819694,1.6879882876,1.79433721447
439932,0.0731756487026,1.63296630786,1.72644915603
440533,0.0732756154358,1.55854328176,1.66076265799
441134,0.073375582169,1.61402998919,1.75174799507
441735,0.0734755489022,1.60403897932,1.79798479219
442336,0.0735755156354,1.6772458165,1.96628803324
442937,0.0736754823686,1.72290689451,2.03321316236
443538,0.0737754491018,1.72727337782,2.02882921811
444139,0.073875415835,1.71253365537,1.98031142417
444740,0.0739753825682,1.67818532145,1.91199484989
445341,0.0740753493014,1.5888341959,1.80904558109
445942,0.0741753160346,1.50248942888,1.69695140768
446543,0.0742752827678,1.44101016895,1.61873257983
447144,0.074375249501,1.38399160932,1.57149658498
447745,0.0744752162342,1.30872130094,1.49208270146
448346,0.0745751829674,1.21165433139,1.37433385419
448947,0.0746751497006,1.15545607675,1.27220624566
449548,0.0747751164338,1.10850178255,1.18209339634
450149,0.074875083167,1.08304174354,1.12704707513
450750,0.0749750499002,1.08753575769,1.12444345375
451351,0.0750750166334,1.13740413588,1.14662783886
451952,0.0751749833666,1.14061764587,1.16820079914
452553,0.0752749500998,1.12943687684,1.16065901898
453154,0.075374916833,1.10012646823,1.12271430124
453755,0.0754748835662,1.08994277184,1.10028419147
454356,0.0755748502994,1.04313156099,1.05718335742
454957,0.0756748170326,1.0124402755,1.02494270515
455558,0.0757747837658,1.03318807657,1.04232516861
456159,0.075874750499,1.06035496473,1.07342149325
456760,0.0759747172322,1.10415964954,1.10825859874
457361,0.0760746839654,1.09953052046,1.08538949089
457962,0.0761746506986,1.11621855918,1.09338144501
458563,0.0762746174318,1.10678841884,1.05573461646
459164,0.076374584165,1.08962306047,1.0408264453
459765,0.0764745508982,1.09952138066,1.02239987775
460366,0.0765745176314,1.12737722672,1.02673554136
460967,0.0766744843646,1.11962978197,1.02294247495
461568,0.0767744510978,1.13197107247,1.0005450034
462169,0.076874417831,1.19370164174,1.04803513651
462770,0.0769743845642,1.30798907097,1.16947704631
463371,0.0770743512974,1.33806356356,1.18517426131
463972,0.0771743180306,1.39978952895,1.21605742231
464573,0.0772742847638,1.44628912939,1.27966555756
465174,0.077374251497,1.51176367053,1.34005018313
465775,0.0774742182302,1.49674355947,1.30921353868
466376,0.0775741849634,1.47688195582,1.27124648536
466977,0.0776741516966,1.48668213168,1.2559126552
467578,0.0777741184298,1.45011634582,1.22289928043
468179,0.077874085163,1.46619603348,1.2273167601
468780,0.0779740518962,1.51351113679,1.26277856246
469381,0.0780740186294,1.5583895268,1.30065736752
469982,0.0781739853626,1.58916593517,1.32191427081
470583,0.0782739520958,1.59039457572,1.33357922075
471184,0.078373918829,1.58214106352,1.33952585233
471785,0.0784738855622,1.5668722958,1.36199639485
472386,0.0785738522954,1.65825641482,1.44553582248
472987,0.0786738190286,1.73652233861,1.52577732759
473588,0.0787737857618,1.69691218972,1.5204540007
474189,0.078873752495,1.65193784787,1.48021775542
474790,0.0789737192282,1.63548800623,1.44188074162
475391,0.0790736859614,1.58193759286,1.40605196038
475992,0.0791736526946,1.55197727967,1.42992804051
476593,0.0792736194278,1.5319277065,1.48585112115
477194,0.079373586161,1.49583689018,1.52220800549
477795,0.0794735528942,1.45740929573,1.53680997147
478396,0.0795735196274,1.49409516114,1.57323181865
478997,0.0796734863606,1.55952584626,1.63594680685
479598,0.0797734530938,1.52520844574,1.59265375243
480199,0.079873419827,1.43705718898,1.5194421213
480800,0.0799733865602,1.36045119758,1.4290586939
481401,0.0800733532934,1.31402110527,1.3748432119
482002,0.0801733200266,1.28806902182,1.36094381676
482603,0.0802732867598,1.28359784229,1.38756660335
483204,0.080373253493,1.31035325373,1.43190774668
483805,0.0804732202262,1.33730403862,1.41377982673
484406,0.0805731869594,1.30083737217,1.34363873481
485007,0.0806731536926,1.26987000395,1.30872906526
485608,0.0807731204258,1.26721761,1.29783505858
486209,0.080873087159,1.23752814942,1.25479558965
486810,0.0809730538922,1.23578717051,1.23682828594
487411,0.0810730206254,1.32474665842,1.31476024752
488012,0.0811729873586,1.31221729079,1.29054944264
488613,0.0812729540918,1.31514565415,1.29866614291
489214,0.081372920825,1.36194219899,1.34978378459
489815,0.0814728875582,1.3973195168,1.42334594958
490416,0.0815728542914,1.35796290508,1.39524261817
491017,0.0816728210246,1.3107360848,1.34850903791
491618,0.0817727877578,1.28170070405,1.3179684759
492219,0.081872754491,1.24857553739,1.2848829491
492820,0.0819727212242,1.2700568026,1.29753556152
493421,0.0820726879574,1.25355902442,1.25821106859
494022,0.0821726546906,1.23988322151,1.25947908968
494623,0.0822726214238,1.23544967276,1.25439987332
495224,0.082372588157,1.24325981863,1.25040987062
495825,0.0824725548902,1.21573370765,1.21031845552
496426,0.0825725216234,1.16692707382,1.16648541728
497027,0.0826724883566,1.12985116223,1.13145346578
497628,0.0827724550898,1.12124155959,1.07830758798
498229,0.082872421823,1.09577161177,1.01829968024
498830,0.0829723885562,1.07917578226,1.00165319522
499431,0.0830723552894,1.11055881035,1.02349014571
500032,0.0831723220226,1.13736380384,1.04446562098
500633,0.0832722887558,1.2397213444,1.167515736
501234,0.083372255489,1.31903563489,1.2873651046
501835,0.0834722222222,1.39251006338,1.40554593779
502436,0.0835721889554,1.43207219921,1.48816964574
503037,0.0836721556886,1.42773772507,1.4767647635
503638,0.0837721224218,1.43994911795,1.4725921602
504239,0.083872089155,1.45363499212,1.49169065724
504840,0.0839720558882,1.59275440567,1.6993789547
505441,0.0840720226214,1.69294210103,1.8831530508
506042,0.0841719893546,1.71320928987,1.99941263517
506643,0.0842719560878,1.70990909037,2.01260688094
507244,0.084371922821,1.69050689378,1.98260373152
507845,0.0844718895542,1.67387779463,1.9440994877
508446,0.0845718562874,1.7094690626,1.95151701861
509047,0.0846718230206,1.67431546253,1.87734970647
509648,0.0847717897538,1.63647428404,1.80248576972
510249,0.084871756487,1.61193650581,1.70829018581
510850,0.0849717232202,1.65453350157,1.69783352957
511451,0.0850716899534,1.59769002966,1.63100903988
512052,0.0851716566866,1.52288769582,1.59665373256
512653,0.0852716234198,1.4404452078,1.58979058134
513254,0.085371590153,1.36489336494,1.56496658851
513855,0.0854715568862,1.35137858618,1.58784980082
514456,0.0855715236194,1.36189507219,1.57748403556
515057,0.0856714903526,1.34131802866,1.52417085907
515658,0.0857714570858,1.31419230507,1.44653653803
516259,0.085871423819,1.28117620297,1.36188601671
516860,0.0859713905522,1.25720977304,1.26850686157
517461,0.0860713572854,1.27075997732,1.23900346887
518062,0.0861713240186,1.26176995492,1.19728083043
518663,0.0862712907518,1.25029090543,1.18736507265
519264,0.086371257485,1.24339741537,1.21009681545
519865,0.0864712242182,1.26920373376,1.26953564658
520466,0.0865711909514,1.26405511463,1.29028204904
521067,0.0866711576846,1.245766029,1.28762925891
521668,0.0867711244178,1.21642963104,1.25248022977
522269,0.086871091151,1.17357612318,1.23328892826
522870,0.0869710578842,1.14313856281,1.21143638031
523471,0.0870710246174,1.11106438737,1.16322586809
524072,0.0871709913506,1.05488413987,1.07722557931
524673,0.0872709580838,1.08282447823,1.03735045912
525274,0.087370924817,1.13665843987,1.07662307729
525875,0.0874708915502,1.14389248979,1.07981754445
526476,0.0875708582834,1.22795357683,1.14908928939
527077,0.0876708250166,1.2922308368,1.22750286971
527678,0.0877707917498,1.33856974727,1.28210296047
528279,0.087870758483,1.40600527957,1.30405671307
528880,0.0879707252162,1.43734561803,1.34341333733
529481,0.0880706919494,1.48781665318,1.38193043811
530082,0.0881706586826,1.61693777888,1.49925562951
530683,0.0882706254158,1.65744897118,1.53766865831
531284,0.088370592149,1.68633813869,1.55964902795
531885,0.0884705588822,1.74291280584,1.6167386216
532486,0.0885705256154,1.83470346465,1.70219152437
533087,0.0886704923486,1.87925648237,1.7101289312
533688,0.0887704590818,1.90726717867,1.72975549701
534289,0.088870425815,2.00975174127,1.83134132524
534890,0.0889703925482,2.0605436619,1.97867469066
535491,0.0890703592814,2.0817871784,2.06841419926
536092,0.0891703260146,2.17810930752,2.20273134254
536693,0.0892702927478,2.31203111953,2.33437575289
537294,0.089370259481,2.48404536715,2.51799678348
537895,0.0894702262142,2.45187467791,2.44930361517
538496,0.0895701929474,2.35644883714,2.32977361307
539097,0.0896701596806,2.25035940377,2.18477366022
539698,0.0897701264138,2.15247612032,2.05003721162
540299,0.089870093147,2.12180843153,1.97144610894
540900,0.0899700598802,2.30618629243,2.18558220728
541501,0.0900700266134,2.47098598293,2.39267254109
542102,0.0901699933466,2.42246244964,2.3581210876
542703,0.0902699600798,2.40859871431,2.34743819076
543304,0.090369926813,2.27329726155,2.21968433072
543905,0.0904698935462,2.11582907116,2.12212296127
544506,0.0905698602794,2.04072728938,2.08867041832
545107,0.0906698270126,1.96468821746,2.0261178156
545708,0.0907697937458,1.9360474006,2.00800429207
546309,0.090869760479,1.95695405604,2.08140752542
546910,0.0909697272122,2.10266216034,2.23642189233
547511,0.0910696939454,2.14644939847,2.25831413892
548112,0.0911696606786,2.2159661465,2.3553597133
548713,0.0912696274118,2.24331594055,2.38996052508
549314,0.091369594145,2.20744818936,2.34857663278
549915,0.0914695608782,2.14338017045,2.28264669198
550516,0.0915695276114,2.07447662176,2.15399830174
551117,0.0916694943446,2.00536448942,2.04001974346
551718,0.0917694610778,1.92975890427,1.94250720718
552319,0.091869427811,1.87186646866,1.86747389758
552920,0.0919693945442,1.80830377907,1.81468658786
553521,0.0920693612774,1.72412858908,1.68868422805
554122,0.0921693280106,1.65547406552,1.6400165431
554723,0.0922692947438,1.61920799603,1.56843633891
555324,0.092369261477,1.58922486259,1.55606291495
555925,0.0924692282102,1.5691051248,1.57105018096
556526,0.0925691949434,1.60385412233,1.64174077051
557127,0.0926691616766,1.64846955096,1.69528975815
557728,0.0927691284098,1.64895849135,1.68024475298
558329,0.092869095143,1.65458713718,1.67472035177
558930,0.0929690618762,1.68778491945,1.68721539746
559531,0.0930690286094,1.75194067827,1.74180930859
560132,0.0931689953426,1.87747185102,1.85073492675
560733,0.0932689620758,1.92046723384,1.88591264621
561334,0.093368928809,1.92885367995,1.89687882131
561935,0.0934688955422,1.76632868493,1.75160318687
562536,0.0935688622754,1.65131378948,1.66636417584
563137,0.0936688290086,1.57260728082,1.62369919749
563738,0.0937687957418,1.52584725042,1.57535296487
564339,0.093868762475,1.43965815402,1.49709652787
564940,0.0939687292083,1.41280256036,1.46963616579
565541,0.0940686959415,1.40940653199,1.49620869192
566142,0.0941686626747,1.38384191602,1.48058434103
566743,0.0942686294079,1.37098501568,1.46472244205
567344,0.0943685961411,1.3797399418,1.47194764972
567945,0.0944685628743,1.38240753207,1.47508786783
568546,0.0945685296075,1.33878844,1.47671757452
569147,0.0946684963407,1.29251063431,1.45509573963
569748,0.0947684630739,1.25757096409,1.44867564355
570349,0.0948684298071,1.23299271477,1.43524437525
570950,0.0949683965403,1.26340036406,1.43307070051
571551,0.0950683632735,1.35028798452,1.54369676811
572152,0.0951683300067,1.35906747621,1.5823631023
572753,0.0952682967399,1.36717577478,1.61859669387
573354,0.0953682634731,1.3510706008,1.61958520995
573955,0.0954682302063,1.3302128266,1.57636862317
574556,0.0955681969395,1.33378478869,1.54044376908
575157,0.0956681636727,1.33034939613,1.49775958676
575758,0.0957681304059,1.29620395994,1.44458428932
576359,0.0958680971391,1.27907659439,1.39693793773
576960,0.0959680638723,1.24023169268,1.35539915485
577561,0.0960680306055,1.17196233385,1.29204236807
578162,0.0961679973387,1.10692288013,1.2426597901
578763,0.0962679640719,1.11839930798,1.2499936578
579364,0.0963679308051,1.10441254369,1.22219209621
579965,0.0964678975383,1.12055050152,1.20238299993
580566,0.0965678642715,1.11447850294,1.17479922692
581167,0.0966678310047,1.088138412,1.14244523485
581768,0.0967677977379,1.02619552769,1.07462236638
582369,0.0968677644711,0.990981162621,1.01495297484
582970,0.0969677312043,0.936406196989,0.954689783257
583571,0.0970676979375,0.886464169866,0.899713124411
584172,0.0971676646707,0.862968981061,0.899566754758
584773,0.0972676314039,0.848251316133,0.891181319424
585374,0.0973675981371,0.836588733678,0.858349883918
585975,0.0974675648703,0.842077729423,0.835137763509
586576,0.0975675316035,0.847541687609,0.817047341131
587177,0.0976674983367,0.923930715264,0.872966187714
587778,0.0977674650699,1.03396183513,0.94897682925
588379,0.0978674318031,1.11122569013,1.00255800962
588980,0.0979673985363,1.17431148882,1.05491191455
589581,0.0980673652695,1.16146199116,1.05536465125
590182,0.0981673320027,1.15320902485,1.08181175412
590783,0.0982672987359,1.1492736335,1.11461081984
591384,0.0983672654691,1.1178055403,1.13363233113
591985,0.0984672322023,1.07355768831,1.11862644967
592586,0.0985671989355,1.03832253709,1.11484233747
593187,0.0986671656687,0.997502075579,1.06641548132
593788,0.0987671324019,0.951711017379,1.01710004589
594389,0.0988670991351,0.888261359619,0.96950673248
594990,0.0989670658683,0.837071343459,0.943751905275
595591,0.0990670326015,0.830111304192,0.94883208374
596192,0.0991669993347,0.822476144977,0.93393042923
596793,0.0992669660679,0.799923193887,0.897620270255
597394,0.0993669328011,0.765657184355,0.863622848886
597995,0.0994668995343,0.744347232762,0.824820337524
598596,0.0995668662675,0.74359248286,0.803580232637
599197,0.0996668330007,0.733281436216,0.78449851964
599798,0.0997667997339,0.750132239237,0.795472095883
600399,0.0998667664671,0.76062140043,0.796900298949
601000,0.0999667332003,0.791734379821,0.810538475367
601201,0.100000166334,0.800807992769,0.816590020008
