2004,0.000333333333333,0.0284885812725,0.0227791336556,28.4317178368,22.7336663229
4008,0.000666666666667,0.0617553920641,0.0578087905423,61.6321278084,57.6934037349
6012,0.001,0.102763299959,0.100349001986,102.558183592,100.148704577
8016,0.00133333333333,0.138482326076,0.133900480771,138.205914248,133.633214343
10020,0.00166666666667,0.234154566014,0.217043537762,233.687191631,216.610317127
12024,0.002,0.418120466347,0.438724687876,417.285894558,437.848989897
14028,0.00233333333333,0.565709673644,0.605192283097,564.580512619,603.984314468
16032,0.00266666666667,0.619425003657,0.733065253269,618.188626404,731.60204917
18036,0.003,0.49216288879,0.522993840358,491.180527735,521.949940477
20040,0.00333333333333,0.954588088588,1.00095160476,952.682723142,998.953697369
22044,0.00366666666667,0.90947798127,1.03605534015,907.662655958,1033.98736542
24048,0.004,1.02430406506,1.29109111478,1022.25954597,1288.5140866
26052,0.00433333333333,1.3277951927,1.79733728017,1325.1449029,1793.74978061
28056,0.00466666666667,1.38907733584,1.71378565289,1386.30472639,1710.36492304
30060,0.005,2.28327408011,2.64744931307,2278.71664682,2642.1649831
32064,0.00533333333333,1.30848786009,1.57315384171,1305.87610788,1570.01381408
34068,0.00566666666667,0.757847028912,0.855947675739,756.334360192,854.239197345
36072,0.006,0.486895508474,0.602857269683,485.923661152,601.65396176
38076,0.00633333333333,0.82394880626,1.01263944407,822.304197864,1010.61820765
40080,0.00666666666667,0.823891919383,0.962762528181,822.247424534,960.840846488
42084,0.007,0.764893988445,0.938478849834,763.367253937,936.605638557
44088,0.00733333333333,0.556578044954,0.691665003201,555.467110733,690.284434332
46092,0.00766666666667,0.504244702129,0.604260742063,503.238225678,603.054632798
48096,0.008,0.804201198962,0.950954022394,802.596006948,949.055910573
50100,0.00833333333333,0.655164299669,0.82313363726,653.856586497,821.490655948
52104,0.00866666666667,1.02705904791,1.16800858503,1025.00902985,1165.67723057
54108,0.009,1.25459724952,1.33315618855,1252.09306339,1330.49519815
56112,0.00933333333333,0.826078281437,0.908870999696,824.429422592,907.056885924
58116,0.00966666666667,0.703058273089,0.754810270156,701.654963163,753.30366283
60120,0.01,0.730249797544,0.776445473569,728.792213118,774.895682204
60121,0.010000166334,0.729972767616,0.776118691874,728.515736144,774.569552769
