2004,0.000333333333333,0.116449019827,-0.300419200553,0.17962734135,0.257838190368,0.424790675539,0.308399947198
4008,0.000666666666667,0.354540349103,-1.37842652242,0.952046760343,1.06008100492,1.85381234943,1.4199440887
6012,0.001,0.979706276203,-2.45784833311,1.24928847227,2.54999817039,3.26511646594,2.83797003045
8016,0.00133333333333,1.75965171684,-2.6717497748,0.389150360318,4.40656892307,4.65783952441,4.00975900176
10020,0.00166666666667,3.47969529556,-4.40260530905,-0.0444198753939,8.19228678834,9.21727411136,7.84989237486
12024,0.002,3.0307828364,-4.39243965494,-0.34732187749,14.113596528,15.3645222318,13.5723454849
14028,0.00233333333333,9.1515471137,-5.14557936547,-7.02634367874,24.1281055197,21.8377481859,23.4359365925
16032,0.00266666666667,9.05899516215,-10.8933865435,-2.16680162749,35.416857319,38.7134710007,28.4764255387
18036,0.003,5.99906601086,-8.62596222987,-2.29329728922,20.1554500447,24.6138423181,18.7349501674
20040,0.00333333333333,12.9077737586,-13.5151935231,-5.66325202896,46.748576496,49.2533258077,49.108382664
22044,0.00366666666667,6.35069551149,-13.96287929,-1.08861764513,45.2901781593,49.2246042566,47.0660675769
24048,0.004,2.24427468325,-10.793850257,-3.08258258456,50.9292031445,58.5525944727,50.7135552929
26052,0.00433333333333,8.87552965396,-14.1469136243,-9.52166422007,69.1071795055,69.4556183127,72.7780691342
28056,0.00466666666667,8.71804609977,-30.9365656112,6.77128337169,70.6189678544,74.0959421971,59.9169578183
30060,0.005,24.0199842809,-59.4817883629,15.740637731,107.168069006,125.847879224,96.1374819703
32064,0.00533333333333,-4.12065907684,-14.8528761919,-2.51722921187,69.9894814871,69.0708789,70.7687623671
34068,0.00566666666667,-0.0860152816068,-25.5722708045,3.06134359344,40.5848610653,47.6611467229,42.5266386453
36072,0.006,-3.93625978302,-14.5364843031,-5.26054155655,26.7906446237,27.5801735801,23.8067548977
38076,0.00633333333333,-5.46690401474,-14.7954462897,-3.92314152651,39.1344184435,40.6593911083,33.7963240819
40080,0.00666666666667,-10.2851836942,-11.1726760945,-2.44304439741,36.4231269607,42.5436170028,39.4980728196
42084,0.007,-9.75316388225,-10.6897997821,-0.927577442085,43.1818882183,46.2556410698,44.9583379502
44088,0.00733333333333,-2.9568289354,-14.041649876,-3.31338292959,28.4226126222,31.3228512356,31.1332923357
46092,0.00766666666667,-1.9079492713,-12.0427186274,-4.83274324884,21.867687559,27.5535827903,25.8397783064
48096,0.008,5.88519221655,-28.3775503518,3.97020166807,32.418337198,46.4912554639,39.9759191481
50100,0.00833333333333,-1.47462951088,-13.1379652177,-1.64482985205,31.2942936991,42.0585477108,37.5125575779
52104,0.00866666666667,7.85285618116,-25.9482521852,2.60497177242,40.9015432164,46.661973146,39.0799466008
54108,0.009,12.0895093146,-27.3057143988,-0.400587376381,50.2469602915,58.8351503141,49.3828861771
56112,0.00933333333333,-3.20303233117,-16.6543872428,2.48536733101,35.4896318237,46.1692088211,33.8394106718
58116,0.00966666666667,-2.90497312909,-10.8097253054,-4.23157987995,28.8912755573,33.1424155933,33.8155374768
60120,0.01,1.05350287075,-26.2435715999,7.78457710183,29.4666902262,36.0989559245,29.4175405856
60121,0.010000166334,1.06812367779,-26.2533408211,7.77971550878,29.4589550671,36.087990867,29.4106869118
