2004,0.000333333333333,2.73427232383,2.77778881479
4008,0.000666666666667,8.48079187782,8.28915054571
6012,0.001,14.2262681185,13.8048929777
8016,0.00133333333333,18.8685031612,17.8643167288
10020,0.00166666666667,32.3693607343,28.2747580913
12024,0.002,59.9320694815,58.5244953707
14028,0.00233333333333,79.4761302404,81.3635843735
16032,0.00266666666667,89.020010065,98.2190870411
18036,0.003,72.1502489339,70.1592671299
20040,0.00333333333333,138.768451602,140.280838344
22044,0.00366666666667,133.366715917,140.81114161
24048,0.004,154.625971482,176.182534202
26052,0.00433333333333,204.52799385,254.014499389
28056,0.00466666666667,204.859340134,235.482549175
30060,0.005,80.0010175926,93.5595756211
32064,0.00533333333333,107.007780229,128.256895048
34068,0.00566666666667,63.1264312107,70.9503845053
36072,0.006,63.801023142,67.444145132
38076,0.00633333333333,108.192140015,109.392448886
40080,0.00666666666667,151.093389941,157.516314701
42084,0.007,210.11561071,215.708557197
44088,0.00733333333333,231.158299936,236.726362499
46092,0.00766666666667,177.040949781,196.928269482
48096,0.008,112.241760875,121.350712146
50100,0.00833333333333,199.308836254,208.069876804
52104,0.00866666666667,152.067376428,163.145169903
54108,0.009,103.476870661,115.364529889
56112,0.00933333333333,62.1322277381,59.3779162088
58116,0.00966666666667,60.5410793068,62.5905366404
60120,0.01,99.4764711302,101.367467423
60121,0.010000166334,99.4171920242,101.320308695
