5010,0.000833333333333,0.0284834915674,0.0
10020,0.00166666666667,0.0282725013194,0.0
15030,0.0025,0.0282207278272,0.0
20040,0.00333333333333,0.0282092837447,0.0
25050,0.00416666666667,0.0282626689937,0.0
30060,0.005,0.0278641999391,0.0
35070,0.00583333333333,0.0280896936335,0.0
40080,0.00666666666667,0.0281362608278,0.0
45090,0.0075,0.0280926920092,0.0
50100,0.00833333333333,0.028079497483,0.0
55110,0.00916666666667,0.0281400637534,0.0
60120,0.01,0.0279866749496,0.0
65130,0.0108333333333,0.0279954031467,0.0
70140,0.0116666666667,0.0281913058035,0.0
75150,0.0125,0.0280585514539,0.0
80160,0.0133333333333,0.0280561494198,0.0
85170,0.0141666666667,0.0281248581711,0.0
90180,0.015,0.0281492281812,0.0
95190,0.0158333333333,0.0278841648136,0.0
100200,0.0166666666667,0.0281662284329,0.0
105210,0.0175,0.028035222437,0.0
110220,0.0183333333333,0.0280452850347,0.0
115230,0.0191666666667,0.028027386413,0.0
120240,0.02,0.0281009045024,0.0
125250,0.0208333333333,0.0276885528512,0.0
130260,0.0216666666667,0.0280463446609,0.0
135270,0.0225,0.0279645501314,0.0
140280,0.0233333333333,0.0279563062315,0.0
145290,0.0241666666667,0.0279280206532,0.0
150300,0.025,0.0279830437315,0.0
155310,0.0258333333333,0.0277995204459,0.0
160320,0.0266666666667,0.0279985871028,0.0
165330,0.0275,0.0279916902385,0.0
170340,0.0283333333333,0.0279598928895,0.0
175350,0.0291666666667,0.0279824001776,0.0
180360,0.03,0.0279989722765,0.0
185370,0.0308333333333,0.0278403418425,0.0
190380,0.0316666666667,0.0278642233106,0.0
195390,0.0325,0.0279026140257,0.0
200400,0.0333333333333,0.0277855865978,0.0
205410,0.0341666666667,0.0277462560632,0.0
210420,0.035,0.0277888666018,0.0
215430,0.0358333333333,0.0278067929362,0.0
220440,0.0366666666667,0.027746436626,0.0
225450,0.0375,0.027838614599,0.0
230460,0.0383333333333,0.0279078359255,0.0
235470,0.0391666666667,0.0279881859068,0.0
240480,0.04,0.0279812901537,0.0
245490,0.0408333333333,0.0281041662642,0.0
250500,0.0416666666667,0.0276840238613,0.0
255510,0.0425,0.0281101822187,0.0
260520,0.0433333333333,0.0279284177663,0.0
265530,0.0441666666667,0.0278408591042,0.0
270540,0.045,0.0278612001496,0.0
275550,0.0458333333333,0.0279825757603,0.0
280560,0.0466666666667,0.0277915526452,0.0
285570,0.0475,0.0278713623854,0.0
290580,0.0483333333333,0.0277441404418,0.0
295590,0.0491666666667,0.0278299760987,0.0
300600,0.05,0.0279490851876,0.0
305610,0.0508333333333,0.0280335690745,0.0
310620,0.0516666666667,0.0278455210514,0.0
315630,0.0525,0.0278475561928,0.0
320640,0.0533333333333,0.0280158591565,0.0
325650,0.0541666666667,0.0279070466017,0.0
330660,0.055,0.0279271350992,0.0
335670,0.0558333333333,0.0279465055914,0.0
340680,0.0566666666667,0.0279925004664,0.0
345690,0.0575,0.0278263831163,0.0
350700,0.0583333333333,0.0281104029075,0.0
355710,0.0591666666667,0.0279702408569,0.0
360720,0.06,0.0280789062415,0.0
365730,0.0608333333333,0.0279329157706,0.0
370740,0.0616666666667,0.0280089286038,0.0
375750,0.0625,0.0276870378376,0.0
380760,0.0633333333333,0.0280176170908,0.0
385770,0.0641666666667,0.0279501343138,0.0
390780,0.065,0.027952662589,0.0
395790,0.0658333333333,0.0279606004649,0.0
400800,0.0666666666667,0.0280061451249,0.0
405810,0.0675,0.0278185832094,0.0
410820,0.0683333333333,0.0280067815058,0.0
415830,0.0691666666667,0.0280279172672,0.0
420840,0.07,0.0280459945193,0.0
425850,0.0708333333333,0.0280556212587,0.0
430860,0.0716666666667,0.0280869254931,0.0
435870,0.0725,0.0279108894758,0.0
440880,0.0733333333333,0.0279062283865,0.0
445890,0.0741666666667,0.0280846254243,0.0
450900,0.075,0.0280080967799,0.0
455910,0.0758333333333,0.0279725672305,0.0
460920,0.0766666666667,0.0279913943227,0.0
465930,0.0775,0.0279786038969,0.0
470940,0.0783333333333,0.0278209063556,0.0
475950,0.0791666666667,0.0280977194401,0.0
480960,0.08,0.0279105540247,0.0
485970,0.0808333333333,0.0279758389924,0.0
490980,0.0816666666667,0.0279309104108,0.0
495990,0.0825,0.0280293501651,0.0
501000,0.0833333333333,0.0276890319133,0.0
506010,0.0841666666667,0.0280871670743,0.0
511020,0.085,0.0279822101659,0.0
516030,0.0858333333333,0.0280177004653,0.0
521040,0.0866666666667,0.0280133407954,0.0
526050,0.0875,0.0281282938134,0.0
531060,0.0883333333333,0.0278166678792,0.0
536070,0.0891666666667,0.0280267792507,0.0
541080,0.09,0.0281059932442,0.0
546090,0.0908333333333,0.0280635675984,0.0
551100,0.0916666666667,0.0281351513125,0.0
556110,0.0925,0.0282706023993,0.0
561120,0.0933333333333,0.028017568702,0.0
566130,0.0941666666667,0.0279368275694,0.0
571140,0.095,0.0280757697892,0.0
576150,0.0958333333333,0.0280094225373,0.0
581160,0.0966666666667,0.0280690283853,0.0
586170,0.0975,0.0280991020015,0.0
591180,0.0983333333333,0.0279253931549,0.0
596190,0.0991666666667,0.0278105480061,0.0
601200,0.1,0.027951108702,0.0
606210,0.100833333333,0.0277423394312,0.0
611220,0.101666666667,0.0278028452133,0.0
616230,0.1025,0.0277047022524,0.0
621240,0.103333333333,0.027866000569,0.0
626250,0.104166666667,0.0276840880861,0.0
631260,0.105,0.027769413649,0.0
636270,0.105833333333,0.0277572275028,0.0
641280,0.106666666667,0.0277542621625,0.0
646290,0.1075,0.0278042322797,0.0
651300,0.108333333333,0.0279550264957,0.0
656310,0.109166666667,0.027795384214,0.0
661320,0.11,0.0280517258081,0.0
666330,0.110833333333,0.0280262970283,0.0
671340,0.111666666667,0.0280200099823,0.0
676350,0.1125,0.0280575121851,0.0
681360,0.113333333333,0.0281085428938,0.0
686370,0.114166666667,0.0279256810907,0.0
691380,0.115,0.0279229740246,0.0
696390,0.115833333333,0.0280701332549,0.0
701400,0.116666666667,0.02802243197,0.0
706410,0.1175,0.02800431652,0.0
711420,0.118333333333,0.0280577132874,0.0
716430,0.119166666667,0.0281196668623,0.0
721440,0.12,0.0278732237207,0.0
726450,0.120833333333,0.0282014329726,0.0
731460,0.121666666667,0.0280548142571,0.0
736470,0.1225,0.0281420771442,0.0
741480,0.123333333333,0.0280109465272,0.0
746490,0.124166666667,0.028094719146,0.0
751500,0.125,0.0276903841455,0.0
756510,0.125833333333,0.0280938227453,0.0
761520,0.126666666667,0.0279550955488,0.0
766530,0.1275,0.028107630109,0.0
771540,0.128333333333,0.0279706930514,0.0
776550,0.129166666667,0.0280357459444,0.0
781560,0.13,0.0278167916212,0.0
786570,0.130833333333,0.0279960957927,0.0
791580,0.131666666667,0.0280050272466,0.0
796590,0.1325,0.028025449186,0.0
801600,0.133333333333,0.0280377552212,0.0
806610,0.134166666667,0.0280148834528,0.0
811620,0.135,0.0278982311083,0.0
816630,0.135833333333,0.0279111147367,0.0
821640,0.136666666667,0.0280341788885,0.0
826650,0.1375,0.0280158835649,0.0
831660,0.138333333333,0.028066885743,0.0
836670,0.139166666667,0.0280731176592,0.0
841680,0.14,0.0280608064997,0.0
846690,0.140833333333,0.0278615935906,0.0
851700,0.141666666667,0.0281301326087,0.0
856710,0.1425,0.0280342951979,0.0
861720,0.143333333333,0.0280307300943,0.0
866730,0.144166666667,0.0279989208545,0.0
871740,0.145,0.0280786239978,0.0
876750,0.145833333333,0.0276923280157,0.0
881760,0.146666666667,0.0281054868161,0.0
886770,0.1475,0.0280395446843,0.0
891780,0.148333333333,0.0279874984891,0.0
896790,0.149166666667,0.0280499760075,0.0
901800,0.15,0.0280881596803,0.0
906810,0.150833333333,0.0278169540465,0.0
911820,0.151666666667,0.0280012735198,0.0
916830,0.1525,0.0280248455808,0.0
921840,0.153333333333,0.0280034671354,0.0
926850,0.154166666667,0.0279985122895,0.0
931860,0.155,0.0280756902065,0.0
936870,0.155833333333,0.0279342359077,0.0
941880,0.156666666667,0.027944840335,0.0
946890,0.1575,0.0280624423088,0.0
951900,0.158333333333,0.0279977132446,0.0
956910,0.159166666667,0.0280400346932,0.0
961920,0.16,0.0279957847637,0.0
966930,0.160833333333,0.0279499010371,0.0
971940,0.161666666667,0.0278055816684,0.0
976950,0.1625,0.0279963620361,0.0
981960,0.163333333333,0.0279026168001,0.0
986970,0.164166666667,0.0279629464195,0.0
991980,0.165,0.0278773070421,0.0
996990,0.165833333333,0.0279849222713,0.0
1002000,0.166666666667,0.0276866091321,0.0
1007010,0.1675,0.0280120639767,0.0
1012020,0.168333333333,0.0279118009915,0.0
1017030,0.169166666667,0.0279594479447,0.0
1022040,0.17,0.0279545140982,0.0
1027050,0.170833333333,0.0280670778605,0.0
1032060,0.171666666667,0.0278291671346,0.0
1037070,0.1725,0.028020338069,0.0
1042080,0.173333333333,0.0280190297949,0.0
1047090,0.174166666667,0.0280294633084,0.0
1052100,0.175,0.0279956251334,0.0
1057110,0.175833333333,0.0280435642839,0.0
1062120,0.176666666667,0.0279165197522,0.0
1067130,0.1775,0.0279279957375,0.0
1072140,0.178333333333,0.028058552628,0.0
1077150,0.179166666667,0.0280354532953,0.0
1082160,0.18,0.0280641175876,0.0
1087170,0.180833333333,0.0280183822403,0.0
1092180,0.181666666667,0.0280327593948,0.0
1097190,0.1825,0.0278432502821,0.0
1102200,0.183333333333,0.0281848305601,0.0
1107210,0.184166666667,0.0280152249948,0.0
1112220,0.185,0.028125816105,0.0
1117230,0.185833333333,0.0280513026427,0.0
1122240,0.186666666667,0.028208736045,0.0
1127250,0.1875,0.0276865213673,0.0
1132260,0.188333333333,0.0281555121606,0.0
1137270,0.189166666667,0.0280013972193,0.0
1142280,0.19,0.0280164718349,0.0
1147290,0.190833333333,0.0280740936612,0.0
1152300,0.191666666667,0.0281055421846,0.0
1157310,0.1925,0.0278276298247,0.0
1162320,0.193333333333,0.0279804704868,0.0
1167330,0.194166666667,0.0279821615277,0.0
1172340,0.195,0.0279887033148,0.0
1177350,0.195833333333,0.0279560302991,0.0
1182360,0.196666666667,0.0279788805903,0.0
1187370,0.1975,0.0278797461745,0.0
1192380,0.198333333333,0.0278876406533,0.0
1197390,0.199166666667,0.0280091582782,0.0
1202400,0.2,0.0279238162705,0.0
1207410,0.200833333333,0.0279215022875,0.0
1212420,0.201666666667,0.0279751778463,0.0
1217430,0.2025,0.02783075999,0.0
1222440,0.203333333333,0.0277708621038,0.0
1227450,0.204166666667,0.0278373804765,0.0
1232460,0.205,0.0277312003974,0.0
1237470,0.205833333333,0.0279797003212,0.0
1242480,0.206666666667,0.0279246539816,0.0
1247490,0.2075,0.0280157573767,0.0
1252500,0.208333333333,0.0276820410944,0.0
1257510,0.209166666667,0.0280060075846,0.0
1262520,0.21,0.0278480963543,0.0
1267530,0.210833333333,0.0279822655486,0.0
1272540,0.211666666667,0.0278787221549,0.0
1277550,0.2125,0.0279731423901,0.0
1282560,0.213333333333,0.027809044308,0.0
1287570,0.214166666667,0.027979622688,0.0
1292580,0.215,0.0280056437439,0.0
1297590,0.215833333333,0.0280879619693,0.0
1302600,0.216666666667,0.0281332930225,0.0
1307610,0.2175,0.028234008155,0.0
1312620,0.218333333333,0.0280937312236,0.0
1317630,0.219166666667,0.0279996126615,0.0
1322640,0.22,0.0279998646178,0.0
1327650,0.220833333333,0.0279472398457,0.0
1332660,0.221666666667,0.0279920856529,0.0
1337670,0.2225,0.0279539245335,0.0
1342680,0.223333333333,0.0279305299707,0.0
1347690,0.224166666667,0.0278042802475,0.0
1352700,0.225,0.0280244587524,0.0
1357710,0.225833333333,0.0279101661415,0.0
1362720,0.226666666667,0.0278662171542,0.0
1367730,0.2275,0.0277432417085,0.0
1372740,0.228333333333,0.0278494535972,0.0
1377750,0.229166666667,0.027684428176,0.0
1382760,0.23,0.0276849750127,0.0
1387770,0.230833333333,0.0277612300511,0.0
1392780,0.231666666667,0.0278919526325,0.0
1397790,0.2325,0.027857608421,0.0
1402800,0.233333333333,0.027836259064,0.0
1407810,0.234166666667,0.027750878998,0.0
1412820,0.235,0.0279407020381,0.0
1417830,0.235833333333,0.0278137952109,0.0
1422840,0.236666666667,0.0278363012921,0.0
1427850,0.2375,0.0278812081264,0.0
1432860,0.238333333333,0.0279734065794,0.0
1437870,0.239166666667,0.0277315997635,0.0
1442880,0.24,0.0278618303475,0.0
1447890,0.240833333333,0.0280230548388,0.0
1452900,0.241666666667,0.027998913227,0.0
1457910,0.2425,0.0280281182892,0.0
1462920,0.243333333333,0.0279661066875,0.0
1467930,0.244166666667,0.0279227516369,0.0
1472940,0.245,0.0278107110074,0.0
1477950,0.245833333333,0.0279995301965,0.0
1482960,0.246666666667,0.0281149121323,0.0
1487970,0.2475,0.0280835004697,0.0
1492980,0.248333333333,0.0282012948686,0.0
1497990,0.249166666667,0.0280533219272,0.0
1503000,0.25,0.0276827130383,0.0
1508010,0.250833333333,0.0279983555483,0.0
1513020,0.251666666667,0.0279504439623,0.0
1518030,0.2525,0.0278257399154,0.0
1523040,0.253333333333,0.0278177928215,0.0
1528050,0.254166666667,0.0276033260936,0.0
1533060,0.255,0.0277057323701,0.0
1538070,0.255833333333,0.0278784485754,0.0
1543080,0.256666666667,0.0277139772539,0.0
1548090,0.2575,0.0279845115225,0.0
1553100,0.258333333333,0.0279461142157,0.0
1558110,0.259166666667,0.0279435989607,0.0
1563120,0.26,0.0280240802012,0.0
1568130,0.260833333333,0.0277782189807,0.0
1573140,0.261666666667,0.0277656407968,0.0
1578150,0.2625,0.0278594981804,0.0
1583160,0.263333333333,0.0277019127128,0.0
1588170,0.264166666667,0.0279781716657,0.0
1593180,0.265,0.0277826580973,0.0
1598190,0.265833333333,0.0277774447169,0.0
1603200,0.266666666667,0.0278488558209,0.0
1608210,0.2675,0.028076888837,0.0
1613220,0.268333333333,0.027824689978,0.0
1618230,0.269166666667,0.027832265487,0.0
1623240,0.27,0.027556556912,0.0
1628250,0.270833333333,0.0276870684223,0.0
1633260,0.271666666667,0.0280204707457,0.0
1638270,0.2725,0.0279359220673,0.0
1643280,0.273333333333,0.0277594276772,0.0
1648290,0.274166666667,0.0279729784102,0.0
1653300,0.275,0.0281974080287,0.0
1658310,0.275833333333,0.0278264461463,0.0
1663320,0.276666666667,0.0279091424078,0.0
1668330,0.2775,0.0280865675247,0.0
1673340,0.278333333333,0.0279061535271,0.0
1678350,0.279166666667,0.0278884331808,0.0
1683360,0.28,0.0281960206034,0.0
1688370,0.280833333333,0.0279143875089,0.0
1693380,0.281666666667,0.0277873877873,0.0
1698390,0.2825,0.027999146326,0.0
1703400,0.283333333333,0.0279149255523,0.0
1708410,0.284166666667,0.0278584557901,0.0
1713420,0.285,0.0279687379154,0.0
1718430,0.285833333333,0.0278805730697,0.0
1723440,0.286666666667,0.0277563735329,0.0
1728450,0.2875,0.0282359581946,0.0
1733460,0.288333333333,0.02824230532,0.0
1738470,0.289166666667,0.0278960315247,0.0
1743480,0.29,0.0280456658485,0.0
1748490,0.290833333333,0.0279569352744,0.0
1753500,0.291666666667,0.0276879740453,0.0
1758510,0.2925,0.0281683266401,0.0
1763520,0.293333333333,0.0280391200521,0.0
1768530,0.294166666667,0.0282511403348,0.0
1773540,0.295,0.028133409413,0.0
1778550,0.295833333333,0.0282381672263,0.0
1783560,0.296666666667,0.0279145220373,0.0
1788570,0.2975,0.0280398403139,0.0
1793580,0.298333333333,0.0280601000082,0.0
1798590,0.299166666667,0.0281691647422,0.0
1803600,0.3,0.0280443896753,0.0
1808610,0.300833333333,0.0278666649959,0.0
1813620,0.301666666667,0.0277884741401,0.0
1818630,0.3025,0.0277411280158,0.0
1823640,0.303333333333,0.0279566128117,0.0
1828650,0.304166666667,0.0278788846221,0.0
1833660,0.305,0.0281936357506,0.0
1838670,0.305833333333,0.028063433432,0.0
1843680,0.306666666667,0.02796218572,0.0
1848690,0.3075,0.0278220839245,0.0
1853700,0.308333333333,0.0281309208966,0.0
1858710,0.309166666667,0.0280714424416,0.0
1863720,0.31,0.0278970321059,0.0
1868730,0.310833333333,0.027939042409,0.0
1873740,0.311666666667,0.0279510827414,0.0
1878750,0.3125,0.0276851806074,0.0
1883760,0.313333333333,0.0278431121918,0.0
1888770,0.314166666667,0.027827602395,0.0
1893780,0.315,0.0279422794196,0.0
1898790,0.315833333333,0.027953726703,0.0
1903800,0.316666666667,0.0280394393499,0.0
1908810,0.3175,0.0278135657003,0.0
1913820,0.318333333333,0.027965814343,0.0
1918830,0.319166666667,0.0278804818572,0.0
1923840,0.32,0.0280448605864,0.0
1928850,0.320833333333,0.0280621950078,0.0
1933860,0.321666666667,0.027907859893,0.0
1938870,0.3225,0.027813287468,0.0
1943880,0.323333333333,0.0278116907728,0.0
1948890,0.324166666667,0.0280892999046,0.0
1953900,0.325,0.0281276194558,0.0
1958910,0.325833333333,0.0279885059156,0.0
1963920,0.326666666667,0.0277559404977,0.0
1968930,0.3275,0.0277869383493,0.0
1973940,0.328333333333,0.0277860041085,0.0
1978950,0.329166666667,0.0282758660216,0.0
1983960,0.33,0.0279664945167,0.0
1988970,0.330833333333,0.0279081521502,0.0
1993980,0.331666666667,0.0280588947984,0.0
1998990,0.3325,0.0282634812398,0.0
2004000,0.333333333333,0.0276877760001,0.0
2009010,0.334166666667,0.0279264812794,0.0
2014020,0.335,0.0278193320461,0.0
2019030,0.335833333333,0.0282502242231,0.0
2024040,0.336666666667,0.0279715267936,0.0
2029050,0.3375,0.0278261278567,0.0
2034060,0.338333333333,0.0278114608039,0.0
2039070,0.339166666667,0.0280626045065,0.0
2044080,0.34,0.0277157020794,0.0
2049090,0.340833333333,0.0279012883363,0.0
2054100,0.341666666667,0.027332696448,0.0
2059110,0.3425,0.0275580622365,0.0
