5010,0.000833333333333,0.199613514302,0.0910061021675
10020,0.00166666666667,0.130813617344,0.0581218410916
15030,0.0025,0.0870109132101,0.045579590206
20040,0.00333333333333,0.068885576094,0.0466823656579
25050,0.00416666666667,0.0654419422902,0.0495086750281
30060,0.005,0.0519135763186,0.0415855119573
35070,0.00583333333333,0.0404865596973,0.0374350377376
40080,0.00666666666667,0.0395162383197,0.0400281624361
45090,0.0075,0.0356670328224,0.0382455725814
50100,0.00833333333333,0.0281555008182,0.0327390913578
55110,0.00916666666667,0.0243901969562,0.0344328349926
60120,0.01,0.0186667442292,0.035506128712
65130,0.0108333333333,0.0145268676039,0.0341287904463
70140,0.0116666666667,0.0205224334275,0.0307652289651
75150,0.0125,0.0222000172766,0.0328945343955
80160,0.0133333333333,0.0252861534506,0.0397437082612
85170,0.0141666666667,0.0314180806794,0.0388469654437
90180,0.015,0.035970182012,0.0412287398209
95190,0.0158333333333,0.0443324719586,0.046850122888
100200,0.0166666666667,0.0511127962934,0.0485495868016
105210,0.0175,0.0469345246409,0.0420914923866
110220,0.0183333333333,0.0397885169793,0.0384185966647
115230,0.0191666666667,0.0423663831843,0.0436390512641
120240,0.02,0.0455478699851,0.0450476519939
125250,0.0208333333333,0.0429205451775,0.0413879527484
130260,0.0216666666667,0.0307251153722,0.0330813931843
135270,0.0225,0.0270917020472,0.0330136458977
140280,0.0233333333333,0.0272789456075,0.0372243598801
145290,0.0241666666667,0.0277330222,0.036402750173
150300,0.025,0.0358762643246,0.0471221482485
155310,0.0258333333333,0.0408953999952,0.0517946463066
160320,0.0266666666667,0.0401681078759,0.0559632893088
165330,0.0275,0.0501616851081,0.0597309428993
170340,0.0283333333333,0.0435278599809,0.0624134540165
175350,0.0291666666667,0.0441048111635,0.0677025286469
180360,0.03,0.0348212460239,0.0678608729155
185370,0.0308333333333,0.0176476418406,0.0596224194758
190380,0.0316666666667,0.0227216071415,0.0726975260156
195390,0.0325,0.0296751605409,0.0670437912296
200400,0.0333333333333,0.0234089772229,0.0708764121171
205410,0.0341666666667,0.031189763973,0.0915355510838
210420,0.035,0.0388378522187,0.0894798354376
215430,0.0358333333333,0.00975506166731,0.0864522450939
220440,0.0366666666667,0.0139524082846,0.0758662753406
225450,0.0375,-0.0127995958965,0.0907061273528
230460,0.0383333333333,0.0106039441714,0.0713555583561
235470,0.0391666666667,0.0557729720129,0.0874763961115
240480,0.04,0.0549099444971,0.0889860930336
245490,0.0408333333333,0.04872739702,0.0825183099315
250500,0.0416666666667,0.0286126307714,0.0966720658808
255510,0.0425,0.0587731835897,0.0908378575336
260520,0.0433333333333,0.0534193772594,0.0784208531473
265530,0.0441666666667,0.0410983763976,0.0941642120527
270540,0.045,0.0212969485554,0.0958446535249
275550,0.0458333333333,0.0569995210886,0.103461361155
280560,0.0466666666667,0.0725346839801,0.0976060983534
285570,0.0475,0.0290050907833,0.0865248796217
290580,0.0483333333333,-0.00116177780657,0.088806082856
295590,0.0491666666667,0.0121848878007,0.0713038562118
300600,0.05,0.0177440744026,0.0737885593848
305610,0.0508333333333,0.0190922163247,0.0785693385885
310620,0.0516666666667,0.00735539778979,0.0930033712667
315630,0.0525,0.0145548692955,0.0791031224225
320640,0.0533333333333,0.0193684078013,0.0742818945712
325650,0.0541666666667,0.0241880942897,0.0845161549908
330660,0.055,0.0413508623048,0.0661555964118
335670,0.0558333333333,0.0442580144657,0.0683665273214
340680,0.0566666666667,0.0407260282638,0.0626147351632
345690,0.0575,0.0519425609878,0.0723080652622
350700,0.0583333333333,0.052715362845,0.0675368484615
355710,0.0591666666667,0.0367874739006,0.0528099191818
360720,0.06,0.0228273831288,0.0449611947156
365730,0.0608333333333,0.0226312664519,0.0449960582923
370740,0.0616666666667,0.022609018061,0.0422290749403
375750,0.0625,0.0269744915074,0.0453111754209
380760,0.0633333333333,0.0316065548627,0.0446265134649
385770,0.0641666666667,0.0357227276985,0.0407655332909
390780,0.065,0.0284943688311,0.0364774303503
395790,0.0658333333333,0.029774424811,0.0372642087148
400800,0.0666666666667,0.0280441608763,0.0353831130448
405810,0.0675,0.0343004829655,0.0450055777833
410820,0.0683333333333,0.0294972976359,0.0431216698656
415830,0.0691666666667,0.0264736899437,0.03759917149
420840,0.07,0.020840898224,0.0336594357269
425850,0.0708333333333,0.0206775810176,0.037436318244
430860,0.0716666666667,0.0299733276969,0.0415681857701
435870,0.0725,0.0360012397128,0.0489506599051
440880,0.0733333333333,0.0411983862628,0.0561219231989
445890,0.0741666666667,0.0365128794388,0.051914309227
450900,0.075,0.0421252081606,0.0520656435201
455910,0.0758333333333,0.0485137441962,0.0539857283735
460920,0.0766666666667,0.053591621971,0.0517824144962
465930,0.0775,0.0444533332501,0.0557533062408
470940,0.0783333333333,0.0401828958831,0.0460301879661
475950,0.0791666666667,0.0499674493235,0.0520875332132
480960,0.08,0.041992828878,0.0485055733407
485970,0.0808333333333,0.0318096870412,0.0480759655429
490980,0.0816666666667,0.0349313111053,0.0606256181763
495990,0.0825,0.0298322766279,0.0519168993789
501000,0.0833333333333,0.0303150157977,0.0490760167424
506010,0.0841666666667,0.030163761635,0.0456623799159
511020,0.085,0.0243928968007,0.0436534973379
516030,0.0858333333333,0.0433057070956,0.0533191081402
521040,0.0866666666667,0.051788587419,0.0692952304813
526050,0.0875,0.0769851407098,0.0907921339864
531060,0.0883333333333,0.0479715763799,0.064439265735
536070,0.0891666666667,0.0339843826721,0.0797773170095
541080,0.09,0.0259099071078,0.063550054188
546090,0.0908333333333,0.0454902368558,0.0711780408706
551100,0.0916666666667,0.0540580279912,0.0726803461304
556110,0.0925,0.0363598712885,0.0746127150187
561120,0.0933333333333,0.0253040651688,0.0834949955459
566130,0.0941666666667,0.0497172935117,0.108972991716
571140,0.095,0.0652932660929,0.120227028209
576150,0.0958333333333,0.105749320231,0.146334194122
581160,0.0966666666667,0.117798918715,0.154322201217
586170,0.0975,0.128474231057,0.17669366084
591180,0.0983333333333,0.0365058091023,0.167641935763
596190,0.0991666666667,-0.000947664165201,0.195446130806
601200,0.1,0.0237375407175,0.220576048344
606210,0.100833333333,0.0819099050767,0.194700874699
611220,0.101666666667,-0.0237629893834,0.206989386592
616230,0.1025,0.042775525251,0.232033385774
621240,0.103333333333,0.0317245052651,0.180362691521
626250,0.104166666667,0.101705581446,0.195566305891
631260,0.105,-0.0510466358444,0.25654208084
636270,0.105833333333,-0.024893733881,0.182451754474
641280,0.106666666667,-0.0302625419149,0.173522894787
646290,0.1075,-0.020002633495,0.121406779309
651300,0.108333333333,-0.00253050007545,0.106769457486
656310,0.109166666667,0.0199853982016,0.0923869858325
661320,0.11,0.0155213491914,0.0845430762145
666330,0.110833333333,0.030150039843,0.0727351379669
671340,0.111666666667,0.0284825333101,0.0628877927787
676350,0.1125,0.0267862305868,0.0543577020912
681360,0.113333333333,0.0298688822558,0.0444013788635
686370,0.114166666667,0.0255339922096,0.0431065892148
691380,0.115,0.027765449072,0.0460720517453
696390,0.115833333333,0.0303480871882,0.0483168435538
701400,0.116666666667,0.0291035452484,0.0452129837505
706410,0.1175,0.0304058970682,0.0450673710962
711420,0.118333333333,0.0325333259053,0.039483395752
716430,0.119166666667,0.0311824042067,0.0351851833528
721440,0.12,0.0332761243978,0.0363579649149
726450,0.120833333333,0.0347882901611,0.0355952046977
731460,0.121666666667,0.0383483965215,0.0352669161021
736470,0.1225,0.0413272084639,0.0371577208523
741480,0.123333333333,0.0353040918611,0.0307598784537
746490,0.124166666667,0.0355531219416,0.0340683123457
751500,0.125,0.0306326239382,0.0302356880436
756510,0.125833333333,0.0266771586866,0.0293672739316
761520,0.126666666667,0.027559129601,0.0312213697228
766530,0.1275,0.0298022930987,0.0363751952824
771540,0.128333333333,0.027135517104,0.0320434872101
776550,0.129166666667,0.0252829522916,0.0292888599311
781560,0.13,0.0260233362516,0.0306931961307
786570,0.130833333333,0.0268055865809,0.0298702834976
791580,0.131666666667,0.0285407416833,0.0295091305528
796590,0.1325,0.0276175999407,0.0279031823579
801600,0.133333333333,0.0302268842455,0.0315987291751
806610,0.134166666667,0.0355671670038,0.0361981652683
811620,0.135,0.0316432832094,0.0324524601898
816630,0.135833333333,0.030546020886,0.0320682591126
821640,0.136666666667,0.0278332530122,0.029820282783
826650,0.1375,0.0296520018203,0.0332276088452
831660,0.138333333333,0.0359306905623,0.042184908826
836670,0.139166666667,0.0365176503459,0.0420164189534
841680,0.14,0.0348963697377,0.0409685854646
846690,0.140833333333,0.032144370004,0.0337783086602
851700,0.141666666667,0.0271570830942,0.0321671212585
856710,0.1425,0.0252855748389,0.0292031257192
861720,0.143333333333,0.0259564464184,0.0281209174205
866730,0.144166666667,0.027511135861,0.0296314044637
871740,0.145,0.0329159129451,0.0344519359376
876750,0.145833333333,0.0317315054915,0.0339099635275
881760,0.146666666667,0.0310871993482,0.0329469498523
886770,0.1475,0.0354042734142,0.0365950439361
891780,0.148333333333,0.0371405421027,0.0360239670996
896790,0.149166666667,0.0344546269533,0.0282861656339
901800,0.15,0.0322847340797,0.0296924183373
906810,0.150833333333,0.0342208657033,0.0325717005231
911820,0.151666666667,0.0362826035012,0.0366866419619
916830,0.1525,0.033547580241,0.0325145948795
921840,0.153333333333,0.0301329081816,0.029302914142
926850,0.154166666667,0.027945530894,0.0287497585039
931860,0.155,0.0277814159129,0.0290236560825
936870,0.155833333333,0.0284346199963,0.0315201698089
941880,0.156666666667,0.0268855057759,0.0293198763416
946890,0.1575,0.0229883972998,0.0286493086688
951900,0.158333333333,0.0299039689584,0.0326038619768
956910,0.159166666667,0.0408031220027,0.0422605771726
961920,0.16,0.033099071164,0.0351689497114
966930,0.160833333333,0.0312370257701,0.0351132635884
971940,0.161666666667,0.0274852785309,0.0356044449281
976950,0.1625,0.0221636378074,0.0316823948129
981960,0.163333333333,0.0177889015455,0.0253942639524
986970,0.164166666667,0.0169451252189,0.0232893299775
991980,0.165,0.0180132727617,0.0221748676661
996990,0.165833333333,0.0196040681741,0.0213706331946
1002000,0.166666666667,0.0206803092945,0.0205797363342
1007010,0.1675,0.0223562225191,0.0214577318652
1012020,0.168333333333,0.0215780339316,0.0239296048127
1017030,0.169166666667,0.0247317634542,0.022523305483
1022040,0.17,0.0260995111636,0.0221283236228
1027050,0.170833333333,0.0291110616603,0.0246873384136
1032060,0.171666666667,0.032379512353,0.0269660093848
1037070,0.1725,0.0369410848902,0.029962844169
1042080,0.173333333333,0.0400108540043,0.0300085525445
1047090,0.174166666667,0.0366603893072,0.0280845060193
1052100,0.175,0.0388771788046,0.0309142687471
1057110,0.175833333333,0.0417570484336,0.033358748072
1062120,0.176666666667,0.0402059914607,0.032474401491
1067130,0.1775,0.0401142658476,0.0372515927411
1072140,0.178333333333,0.0423423063977,0.0383687550533
1077150,0.179166666667,0.04354964588,0.0383190381242
1082160,0.18,0.0405097445362,0.0360127890779
1087170,0.180833333333,0.0434856952246,0.0419055678194
1092180,0.181666666667,0.0488542715016,0.0475548548905
1097190,0.1825,0.0406308915505,0.04185145052
1102200,0.183333333333,0.0429904493831,0.0458780186807
1107210,0.184166666667,0.0422302267288,0.0399914720687
1112220,0.185,0.0387756620968,0.0379189735119
1117230,0.185833333333,0.0347055974629,0.0390592511139
1122240,0.186666666667,0.0421650283836,0.0511578165487
1127250,0.1875,0.0536090718413,0.0607734475383
1132260,0.188333333333,0.0352407914655,0.0478686665205
1137270,0.189166666667,0.0224356446434,0.0450215602008
1142280,0.19,0.0304384199421,0.0554755891236
1147290,0.190833333333,0.0459140817847,0.0534058559599
1152300,0.191666666667,0.032853412898,0.0586196217439
1157310,0.1925,0.0366026897796,0.057339474656
1162320,0.193333333333,0.0289305607911,0.0486002416369
1167330,0.194166666667,0.0332375306862,0.0528772588988
1172340,0.195,0.0393213098959,0.0589158956299
1177350,0.195833333333,0.0525817926783,0.0687904836633
1182360,0.196666666667,0.055272571935,0.0654708562837
1187370,0.1975,0.04582420145,0.0731173845015
1192380,0.198333333333,0.0708016255709,0.101900452992
1197390,0.199166666667,0.0668004452914,0.0972326719811
1202400,0.2,0.0955080869395,0.138022916138
1207410,0.200833333333,0.0559530671698,0.147285605488
1212420,0.201666666667,0.0421340862093,0.151145460696
1217430,0.2025,0.00798138049742,0.135815357311
1222440,0.203333333333,-0.0031691273814,0.124823408974
1227450,0.204166666667,-0.00198268177166,0.110274434636
1232460,0.205,-0.0381775153556,0.112119636752
1237470,0.205833333333,-0.0129199223157,0.104767301751
1242480,0.206666666667,0.0279445539638,0.11408281087
1247490,0.2075,-0.00716942134611,0.0972689230215
1252500,0.208333333333,-0.0147209705359,0.0978688384543
1257510,0.209166666667,0.0269203140368,0.099614331804
1262520,0.21,0.0237728893121,0.0752833640777
1267530,0.210833333333,0.0156804353764,0.0734654646989
1272540,0.211666666667,0.0259574279055,0.0594804621627
1277550,0.2125,0.0257445216101,0.0524875428369
1282560,0.213333333333,0.0252789484236,0.0509156140161
1287570,0.214166666667,0.0286798484246,0.0603298086698
1292580,0.215,0.025875829617,0.0557148138427
1297590,0.215833333333,0.033259726693,0.0508847112232
1302600,0.216666666667,0.0356274987088,0.0638585706289
1307610,0.2175,0.0475761208007,0.0697131484772
1312620,0.218333333333,0.046972807158,0.0835000200579
1317630,0.219166666667,0.0547525544037,0.0886422921955
1322640,0.22,0.0463990790323,0.0662664442507
1327650,0.220833333333,0.0320750962395,0.0609801879956
1332660,0.221666666667,0.035965566905,0.0606813605844
1337670,0.2225,0.0471645541383,0.0606102303711
1342680,0.223333333333,0.0567720108178,0.0767751612543
1347690,0.224166666667,0.085431649027,0.101643267383
1352700,0.225,0.0337168745563,0.0788034610448
1357710,0.225833333333,0.0355079521927,0.082999484204
1362720,0.226666666667,0.037386059949,0.0667409574655
1367730,0.2275,0.0412723085655,0.0744518668711
1372740,0.228333333333,0.0662368402664,0.100182092997
1377750,0.229166666667,0.073392677369,0.127867406027
1382760,0.23,0.0537954184973,0.128469138728
1387770,0.230833333333,0.0950738277163,0.164110747852
1392780,0.231666666667,0.0557607675627,0.1573363333
1397790,0.2325,0.123158890512,0.224357900408
1402800,0.233333333333,0.0496818244679,0.182217079623
1407810,0.234166666667,0.0603355098424,0.209265529619
1412820,0.235,0.0516441692426,0.204541044417
1417830,0.235833333333,0.056551941454,0.282063980552
1422840,0.236666666667,0.0266585090773,0.208244166116
1427850,0.2375,0.0703984238453,0.200984281088
1432860,0.238333333333,0.0779898658712,0.238409683301
1437870,0.239166666667,0.00695789176716,0.211663037332
1442880,0.24,0.0465635783886,0.221629840389
1447890,0.240833333333,-0.0164997211517,0.210754437135
1452900,0.241666666667,0.00435808545749,0.235963579371
1457910,0.2425,-0.0423863709465,0.271150406653
1462920,0.243333333333,0.0340203179448,0.253337938335
1467930,0.244166666667,0.047633146485,0.235587149958
1472940,0.245,0.0566929145917,0.191386965116
1477950,0.245833333333,0.0267159107184,0.15211014843
1482960,0.246666666667,0.0528900410327,0.161767047959
1487970,0.2475,0.0307442729071,0.170423361105
1492980,0.248333333333,0.0792331264815,0.149863329366
1497990,0.249166666667,0.0548825172225,0.131428214339
1503000,0.25,0.0413716419761,0.160648961668
1508010,0.250833333333,0.106703261294,0.179639281746
1513020,0.251666666667,0.0805862984329,0.212459691884
1518030,0.2525,0.0785804316788,0.177347071828
1523040,0.253333333333,0.109399298063,0.233778170107
1528050,0.254166666667,-0.0291738021685,0.239545273847
1533060,0.255,0.0278723943481,0.253355784025
1538070,0.255833333333,0.194880068077,0.279898765437
1543080,0.256666666667,-0.063420239694,0.276571974897
1548090,0.2575,-0.0178565977264,0.298617037029
1553100,0.258333333333,0.134993724266,0.272830949524
1558110,0.259166666667,0.1315593774,0.299878590184
1563120,0.26,0.106427367754,0.289808247575
1568130,0.260833333333,-0.0164388222689,0.249983840854
1573140,0.261666666667,0.0658086538774,0.225427150203
1578150,0.2625,0.0369768982225,0.220522978702
1583160,0.263333333333,0.0751630007397,0.255078744412
1588170,0.264166666667,0.000978664854534,0.246650720966
1593180,0.265,0.00934626795694,0.240550286901
1598190,0.265833333333,0.0164505537633,0.227830149205
1603200,0.266666666667,0.0518882919355,0.200873111498
1608210,0.2675,0.0613535198824,0.236143234612
1613220,0.268333333333,0.0939143381935,0.224107539531
1618230,0.269166666667,-0.0395817779777,0.361002298217
1623240,0.27,0.00672654005385,0.243217981236
1628250,0.270833333333,0.0422584480123,0.179183824833
1633260,0.271666666667,0.082155220993,0.239221701202
1638270,0.2725,0.0188649572765,0.243546930617
1643280,0.273333333333,0.0644582647276,0.243139977936
1648290,0.274166666667,0.0474324699354,0.219997382636
1653300,0.275,0.0982800166436,0.290192035123
1658310,0.275833333333,0.016057949543,0.264676736199
1663320,0.276666666667,0.063892164072,0.18736945467
1668330,0.2775,0.0233012962147,0.19216209674
1673340,0.278333333333,0.0559016055253,0.205874123047
1678350,0.279166666667,-0.00197565561237,0.17549460082
1683360,0.28,0.0342555918022,0.156288599049
1688370,0.280833333333,-0.0122877941334,0.164819173119
1693380,0.281666666667,0.0337798244717,0.160470324055
1698390,0.2825,0.0248382770842,0.127846995729
1703400,0.283333333333,0.0539591866544,0.133173245981
1708410,0.284166666667,0.0643822415697,0.149044999903
1713420,0.285,0.0762122921981,0.154713501839
1718430,0.285833333333,0.0777727619038,0.169640447819
1723440,0.286666666667,0.0897889486455,0.185815756479
1728450,0.2875,0.100067227047,0.175654603428
1733460,0.288333333333,0.0490468582969,0.157035161037
1738470,0.289166666667,0.047248198263,0.14292759337
1743480,0.29,0.0748549525466,0.184426151808
1748490,0.290833333333,0.00316709767858,0.148018776805
1753500,0.291666666667,0.0282824584259,0.181645288966
1758510,0.2925,-0.0403833948728,0.20303568481
1763520,0.293333333333,-0.0167989576833,0.17111755465
1768530,0.294166666667,0.0712998638577,0.159591971823
1773540,0.295,0.0546364612749,0.17016297152
1778550,0.295833333333,0.0670584944226,0.143092390581
1783560,0.296666666667,0.0480081685755,0.143659046242
1788570,0.2975,0.0559658889839,0.161954324164
1793580,0.298333333333,0.1168077341,0.204652059911
1798590,0.299166666667,0.110474148008,0.227282089966
1803600,0.3,0.0976946699114,0.234280346831
1808610,0.300833333333,0.0602424259991,0.273028340537
1813620,0.301666666667,-0.0305798831605,0.263015381485
1818630,0.3025,0.0518950686394,0.213801321678
1823640,0.303333333333,0.0127117303818,0.237310710502
1828650,0.304166666667,-0.10508432402,0.212130587103
1833660,0.305,0.0465136649775,0.17470941482
1838670,0.305833333333,0.153263737891,0.255020739388
1843680,0.306666666667,0.0253035745795,0.158932154092
1848690,0.3075,0.005468944971,0.178535733649
1853700,0.308333333333,0.128655520947,0.204286901202
1858710,0.309166666667,0.12498995496,0.176685217645
1863720,0.31,-0.0659740518514,0.230509949412
1868730,0.310833333333,0.0243729892981,0.163433573774
1873740,0.311666666667,-0.00475179856229,0.152922083235
1878750,0.3125,0.108723450357,0.1999691795
1883760,0.313333333333,0.0267814638368,0.120286604767
1888770,0.314166666667,0.0229403095765,0.18977161542
1893780,0.315,0.015577909317,0.198082893728
1898790,0.315833333333,0.0683284412252,0.181807211841
1903800,0.316666666667,0.0588524948497,0.169837623091
1908810,0.3175,0.109940884397,0.240549027496
1913820,0.318333333333,0.0665850034132,0.222967533812
1918830,0.319166666667,0.0404980134039,0.245969977028
1923840,0.32,0.0849136339156,0.237998752358
1928850,0.320833333333,0.143791923743,0.343621598131
1933860,0.321666666667,-0.00323926985483,0.306077228297
1938870,0.3225,0.0795781214413,0.310865366406
1943880,0.323333333333,-0.00343206050381,0.336505142927
1948890,0.324166666667,0.0908795221077,0.377693901487
1953900,0.325,0.0249487263865,0.399884351464
1958910,0.325833333333,-0.0912688375911,0.366401778416
1963920,0.326666666667,0.0318548606403,0.436645248863
1968930,0.3275,0.162354540097,0.344666936499
1973940,0.328333333333,-0.0694857695328,0.513475511492
1978950,0.329166666667,-0.0812062855711,0.373277957918
1983960,0.33,-0.0180469689509,0.273466360236
1988970,0.330833333333,0.0352851807887,0.272574120682
1993980,0.331666666667,0.114058081687,0.236601945229
1998990,0.3325,0.182149820259,0.340442796841
2004000,0.333333333333,0.171603323307,0.332203071116
2009010,0.334166666667,0.126787639167,0.512533196371
2014020,0.335,-0.016173748537,0.451361002344
2019030,0.335833333333,0.0896797486897,0.574882174958
2024040,0.336666666667,0.155130092761,0.425808283083
2029050,0.3375,0.0594051821362,0.44735342882
2034060,0.338333333333,0.0170666350922,0.453107120657
2039070,0.339166666667,0.196612265497,0.77676914193
2044080,0.34,0.00816140083873,0.635877693035
2049090,0.340833333333,0.215394578924,0.563389205753
2054100,0.341666666667,-0.0103652285526,0.603553537926
2059110,0.3425,-0.21587911937,0.735239078993
2064120,0.343333333333,0.00367441594677,0.709241597382
2069130,0.344166666667,-0.0388591195838,0.696299035084
2074140,0.345,-0.214316228764,0.747466826486
2079150,0.345833333333,0.114623174161,0.480169144343
2084160,0.346666666667,-0.0302829487872,0.471731686875
2089170,0.3475,0.0675625775851,0.427325412032
2094180,0.348333333333,0.179701833958,0.578294533588
2099190,0.349166666667,0.0996007596394,0.490366770152
2104200,0.35,-0.0965416441467,0.655704920249
2109210,0.350833333333,0.0601589373539,0.545796123572
2114220,0.351666666667,0.0229734917026,0.548522988705
2119230,0.3525,0.00150195474181,0.385487979547
2124240,0.353333333333,-0.028447664265,0.246229467036
2129250,0.354166666667,-0.0225300950811,0.238016414048
2134260,0.355,0.113194586211,0.33081342295
2139270,0.355833333333,0.0447040095854,0.229310571643
2144280,0.356666666667,0.0536833938566,0.253048851703
2149290,0.3575,0.085055082604,0.205865547545
2154300,0.358333333333,-0.0328207202079,0.236182106647
2159310,0.359166666667,0.0215302284162,0.156624419688
2164320,0.36,0.0486542433788,0.175233953502
2169330,0.360833333333,0.123986334024,0.184018154127
2174340,0.361666666667,0.0519451933458,0.161561747512
2179350,0.3625,0.0447829648661,0.176181547287
2184360,0.363333333333,0.0349673729411,0.175569111468
2189370,0.364166666667,0.010206736064,0.142170453618
2194380,0.365,0.0414926376773,0.180060079416
2199390,0.365833333333,-0.0391234754169,0.140130297284
2204400,0.366666666667,0.00708157905188,0.134141108619
2209410,0.3675,0.0526807131525,0.154030508612
2214420,0.368333333333,0.103165787932,0.162413322705
2219430,0.369166666667,0.00838148100232,0.140426507445
2224440,0.37,0.043088858595,0.130777410666
2229450,0.370833333333,0.069422452641,0.124161428449
2234460,0.371666666667,0.04192145248,0.103210822535
2239470,0.3725,0.00972422700282,0.1121889285
2244480,0.373333333333,0.0182762919232,0.0897636446283
2249490,0.374166666667,0.00747725931269,0.109652289833
2254500,0.375,0.0394592892784,0.106344462458
2259510,0.375833333333,0.0517845905104,0.0888872564127
2264520,0.376666666667,0.0568249799719,0.0898302968843
2269530,0.3775,0.0476639051754,0.0904457939952
2274540,0.378333333333,0.0418526394499,0.0856453162377
2279550,0.379166666667,0.0387319125348,0.0762522463464
2284560,0.38,0.041045025257,0.088870930485
2289570,0.380833333333,0.0474237230764,0.0846340188037
2294580,0.381666666667,0.0135066711333,0.0709347768686
2299590,0.3825,0.031717516967,0.0785251554948
2304600,0.383333333333,0.0283207477185,0.0749237401593
2309610,0.384166666667,0.0268019656976,0.0676327296808
2314620,0.385,0.0397988986169,0.0768895673068
2319630,0.385833333333,0.0289803999533,0.0759443676498
2324640,0.386666666667,0.0169528405471,0.0607985816749
2329650,0.3875,0.0025942162226,0.0756394517721
2334660,0.388333333333,0.0113316771776,0.0755892065145
2339670,0.389166666667,0.0238352103326,0.0679931013171
2344680,0.39,0.0168909263209,0.0663166327952
2349690,0.390833333333,0.0282921074734,0.0736718838929
2354700,0.391666666667,0.032731499868,0.0607567569504
2359710,0.3925,0.053925563176,0.0760993613934
2364720,0.393333333333,0.0399235532034,0.0555868942352
2369730,0.394166666667,0.0369797999983,0.0507801034227
2374740,0.395,0.0424762420246,0.0523727555808
2379750,0.395833333333,0.0331055661705,0.0436840434581
2384760,0.396666666667,0.0318253606186,0.0427427288915
2389770,0.3975,0.03444375138,0.0447387540433
2394780,0.398333333333,0.0319675537904,0.0459167032828
2399790,0.399166666667,0.0374907908987,0.0448642042221
2404800,0.4,0.0529250842503,0.0584520886776
2409810,0.400833333333,0.0609765436775,0.0566437630852
2414820,0.401666666667,0.049828639221,0.04821400951
2419830,0.4025,0.043608292496,0.053126303567
2424840,0.403333333333,0.0375055490437,0.0558289367085
2429850,0.404166666667,0.032665021614,0.0621730779846
2434860,0.405,0.0389129510562,0.0579647464165
2439870,0.405833333333,0.0396330924692,0.04935714646
2444880,0.406666666667,0.0320477246255,0.052149772555
2449890,0.4075,0.0280023364688,0.0580217158612
2454900,0.408333333333,0.0454738455564,0.0587661879448
2459910,0.409166666667,0.05615710311,0.0628345361682
2464920,0.41,0.0589836384203,0.0762197970048
2469930,0.410833333333,0.0411253205877,0.0832730026613
2474940,0.411666666667,0.0466110416216,0.0896424068584
2479950,0.4125,0.0419487584205,0.0955043864292
2484960,0.413333333333,0.0237969520818,0.089610043517
2489970,0.414166666667,0.0760841083004,0.127129022107
2494980,0.415,0.0559646672865,0.118227376225
2499990,0.415833333333,0.0106379029695,0.110878713956
2505000,0.416666666667,0.0211503070207,0.120282649958
2510010,0.4175,0.0297290365823,0.11621260943
2515020,0.418333333333,0.0127731268668,0.112594160054
2520030,0.419166666667,0.0200401384214,0.132023512139
2525040,0.42,0.0345178071011,0.107186651151
2530050,0.420833333333,0.0566847054195,0.122410412432
2535060,0.421666666667,0.0528907401532,0.151001279174
2540070,0.4225,0.128889115484,0.197927811356
2545080,0.423333333333,0.105367185038,0.173128241518
2550090,0.424166666667,0.0959468112609,0.171731183795
2555100,0.425,0.0825064062876,0.226703603885
2560110,0.425833333333,0.0699239138893,0.283277451263
2565120,0.426666666667,0.0879096325555,0.216324457279
2570130,0.4275,-0.0220886165261,0.250661701241
2575140,0.428333333333,0.0331191336902,0.339889878973
2580150,0.429166666667,0.0371429483458,0.230646326066
2585160,0.43,0.032083515106,0.259751782306
2590170,0.430833333333,0.065402171159,0.235288776362
2595180,0.431666666667,-0.00979519190147,0.278430168928
2600190,0.4325,0.00867380269692,0.252931823954
2605200,0.433333333333,0.154614225331,0.342258831398
2610210,0.434166666667,0.0416496568167,0.268422542446
2615220,0.435,0.0927721263205,0.254831563242
2620230,0.435833333333,-0.00505878293148,0.290915139731
2625240,0.436666666667,0.0289487575575,0.24333863005
2630250,0.4375,-0.0861938608644,0.274216258543
2635260,0.438333333333,0.0324830466529,0.173838436273
2640270,0.439166666667,0.0211507184902,0.212024568733
2645280,0.44,0.0308120597224,0.198233091332
2650290,0.440833333333,0.0310324350588,0.192151950748
2655300,0.441666666667,0.0445889095072,0.201213144941
2660310,0.4425,-0.00869980401728,0.215708706358
2665320,0.443333333333,0.0840841799316,0.218503446471
2670330,0.444166666667,-0.00940570426662,0.169160515963
2675340,0.445,0.053014063588,0.158342456231
2680350,0.445833333333,0.026125808738,0.145580471633
2685360,0.446666666667,0.00956424001741,0.158387194896
2690370,0.4475,-0.00355540493298,0.137800783319
2695380,0.448333333333,0.0184919147184,0.140499396886
2700390,0.449166666667,0.0379657785159,0.132227797761
2705400,0.45,0.0503046565353,0.0998934130904
2710410,0.450833333333,0.0398147163975,0.117300122565
2715420,0.451666666667,0.0424345793035,0.110282660186
2720430,0.4525,0.0922139443566,0.130801338903
2725440,0.453333333333,0.103862281005,0.141064670719
2730450,0.454166666667,0.069915186921,0.149316281282
2735460,0.455,0.00708736746068,0.138180060789
2740470,0.455833333333,0.0499003435183,0.19070072275
2745480,0.456666666667,0.00272093897376,0.191925280441
2750490,0.4575,0.122714936954,0.189432114615
2755500,0.458333333333,0.0753025861992,0.223209016494
2760510,0.459166666667,0.00309155924534,0.200407922116
2765520,0.46,0.104054488116,0.231755400644
2770530,0.460833333333,0.11110267907,0.229516530193
2775540,0.461666666667,0.157157960137,0.28380727072
2780550,0.4625,-0.0745539441657,0.240634856306
2785560,0.463333333333,-0.0286834183028,0.195058999493
2790570,0.464166666667,-0.0425287476322,0.188640931868
2795580,0.465,0.0547100580936,0.138897107033
2800590,0.465833333333,0.104648015772,0.230985571768
2805600,0.466666666667,0.0169047320055,0.184878393682
2810610,0.4675,0.021505406417,0.184696175249
2815620,0.468333333333,0.129912889916,0.220572978285
2820630,0.469166666667,0.0296811986165,0.147603120309
2825640,0.47,0.0579189687453,0.216957765226
2830650,0.470833333333,0.00944964851606,0.175662790602
2835660,0.471666666667,0.0351032064968,0.147247221489
2840670,0.4725,0.0362194714114,0.161607988163
2845680,0.473333333333,0.0290866704458,0.139730900522
2850690,0.474166666667,0.0540568725157,0.113124614043
2855700,0.475,0.0756884178002,0.136884197867
2860710,0.475833333333,0.0644415610608,0.169512104399
2865720,0.476666666667,0.034971364183,0.182318251725
2870730,0.4775,0.059028168975,0.24064175481
2875740,0.478333333333,0.102897291227,0.211290855568
2880750,0.479166666667,0.0357483680755,0.208899682862
2885760,0.48,0.0381138549646,0.255050013439
2890770,0.480833333333,0.148794781577,0.291366247509
2895780,0.481666666667,0.059788245237,0.304466506397
2900790,0.4825,0.0381624028302,0.374863813402
2905800,0.483333333333,0.190053430595,0.491712811595
2910810,0.484166666667,-0.0710171211729,0.437312834847
2915820,0.485,0.11044286301,0.531158217134
2920830,0.485833333333,0.025288893748,0.584432658348
