5010,0.000833333333333,0.0327270425941,0.0564491693285,0.052280059851,0.11765220566,0.0802433543886,0.132471185787
10020,0.00166666666667,0.0261264008908,0.0605663312933,0.0339322891695,0.0953933076082,0.0817842798158,0.107508907775
15030,0.0025,0.0218448203298,0.0438354892551,0.0250243781145,0.0862976246932,0.0704181175844,0.0887629497819
20040,0.00333333333333,0.023680909754,0.0331448824079,0.0282844383714,0.0852756294129,0.061335729971,0.0842834384446
25050,0.00416666666667,0.0294372308065,0.0276936207717,0.032007764308,0.0886387923443,0.0627456781521,0.0828539382987
30060,0.005,0.0229292089901,0.0183263865286,0.0280067443095,0.0830579176092,0.06611888398,0.0787040518218
35070,0.00583333333333,0.00988451788949,0.00384117015324,0.019771579029,0.0674481195292,0.0569847002557,0.0671902655588
40080,0.00666666666667,0.00668177642689,-0.00176381895339,0.0146120898699,0.0681353868384,0.0539106353523,0.0648113890182
45090,0.0075,0.00487668813818,-0.00698367834659,0.00698285570251,0.0690790742191,0.0508996670464,0.0598582917236
50100,0.00833333333333,0.00175347996454,-0.00827598622291,-0.00384797448665,0.0665196827919,0.053147478684,0.0510096746719
55110,0.00916666666667,0.00958918154562,-0.00958274201301,-0.0101818605005,0.0777068765066,0.0597654839479,0.0515338855321
60120,0.01,0.00924898407437,-0.00720923949476,-0.00862471410737,0.0748107530441,0.0633159204166,0.0588706404986
65130,0.0108333333333,-0.00302532077305,-0.0126039006105,-0.0183045485134,0.0634342862782,0.0585551500592,0.0604120266536
70140,0.0116666666667,-0.010558634526,-0.0152065260262,-0.018257971394,0.0551242777844,0.0576894640888,0.0577536128368
75150,0.0125,-0.0238692974057,-0.0203261780188,-0.0205651139406,0.053223387938,0.0498333723643,0.0642042453508
80160,0.0133333333333,-0.0243571015217,-0.0186483746757,-0.0166956364089,0.0568437702952,0.0479946169917,0.0709556662484
85170,0.0141666666667,-0.0144182769223,-0.0128264413644,-0.0140948936272,0.0559867298587,0.0539446582719,0.0696987202583
90180,0.015,-0.00679841960092,-0.008694098921,-0.0023575303858,0.0568817544423,0.0484752320664,0.0692093297411
95190,0.0158333333333,0.00758721853119,-0.0035965517928,0.0121584385206,0.0661606438567,0.0527062694367,0.0768868541385
100200,0.0166666666667,0.0189149047492,0.00234953185796,0.0151726841565,0.0759142347829,0.0580786604173,0.0705425764006
105210,0.0175,0.0156918503262,0.00244101369902,0.00768332416787,0.066551233001,0.0665356049586,0.0664952092099
110220,0.0183333333333,0.00608218900024,0.00396033206881,-1.58396306587e-05,0.0626328287783,0.0777385672298,0.0612895003907
115230,0.0191666666667,0.0124766975717,0.00512313867482,0.00535773110366,0.0671283450219,0.0797203875729,0.0675685287406
120240,0.02,0.0232123738018,0.000792783830733,0.00774601246578,0.0684394432771,0.067459589642,0.0711432385341
125250,0.0208333333333,0.0268887069529,0.00506417918465,0.0024876863029,0.0706793546465,0.067347016258,0.0658813945765
130260,0.0216666666667,0.019882936645,0.00501534309235,-0.00522862349,0.0683074268375,0.0630078009325,0.0605517476682
135270,0.0225,0.0137672697514,0.0108908732974,-0.00397004393766,0.0644041690786,0.0657459839177,0.0607596807413
140280,0.0233333333333,0.0232127181939,0.0213302122965,0.00314151991408,0.0725295888277,0.0719122639841,0.0658917414861
145290,0.0241666666667,0.0265558035227,0.0228844414985,0.00375717958595,0.0719680668398,0.0760743223381,0.0612588305254
150300,0.025,0.0395266215205,0.0260762747662,0.0157049107865,0.0842906476788,0.0813774802926,0.070755875988
155310,0.0258333333333,0.0474755066016,0.0276862338871,0.0327764321026,0.0839105772085,0.0925099445554,0.0804418502617
160320,0.0266666666667,0.0485535271574,0.0538015888463,0.043725014862,0.0881984580474,0.128680615234,0.0892551955778
165330,0.0275,0.0599762954868,0.0632826325273,0.0628035850046,0.107683219388,0.129309207,0.103966559039
170340,0.0283333333333,0.0531912530491,0.0634332793892,0.0622996240633,0.0991532395162,0.128963899342,0.110459030266
175350,0.0291666666667,0.0564539701596,0.0484984268129,0.0593103380965,0.106985307444,0.100266020274,0.112032031143
180360,0.03,0.0596178006299,0.0448330910938,0.068710495517,0.122784731083,0.105658074229,0.116486078447
185370,0.0308333333333,0.0496884506374,0.0468310964208,0.0614446764777,0.111575447824,0.105582519032,0.110298213057
190380,0.0316666666667,0.0763592229497,0.0542721235026,0.0642667264542,0.153914003043,0.129425386804,0.117020629012
195390,0.0325,0.0641434672307,0.0645768675964,0.0667199067568,0.132258588551,0.148702405664,0.144899802625
200400,0.0333333333333,0.0711110044996,0.0786931949421,0.0654300612992,0.131898846348,0.171846195404,0.161721361026
205410,0.0341666666667,0.0739093939962,0.0216300959405,0.0457842619626,0.157282276431,0.171001837662,0.181852038841
210420,0.035,0.0722654343233,0.0016676669063,0.0589557499252,0.150709514368,0.178191982936,0.174078186573
215430,0.0358333333333,0.0400366286078,-0.00948305820292,0.0484223297412,0.137313973944,0.159930101413,0.150170141333
220440,0.0366666666667,0.0270002282209,-0.021377337071,0.0326824104896,0.132635973195,0.129979846305,0.15413747067
225450,0.0375,-0.00299728043679,-0.0355887735851,-0.0172250896777,0.160030985045,0.154487931209,0.19446159181
230460,0.0383333333333,0.021832046616,-0.00556456740356,-0.0560039750994,0.168612424953,0.169032517848,0.169083893725
235470,0.0391666666667,0.0402188541699,-0.0336022218445,-0.0206566496533,0.179048517654,0.154425847775,0.183037362454
240480,0.04,0.0215967926293,-0.00616543401744,-0.0181687563702,0.165777337322,0.184983615258,0.203577112308
245490,0.0408333333333,0.0153067551436,0.0134823425369,-0.00222258663547,0.176053252553,0.168062793008,0.162667340562
250500,0.0416666666667,0.00978572655744,-0.0306769764932,-0.02501319427,0.193829489652,0.136365538904,0.160296948598
255510,0.0425,0.0760018375098,0.0399963964301,0.0398748770031,0.175338699901,0.161263868142,0.180989851399
260520,0.0433333333333,0.0747898816636,0.0433478002755,0.0292787862506,0.152864104442,0.162799642254,0.144476338805
265530,0.0441666666667,0.0554314859783,0.021082789244,-0.0184781188125,0.193215491913,0.186852744076,0.163762748968
270540,0.045,0.0185807467128,-0.0212279071842,-0.0228794058296,0.192788083896,0.154373132386,0.188539093648
275550,0.0458333333333,0.00899998955705,0.000194976149521,-0.00535695064863,0.178700484651,0.127269104927,0.173401762628
280560,0.0466666666667,0.0222675287214,0.0273094123775,0.0378330235394,0.179346433218,0.142727945462,0.183877906623
285570,0.0475,-0.00258433891235,0.00189181001914,0.0143620453017,0.181661845321,0.144156535573,0.160773043917
290580,0.0483333333333,-0.0429941093484,-0.0378671291159,-0.0569527665594,0.167204421739,0.140171501008,0.15770840287
295590,0.0491666666667,-0.0290215303558,-0.0213203509189,-0.0549959547983,0.138173563588,0.135126959105,0.137931163878
300600,0.05,-0.0219571845734,-0.0160781261675,-0.0568876925356,0.151798948647,0.134079982734,0.126296854864
305610,0.0508333333333,-0.0644274759089,-0.0462014739489,-0.101526816212,0.152982523329,0.14602630172,0.146567773878
310620,0.0516666666667,-0.103221648299,-0.0791428673079,-0.0906828952849,0.151337876887,0.152021440982,0.179450072656
315630,0.0525,-0.098352552773,-0.0850812791953,-0.0809178902817,0.133259201098,0.121715108561,0.133973418947
320640,0.0533333333333,-0.0987410905285,-0.0744423952108,-0.0944566805081,0.124279513875,0.114928501752,0.137647508164
325650,0.0541666666667,-0.0903648312312,-0.0983004434932,-0.081052109851,0.146294150027,0.138882323057,0.161295154077
330660,0.055,-0.0409311557923,-0.0546300006324,-0.0279906072806,0.0913419303445,0.112163031333,0.137438307161
335670,0.0558333333333,-0.0155346803631,-0.0244692758497,-0.0249273846017,0.100240656611,0.0835542524389,0.129733477465
340680,0.0566666666667,3.25131065419e-05,-0.00817427704142,-0.0182013203114,0.0995960372353,0.0903973234771,0.112061489712
345690,0.0575,0.00306835648444,0.0026907959014,-0.000975965278986,0.0975551417252,0.114386810386,0.11411557667
350700,0.0583333333333,0.0108966059298,-0.00155010547601,-0.00967985179621,0.104269040369,0.111901534772,0.11677552249
355710,0.0591666666667,-0.000806838365862,-0.0225292281691,-0.0256077735435,0.0927243365276,0.0899597342549,0.0980091529552
360720,0.06,0.00136781755679,-0.029616620741,-0.0353415587062,0.0863084613644,0.0804301004196,0.0826728382217
365730,0.0608333333333,-0.00431855777236,-0.0274313312177,-0.0429537115308,0.0886576924663,0.0861542391371,0.0768118638711
370740,0.0616666666667,-0.00781698729955,-0.0222319205896,-0.0231711926388,0.0784148564054,0.0753325719849,0.0850164764279
375750,0.0625,-0.00854335380063,-0.00743541319018,0.00592857808262,0.0780186503919,0.0797211589828,0.0947461852892
380760,0.0633333333333,0.00765033207431,0.0056414801145,0.00462789880828,0.0804635273322,0.08463557425,0.0780107753247
385770,0.0641666666667,0.00662182627798,0.000941829296788,0.0121433984172,0.0682188966646,0.0728622409986,0.0701363886354
390780,0.065,0.00216773502213,0.00346159538813,0.00814361326773,0.0652676095206,0.0724841482875,0.0709624350653
395790,0.0658333333333,-7.61791631528e-05,0.00957239547628,0.00570771954565,0.0650094726507,0.0789273669721,0.0670383176473
400800,0.0666666666667,0.000553201621856,0.0176040105534,0.00549926512315,0.0625782608723,0.0829126412556,0.0654354548354
405810,0.0675,0.0129487938103,0.0180109583432,0.00988665024032,0.0683097367678,0.0757800596811,0.0777320008931
410820,0.0683333333333,0.0296043327097,0.00911616160521,0.0143860898058,0.0802474834184,0.0728739541333,0.0755713462657
415830,0.0691666666667,0.0219730801505,0.00249937822508,0.00632399805141,0.0665092042497,0.0704361393451,0.0613168014308
420840,0.07,0.0150565970525,-0.00261928381687,-0.00348323223862,0.0690744878429,0.0665123181135,0.0597397767597
425850,0.0708333333333,0.0104754558854,-0.0172759812559,-0.0196346282384,0.0836418302272,0.0749945679216,0.0782819270477
430860,0.0716666666667,0.00202332039666,-0.0140001495872,-0.0143440680826,0.0744259648141,0.0805804735382,0.079948291555
435870,0.0725,0.00829454891935,-0.0110813282016,-0.0099552163253,0.0793821082631,0.0751272042308,0.0880683890321
440880,0.0733333333333,0.0123666246742,-0.0130162138909,-0.0125155671334,0.0945783961508,0.0712340510332,0.0821872150482
445890,0.0741666666667,0.0110550341843,-0.00129934693826,-0.0127532643789,0.101909563075,0.0890471233617,0.0880726498976
450900,0.075,0.0136830966141,0.00485182201122,0.000657900858408,0.0986669617625,0.0782513459867,0.0882793030014
455910,0.0758333333333,0.0275540679825,0.00836046162365,0.00123698828574,0.100720360358,0.0760267349845,0.0872131106845
460920,0.0766666666667,0.0370968005266,0.029152132109,0.00902846776031,0.0942886505249,0.0889863393985,0.0957234329598
465930,0.0775,0.0398505050892,0.0192313097758,-0.000190210105261,0.0969276436439,0.0874677954614,0.0925305264153
470940,0.0783333333333,0.0362857095393,0.0039540543995,-0.00873585069002,0.092751747624,0.0800786180728,0.0841739787354
475950,0.0791666666667,0.0476915154297,0.00918564164959,0.00229047007553,0.102394623189,0.0869999673483,0.0885746521613
480960,0.08,0.0243988015512,0.00954458808875,-0.000288508517741,0.0813444421226,0.092331966596,0.0918382750385
485970,0.0808333333333,0.00537156423237,0.0130062349771,-0.00186099103604,0.0789587828846,0.0941895356689,0.0974441452861
490980,0.0816666666667,0.014537234408,0.00471990870922,0.00250212822206,0.0945531128963,0.0983117866494,0.0950934232348
495990,0.0825,0.0243969866854,-0.0125365738004,-0.00714952041,0.103227398158,0.0915307087799,0.0843482342846
501000,0.0833333333333,0.00825094278492,-0.0139306043273,0.00212183042304,0.0988604287431,0.0848365032684,0.0960222472302
506010,0.0841666666667,0.0155257660828,-0.00447020960509,0.01142982994,0.0926452304959,0.0845942731513,0.102234942083
511020,0.085,0.00507182479462,-0.0123844039933,0.0159870679532,0.0941689006444,0.0755905641116,0.105778430693
516030,0.0858333333333,0.0084760080968,0.012663333421,0.0194593280139,0.0946377481332,0.09205197011,0.108854849794
521040,0.0866666666667,0.00981696185206,0.0324636493843,0.0217399048562,0.110490864872,0.111295701465,0.109381452992
526050,0.0875,0.0607568400591,0.0435196236925,0.0753267992096,0.149959114071,0.108070657598,0.151479111621
531060,0.0883333333333,0.0294335149972,0.0380509235734,0.0636267622255,0.134871965064,0.112695589446,0.141887821276
536070,0.0891666666667,-0.00595560144119,0.0230672854093,0.0472287427428,0.151618636276,0.136279278964,0.156939062227
541080,0.09,0.0187290396306,0.0373676495922,0.0420301898532,0.129366749145,0.133304068209,0.130425670829
546090,0.0908333333333,0.0820867506159,0.0578541723717,0.0405141650991,0.158451847122,0.145206834064,0.121134359473
551100,0.0916666666667,0.0790653231251,0.0727971845425,0.0692253979108,0.134402267684,0.142352378997,0.138807285587
556110,0.0925,0.0475881456325,0.054673621696,0.0530708044668,0.141998148185,0.135287422437,0.144041599492
561120,0.0933333333333,0.0483562028624,0.0526139762793,0.051610439602,0.160614566975,0.152415634924,0.151607278131
566130,0.0941666666667,0.112825201445,0.0940767410607,0.0638572415865,0.216509010516,0.197876664554,0.192436877225
571140,0.095,0.137820527064,0.117689402903,0.0708817602384,0.228637072076,0.222764700837,0.21751449223
576150,0.0958333333333,0.178110674705,0.124186111873,0.156668292692,0.250564764115,0.216603588718,0.286916495847
581160,0.0966666666667,0.172970451438,0.161039210419,0.222790184552,0.256900932829,0.312121078556,0.396041403234
586170,0.0975,0.257215763248,0.297516545454,0.251803335442,0.344981485644,0.466599806663,0.374616459812
591180,0.0983333333333,0.140767983758,0.125448169477,0.170212877166,0.338115746827,0.376459337948,0.364782618234
596190,0.0991666666667,-0.0165558565782,-0.00048914638786,0.0257342716688,0.413484684314,0.379432739108,0.344223002601
601200,0.1,-0.0483651687424,-0.147907645471,-0.0609030714726,0.443893516555,0.450825040964,0.438826413075
606210,0.100833333333,0.140532336952,0.20726906979,0.177002597177,0.44292678808,0.494911364126,0.404265040007
611220,0.101666666667,-0.114961039689,-0.112675160677,-0.159007036722,0.420365747863,0.409821795966,0.456875110421
616230,0.1025,0.0838461124818,-0.0468419848733,-0.263210796347,0.566260247682,0.460624528529,0.4157158303
621240,0.103333333333,0.0614614683798,0.0569688923201,0.0945216875972,0.38542294962,0.404729462784,0.378099681791
626250,0.104166666667,0.299520946509,0.200576491613,0.232805635523,0.423519085219,0.385037167937,0.320531177051
631260,0.105,-0.191439962064,-0.269096681198,-0.18326856521,0.53310022661,0.389991527835,0.522560382447
636270,0.105833333333,-0.385295194682,-0.389927223044,-0.38682439166,0.438958777317,0.42458138412,0.428660842207
641280,0.106666666667,-0.359592102705,-0.263537458803,-0.256001353912,0.364531304709,0.325961112424,0.319162319017
646290,0.1075,-0.251211612295,-0.213341102822,-0.189289488777,0.266092893841,0.237607426631,0.255897015324
651300,0.108333333333,-0.142884832797,-0.14651036626,-0.166445198999,0.247593651954,0.224977801751,0.20645360884
656310,0.109166666667,-0.101882453677,-0.135662574699,-0.159463657813,0.169730695686,0.177219400801,0.156950027006
661320,0.11,-0.052978224178,-0.0911042586112,-0.141254397636,0.159517292629,0.129831579347,0.135774394163
666330,0.110833333333,-0.0317990313578,-0.0510605633134,-0.0838326822242,0.150720324472,0.128747728432,0.110405758816
671340,0.111666666667,-0.0100838732811,-0.040551528128,-0.0549207880308,0.126335825985,0.103633777442,0.0941427048615
676350,0.1125,-0.0147913547824,-0.0606616517544,-0.0734828816192,0.127908182514,0.115498361492,0.115419168414
681360,0.113333333333,-0.0174349932601,-0.0481393704026,-0.0474715898785,0.0874039026997,0.093069634905,0.100177241307
686370,0.114166666667,-0.0447146849192,-0.0589767875417,-0.0533838903171,0.0923843654138,0.0866986840652,0.0946872061408
691380,0.115,-0.0289939918109,-0.0627117551187,-0.0510154053581,0.0904479624457,0.0739271732277,0.0971260053769
696390,0.115833333333,-0.021608413077,-0.0527879223436,-0.0464852807076,0.10196393677,0.0756877212558,0.0892209723741
701400,0.116666666667,-0.0129004303924,-0.045071293969,-0.0441458671195,0.0850562214257,0.0706393216146,0.0895345454242
706410,0.1175,-0.0103272352342,-0.0349570950838,-0.0366497033325,0.0790286225198,0.0624848079652,0.0787814941937
711420,0.118333333333,-0.0153516245671,-0.0319548483107,-0.0401654371936,0.0630556994553,0.0600028358251,0.0775601199967
716430,0.119166666667,-0.0142076879343,-0.0223165783342,-0.030019753198,0.0577728662843,0.0624037169805,0.0664485417146
721440,0.12,-0.00628268202419,-0.0149918223219,-0.0240552386986,0.0569224968607,0.0583987439366,0.0682210945718
726450,0.120833333333,1.58235968337e-05,-0.00920924259121,-0.0102082408148,0.0555769251263,0.0562698012061,0.0684903910113
731460,0.121666666667,0.0103366108726,-4.9955215538e-06,0.000903480546995,0.061716008755,0.0575389898979,0.0720077989348
736470,0.1225,0.0150877324065,0.0104141504794,0.00835878583895,0.0608492836551,0.0639946968997,0.0771944821059
741480,0.123333333333,0.0161502343139,0.0100510069005,0.00231714986815,0.0551757771395,0.0634450113813,0.0652842744896
746490,0.124166666667,0.0128288339048,0.0136136734891,0.00421993958541,0.0549382307241,0.0630611768256,0.063020944546
751500,0.125,0.00623624589392,0.0125988945868,0.00234643920316,0.0516377418836,0.062450062489,0.059526790417
756510,0.125833333333,0.00677980797095,0.0135926381521,0.00163482486316,0.0528284304563,0.0643907390543,0.0592844144695
761520,0.126666666667,0.0101912062119,0.0100902550826,0.00461183158142,0.060677564096,0.0613178963468,0.0620771546855
766530,0.1275,0.0136068499958,0.00240484400251,0.00616705965481,0.0663694731002,0.0549327965789,0.0589225447726
771540,0.128333333333,0.0137471339497,0.000653951981471,-0.00201733285988,0.0652671023464,0.0619915168857,0.0485275008625
776550,0.129166666667,0.00704378646037,-0.00576776359429,-0.00671653350533,0.0607784473353,0.0629833942121,0.045681836232
781560,0.13,0.00573445901035,-0.0124274357784,-0.00498513378126,0.0630129484377,0.0560895719852,0.0470327828782
786570,0.130833333333,0.00167325493452,-0.0157322057618,0.000326182410778,0.0584649457439,0.0484893049116,0.050911360449
791580,0.131666666667,0.000702091076634,-0.0128500673242,0.0010081798259,0.0541780480244,0.04705534082,0.0533244381326
796590,0.1325,-0.00205490679474,-0.0103153404013,-0.00185272802892,0.0475676566442,0.0475652008927,0.0496166816526
801600,0.133333333333,-0.00107868212694,-0.0057573672718,0.000798511989576,0.0464289544355,0.0520993161579,0.0555099127008
806610,0.134166666667,0.00705738605346,0.00320421074767,0.00858338172916,0.0543108968482,0.0556183962899,0.0606203161865
811620,0.135,0.0102736449594,0.00900521891346,0.00152043331801,0.0575392035332,0.0563723523727,0.0533048940561
816630,0.135833333333,0.00939496680755,0.00413030701274,-0.00381669151321,0.0573520727858,0.0504621588436,0.0525735826145
821640,0.136666666667,-0.00109478029686,0.000687259880082,-0.00809157648929,0.0444210235781,0.0473689416149,0.0513510486986
826650,0.1375,-0.00696061610792,-0.00146594612478,-0.0075224768791,0.0421495920119,0.0472050679487,0.0553533654201
831660,0.138333333333,-0.00264127300846,0.00123225525737,-0.00044768993841,0.0547121715015,0.0553825250272,0.0681275161773
836670,0.139166666667,0.00374731205384,0.00446122630397,0.000889048936714,0.0574253679216,0.0622537584909,0.0744857873101
841680,0.14,0.00106350743846,-0.00280162336017,-0.00792525364576,0.0576877852941,0.0616651347139,0.0732794655176
846690,0.140833333333,-0.00228576146139,-0.0132919884317,-0.0107834539582,0.0491110031628,0.0520918319348,0.0617294990574
851700,0.141666666667,-0.00910649035648,-0.0172539470306,-0.0126038713405,0.0445253083995,0.0441058722815,0.0616707363774
856710,0.1425,-0.00869499266092,-0.0163276254629,-0.0160621567577,0.0431852790429,0.0433749808483,0.0579270300277
861720,0.143333333333,-0.0053511179551,-0.0156103778578,-0.0176483471812,0.0426755799841,0.0434352547914,0.0524043160454
866730,0.144166666667,-0.00258869438163,-0.0144181947658,-0.0156327895985,0.0448019114341,0.0442804535755,0.0510822268588
871740,0.145,0.00577148209947,-0.0105494073148,-0.00640712266107,0.0510980329385,0.0439334019748,0.0536673742442
876750,0.145833333333,0.00805387424623,-0.00626351058553,0.00182418537091,0.0521800617527,0.0454243328282,0.0546986494345
881760,0.146666666667,0.00647031269865,-0.00420166321714,0.00293405141179,0.0508660228675,0.0451994265588,0.0558877374953
886770,0.1475,0.00937671480477,-0.00310117630655,0.00902789100295,0.0510469302496,0.0439104090265,0.0587547068835
891780,0.148333333333,0.00481655413783,0.00322482595339,0.0196430448648,0.0456521576105,0.0479190413366,0.0698127007334
896790,0.149166666667,0.0019882803803,0.00515677316738,0.0108459640633,0.0416485425622,0.0508587951205,0.0559986646395
901800,0.15,-0.00149336184681,0.00105763979863,0.00211193290682,0.045410920299,0.0502667152881,0.0509830721092
906810,0.150833333333,-4.7101520719e-05,0.00139163764245,-0.000257663403033,0.0479697313578,0.0484531582617,0.0492084558133
911820,0.151666666667,-7.62995895861e-05,0.0027483600818,0.00116506268924,0.0506499948064,0.0530540232905,0.054006505737
916830,0.1525,-0.0034716683518,0.00406175416188,0.00363665929393,0.0469163133547,0.0513634406474,0.0538861722118
921840,0.153333333333,-0.00885978982042,0.00281708098781,0.00577787144769,0.0423103465785,0.0507650562102,0.0574837482458
926850,0.154166666667,-0.00588636651058,0.00581320426854,0.00390742402672,0.0410886579065,0.0523326744347,0.0564408752998
931860,0.155,-0.00389447731336,0.00522738719633,0.00821685015523,0.0379170351357,0.0530086957406,0.056785218736
936870,0.155833333333,0.000384824878926,0.00139267839644,0.0101590305318,0.0385494741949,0.0477236367816,0.0594164800195
941880,0.156666666667,0.00330980495726,0.00224083844832,0.00679580230624,0.0391992330955,0.0486152887309,0.0549666790811
946890,0.1575,0.00525693918396,0.00178101533705,-2.88891109597e-05,0.0425392594494,0.0485286151388,0.0504323195779
951900,0.158333333333,0.0130228369799,0.00489011131066,0.00759324876367,0.0472436954477,0.048746643884,0.0529958328552
956910,0.159166666667,0.0282364634854,0.0149759365206,0.0199395258022,0.0638634189964,0.0566076205284,0.061075019296
961920,0.16,0.0218667347213,0.0158111683403,0.0150233868333,0.0556287356264,0.0572557311527,0.0555587074691
966930,0.160833333333,0.0171453089015,0.00702545387471,0.0132777590816,0.0552643048785,0.0510219877812,0.0568203323818
971940,0.161666666667,0.0120107520808,-0.0014157245874,0.00710470455414,0.0569124017364,0.0463195028429,0.0583528351717
976950,0.1625,0.00529399613447,-0.00699997315461,-0.0021140319586,0.0497994071138,0.0424707733052,0.0565432508082
981960,0.163333333333,-0.00522748180399,-0.0139497262575,-0.00962970339746,0.0432427330345,0.0374777079293,0.0473043039599
986970,0.164166666667,-0.0109743507603,-0.017233186269,-0.0176453954272,0.0372461756506,0.0352390429494,0.0431549711319
991980,0.165,-0.0118028693186,-0.0158853797553,-0.017905155153,0.0359859546103,0.0357063253454,0.0448728122865
996990,0.165833333333,-0.0120217320094,-0.0119788611883,-0.0214727200908,0.0363471383628,0.0364749362404,0.0400645070211
1002000,0.166666666667,-0.013547045147,-0.0102450242372,-0.0224505883968,0.035562541417,0.039350382471,0.0407665649217
1007010,0.1675,-0.0128758362945,-0.00847961867748,-0.0257555268433,0.0329708801012,0.0437354393404,0.0424325619575
1012020,0.168333333333,-0.0152299029805,-0.00612893578947,-0.0318090732081,0.0394474431284,0.0485002185337,0.0507183750724
1017030,0.169166666667,-0.00922277652355,-0.00652329659478,-0.0296159204141,0.0377960817818,0.0454882203555,0.0494721529461
1022040,0.17,-0.00507450887441,-0.00909459939171,-0.0275378128648,0.0374938375739,0.0385166332464,0.0477577218301
1027050,0.170833333333,0.00341286314127,-0.00846667068687,-0.024101779987,0.0417656291392,0.037531587155,0.0483934016518
1032060,0.171666666667,0.00970612867023,-0.0070534078437,-0.0219779285998,0.0451040063991,0.0375716415185,0.04668030051
1037070,0.1725,0.0127015680181,-0.00715256647354,-0.0145862853544,0.0480067882173,0.0367072118197,0.0503751112726
1042080,0.173333333333,0.0185462114129,-0.00254213579463,-0.00484950736971,0.0535353984208,0.0435298160919,0.0568664324486
1047090,0.174166666667,0.018355289552,-0.00401865662926,-0.00601456003689,0.0543760737524,0.0447898331724,0.0516147105373
1052100,0.175,0.0223664671168,-0.00765720499722,0.000568915597388,0.0571039519556,0.0480425772686,0.0574906061852
1057110,0.175833333333,0.0214557194909,-0.00964801884738,0.010672463033,0.0547563709899,0.0460851493099,0.0680415974268
1062120,0.176666666667,0.0226052589187,-0.00946803274793,0.00384063401954,0.057967759261,0.0462705914405,0.0636517275342
1067130,0.1775,0.026920021754,-0.00641349594928,0.00316695869831,0.0681682380482,0.0471203127131,0.0642918381638
1072140,0.178333333333,0.0356211245181,-0.00187031014706,0.00330716101215,0.0764437016099,0.0491473423359,0.0623321066782
1077150,0.179166666667,0.0384420363353,-0.000109712655456,0.00371258379535,0.0772195570096,0.0543862012048,0.0608515660281
1082160,0.18,0.0287840620425,-0.00423699613944,0.00800585954221,0.0656664142078,0.056917427111,0.0645062508304
1087170,0.180833333333,0.0287308469008,-0.00436763796253,0.0198021286334,0.0624310513574,0.0566437660847,0.0774114270215
1092180,0.181666666667,0.0317627107389,0.00274544496854,0.026702418129,0.0709336584111,0.064091958206,0.0874160936351
1097190,0.1825,0.0283520307056,0.00274640803961,0.0151189737013,0.0690312624935,0.0623625250432,0.0776488452315
1102200,0.183333333333,0.033930961243,0.00668818367385,0.0193210088583,0.0710464119166,0.065991909169,0.0802127283749
1107210,0.184166666667,0.0512127392337,0.0113739493248,0.0154415272261,0.0815418122214,0.0724746185039,0.0711914857747
1112220,0.185,0.046725194758,0.0114708623027,0.0150341916352,0.0832379005433,0.0777782473688,0.079921027867
1117230,0.185833333333,0.0491648713739,0.0123272316907,0.0173786558053,0.0834715394647,0.0744418415994,0.0840650126178
1122240,0.186666666667,0.0617779005317,0.00948267431703,0.0329457424725,0.0965301504315,0.0726238928157,0.090234367382
1127250,0.1875,0.0728611795997,0.0132467921607,0.0335001182467,0.104585938739,0.0884378449319,0.100465458908
1132260,0.188333333333,0.041329164834,0.0101233769167,0.0356810461633,0.070065574695,0.0797000245359,0.0959548312235
1137270,0.189166666667,0.034434270829,0.00522097077342,0.0294205501544,0.0632891926486,0.0760444143568,0.0938992550693
1142280,0.19,0.0559106046335,0.00126751578965,0.0309504067442,0.0944358281234,0.0802039959307,0.0929683495187
1147290,0.190833333333,0.0629550721443,0.0166466077798,0.0340119204231,0.0961813204605,0.0964930895142,0.103619957317
1152300,0.191666666667,0.0496210434742,0.0118774361287,0.033509277829,0.104437260059,0.0958450897159,0.107305158147
1157310,0.1925,0.0387397441925,0.00956900806441,0.0119542314952,0.109629454309,0.0993341442809,0.0941600912635
1162320,0.193333333333,0.0293874394224,-0.00126908760593,-0.00132617156733,0.105250018584,0.099545999161,0.096208590057
1167330,0.194166666667,0.0381323243061,0.0193330731044,0.00813613862793,0.116724292596,0.117822243604,0.106706682133
1172340,0.195,0.0348398271215,0.0224355254759,0.0379573295925,0.106838332359,0.103504447241,0.127263332352
1177350,0.195833333333,0.0554225550053,0.0524639496896,0.0632798031151,0.115722694503,0.126987729437,0.148778730202
1182360,0.196666666667,0.0756238263286,0.0605082922764,0.0694373854545,0.113922240143,0.130907932361,0.130049216271
1187370,0.1975,0.0739078383316,0.0595856264256,0.0795539587533,0.126430294086,0.129160068329,0.146074258946
1192380,0.198333333333,0.141565108568,0.113972002601,0.12448520663,0.213707239905,0.191780784322,0.187736898435
1197390,0.199166666667,0.101910123633,0.116378595113,0.142555451117,0.200364854524,0.211398956594,0.212350157713
1202400,0.2,0.203412961764,0.108978311584,0.10692289452,0.271314862742,0.244406492631,0.247033930039
1207410,0.200833333333,0.194118692633,0.118211959573,0.0926812567589,0.307637847626,0.259322139831,0.283159948527
1212420,0.201666666667,0.0489197054427,0.0677525134283,-0.0496904128173,0.307267206455,0.345169695095,0.332895628629
1217430,0.2025,-0.0210265581824,-0.0332717060333,-0.0168473294212,0.321265892359,0.272524304333,0.320612672119
1222440,0.203333333333,-0.0157062772377,-0.103592329477,-0.0881555610096,0.298846885569,0.249415033228,0.250095536123
1227450,0.204166666667,-0.0633155210052,-0.108689500219,-0.0995972723646,0.214155198865,0.221504349852,0.231827108536
1232460,0.205,-0.0907643447004,-0.109122361264,-0.110162917583,0.207494624254,0.226724493894,0.285178395509
1237470,0.205833333333,-0.0899525373764,-0.103532208927,-0.0908938275107,0.209252542978,0.221555572535,0.197674455912
1242480,0.206666666667,-0.0440894276099,-0.0874485885316,-0.0529042159284,0.251805766114,0.239959828896,0.224149358694
1247490,0.2075,-0.100512223139,-0.0902180362981,-0.0897769515155,0.244345988691,0.200331559021,0.21132534177
1252500,0.208333333333,-0.167641172562,-0.130524395188,-0.153858716436,0.193838656665,0.172260542222,0.248436956068
1257510,0.209166666667,-0.0889744495794,-0.0809062051857,-0.0362551674608,0.188411118799,0.191974462849,0.2092048561
1262520,0.21,-0.0258554400901,-0.0575652889794,-0.0372318615418,0.156975398708,0.154085100822,0.153259122422
1267530,0.210833333333,0.00521132554175,-0.0266650778192,-0.027621100347,0.136220446291,0.135641117449,0.144798848064
1272540,0.211666666667,0.0278164104858,0.00967530019721,-0.00397654300027,0.109390576684,0.113135244448,0.13451730654
1277550,0.2125,0.0148857088155,0.0190444851221,0.00270482541496,0.0979966308929,0.107903806653,0.121779523038
1282560,0.213333333333,-0.00422505235413,-0.00590054395402,-0.0128083150656,0.0922814498197,0.0954391551957,0.109027886648
1287570,0.214166666667,-0.00395803719641,-0.0102951714479,-0.0213886049395,0.11072502752,0.102596126163,0.120921168764
1292580,0.215,-0.0127367900901,-0.013923580644,-0.0320344226631,0.117297495914,0.104634513023,0.115803880306
1297590,0.215833333333,-0.0169355526428,-0.0193326288342,-0.0440713568079,0.117924944178,0.112603731686,0.0977974503509
1302600,0.216666666667,-0.00642850609381,-0.018796543433,-0.0278099029167,0.120587278192,0.10387551899,0.111162549649
1307610,0.2175,0.0120987795252,-0.0210339607849,-0.0177813766952,0.11963460846,0.0897294812019,0.128305309873
1312620,0.218333333333,0.00261041914546,-0.00861721309863,-0.0118021746613,0.126684367268,0.114918166883,0.138117838397
1317630,0.219166666667,-0.0181113849922,-0.0358402636856,-0.0104726376586,0.133993559169,0.111887409534,0.152165013164
1322640,0.22,-0.012179530136,-0.0045601622943,-0.0237158040624,0.119686539958,0.106639743392,0.116716529167
1327650,0.220833333333,-0.00821398650714,0.00957236122056,-0.0049038761209,0.121093976573,0.11522778769,0.129478919033
1332660,0.221666666667,0.00622725539701,0.0301423467505,0.0314223023552,0.12466523598,0.135469049626,0.142218455711
1337670,0.2225,0.0520331210443,0.0473286214544,0.0430849867903,0.112994245488,0.132292174007,0.112201154873
1342680,0.223333333333,0.0792809167712,0.0435479831934,0.0639987248027,0.136456953087,0.122010256513,0.114975692356
1347690,0.224166666667,0.0987732017095,0.0796820178168,0.101458368916,0.176698203806,0.153313157125,0.164905096914
1352700,0.225,0.0557670312639,0.0386815351282,0.0379074214611,0.147414904219,0.138357993593,0.176617766504
1357710,0.225833333333,0.0430126317893,0.0649667132902,0.0759390343321,0.128503678518,0.171548869247,0.198584123301
1362720,0.226666666667,0.054232690074,0.086139331996,0.0909953583731,0.139420903555,0.164320579079,0.170840574897
1367730,0.2275,0.0683795083267,0.106566313053,0.0669957734972,0.157071281364,0.166389292613,0.157629666321
1372740,0.228333333333,0.130439224317,0.143734546813,0.154531347233,0.189493579252,0.195743537598,0.229583627273
1377750,0.229166666667,0.137215373139,0.105812346921,0.16321737274,0.205087809464,0.177781393866,0.201734106819
1382760,0.23,0.0514070832546,0.0827550989706,0.109327113356,0.236863141265,0.224032178713,0.232189113064
1387770,0.230833333333,0.190295871182,0.130056580545,0.132138280496,0.309985552571,0.247834945715,0.264323340489
1392780,0.231666666667,0.102627195423,0.121443965269,0.115877904632,0.27145792563,0.289522771058,0.283755124099
1397790,0.2325,0.227979447449,0.149782774468,0.110455642625,0.395655955816,0.336669211488,0.366687019791
1402800,0.233333333333,0.177531985949,0.148088028813,0.183578221268,0.374280607912,0.324298860771,0.346000163991
1407810,0.234166666667,0.173977973093,0.214159602716,0.23096528928,0.444503371304,0.437648501897,0.481073852599
1412820,0.235,0.0522429582435,0.0149828314917,0.037486503959,0.427916401889,0.423358712825,0.447940254491
1417830,0.235833333333,-0.0455704162084,0.00712592556437,0.0842086338888,0.531195196875,0.618529729521,0.572155829792
1422840,0.236666666667,0.0118107598304,0.0590755772751,-0.0156565056328,0.43173771563,0.389907778449,0.428284377903
1427850,0.2375,0.122220605367,0.10426881079,0.169083494862,0.45445666899,0.446411174837,0.40470017207
1432860,0.238333333333,-0.042801781663,0.0548095022678,0.109253511912,0.514514621193,0.610581792755,0.57342465568
1437870,0.239166666667,0.0879902418893,-0.0206523765302,0.018502626993,0.452006280881,0.38461106185,0.434536036071
1442880,0.24,0.109375917391,0.0933374955463,0.0415865336616,0.49769283699,0.473316807771,0.475082026348
1447890,0.240833333333,-0.169882191525,-0.137264411456,-0.112907707987,0.37297054845,0.371749491231,0.409219476032
1452900,0.241666666667,-0.113658086886,-0.136401322301,-0.185201770422,0.448653394612,0.411692386816,0.432048106566
1457910,0.2425,-0.215010926749,-0.260410239016,-0.451342899157,0.475130145287,0.465682159942,0.572397526949
1462920,0.243333333333,-0.024145851689,-0.019880182954,-0.0367014414705,0.391957034583,0.3919258994,0.470779260821
1467930,0.244166666667,0.053428290953,-0.081512372162,-0.0628191858182,0.4692626818,0.426303813617,0.439425448086
1472940,0.245,-0.0919332669003,-0.160732684389,-0.150655063907,0.368308629757,0.317334449107,0.365479760557
1477950,0.245833333333,-0.0900681725887,-0.096508761503,-0.135937103252,0.324375386446,0.283709567584,0.303031782285
1482960,0.246666666667,0.0561193872403,0.0263464773481,-0.045969171343,0.332880594848,0.288268262075,0.326812318739
1487970,0.2475,-0.145188068052,-0.098990875504,-0.123548576207,0.350832942153,0.266102171378,0.34297917931
1492980,0.248333333333,0.0640665297135,-0.0134349343093,0.0404490514145,0.309892977467,0.246470599246,0.297118436169
1497990,0.249166666667,0.0925941539907,0.0618571501301,0.143499510366,0.228212543157,0.224951868346,0.282523772123
1503000,0.25,-0.00649777225165,-0.0602625094513,0.0220009943074,0.284736634759,0.287969946206,0.336802858049
1508010,0.250833333333,0.090741271198,0.0745037043061,0.180432063848,0.316504850028,0.306753210212,0.367859580131
1513020,0.251666666667,0.0995826599813,0.103916272621,0.0588929322174,0.337871780369,0.316449994914,0.361241976364
1518030,0.2525,0.117405243459,0.201214312273,0.202327371394,0.37155205167,0.355867286475,0.369673755375
1523040,0.253333333333,0.233606262332,0.151988147431,0.245382147302,0.406583250838,0.351460093668,0.38981936114
1528050,0.254166666667,-0.165511229964,-0.137027564225,-0.0845031455899,0.480062329555,0.413646148417,0.534490587887
1533060,0.255,0.0463279538622,-0.0198886585569,-0.02633738152,0.452891520879,0.441326499642,0.483891618384
1538070,0.255833333333,0.470010511413,0.264483429525,0.35139815293,0.522955325795,0.492366512931,0.641316473857
1543080,0.256666666667,-0.254598350618,-0.0542852617054,-0.128177621685,0.620050811496,0.598960396054,0.751401826781
1548090,0.2575,-0.0658018533296,-0.0981271666558,-0.0372618802057,0.631914256683,0.532295824993,0.603675444623
1553100,0.258333333333,0.298163799277,0.24885868687,0.253273320222,0.557641749922,0.466582666514,0.494497781877
1558110,0.259166666667,-0.00311344342229,-0.0374145215414,-0.221919513492,0.483730855274,0.510706390812,0.593804729063
1563120,0.26,0.0402117632253,-0.000609960858488,0.00795368481955,0.579716239247,0.693656078766,0.51663869202
1568130,0.260833333333,-0.151049577619,-0.0159095069559,-0.162454889725,0.485391005989,0.528618432017,0.467787513659
1573140,0.261666666667,0.0671669487624,0.0598381286719,0.239626238345,0.404268465795,0.397086990072,0.482237792123
1578150,0.2625,0.013061399565,-0.0375242877185,0.0428479255977,0.474486151536,0.550327472861,0.457656145359
1583160,0.263333333333,0.0507786081657,0.0223978856401,-0.0223198970768,0.517689613848,0.487444628773,0.53117651341
1588170,0.264166666667,0.0123043394522,-0.0227687612491,-0.331239467703,0.539752173345,0.469137255299,0.49607491256
1593180,0.265,0.062145089704,-0.0859443941882,-0.139517302344,0.545613512945,0.48670718359,0.540400623481
1598190,0.265833333333,-0.0631178205811,-0.0198268348803,-0.0276777131361,0.459298875175,0.514490239669,0.489899390894
1603200,0.266666666667,0.0265917004832,-0.0760055622596,-0.00863215701673,0.440271357944,0.431260844725,0.49617013478
1608210,0.2675,0.195609863994,0.141278556911,0.24186491886,0.499238302733,0.498281443696,0.496417378134
1613220,0.268333333333,0.292979635729,0.336435627381,0.2357804596,0.500839242566,0.470344190615,0.582172646202
1618230,0.269166666667,-0.290054196319,-0.295649384875,-0.322348225573,0.764667270615,0.781995961275,0.835582968374
1623240,0.27,-0.230098935609,-0.274706763397,-0.142766226539,0.5060647084,0.587863017574,0.552311861277
1628250,0.270833333333,0.00571387857825,-0.00513592870718,-0.016424701513,0.455006450178,0.408118449967,0.407708406844
1633260,0.271666666667,0.11866954704,0.120140197612,0.117121038024,0.484772222339,0.39269512755,0.456552781149
1638270,0.2725,-0.137622426995,-0.206394463636,-0.142158222579,0.499467430696,0.431312743006,0.511331899455
1643280,0.273333333333,-0.0582419161503,-0.14326003691,-0.137811774704,0.496754300135,0.429711481465,0.41677903132
1648290,0.274166666667,0.156934055858,-0.0310767930978,0.0805571776827,0.584498153944,0.537117737106,0.532096163299
1653300,0.275,0.347084966212,0.14360867684,0.263066989126,0.541311856305,0.517220488203,0.58735034536
1658310,0.275833333333,-0.0341206622269,-0.22793523238,-0.0865628662711,0.592861851587,0.679492208086,0.584151532165
1663320,0.276666666667,0.0286971253582,0.147112590481,0.12829522963,0.471352510397,0.486720793813,0.427115911989
1668330,0.2775,-0.134686111336,-0.145860036026,-0.121137016995,0.388809923331,0.341026225386,0.378144546059
1673340,0.278333333333,0.0220309426482,-0.0430828711999,-0.0141577500435,0.393648774783,0.408283415778,0.433912709741
1678350,0.279166666667,-0.116564140471,-0.0672196212323,-0.173557957898,0.35090815175,0.365740739086,0.35676000784
1683360,0.28,-0.0805621348977,-0.0657534547892,-0.0820647747851,0.366026129052,0.321192439717,0.344235670747
1688370,0.280833333333,-0.180797320568,-0.0764311651174,-0.0766313148623,0.322263253177,0.28918567727,0.33361243722
1693380,0.281666666667,-0.129798199271,-0.058579433535,-0.0762471846163,0.35010750972,0.277115041294,0.279465463618
1698390,0.2825,-0.0649447479339,-0.0376193182822,-0.0416834399679,0.241999370376,0.237684163924,0.249450044897
1703400,0.283333333333,-0.0332706122136,0.00991151108102,0.0199765767207,0.276533851958,0.254877732,0.22591621032
1708410,0.284166666667,-0.0431394963782,-0.0402820713823,-0.0343939394724,0.249722263383,0.250383797582,0.274356791551
1713420,0.285,-0.0169509766874,0.0739079626962,-0.0286465595752,0.311679023328,0.30259463019,0.279506951185
1718430,0.285833333333,0.0512678618264,0.0614921842293,0.0319116551011,0.302104465539,0.317331111947,0.367339710059
1723440,0.286666666667,0.0514299524647,-0.0124782651205,0.0402203904825,0.308283620574,0.248110866612,0.317495767492
1728450,0.2875,0.135124395005,0.132550094112,0.159664212967,0.348379593307,0.285773463991,0.324029363703
1733460,0.288333333333,0.0120678371358,0.127583314257,0.0731295514518,0.276569021842,0.37504644965,0.272965248329
1738470,0.289166666667,0.0802976831723,0.0782206873554,0.0547849596062,0.297404000385,0.296361300325,0.316804522486
1743480,0.29,0.0981055182925,0.0100309316402,0.113365837427,0.35120469167,0.336827074685,0.403443866734
1748490,0.290833333333,0.102800271864,-0.0252253778201,-0.0234679675171,0.309929006564,0.335579588814,0.324624740574
1753500,0.291666666667,-0.0108327677593,-0.0782494904088,-0.162079993624,0.388633779335,0.385722061697,0.405107928625
1758510,0.2925,-0.100064622914,-0.0411427896984,-0.196687035537,0.401482410105,0.370664125936,0.394195457913
1763520,0.293333333333,-0.141718826039,-0.125790317775,-0.228704714544,0.368608704384,0.341929237808,0.328299048027
1768530,0.294166666667,0.0862796936972,0.0312031528294,-0.0258595106019,0.342368555223,0.351877873396,0.318417650921
1773540,0.295,0.0103714713936,-0.0338330945532,-0.0644464659918,0.375200202006,0.380537361811,0.31448034069
1778550,0.295833333333,-0.0116964400452,0.0205103673016,-0.032889295751,0.306861398262,0.3358424256,0.30263371783
1783560,0.296666666667,0.0888851234614,0.0908542646196,0.111168839782,0.339193716647,0.332738927526,0.285837879813
1788570,0.2975,-0.00894175581973,0.0132963140544,0.0425817095987,0.278079333828,0.295536902336,0.316674883437
1793580,0.298333333333,0.196378597673,0.220936114536,0.165161970248,0.435014135214,0.393314784956,0.41369526689
1798590,0.299166666667,0.238492471633,0.14077915054,0.104870310046,0.456915331872,0.370722444592,0.449684774375
1803600,0.3,0.23401473325,0.161119800334,0.157085220125,0.540684725527,0.474819511156,0.449584687825
1808610,0.300833333333,0.133443564461,-0.125617991804,0.0156680594126,0.570117798509,0.600918135747,0.505727207353
1813620,0.301666666667,-0.129501557163,-0.0728335799457,-0.138622670526,0.530382455056,0.528394625791,0.528211160249
1818630,0.3025,-0.0385049179544,0.12897057134,0.1002168257,0.444574227952,0.544658138975,0.457336251549
1823640,0.303333333333,0.0603060872878,-0.0434985568814,0.0263459287171,0.46296919057,0.471988350473,0.489672091153
1828650,0.304166666667,-0.316964761139,-0.260963782356,-0.31685420157,0.395792459238,0.420019002702,0.440822619306
1833660,0.305,-0.048951770028,-0.113916870313,-0.11768626897,0.394558756482,0.350659936678,0.356494874495
1838670,0.305833333333,0.0380989340108,-0.0391523585029,-0.00785271230836,0.432022107415,0.40621835557,0.401233158094
1843680,0.306666666667,-0.13138833058,-0.147098318168,-0.109102171092,0.333932358713,0.332760846892,0.294936779454
1848690,0.3075,-0.168306427804,-0.098080312059,-0.13874539277,0.366270510354,0.379581736964,0.391119311277
1853700,0.308333333333,0.20467484851,0.0569939638153,0.153931818987,0.347705445794,0.330071164624,0.372121173059
1858710,0.309166666667,0.117192550309,0.139265473911,0.162198378016,0.410961692035,0.364020872051,0.390076090495
1863720,0.31,-0.284955421499,-0.218128116813,-0.205302165335,0.468465159311,0.386401569968,0.458105339747
1868730,0.310833333333,-0.0398314361725,-0.012294578551,-0.0284807268436,0.345551392104,0.28469936762,0.311441832658
1873740,0.311666666667,-0.0924452011875,-0.0913260090349,-0.0586427558113,0.33488191596,0.292973381264,0.273941596307
1878750,0.3125,0.0698924652963,0.117120172241,0.166354425126,0.370760084217,0.388761690349,0.38551923994
1883760,0.313333333333,0.111954235342,0.109800698798,0.109515493472,0.272529191394,0.2856086257,0.288565769926
1888770,0.314166666667,-0.0593127782716,0.00579351086395,0.0479013229564,0.464799303991,0.462987051628,0.399365673365
1893780,0.315,0.0342207336031,0.0138480412179,-0.0480444745737,0.40771667562,0.385194335276,0.368637319566
1898790,0.315833333333,0.0884249687015,0.104211704105,0.104559734527,0.314211685132,0.353301448068,0.383734090204
1903800,0.316666666667,0.0577422145047,-0.000135205155815,0.0217577086175,0.367533520473,0.343573899994,0.398961640931
1908810,0.3175,0.181490531472,0.058989572564,0.117235360253,0.446796577843,0.365594108204,0.453589776943
1913820,0.318333333333,0.187495810762,0.0975925289955,0.0905730495923,0.495074471852,0.435720938884,0.483047635749
1918830,0.319166666667,-0.177190624766,-0.152937539088,-0.107991375144,0.530345718423,0.421104408337,0.492117033451
1923840,0.32,0.0839539802602,0.0355787012756,0.105727526317,0.398253438702,0.348836891067,0.455969807088
1928850,0.320833333333,0.24492909366,0.236702713759,0.269393198312,0.676995999429,0.569305040814,0.656274760849
1933860,0.321666666667,-0.0478212530124,-0.0731174565966,-0.131045507056,0.603903317638,0.655241468134,0.616096248952
1938870,0.3225,0.382066142825,0.174891145651,0.253508064917,0.82425806882,0.61122942489,0.633429728276
1943880,0.323333333333,0.0740057393244,0.0941124284689,0.184393932361,0.656130734426,0.618053933957,0.668991769849
1948890,0.324166666667,0.338001390363,0.368109661723,0.248482229381,0.866670971203,0.838252010857,0.77001922494
1953900,0.325,-0.142914791308,-0.346017509922,-0.288244485331,0.758996993998,0.742646717447,0.776063147872
1958910,0.325833333333,-0.105271669191,0.115304373233,-0.16354614151,0.70737403795,0.872581125234,0.78047318851
1963920,0.326666666667,-0.000426615256841,-0.139053225195,-0.0630760685947,0.6944461698,0.657328007679,0.71386945864
1968930,0.3275,0.393593945242,0.459724230068,0.416622569908,0.741546350306,0.858304516908,0.739591224915
1973940,0.328333333333,-0.411552657171,-0.0328646791871,-0.357814156408,0.930965973626,1.04562056223,0.931834661874
1978950,0.329166666667,-0.212891972297,-0.373963321308,-0.401583699005,0.770522600938,0.672477990771,0.770211997858
1983960,0.33,-0.341939444888,-0.338554553896,-0.320167873867,0.542693634063,0.61532296204,0.548010146567
1988970,0.330833333333,0.00328979588397,-0.0158091812793,-0.108311398121,0.517828093513,0.419571532474,0.427708684766
1993980,0.331666666667,0.120301275102,0.0586660721448,0.156117990208,0.521586452315,0.593624864529,0.459655703231
1998990,0.3325,0.455770032425,0.2688153437,0.362974400608,0.659828241276,0.655757937695,0.651799592378
2004000,0.333333333333,0.386986635142,0.415631040239,0.27018594642,0.759680976881,0.690680322465,0.636683484631
2009010,0.334166666667,0.422829331988,0.392221641951,0.263554763417,1.04761926892,0.85011973953,1.03765271274
2014020,0.335,-0.0826441736635,0.0410798549118,0.0656528506789,0.808979655432,0.854123719057,0.879571423498
2019030,0.335833333333,-0.140523511314,-0.0498583519973,-0.0630780881652,1.15344038454,0.9137583924,0.97169995455
2024040,0.336666666667,0.0854510623249,0.313669228087,0.201860620323,0.857379757489,0.99380275983,0.865913905896
2029050,0.3375,0.0403739506695,0.0515867613541,0.0572473230175,0.813948272423,0.937311165509,1.05083270556
2034060,0.338333333333,-0.0389906389852,-0.0982348835896,-0.367693659177,0.850490380116,0.874279982435,0.994605271103
2039070,0.339166666667,0.198489239138,-0.0895072200112,0.185633104575,1.58955651212,1.43631498061,1.52702299385
2044080,0.34,0.652213508025,0.522880156387,0.834820608488,1.31475288101,1.12545990078,1.29818745022
