5010,0.000833333333333,0.0,0.0,0.0,0.0,0.0,0.0
10020,0.00166666666667,0.0,0.0,0.0,0.0,0.0,0.0
15030,0.0025,0.0,0.0,0.0,0.0,0.0,0.0
20040,0.00333333333333,0.0,0.0,0.0,0.0,0.0,0.0
25050,0.00416666666667,0.0,0.0,0.0,0.0,0.0,0.0
30060,0.005,0.0,0.0,0.0,0.0,0.0,0.0
35070,0.00583333333333,0.0,0.0,0.0,0.0,0.0,0.0
40080,0.00666666666667,0.0,0.0,0.0,0.0,0.0,0.0
45090,0.0075,0.0,0.0,0.0,0.0,0.0,0.0
50100,0.00833333333333,0.0,0.0,0.0,0.0,0.0,0.0
55110,0.00916666666667,0.0,0.0,0.0,0.0,0.0,0.0
60120,0.01,0.0,0.0,0.0,0.0,0.0,0.0
65130,0.0108333333333,0.0,0.0,0.0,0.0,0.0,0.0
70140,0.0116666666667,0.0,0.0,0.0,0.0,0.0,0.0
75150,0.0125,0.0,0.0,0.0,0.0,0.0,0.0
80160,0.0133333333333,0.0,0.0,0.0,0.0,0.0,0.0
85170,0.0141666666667,0.0,0.0,0.0,0.0,0.0,0.0
90180,0.015,0.0,0.0,0.0,0.0,0.0,0.0
95190,0.0158333333333,0.0,0.0,0.0,0.0,0.0,0.0
100200,0.0166666666667,0.0,0.0,0.0,0.0,0.0,0.0
105210,0.0175,0.0,0.0,0.0,0.0,0.0,0.0
110220,0.0183333333333,0.0,0.0,0.0,0.0,0.0,0.0
115230,0.0191666666667,0.0,0.0,0.0,0.0,0.0,0.0
120240,0.02,0.0,0.0,0.0,0.0,0.0,0.0
125250,0.0208333333333,0.0,0.0,0.0,0.0,0.0,0.0
130260,0.0216666666667,0.0,0.0,0.0,0.0,0.0,0.0
135270,0.0225,0.0,0.0,0.0,0.0,0.0,0.0
140280,0.0233333333333,0.0,0.0,0.0,0.0,0.0,0.0
145290,0.0241666666667,0.0,0.0,0.0,0.0,0.0,0.0
150300,0.025,0.0,0.0,0.0,0.0,0.0,0.0
155310,0.0258333333333,0.0,0.0,0.0,0.0,0.0,0.0
160320,0.0266666666667,0.0,0.0,0.0,0.0,0.0,0.0
165330,0.0275,0.0,0.0,0.0,0.0,0.0,0.0
170340,0.0283333333333,0.0,0.0,0.0,0.0,0.0,0.0
175350,0.0291666666667,0.0,0.0,0.0,0.0,0.0,0.0
180360,0.03,0.0,0.0,0.0,0.0,0.0,0.0
185370,0.0308333333333,0.0,0.0,0.0,0.0,0.0,0.0
190380,0.0316666666667,0.0,0.0,0.0,0.0,0.0,0.0
195390,0.0325,0.0,0.0,0.0,0.0,0.0,0.0
200400,0.0333333333333,0.0,0.0,0.0,0.0,0.0,0.0
205410,0.0341666666667,0.0,0.0,0.0,0.0,0.0,0.0
210420,0.035,0.0,0.0,0.0,0.0,0.0,0.0
215430,0.0358333333333,0.0,0.0,0.0,0.0,0.0,0.0
220440,0.0366666666667,0.0,0.0,0.0,0.0,0.0,0.0
225450,0.0375,0.0,0.0,0.0,0.0,0.0,0.0
230460,0.0383333333333,0.0,0.0,0.0,0.0,0.0,0.0
235470,0.0391666666667,0.0,0.0,0.0,0.0,0.0,0.0
240480,0.04,0.0,0.0,0.0,0.0,0.0,0.0
245490,0.0408333333333,0.0,0.0,0.0,0.0,0.0,0.0
250500,0.0416666666667,0.0,0.0,0.0,0.0,0.0,0.0
255510,0.0425,0.0,0.0,0.0,0.0,0.0,0.0
260520,0.0433333333333,0.0,0.0,0.0,0.0,0.0,0.0
265530,0.0441666666667,0.0,0.0,0.0,0.0,0.0,0.0
270540,0.045,0.0,0.0,0.0,0.0,0.0,0.0
275550,0.0458333333333,0.0,0.0,0.0,0.0,0.0,0.0
280560,0.0466666666667,0.0,0.0,0.0,0.0,0.0,0.0
285570,0.0475,0.0,0.0,0.0,0.0,0.0,0.0
290580,0.0483333333333,0.0,0.0,0.0,0.0,0.0,0.0
295590,0.0491666666667,0.0,0.0,0.0,0.0,0.0,0.0
300600,0.05,0.0,0.0,0.0,0.0,0.0,0.0
305610,0.0508333333333,0.0,0.0,0.0,0.0,0.0,0.0
310620,0.0516666666667,0.0,0.0,0.0,0.0,0.0,0.0
315630,0.0525,0.0,0.0,0.0,0.0,0.0,0.0
320640,0.0533333333333,0.0,0.0,0.0,0.0,0.0,0.0
325650,0.0541666666667,0.0,0.0,0.0,0.0,0.0,0.0
330660,0.055,0.0,0.0,0.0,0.0,0.0,0.0
335670,0.0558333333333,0.0,0.0,0.0,0.0,0.0,0.0
340680,0.0566666666667,0.0,0.0,0.0,0.0,0.0,0.0
345690,0.0575,0.0,0.0,0.0,0.0,0.0,0.0
350700,0.0583333333333,0.0,0.0,0.0,0.0,0.0,0.0
355710,0.0591666666667,0.0,0.0,0.0,0.0,0.0,0.0
360720,0.06,0.0,0.0,0.0,0.0,0.0,0.0
365730,0.0608333333333,0.0,0.0,0.0,0.0,0.0,0.0
370740,0.0616666666667,0.0,0.0,0.0,0.0,0.0,0.0
375750,0.0625,0.0,0.0,0.0,0.0,0.0,0.0
380760,0.0633333333333,0.0,0.0,0.0,0.0,0.0,0.0
385770,0.0641666666667,0.0,0.0,0.0,0.0,0.0,0.0
390780,0.065,0.0,0.0,0.0,0.0,0.0,0.0
395790,0.0658333333333,0.0,0.0,0.0,0.0,0.0,0.0
400800,0.0666666666667,0.0,0.0,0.0,0.0,0.0,0.0
405810,0.0675,0.0,0.0,0.0,0.0,0.0,0.0
410820,0.0683333333333,0.0,0.0,0.0,0.0,0.0,0.0
415830,0.0691666666667,0.0,0.0,0.0,0.0,0.0,0.0
420840,0.07,0.0,0.0,0.0,0.0,0.0,0.0
425850,0.0708333333333,0.0,0.0,0.0,0.0,0.0,0.0
430860,0.0716666666667,0.0,0.0,0.0,0.0,0.0,0.0
435870,0.0725,0.0,0.0,0.0,0.0,0.0,0.0
440880,0.0733333333333,0.0,0.0,0.0,0.0,0.0,0.0
445890,0.0741666666667,0.0,0.0,0.0,0.0,0.0,0.0
450900,0.075,0.0,0.0,0.0,0.0,0.0,0.0
455910,0.0758333333333,0.0,0.0,0.0,0.0,0.0,0.0
460920,0.0766666666667,0.0,0.0,0.0,0.0,0.0,0.0
465930,0.0775,0.0,0.0,0.0,0.0,0.0,0.0
470940,0.0783333333333,0.0,0.0,0.0,0.0,0.0,0.0
475950,0.0791666666667,0.0,0.0,0.0,0.0,0.0,0.0
480960,0.08,0.0,0.0,0.0,0.0,0.0,0.0
485970,0.0808333333333,0.0,0.0,0.0,0.0,0.0,0.0
490980,0.0816666666667,0.0,0.0,0.0,0.0,0.0,0.0
495990,0.0825,0.0,0.0,0.0,0.0,0.0,0.0
501000,0.0833333333333,0.0,0.0,0.0,0.0,0.0,0.0
506010,0.0841666666667,0.0,0.0,0.0,0.0,0.0,0.0
511020,0.085,0.0,0.0,0.0,0.0,0.0,0.0
516030,0.0858333333333,0.0,0.0,0.0,0.0,0.0,0.0
521040,0.0866666666667,0.0,0.0,0.0,0.0,0.0,0.0
526050,0.0875,0.0,0.0,0.0,0.0,0.0,0.0
531060,0.0883333333333,0.0,0.0,0.0,0.0,0.0,0.0
536070,0.0891666666667,0.0,0.0,0.0,0.0,0.0,0.0
541080,0.09,0.0,0.0,0.0,0.0,0.0,0.0
546090,0.0908333333333,0.0,0.0,0.0,0.0,0.0,0.0
551100,0.0916666666667,0.0,0.0,0.0,0.0,0.0,0.0
556110,0.0925,0.0,0.0,0.0,0.0,0.0,0.0
561120,0.0933333333333,0.0,0.0,0.0,0.0,0.0,0.0
566130,0.0941666666667,0.0,0.0,0.0,0.0,0.0,0.0
571140,0.095,0.0,0.0,0.0,0.0,0.0,0.0
576150,0.0958333333333,0.0,0.0,0.0,0.0,0.0,0.0
581160,0.0966666666667,0.0,0.0,0.0,0.0,0.0,0.0
586170,0.0975,0.0,0.0,0.0,0.0,0.0,0.0
591180,0.0983333333333,0.0,0.0,0.0,0.0,0.0,0.0
596190,0.0991666666667,0.0,0.0,0.0,0.0,0.0,0.0
601200,0.1,0.0,0.0,0.0,0.0,0.0,0.0
606210,0.100833333333,0.0,0.0,0.0,0.0,0.0,0.0
611220,0.101666666667,0.0,0.0,0.0,0.0,0.0,0.0
616230,0.1025,0.0,0.0,0.0,0.0,0.0,0.0
621240,0.103333333333,0.0,0.0,0.0,0.0,0.0,0.0
626250,0.104166666667,0.0,0.0,0.0,0.0,0.0,0.0
631260,0.105,0.0,0.0,0.0,0.0,0.0,0.0
636270,0.105833333333,0.0,0.0,0.0,0.0,0.0,0.0
641280,0.106666666667,0.0,0.0,0.0,0.0,0.0,0.0
646290,0.1075,0.0,0.0,0.0,0.0,0.0,0.0
651300,0.108333333333,0.0,0.0,0.0,0.0,0.0,0.0
656310,0.109166666667,0.0,0.0,0.0,0.0,0.0,0.0
661320,0.11,0.0,0.0,0.0,0.0,0.0,0.0
666330,0.110833333333,0.0,0.0,0.0,0.0,0.0,0.0
671340,0.111666666667,0.0,0.0,0.0,0.0,0.0,0.0
676350,0.1125,0.0,0.0,0.0,0.0,0.0,0.0
681360,0.113333333333,0.0,0.0,0.0,0.0,0.0,0.0
686370,0.114166666667,0.0,0.0,0.0,0.0,0.0,0.0
691380,0.115,0.0,0.0,0.0,0.0,0.0,0.0
696390,0.115833333333,0.0,0.0,0.0,0.0,0.0,0.0
701400,0.116666666667,0.0,0.0,0.0,0.0,0.0,0.0
706410,0.1175,0.0,0.0,0.0,0.0,0.0,0.0
711420,0.118333333333,0.0,0.0,0.0,0.0,0.0,0.0
716430,0.119166666667,0.0,0.0,0.0,0.0,0.0,0.0
721440,0.12,0.0,0.0,0.0,0.0,0.0,0.0
726450,0.120833333333,0.0,0.0,0.0,0.0,0.0,0.0
731460,0.121666666667,0.0,0.0,0.0,0.0,0.0,0.0
736470,0.1225,0.0,0.0,0.0,0.0,0.0,0.0
741480,0.123333333333,0.0,0.0,0.0,0.0,0.0,0.0
746490,0.124166666667,0.0,0.0,0.0,0.0,0.0,0.0
751500,0.125,0.0,0.0,0.0,0.0,0.0,0.0
756510,0.125833333333,0.0,0.0,0.0,0.0,0.0,0.0
761520,0.126666666667,0.0,0.0,0.0,0.0,0.0,0.0
766530,0.1275,0.0,0.0,0.0,0.0,0.0,0.0
771540,0.128333333333,0.0,0.0,0.0,0.0,0.0,0.0
776550,0.129166666667,0.0,0.0,0.0,0.0,0.0,0.0
781560,0.13,0.0,0.0,0.0,0.0,0.0,0.0
786570,0.130833333333,0.0,0.0,0.0,0.0,0.0,0.0
791580,0.131666666667,0.0,0.0,0.0,0.0,0.0,0.0
796590,0.1325,0.0,0.0,0.0,0.0,0.0,0.0
801600,0.133333333333,0.0,0.0,0.0,0.0,0.0,0.0
806610,0.134166666667,0.0,0.0,0.0,0.0,0.0,0.0
811620,0.135,0.0,0.0,0.0,0.0,0.0,0.0
816630,0.135833333333,0.0,0.0,0.0,0.0,0.0,0.0
821640,0.136666666667,0.0,0.0,0.0,0.0,0.0,0.0
826650,0.1375,0.0,0.0,0.0,0.0,0.0,0.0
831660,0.138333333333,0.0,0.0,0.0,0.0,0.0,0.0
836670,0.139166666667,0.0,0.0,0.0,0.0,0.0,0.0
841680,0.14,0.0,0.0,0.0,0.0,0.0,0.0
846690,0.140833333333,0.0,0.0,0.0,0.0,0.0,0.0
851700,0.141666666667,0.0,0.0,0.0,0.0,0.0,0.0
856710,0.1425,0.0,0.0,0.0,0.0,0.0,0.0
861720,0.143333333333,0.0,0.0,0.0,0.0,0.0,0.0
866730,0.144166666667,0.0,0.0,0.0,0.0,0.0,0.0
871740,0.145,0.0,0.0,0.0,0.0,0.0,0.0
876750,0.145833333333,0.0,0.0,0.0,0.0,0.0,0.0
881760,0.146666666667,0.0,0.0,0.0,0.0,0.0,0.0
886770,0.1475,0.0,0.0,0.0,0.0,0.0,0.0
891780,0.148333333333,0.0,0.0,0.0,0.0,0.0,0.0
896790,0.149166666667,0.0,0.0,0.0,0.0,0.0,0.0
901800,0.15,0.0,0.0,0.0,0.0,0.0,0.0
906810,0.150833333333,0.0,0.0,0.0,0.0,0.0,0.0
911820,0.151666666667,0.0,0.0,0.0,0.0,0.0,0.0
916830,0.1525,0.0,0.0,0.0,0.0,0.0,0.0
921840,0.153333333333,0.0,0.0,0.0,0.0,0.0,0.0
926850,0.154166666667,0.0,0.0,0.0,0.0,0.0,0.0
931860,0.155,0.0,0.0,0.0,0.0,0.0,0.0
936870,0.155833333333,0.0,0.0,0.0,0.0,0.0,0.0
941880,0.156666666667,0.0,0.0,0.0,0.0,0.0,0.0
946890,0.1575,0.0,0.0,0.0,0.0,0.0,0.0
951900,0.158333333333,0.0,0.0,0.0,0.0,0.0,0.0
956910,0.159166666667,0.0,0.0,0.0,0.0,0.0,0.0
961920,0.16,0.0,0.0,0.0,0.0,0.0,0.0
966930,0.160833333333,0.0,0.0,0.0,0.0,0.0,0.0
971940,0.161666666667,0.0,0.0,0.0,0.0,0.0,0.0
976950,0.1625,0.0,0.0,0.0,0.0,0.0,0.0
981960,0.163333333333,0.0,0.0,0.0,0.0,0.0,0.0
986970,0.164166666667,0.0,0.0,0.0,0.0,0.0,0.0
991980,0.165,0.0,0.0,0.0,0.0,0.0,0.0
996990,0.165833333333,0.0,0.0,0.0,0.0,0.0,0.0
1002000,0.166666666667,0.0,0.0,0.0,0.0,0.0,0.0
1007010,0.1675,0.0,0.0,0.0,0.0,0.0,0.0
1012020,0.168333333333,0.0,0.0,0.0,0.0,0.0,0.0
1017030,0.169166666667,0.0,0.0,0.0,0.0,0.0,0.0
1022040,0.17,0.0,0.0,0.0,0.0,0.0,0.0
1027050,0.170833333333,0.0,0.0,0.0,0.0,0.0,0.0
1032060,0.171666666667,0.0,0.0,0.0,0.0,0.0,0.0
1037070,0.1725,0.0,0.0,0.0,0.0,0.0,0.0
1042080,0.173333333333,0.0,0.0,0.0,0.0,0.0,0.0
1047090,0.174166666667,0.0,0.0,0.0,0.0,0.0,0.0
1052100,0.175,0.0,0.0,0.0,0.0,0.0,0.0
1057110,0.175833333333,0.0,0.0,0.0,0.0,0.0,0.0
1062120,0.176666666667,0.0,0.0,0.0,0.0,0.0,0.0
1067130,0.1775,0.0,0.0,0.0,0.0,0.0,0.0
1072140,0.178333333333,0.0,0.0,0.0,0.0,0.0,0.0
1077150,0.179166666667,0.0,0.0,0.0,0.0,0.0,0.0
1082160,0.18,0.0,0.0,0.0,0.0,0.0,0.0
1087170,0.180833333333,0.0,0.0,0.0,0.0,0.0,0.0
1092180,0.181666666667,0.0,0.0,0.0,0.0,0.0,0.0
1097190,0.1825,0.0,0.0,0.0,0.0,0.0,0.0
1102200,0.183333333333,0.0,0.0,0.0,0.0,0.0,0.0
1107210,0.184166666667,0.0,0.0,0.0,0.0,0.0,0.0
1112220,0.185,0.0,0.0,0.0,0.0,0.0,0.0
1117230,0.185833333333,0.0,0.0,0.0,0.0,0.0,0.0
1122240,0.186666666667,0.0,0.0,0.0,0.0,0.0,0.0
1127250,0.1875,0.0,0.0,0.0,0.0,0.0,0.0
1132260,0.188333333333,0.0,0.0,0.0,0.0,0.0,0.0
1137270,0.189166666667,0.0,0.0,0.0,0.0,0.0,0.0
1142280,0.19,0.0,0.0,0.0,0.0,0.0,0.0
1147290,0.190833333333,0.0,0.0,0.0,0.0,0.0,0.0
1152300,0.191666666667,0.0,0.0,0.0,0.0,0.0,0.0
1157310,0.1925,0.0,0.0,0.0,0.0,0.0,0.0
1162320,0.193333333333,0.0,0.0,0.0,0.0,0.0,0.0
1167330,0.194166666667,0.0,0.0,0.0,0.0,0.0,0.0
1172340,0.195,0.0,0.0,0.0,0.0,0.0,0.0
1177350,0.195833333333,0.0,0.0,0.0,0.0,0.0,0.0
1182360,0.196666666667,0.0,0.0,0.0,0.0,0.0,0.0
1187370,0.1975,0.0,0.0,0.0,0.0,0.0,0.0
1192380,0.198333333333,0.0,0.0,0.0,0.0,0.0,0.0
1197390,0.199166666667,0.0,0.0,0.0,0.0,0.0,0.0
1202400,0.2,0.0,0.0,0.0,0.0,0.0,0.0
1207410,0.200833333333,0.0,0.0,0.0,0.0,0.0,0.0
1212420,0.201666666667,0.0,0.0,0.0,0.0,0.0,0.0
1217430,0.2025,0.0,0.0,0.0,0.0,0.0,0.0
1222440,0.203333333333,0.0,0.0,0.0,0.0,0.0,0.0
1227450,0.204166666667,0.0,0.0,0.0,0.0,0.0,0.0
1232460,0.205,0.0,0.0,0.0,0.0,0.0,0.0
1237470,0.205833333333,0.0,0.0,0.0,0.0,0.0,0.0
1242480,0.206666666667,0.0,0.0,0.0,0.0,0.0,0.0
1247490,0.2075,0.0,0.0,0.0,0.0,0.0,0.0
1252500,0.208333333333,0.0,0.0,0.0,0.0,0.0,0.0
1257510,0.209166666667,0.0,0.0,0.0,0.0,0.0,0.0
1262520,0.21,0.0,0.0,0.0,0.0,0.0,0.0
1267530,0.210833333333,0.0,0.0,0.0,0.0,0.0,0.0
1272540,0.211666666667,0.0,0.0,0.0,0.0,0.0,0.0
1277550,0.2125,0.0,0.0,0.0,0.0,0.0,0.0
1282560,0.213333333333,0.0,0.0,0.0,0.0,0.0,0.0
1287570,0.214166666667,0.0,0.0,0.0,0.0,0.0,0.0
1292580,0.215,0.0,0.0,0.0,0.0,0.0,0.0
1297590,0.215833333333,0.0,0.0,0.0,0.0,0.0,0.0
1302600,0.216666666667,0.0,0.0,0.0,0.0,0.0,0.0
1307610,0.2175,0.0,0.0,0.0,0.0,0.0,0.0
1312620,0.218333333333,0.0,0.0,0.0,0.0,0.0,0.0
1317630,0.219166666667,0.0,0.0,0.0,0.0,0.0,0.0
1322640,0.22,0.0,0.0,0.0,0.0,0.0,0.0
1327650,0.220833333333,0.0,0.0,0.0,0.0,0.0,0.0
1332660,0.221666666667,0.0,0.0,0.0,0.0,0.0,0.0
1337670,0.2225,0.0,0.0,0.0,0.0,0.0,0.0
1342680,0.223333333333,0.0,0.0,0.0,0.0,0.0,0.0
1347690,0.224166666667,0.0,0.0,0.0,0.0,0.0,0.0
1352700,0.225,0.0,0.0,0.0,0.0,0.0,0.0
1357710,0.225833333333,0.0,0.0,0.0,0.0,0.0,0.0
1362720,0.226666666667,0.0,0.0,0.0,0.0,0.0,0.0
1367730,0.2275,0.0,0.0,0.0,0.0,0.0,0.0
1372740,0.228333333333,0.0,0.0,0.0,0.0,0.0,0.0
1377750,0.229166666667,0.0,0.0,0.0,0.0,0.0,0.0
1382760,0.23,0.0,0.0,0.0,0.0,0.0,0.0
1387770,0.230833333333,0.0,0.0,0.0,0.0,0.0,0.0
1392780,0.231666666667,0.0,0.0,0.0,0.0,0.0,0.0
1397790,0.2325,0.0,0.0,0.0,0.0,0.0,0.0
1402800,0.233333333333,0.0,0.0,0.0,0.0,0.0,0.0
1407810,0.234166666667,0.0,0.0,0.0,0.0,0.0,0.0
1412820,0.235,0.0,0.0,0.0,0.0,0.0,0.0
1417830,0.235833333333,0.0,0.0,0.0,0.0,0.0,0.0
1422840,0.236666666667,0.0,0.0,0.0,0.0,0.0,0.0
1427850,0.2375,0.0,0.0,0.0,0.0,0.0,0.0
1432860,0.238333333333,0.0,0.0,0.0,0.0,0.0,0.0
1437870,0.239166666667,0.0,0.0,0.0,0.0,0.0,0.0
1442880,0.24,0.0,0.0,0.0,0.0,0.0,0.0
1447890,0.240833333333,0.0,0.0,0.0,0.0,0.0,0.0
1452900,0.241666666667,0.0,0.0,0.0,0.0,0.0,0.0
1457910,0.2425,0.0,0.0,0.0,0.0,0.0,0.0
1462920,0.243333333333,0.0,0.0,0.0,0.0,0.0,0.0
1467930,0.244166666667,0.0,0.0,0.0,0.0,0.0,0.0
1472940,0.245,0.0,0.0,0.0,0.0,0.0,0.0
1477950,0.245833333333,0.0,0.0,0.0,0.0,0.0,0.0
1482960,0.246666666667,0.0,0.0,0.0,0.0,0.0,0.0
1487970,0.2475,0.0,0.0,0.0,0.0,0.0,0.0
1492980,0.248333333333,0.0,0.0,0.0,0.0,0.0,0.0
1497990,0.249166666667,0.0,0.0,0.0,0.0,0.0,0.0
1503000,0.25,0.0,0.0,0.0,0.0,0.0,0.0
1508010,0.250833333333,0.0,0.0,0.0,0.0,0.0,0.0
1513020,0.251666666667,0.0,0.0,0.0,0.0,0.0,0.0
1518030,0.2525,0.0,0.0,0.0,0.0,0.0,0.0
1523040,0.253333333333,0.0,0.0,0.0,0.0,0.0,0.0
1528050,0.254166666667,0.0,0.0,0.0,0.0,0.0,0.0
1533060,0.255,0.0,0.0,0.0,0.0,0.0,0.0
1538070,0.255833333333,0.0,0.0,0.0,0.0,0.0,0.0
1543080,0.256666666667,0.0,0.0,0.0,0.0,0.0,0.0
1548090,0.2575,0.0,0.0,0.0,0.0,0.0,0.0
1553100,0.258333333333,0.0,0.0,0.0,0.0,0.0,0.0
1558110,0.259166666667,0.0,0.0,0.0,0.0,0.0,0.0
1563120,0.26,0.0,0.0,0.0,0.0,0.0,0.0
1568130,0.260833333333,0.0,0.0,0.0,0.0,0.0,0.0
1573140,0.261666666667,0.0,0.0,0.0,0.0,0.0,0.0
1578150,0.2625,0.0,0.0,0.0,0.0,0.0,0.0
1583160,0.263333333333,0.0,0.0,0.0,0.0,0.0,0.0
1588170,0.264166666667,0.0,0.0,0.0,0.0,0.0,0.0
1593180,0.265,0.0,0.0,0.0,0.0,0.0,0.0
1598190,0.265833333333,0.0,0.0,0.0,0.0,0.0,0.0
1603200,0.266666666667,0.0,0.0,0.0,0.0,0.0,0.0
1608210,0.2675,0.0,0.0,0.0,0.0,0.0,0.0
1613220,0.268333333333,0.0,0.0,0.0,0.0,0.0,0.0
1618230,0.269166666667,0.0,0.0,0.0,0.0,0.0,0.0
1623240,0.27,0.0,0.0,0.0,0.0,0.0,0.0
1628250,0.270833333333,0.0,0.0,0.0,0.0,0.0,0.0
1633260,0.271666666667,0.0,0.0,0.0,0.0,0.0,0.0
1638270,0.2725,0.0,0.0,0.0,0.0,0.0,0.0
1643280,0.273333333333,0.0,0.0,0.0,0.0,0.0,0.0
1648290,0.274166666667,0.0,0.0,0.0,0.0,0.0,0.0
1653300,0.275,0.0,0.0,0.0,0.0,0.0,0.0
1658310,0.275833333333,0.0,0.0,0.0,0.0,0.0,0.0
1663320,0.276666666667,0.0,0.0,0.0,0.0,0.0,0.0
1668330,0.2775,0.0,0.0,0.0,0.0,0.0,0.0
1673340,0.278333333333,0.0,0.0,0.0,0.0,0.0,0.0
1678350,0.279166666667,0.0,0.0,0.0,0.0,0.0,0.0
1683360,0.28,0.0,0.0,0.0,0.0,0.0,0.0
1688370,0.280833333333,0.0,0.0,0.0,0.0,0.0,0.0
1693380,0.281666666667,0.0,0.0,0.0,0.0,0.0,0.0
1698390,0.2825,0.0,0.0,0.0,0.0,0.0,0.0
1703400,0.283333333333,0.0,0.0,0.0,0.0,0.0,0.0
1708410,0.284166666667,0.0,0.0,0.0,0.0,0.0,0.0
1713420,0.285,0.0,0.0,0.0,0.0,0.0,0.0
1718430,0.285833333333,0.0,0.0,0.0,0.0,0.0,0.0
1723440,0.286666666667,0.0,0.0,0.0,0.0,0.0,0.0
1728450,0.2875,0.0,0.0,0.0,0.0,0.0,0.0
1733460,0.288333333333,0.0,0.0,0.0,0.0,0.0,0.0
1738470,0.289166666667,0.0,0.0,0.0,0.0,0.0,0.0
1743480,0.29,0.0,0.0,0.0,0.0,0.0,0.0
1748490,0.290833333333,0.0,0.0,0.0,0.0,0.0,0.0
1753500,0.291666666667,0.0,0.0,0.0,0.0,0.0,0.0
1758510,0.2925,0.0,0.0,0.0,0.0,0.0,0.0
1763520,0.293333333333,0.0,0.0,0.0,0.0,0.0,0.0
1768530,0.294166666667,0.0,0.0,0.0,0.0,0.0,0.0
1773540,0.295,0.0,0.0,0.0,0.0,0.0,0.0
1778550,0.295833333333,0.0,0.0,0.0,0.0,0.0,0.0
1783560,0.296666666667,0.0,0.0,0.0,0.0,0.0,0.0
1788570,0.2975,0.0,0.0,0.0,0.0,0.0,0.0
1793580,0.298333333333,0.0,0.0,0.0,0.0,0.0,0.0
1798590,0.299166666667,0.0,0.0,0.0,0.0,0.0,0.0
1803600,0.3,0.0,0.0,0.0,0.0,0.0,0.0
1808610,0.300833333333,0.0,0.0,0.0,0.0,0.0,0.0
1813620,0.301666666667,0.0,0.0,0.0,0.0,0.0,0.0
1818630,0.3025,0.0,0.0,0.0,0.0,0.0,0.0
1823640,0.303333333333,0.0,0.0,0.0,0.0,0.0,0.0
1828650,0.304166666667,0.0,0.0,0.0,0.0,0.0,0.0
1833660,0.305,0.0,0.0,0.0,0.0,0.0,0.0
1838670,0.305833333333,0.0,0.0,0.0,0.0,0.0,0.0
1843680,0.306666666667,0.0,0.0,0.0,0.0,0.0,0.0
1848690,0.3075,0.0,0.0,0.0,0.0,0.0,0.0
1853700,0.308333333333,0.0,0.0,0.0,0.0,0.0,0.0
1858710,0.309166666667,0.0,0.0,0.0,0.0,0.0,0.0
1863720,0.31,0.0,0.0,0.0,0.0,0.0,0.0
1868730,0.310833333333,0.0,0.0,0.0,0.0,0.0,0.0
1873740,0.311666666667,0.0,0.0,0.0,0.0,0.0,0.0
1878750,0.3125,0.0,0.0,0.0,0.0,0.0,0.0
1883760,0.313333333333,0.0,0.0,0.0,0.0,0.0,0.0
1888770,0.314166666667,0.0,0.0,0.0,0.0,0.0,0.0
1893780,0.315,0.0,0.0,0.0,0.0,0.0,0.0
1898790,0.315833333333,0.0,0.0,0.0,0.0,0.0,0.0
1903800,0.316666666667,0.0,0.0,0.0,0.0,0.0,0.0
1908810,0.3175,0.0,0.0,0.0,0.0,0.0,0.0
1913820,0.318333333333,0.0,0.0,0.0,0.0,0.0,0.0
1918830,0.319166666667,0.0,0.0,0.0,0.0,0.0,0.0
1923840,0.32,0.0,0.0,0.0,0.0,0.0,0.0
1928850,0.320833333333,0.0,0.0,0.0,0.0,0.0,0.0
1933860,0.321666666667,0.0,0.0,0.0,0.0,0.0,0.0
1938870,0.3225,0.0,0.0,0.0,0.0,0.0,0.0
1943880,0.323333333333,0.0,0.0,0.0,0.0,0.0,0.0
1948890,0.324166666667,0.0,0.0,0.0,0.0,0.0,0.0
1953900,0.325,0.0,0.0,0.0,0.0,0.0,0.0
1958910,0.325833333333,0.0,0.0,0.0,0.0,0.0,0.0
1963920,0.326666666667,0.0,0.0,0.0,0.0,0.0,0.0
1968930,0.3275,0.0,0.0,0.0,0.0,0.0,0.0
1973940,0.328333333333,0.0,0.0,0.0,0.0,0.0,0.0
1978950,0.329166666667,0.0,0.0,0.0,0.0,0.0,0.0
1983960,0.33,0.0,0.0,0.0,0.0,0.0,0.0
1988970,0.330833333333,0.0,0.0,0.0,0.0,0.0,0.0
1993980,0.331666666667,0.0,0.0,0.0,0.0,0.0,0.0
1998990,0.3325,0.0,0.0,0.0,0.0,0.0,0.0
2004000,0.333333333333,0.0,0.0,0.0,0.0,0.0,0.0
2009010,0.334166666667,0.0,0.0,0.0,0.0,0.0,0.0
2014020,0.335,0.0,0.0,0.0,0.0,0.0,0.0
2019030,0.335833333333,0.0,0.0,0.0,0.0,0.0,0.0
2024040,0.336666666667,0.0,0.0,0.0,0.0,0.0,0.0
2029050,0.3375,0.0,0.0,0.0,0.0,0.0,0.0
2034060,0.338333333333,0.0,0.0,0.0,0.0,0.0,0.0
2039070,0.339166666667,0.0,0.0,0.0,0.0,0.0,0.0
2044080,0.34,0.0,0.0,0.0,0.0,0.0,0.0
2049090,0.340833333333,0.0,0.0,0.0,0.0,0.0,0.0
2054100,0.341666666667,0.0,0.0,0.0,0.0,0.0,0.0
2059110,0.3425,0.0,0.0,0.0,0.0,0.0,0.0
2064120,0.343333333333,0.0,0.0,0.0,0.0,0.0,0.0
2069130,0.344166666667,0.0,0.0,0.0,0.0,0.0,0.0
2074140,0.345,0.0,0.0,0.0,0.0,0.0,0.0
2079150,0.345833333333,0.0,0.0,0.0,0.0,0.0,0.0
2084160,0.346666666667,0.0,0.0,0.0,0.0,0.0,0.0
2089170,0.3475,0.0,0.0,0.0,0.0,0.0,0.0
2094180,0.348333333333,0.0,0.0,0.0,0.0,0.0,0.0
2099190,0.349166666667,0.0,0.0,0.0,0.0,0.0,0.0
2104200,0.35,0.0,0.0,0.0,0.0,0.0,0.0
2109210,0.350833333333,0.0,0.0,0.0,0.0,0.0,0.0
2114220,0.351666666667,0.0,0.0,0.0,0.0,0.0,0.0
2119230,0.3525,0.0,0.0,0.0,0.0,0.0,0.0
2124240,0.353333333333,0.0,0.0,0.0,0.0,0.0,0.0
2129250,0.354166666667,0.0,0.0,0.0,0.0,0.0,0.0
2134260,0.355,0.0,0.0,0.0,0.0,0.0,0.0
2139270,0.355833333333,0.0,0.0,0.0,0.0,0.0,0.0
2144280,0.356666666667,0.0,0.0,0.0,0.0,0.0,0.0
2149290,0.3575,0.0,0.0,0.0,0.0,0.0,0.0
2154300,0.358333333333,0.0,0.0,0.0,0.0,0.0,0.0
2159310,0.359166666667,0.0,0.0,0.0,0.0,0.0,0.0
2164320,0.36,0.0,0.0,0.0,0.0,0.0,0.0
2169330,0.360833333333,0.0,0.0,0.0,0.0,0.0,0.0
2174340,0.361666666667,0.0,0.0,0.0,0.0,0.0,0.0
2179350,0.3625,0.0,0.0,0.0,0.0,0.0,0.0
2184360,0.363333333333,0.0,0.0,0.0,0.0,0.0,0.0
2189370,0.364166666667,0.0,0.0,0.0,0.0,0.0,0.0
2194380,0.365,0.0,0.0,0.0,0.0,0.0,0.0
2199390,0.365833333333,0.0,0.0,0.0,0.0,0.0,0.0
2204400,0.366666666667,0.0,0.0,0.0,0.0,0.0,0.0
2209410,0.3675,0.0,0.0,0.0,0.0,0.0,0.0
2214420,0.368333333333,0.0,0.0,0.0,0.0,0.0,0.0
2219430,0.369166666667,0.0,0.0,0.0,0.0,0.0,0.0
2224440,0.37,0.0,0.0,0.0,0.0,0.0,0.0
2229450,0.370833333333,0.0,0.0,0.0,0.0,0.0,0.0
2234460,0.371666666667,0.0,0.0,0.0,0.0,0.0,0.0
2239470,0.3725,0.0,0.0,0.0,0.0,0.0,0.0
2244480,0.373333333333,0.0,0.0,0.0,0.0,0.0,0.0
2249490,0.374166666667,0.0,0.0,0.0,0.0,0.0,0.0
2254500,0.375,0.0,0.0,0.0,0.0,0.0,0.0
2259510,0.375833333333,0.0,0.0,0.0,0.0,0.0,0.0
2264520,0.376666666667,0.0,0.0,0.0,0.0,0.0,0.0
2269530,0.3775,0.0,0.0,0.0,0.0,0.0,0.0
2274540,0.378333333333,0.0,0.0,0.0,0.0,0.0,0.0
2279550,0.379166666667,0.0,0.0,0.0,0.0,0.0,0.0
2284560,0.38,0.0,0.0,0.0,0.0,0.0,0.0
2289570,0.380833333333,0.0,0.0,0.0,0.0,0.0,0.0
2294580,0.381666666667,0.0,0.0,0.0,0.0,0.0,0.0
2299590,0.3825,0.0,0.0,0.0,0.0,0.0,0.0
2304600,0.383333333333,0.0,0.0,0.0,0.0,0.0,0.0
2309610,0.384166666667,0.0,0.0,0.0,0.0,0.0,0.0
2314620,0.385,0.0,0.0,0.0,0.0,0.0,0.0
2319630,0.385833333333,0.0,0.0,0.0,0.0,0.0,0.0
2324640,0.386666666667,0.0,0.0,0.0,0.0,0.0,0.0
2329650,0.3875,0.0,0.0,0.0,0.0,0.0,0.0
2334660,0.388333333333,0.0,0.0,0.0,0.0,0.0,0.0
2339670,0.389166666667,0.0,0.0,0.0,0.0,0.0,0.0
2344680,0.39,0.0,0.0,0.0,0.0,0.0,0.0
2349690,0.390833333333,0.0,0.0,0.0,0.0,0.0,0.0
2354700,0.391666666667,0.0,0.0,0.0,0.0,0.0,0.0
2359710,0.3925,0.0,0.0,0.0,0.0,0.0,0.0
2364720,0.393333333333,0.0,0.0,0.0,0.0,0.0,0.0
2369730,0.394166666667,0.0,0.0,0.0,0.0,0.0,0.0
2374740,0.395,0.0,0.0,0.0,0.0,0.0,0.0
2379750,0.395833333333,0.0,0.0,0.0,0.0,0.0,0.0
2384760,0.396666666667,0.0,0.0,0.0,0.0,0.0,0.0
2389770,0.3975,0.0,0.0,0.0,0.0,0.0,0.0
2394780,0.398333333333,0.0,0.0,0.0,0.0,0.0,0.0
2399790,0.399166666667,0.0,0.0,0.0,0.0,0.0,0.0
2404800,0.4,0.0,0.0,0.0,0.0,0.0,0.0
2409810,0.400833333333,0.0,0.0,0.0,0.0,0.0,0.0
2414820,0.401666666667,0.0,0.0,0.0,0.0,0.0,0.0
2419830,0.4025,0.0,0.0,0.0,0.0,0.0,0.0
2424840,0.403333333333,0.0,0.0,0.0,0.0,0.0,0.0
2429850,0.404166666667,0.0,0.0,0.0,0.0,0.0,0.0
2434860,0.405,0.0,0.0,0.0,0.0,0.0,0.0
2439870,0.405833333333,0.0,0.0,0.0,0.0,0.0,0.0
2444880,0.406666666667,0.0,0.0,0.0,0.0,0.0,0.0
2449890,0.4075,0.0,0.0,0.0,0.0,0.0,0.0
2454900,0.408333333333,0.0,0.0,0.0,0.0,0.0,0.0
2459910,0.409166666667,0.0,0.0,0.0,0.0,0.0,0.0
2464920,0.41,0.0,0.0,0.0,0.0,0.0,0.0
2469930,0.410833333333,0.0,0.0,0.0,0.0,0.0,0.0
2474940,0.411666666667,0.0,0.0,0.0,0.0,0.0,0.0
2479950,0.4125,0.0,0.0,0.0,0.0,0.0,0.0
2484960,0.413333333333,0.0,0.0,0.0,0.0,0.0,0.0
2489970,0.414166666667,0.0,0.0,0.0,0.0,0.0,0.0
2494980,0.415,0.0,0.0,0.0,0.0,0.0,0.0
2499990,0.415833333333,0.0,0.0,0.0,0.0,0.0,0.0
2505000,0.416666666667,0.0,0.0,0.0,0.0,0.0,0.0
2510010,0.4175,0.0,0.0,0.0,0.0,0.0,0.0
2515020,0.418333333333,0.0,0.0,0.0,0.0,0.0,0.0
2520030,0.419166666667,0.0,0.0,0.0,0.0,0.0,0.0
2525040,0.42,0.0,0.0,0.0,0.0,0.0,0.0
2530050,0.420833333333,0.0,0.0,0.0,0.0,0.0,0.0
2535060,0.421666666667,0.0,0.0,0.0,0.0,0.0,0.0
2540070,0.4225,0.0,0.0,0.0,0.0,0.0,0.0
2545080,0.423333333333,0.0,0.0,0.0,0.0,0.0,0.0
2550090,0.424166666667,0.0,0.0,0.0,0.0,0.0,0.0
2555100,0.425,0.0,0.0,0.0,0.0,0.0,0.0
2560110,0.425833333333,0.0,0.0,0.0,0.0,0.0,0.0
2565120,0.426666666667,0.0,0.0,0.0,0.0,0.0,0.0
2570130,0.4275,0.0,0.0,0.0,0.0,0.0,0.0
2575140,0.428333333333,0.0,0.0,0.0,0.0,0.0,0.0
2580150,0.429166666667,0.0,0.0,0.0,0.0,0.0,0.0
2585160,0.43,0.0,0.0,0.0,0.0,0.0,0.0
2590170,0.430833333333,0.0,0.0,0.0,0.0,0.0,0.0
2595180,0.431666666667,0.0,0.0,0.0,0.0,0.0,0.0
2600190,0.4325,0.0,0.0,0.0,0.0,0.0,0.0
2605200,0.433333333333,0.0,0.0,0.0,0.0,0.0,0.0
2610210,0.434166666667,0.0,0.0,0.0,0.0,0.0,0.0
2615220,0.435,0.0,0.0,0.0,0.0,0.0,0.0
2620230,0.435833333333,0.0,0.0,0.0,0.0,0.0,0.0
2625240,0.436666666667,0.0,0.0,0.0,0.0,0.0,0.0
2630250,0.4375,0.0,0.0,0.0,0.0,0.0,0.0
2635260,0.438333333333,0.0,0.0,0.0,0.0,0.0,0.0
2640270,0.439166666667,0.0,0.0,0.0,0.0,0.0,0.0
2645280,0.44,0.0,0.0,0.0,0.0,0.0,0.0
2650290,0.440833333333,0.0,0.0,0.0,0.0,0.0,0.0
2655300,0.441666666667,0.0,0.0,0.0,0.0,0.0,0.0
2660310,0.4425,0.0,0.0,0.0,0.0,0.0,0.0
2665320,0.443333333333,0.0,0.0,0.0,0.0,0.0,0.0
2670330,0.444166666667,0.0,0.0,0.0,0.0,0.0,0.0
2675340,0.445,0.0,0.0,0.0,0.0,0.0,0.0
2680350,0.445833333333,0.0,0.0,0.0,0.0,0.0,0.0
2685360,0.446666666667,0.0,0.0,0.0,0.0,0.0,0.0
2690370,0.4475,0.0,0.0,0.0,0.0,0.0,0.0
2695380,0.448333333333,0.0,0.0,0.0,0.0,0.0,0.0
2700390,0.449166666667,0.0,0.0,0.0,0.0,0.0,0.0
2705400,0.45,0.0,0.0,0.0,0.0,0.0,0.0
2710410,0.450833333333,0.0,0.0,0.0,0.0,0.0,0.0
2715420,0.451666666667,0.0,0.0,0.0,0.0,0.0,0.0
2720430,0.4525,0.0,0.0,0.0,0.0,0.0,0.0
2725440,0.453333333333,0.0,0.0,0.0,0.0,0.0,0.0
2730450,0.454166666667,0.0,0.0,0.0,0.0,0.0,0.0
2735460,0.455,0.0,0.0,0.0,0.0,0.0,0.0
2740470,0.455833333333,0.0,0.0,0.0,0.0,0.0,0.0
2745480,0.456666666667,0.0,0.0,0.0,0.0,0.0,0.0
2750490,0.4575,0.0,0.0,0.0,0.0,0.0,0.0
2755500,0.458333333333,0.0,0.0,0.0,0.0,0.0,0.0
2760510,0.459166666667,0.0,0.0,0.0,0.0,0.0,0.0
2765520,0.46,0.0,0.0,0.0,0.0,0.0,0.0
2770530,0.460833333333,0.0,0.0,0.0,0.0,0.0,0.0
2775540,0.461666666667,0.0,0.0,0.0,0.0,0.0,0.0
2780550,0.4625,0.0,0.0,0.0,0.0,0.0,0.0
2785560,0.463333333333,0.0,0.0,0.0,0.0,0.0,0.0
2790570,0.464166666667,0.0,0.0,0.0,0.0,0.0,0.0
2795580,0.465,0.0,0.0,0.0,0.0,0.0,0.0
2800590,0.465833333333,0.0,0.0,0.0,0.0,0.0,0.0
2805600,0.466666666667,0.0,0.0,0.0,0.0,0.0,0.0
2810610,0.4675,0.0,0.0,0.0,0.0,0.0,0.0
2815620,0.468333333333,0.0,0.0,0.0,0.0,0.0,0.0
2820630,0.469166666667,0.0,0.0,0.0,0.0,0.0,0.0
2825640,0.47,0.0,0.0,0.0,0.0,0.0,0.0
2830650,0.470833333333,0.0,0.0,0.0,0.0,0.0,0.0
2835660,0.471666666667,0.0,0.0,0.0,0.0,0.0,0.0
2840670,0.4725,0.0,0.0,0.0,0.0,0.0,0.0
2845680,0.473333333333,0.0,0.0,0.0,0.0,0.0,0.0
2850690,0.474166666667,0.0,0.0,0.0,0.0,0.0,0.0
2855700,0.475,0.0,0.0,0.0,0.0,0.0,0.0
2860710,0.475833333333,0.0,0.0,0.0,0.0,0.0,0.0
2865720,0.476666666667,0.0,0.0,0.0,0.0,0.0,0.0
2870730,0.4775,0.0,0.0,0.0,0.0,0.0,0.0
2875740,0.478333333333,0.0,0.0,0.0,0.0,0.0,0.0
2880750,0.479166666667,0.0,0.0,0.0,0.0,0.0,0.0
2885760,0.48,0.0,0.0,0.0,0.0,0.0,0.0
2890770,0.480833333333,0.0,0.0,0.0,0.0,0.0,0.0
2895780,0.481666666667,0.0,0.0,0.0,0.0,0.0,0.0
2900790,0.4825,0.0,0.0,0.0,0.0,0.0,0.0
2905800,0.483333333333,0.0,0.0,0.0,0.0,0.0,0.0
2910810,0.484166666667,0.0,0.0,0.0,0.0,0.0,0.0
2915820,0.485,0.0,0.0,0.0,0.0,0.0,0.0
2920830,0.485833333333,0.0,0.0,0.0,0.0,0.0,0.0
2925840,0.486666666667,0.0,0.0,0.0,0.0,0.0,0.0
2930850,0.4875,0.0,0.0,0.0,0.0,0.0,0.0
2935860,0.488333333333,0.0,0.0,0.0,0.0,0.0,0.0
2940870,0.489166666667,0.0,0.0,0.0,0.0,0.0,0.0
2945880,0.49,0.0,0.0,0.0,0.0,0.0,0.0
2950890,0.490833333333,0.0,0.0,0.0,0.0,0.0,0.0
2955900,0.491666666667,0.0,0.0,0.0,0.0,0.0,0.0
2960910,0.4925,0.0,0.0,0.0,0.0,0.0,0.0
2965920,0.493333333333,0.0,0.0,0.0,0.0,0.0,0.0
2970930,0.494166666667,0.0,0.0,0.0,0.0,0.0,0.0
2975940,0.495,0.0,0.0,0.0,0.0,0.0,0.0
2980950,0.495833333333,0.0,0.0,0.0,0.0,0.0,0.0
2985960,0.496666666667,0.0,0.0,0.0,0.0,0.0,0.0
2990970,0.4975,0.0,0.0,0.0,0.0,0.0,0.0
2995980,0.498333333333,0.0,0.0,0.0,0.0,0.0,0.0
3000990,0.499166666667,0.0,0.0,0.0,0.0,0.0,0.0
3006000,0.5,0.0,0.0,0.0,0.0,0.0,0.0
3011010,0.500833333333,0.0,0.0,0.0,0.0,0.0,0.0
3016020,0.501666666667,0.0,0.0,0.0,0.0,0.0,0.0
3021030,0.5025,0.0,0.0,0.0,0.0,0.0,0.0
3026040,0.503333333333,0.0,0.0,0.0,0.0,0.0,0.0
3031050,0.504166666667,0.0,0.0,0.0,0.0,0.0,0.0
3036060,0.505,0.0,0.0,0.0,0.0,0.0,0.0
3041070,0.505833333333,0.0,0.0,0.0,0.0,0.0,0.0
3046080,0.506666666667,0.0,0.0,0.0,0.0,0.0,0.0
3051090,0.5075,0.0,0.0,0.0,0.0,0.0,0.0
3056100,0.508333333333,0.0,0.0,0.0,0.0,0.0,0.0
3061110,0.509166666667,0.0,0.0,0.0,0.0,0.0,0.0
3066120,0.51,0.0,0.0,0.0,0.0,0.0,0.0
3071130,0.510833333333,0.0,0.0,0.0,0.0,0.0,0.0
3076140,0.511666666667,0.0,0.0,0.0,0.0,0.0,0.0
3081150,0.5125,0.0,0.0,0.0,0.0,0.0,0.0
3086160,0.513333333333,0.0,0.0,0.0,0.0,0.0,0.0
3091170,0.514166666667,0.0,0.0,0.0,0.0,0.0,0.0
3096180,0.515,0.0,0.0,0.0,0.0,0.0,0.0
3101190,0.515833333333,0.0,0.0,0.0,0.0,0.0,0.0
3106200,0.516666666667,0.0,0.0,0.0,0.0,0.0,0.0
3111210,0.5175,0.0,0.0,0.0,0.0,0.0,0.0
3116220,0.518333333333,0.0,0.0,0.0,0.0,0.0,0.0
3121230,0.519166666667,0.0,0.0,0.0,0.0,0.0,0.0
3126240,0.52,0.0,0.0,0.0,0.0,0.0,0.0
3131250,0.520833333333,0.0,0.0,0.0,0.0,0.0,0.0
3136260,0.521666666667,0.0,0.0,0.0,0.0,0.0,0.0
3141270,0.5225,0.0,0.0,0.0,0.0,0.0,0.0
3146280,0.523333333333,0.0,0.0,0.0,0.0,0.0,0.0
3151290,0.524166666667,0.0,0.0,0.0,0.0,0.0,0.0
3156300,0.525,0.0,0.0,0.0,0.0,0.0,0.0
3161310,0.525833333333,0.0,0.0,0.0,0.0,0.0,0.0
3166320,0.526666666667,0.0,0.0,0.0,0.0,0.0,0.0
3171330,0.5275,0.0,0.0,0.0,0.0,0.0,0.0
3176340,0.528333333333,0.0,0.0,0.0,0.0,0.0,0.0
3181350,0.529166666667,0.0,0.0,0.0,0.0,0.0,0.0
3186360,0.53,0.0,0.0,0.0,0.0,0.0,0.0
3191370,0.530833333333,0.0,0.0,0.0,0.0,0.0,0.0
3196380,0.531666666667,0.0,0.0,0.0,0.0,0.0,0.0
3201390,0.5325,0.0,0.0,0.0,0.0,0.0,0.0
3206400,0.533333333333,0.0,0.0,0.0,0.0,0.0,0.0
3211410,0.534166666667,0.0,0.0,0.0,0.0,0.0,0.0
3216420,0.535,0.0,0.0,0.0,0.0,0.0,0.0
3221430,0.535833333333,0.0,0.0,0.0,0.0,0.0,0.0
3226440,0.536666666667,0.0,0.0,0.0,0.0,0.0,0.0
3231450,0.5375,0.0,0.0,0.0,0.0,0.0,0.0
3236460,0.538333333333,0.0,0.0,0.0,0.0,0.0,0.0
3241470,0.539166666667,0.0,0.0,0.0,0.0,0.0,0.0
3246480,0.54,0.0,0.0,0.0,0.0,0.0,0.0
3251490,0.540833333333,0.0,0.0,0.0,0.0,0.0,0.0
3256500,0.541666666667,0.0,0.0,0.0,0.0,0.0,0.0
3261510,0.5425,0.0,0.0,0.0,0.0,0.0,0.0
3266520,0.543333333333,0.0,0.0,0.0,0.0,0.0,0.0
3271530,0.544166666667,0.0,0.0,0.0,0.0,0.0,0.0
3276540,0.545,0.0,0.0,0.0,0.0,0.0,0.0
3281550,0.545833333333,0.0,0.0,0.0,0.0,0.0,0.0
3286560,0.546666666667,0.0,0.0,0.0,0.0,0.0,0.0
3291570,0.5475,0.0,0.0,0.0,0.0,0.0,0.0
3296580,0.548333333333,0.0,0.0,0.0,0.0,0.0,0.0
3301590,0.549166666667,0.0,0.0,0.0,0.0,0.0,0.0
3306600,0.55,0.0,0.0,0.0,0.0,0.0,0.0
3311610,0.550833333333,0.0,0.0,0.0,0.0,0.0,0.0
3316620,0.551666666667,0.0,0.0,0.0,0.0,0.0,0.0
3321630,0.5525,0.0,0.0,0.0,0.0,0.0,0.0
3326640,0.553333333333,0.0,0.0,0.0,0.0,0.0,0.0
3331650,0.554166666667,0.0,0.0,0.0,0.0,0.0,0.0
3336660,0.555,0.0,0.0,0.0,0.0,0.0,0.0
3341670,0.555833333333,0.0,0.0,0.0,0.0,0.0,0.0
3346680,0.556666666667,0.0,0.0,0.0,0.0,0.0,0.0
3351690,0.5575,0.0,0.0,0.0,0.0,0.0,0.0
3356700,0.558333333333,0.0,0.0,0.0,0.0,0.0,0.0
3361710,0.559166666667,0.0,0.0,0.0,0.0,0.0,0.0
3366720,0.56,0.0,0.0,0.0,0.0,0.0,0.0
3371730,0.560833333333,0.0,0.0,0.0,0.0,0.0,0.0
3376740,0.561666666667,0.0,0.0,0.0,0.0,0.0,0.0
3381750,0.5625,0.0,0.0,0.0,0.0,0.0,0.0
3386760,0.563333333333,0.0,0.0,0.0,0.0,0.0,0.0
3391770,0.564166666667,0.0,0.0,0.0,0.0,0.0,0.0
3396780,0.565,0.0,0.0,0.0,0.0,0.0,0.0
3401790,0.565833333333,0.0,0.0,0.0,0.0,0.0,0.0
3406800,0.566666666667,0.0,0.0,0.0,0.0,0.0,0.0
3411810,0.5675,0.0,0.0,0.0,0.0,0.0,0.0
3416820,0.568333333333,0.0,0.0,0.0,0.0,0.0,0.0
3421830,0.569166666667,0.0,0.0,0.0,0.0,0.0,0.0
3426840,0.57,0.0,0.0,0.0,0.0,0.0,0.0
3431850,0.570833333333,0.0,0.0,0.0,0.0,0.0,0.0
3436860,0.571666666667,0.0,0.0,0.0,0.0,0.0,0.0
3441870,0.5725,0.0,0.0,0.0,0.0,0.0,0.0
3446880,0.573333333333,0.0,0.0,0.0,0.0,0.0,0.0
3451890,0.574166666667,0.0,0.0,0.0,0.0,0.0,0.0
3456900,0.575,0.0,0.0,0.0,0.0,0.0,0.0
3461910,0.575833333333,0.0,0.0,0.0,0.0,0.0,0.0
3466920,0.576666666667,0.0,0.0,0.0,0.0,0.0,0.0
3471930,0.5775,0.0,0.0,0.0,0.0,0.0,0.0
3476940,0.578333333333,0.0,0.0,0.0,0.0,0.0,0.0
3481950,0.579166666667,0.0,0.0,0.0,0.0,0.0,0.0
3486960,0.58,0.0,0.0,0.0,0.0,0.0,0.0
3491970,0.580833333333,0.0,0.0,0.0,0.0,0.0,0.0
3496980,0.581666666667,0.0,0.0,0.0,0.0,0.0,0.0
3501990,0.5825,0.0,0.0,0.0,0.0,0.0,0.0
3507000,0.583333333333,0.0,0.0,0.0,0.0,0.0,0.0
3512010,0.584166666667,0.0,0.0,0.0,0.0,0.0,0.0
3517020,0.585,0.0,0.0,0.0,0.0,0.0,0.0
3522030,0.585833333333,0.0,0.0,0.0,0.0,0.0,0.0
3527040,0.586666666667,0.0,0.0,0.0,0.0,0.0,0.0
3532050,0.5875,0.0,0.0,0.0,0.0,0.0,0.0
3537060,0.588333333333,0.0,0.0,0.0,0.0,0.0,0.0
3542070,0.589166666667,0.0,0.0,0.0,0.0,0.0,0.0
3547080,0.59,0.0,0.0,0.0,0.0,0.0,0.0
3552090,0.590833333333,0.0,0.0,0.0,0.0,0.0,0.0
3557100,0.591666666667,0.0,0.0,0.0,0.0,0.0,0.0
3562110,0.5925,0.0,0.0,0.0,0.0,0.0,0.0
3567120,0.593333333333,0.0,0.0,0.0,0.0,0.0,0.0
3572130,0.594166666667,0.0,0.0,0.0,0.0,0.0,0.0
3577140,0.595,0.0,0.0,0.0,0.0,0.0,0.0
3582150,0.595833333333,0.0,0.0,0.0,0.0,0.0,0.0
3587160,0.596666666667,0.0,0.0,0.0,0.0,0.0,0.0
3592170,0.5975,0.0,0.0,0.0,0.0,0.0,0.0
3597180,0.598333333333,0.0,0.0,0.0,0.0,0.0,0.0
3602190,0.599166666667,0.0,0.0,0.0,0.0,0.0,0.0
3607200,0.6,0.0,0.0,0.0,0.0,0.0,0.0
3612210,0.600833333333,0.0,0.0,0.0,0.0,0.0,0.0
3617220,0.601666666667,0.0,0.0,0.0,0.0,0.0,0.0
3622230,0.6025,0.0,0.0,0.0,0.0,0.0,0.0
3627240,0.603333333333,0.0,0.0,0.0,0.0,0.0,0.0
3632250,0.604166666667,0.0,0.0,0.0,0.0,0.0,0.0
3637260,0.605,0.0,0.0,0.0,0.0,0.0,0.0
3642270,0.605833333333,0.0,0.0,0.0,0.0,0.0,0.0
3647280,0.606666666667,0.0,0.0,0.0,0.0,0.0,0.0
3652290,0.6075,0.0,0.0,0.0,0.0,0.0,0.0
3657300,0.608333333333,0.0,0.0,0.0,0.0,0.0,0.0
3662310,0.609166666667,0.0,0.0,0.0,0.0,0.0,0.0
3667320,0.61,0.0,0.0,0.0,0.0,0.0,0.0
3672330,0.610833333333,0.0,0.0,0.0,0.0,0.0,0.0
3677340,0.611666666667,0.0,0.0,0.0,0.0,0.0,0.0
3682350,0.6125,0.0,0.0,0.0,0.0,0.0,0.0
3687360,0.613333333333,0.0,0.0,0.0,0.0,0.0,0.0
3692370,0.614166666667,0.0,0.0,0.0,0.0,0.0,0.0
3697380,0.615,0.0,0.0,0.0,0.0,0.0,0.0
3702390,0.615833333333,0.0,0.0,0.0,0.0,0.0,0.0
3707400,0.616666666667,0.0,0.0,0.0,0.0,0.0,0.0
3712410,0.6175,0.0,0.0,0.0,0.0,0.0,0.0
3717420,0.618333333333,0.0,0.0,0.0,0.0,0.0,0.0
3722430,0.619166666667,0.0,0.0,0.0,0.0,0.0,0.0
3727440,0.62,0.0,0.0,0.0,0.0,0.0,0.0
3732450,0.620833333333,0.0,0.0,0.0,0.0,0.0,0.0
3737460,0.621666666667,0.0,0.0,0.0,0.0,0.0,0.0
3742470,0.6225,0.0,0.0,0.0,0.0,0.0,0.0
3747480,0.623333333333,0.0,0.0,0.0,0.0,0.0,0.0
3752490,0.624166666667,0.0,0.0,0.0,0.0,0.0,0.0
3757500,0.625,0.0,0.0,0.0,0.0,0.0,0.0
3762510,0.625833333333,0.0,0.0,0.0,0.0,0.0,0.0
3767520,0.626666666667,0.0,0.0,0.0,0.0,0.0,0.0
3772530,0.6275,0.0,0.0,0.0,0.0,0.0,0.0
3777540,0.628333333333,0.0,0.0,0.0,0.0,0.0,0.0
3782550,0.629166666667,0.0,0.0,0.0,0.0,0.0,0.0
3787560,0.63,0.0,0.0,0.0,0.0,0.0,0.0
3792570,0.630833333333,0.0,0.0,0.0,0.0,0.0,0.0
3797580,0.631666666667,0.0,0.0,0.0,0.0,0.0,0.0
3802590,0.6325,0.0,0.0,0.0,0.0,0.0,0.0
3807600,0.633333333333,0.0,0.0,0.0,0.0,0.0,0.0
3812610,0.634166666667,0.0,0.0,0.0,0.0,0.0,0.0
3817620,0.635,0.0,0.0,0.0,0.0,0.0,0.0
3822630,0.635833333333,0.0,0.0,0.0,0.0,0.0,0.0
3827640,0.636666666667,0.0,0.0,0.0,0.0,0.0,0.0
3832650,0.6375,0.0,0.0,0.0,0.0,0.0,0.0
3837660,0.638333333333,0.0,0.0,0.0,0.0,0.0,0.0
3842670,0.639166666667,0.0,0.0,0.0,0.0,0.0,0.0
3847680,0.64,0.0,0.0,0.0,0.0,0.0,0.0
3852690,0.640833333333,0.0,0.0,0.0,0.0,0.0,0.0
3857700,0.641666666667,0.0,0.0,0.0,0.0,0.0,0.0
3862710,0.6425,0.0,0.0,0.0,0.0,0.0,0.0
3867720,0.643333333333,0.0,0.0,0.0,0.0,0.0,0.0
3872730,0.644166666667,0.0,0.0,0.0,0.0,0.0,0.0
3877740,0.645,0.0,0.0,0.0,0.0,0.0,0.0
3882750,0.645833333333,0.0,0.0,0.0,0.0,0.0,0.0
3887760,0.646666666667,0.0,0.0,0.0,0.0,0.0,0.0
3892770,0.6475,0.0,0.0,0.0,0.0,0.0,0.0
3897780,0.648333333333,0.0,0.0,0.0,0.0,0.0,0.0
3902790,0.649166666667,0.0,0.0,0.0,0.0,0.0,0.0
3907800,0.65,0.0,0.0,0.0,0.0,0.0,0.0
3912810,0.650833333333,0.0,0.0,0.0,0.0,0.0,0.0
3917820,0.651666666667,0.0,0.0,0.0,0.0,0.0,0.0
3922830,0.6525,0.0,0.0,0.0,0.0,0.0,0.0
3927840,0.653333333333,0.0,0.0,0.0,0.0,0.0,0.0
3932850,0.654166666667,0.0,0.0,0.0,0.0,0.0,0.0
3937860,0.655,0.0,0.0,0.0,0.0,0.0,0.0
3942870,0.655833333333,0.0,0.0,0.0,0.0,0.0,0.0
3947880,0.656666666667,0.0,0.0,0.0,0.0,0.0,0.0
3952890,0.6575,0.0,0.0,0.0,0.0,0.0,0.0
3957900,0.658333333333,0.0,0.0,0.0,0.0,0.0,0.0
3962910,0.659166666667,0.0,0.0,0.0,0.0,0.0,0.0
3967920,0.66,0.0,0.0,0.0,0.0,0.0,0.0
3972930,0.660833333333,0.0,0.0,0.0,0.0,0.0,0.0
3977940,0.661666666667,0.0,0.0,0.0,0.0,0.0,0.0
3982950,0.6625,0.0,0.0,0.0,0.0,0.0,0.0
3987960,0.663333333333,0.0,0.0,0.0,0.0,0.0,0.0
3992970,0.664166666667,0.0,0.0,0.0,0.0,0.0,0.0
3997980,0.665,0.0,0.0,0.0,0.0,0.0,0.0
4002990,0.665833333333,0.0,0.0,0.0,0.0,0.0,0.0
4008000,0.666666666667,0.0,0.0,0.0,0.0,0.0,0.0
4013010,0.6675,0.0,0.0,0.0,0.0,0.0,0.0
4018020,0.668333333333,0.0,0.0,0.0,0.0,0.0,0.0
4023030,0.669166666667,0.0,0.0,0.0,0.0,0.0,0.0
4028040,0.67,0.0,0.0,0.0,0.0,0.0,0.0
4033050,0.670833333333,0.0,0.0,0.0,0.0,0.0,0.0
4038060,0.671666666667,0.0,0.0,0.0,0.0,0.0,0.0
4043070,0.6725,0.0,0.0,0.0,0.0,0.0,0.0
4048080,0.673333333333,0.0,0.0,0.0,0.0,0.0,0.0
4053090,0.674166666667,0.0,0.0,0.0,0.0,0.0,0.0
4058100,0.675,0.0,0.0,0.0,0.0,0.0,0.0
4063110,0.675833333333,0.0,0.0,0.0,0.0,0.0,0.0
4068120,0.676666666667,0.0,0.0,0.0,0.0,0.0,0.0
4073130,0.6775,0.0,0.0,0.0,0.0,0.0,0.0
4078140,0.678333333333,0.0,0.0,0.0,0.0,0.0,0.0
4083150,0.679166666667,0.0,0.0,0.0,0.0,0.0,0.0
4088160,0.68,0.0,0.0,0.0,0.0,0.0,0.0
4093170,0.680833333333,0.0,0.0,0.0,0.0,0.0,0.0
4098180,0.681666666667,0.0,0.0,0.0,0.0,0.0,0.0
4103190,0.6825,0.0,0.0,0.0,0.0,0.0,0.0
4108200,0.683333333333,0.0,0.0,0.0,0.0,0.0,0.0
4113210,0.684166666667,0.0,0.0,0.0,0.0,0.0,0.0
4118220,0.685,0.0,0.0,0.0,0.0,0.0,0.0
4123230,0.685833333333,0.0,0.0,0.0,0.0,0.0,0.0
4128240,0.686666666667,0.0,0.0,0.0,0.0,0.0,0.0
4133250,0.6875,0.0,0.0,0.0,0.0,0.0,0.0
4138260,0.688333333333,0.0,0.0,0.0,0.0,0.0,0.0
4143270,0.689166666667,0.0,0.0,0.0,0.0,0.0,0.0
4148280,0.69,0.0,0.0,0.0,0.0,0.0,0.0
4153290,0.690833333333,0.0,0.0,0.0,0.0,0.0,0.0
4158300,0.691666666667,0.0,0.0,0.0,0.0,0.0,0.0
4163310,0.6925,0.0,0.0,0.0,0.0,0.0,0.0
4168320,0.693333333333,0.0,0.0,0.0,0.0,0.0,0.0
4173330,0.694166666667,0.0,0.0,0.0,0.0,0.0,0.0
4178340,0.695,0.0,0.0,0.0,0.0,0.0,0.0
4183350,0.695833333333,0.0,0.0,0.0,0.0,0.0,0.0
4188360,0.696666666667,0.0,0.0,0.0,0.0,0.0,0.0
4193370,0.6975,0.0,0.0,0.0,0.0,0.0,0.0
4198380,0.698333333333,0.0,0.0,0.0,0.0,0.0,0.0
4203390,0.699166666667,0.0,0.0,0.0,0.0,0.0,0.0
4208400,0.7,0.0,0.0,0.0,0.0,0.0,0.0
4213410,0.700833333333,0.0,0.0,0.0,0.0,0.0,0.0
4218420,0.701666666667,0.0,0.0,0.0,0.0,0.0,0.0
4223430,0.7025,0.0,0.0,0.0,0.0,0.0,0.0
4228440,0.703333333333,0.0,0.0,0.0,0.0,0.0,0.0
4233450,0.704166666667,0.0,0.0,0.0,0.0,0.0,0.0
4238460,0.705,0.0,0.0,0.0,0.0,0.0,0.0
4243470,0.705833333333,0.0,0.0,0.0,0.0,0.0,0.0
4248480,0.706666666667,0.0,0.0,0.0,0.0,0.0,0.0
4253490,0.7075,0.0,0.0,0.0,0.0,0.0,0.0
4258500,0.708333333333,0.0,0.0,0.0,0.0,0.0,0.0
4263510,0.709166666667,0.0,0.0,0.0,0.0,0.0,0.0
4268520,0.71,0.0,0.0,0.0,0.0,0.0,0.0
4273530,0.710833333333,0.0,0.0,0.0,0.0,0.0,0.0
4278540,0.711666666667,0.0,0.0,0.0,0.0,0.0,0.0
4283550,0.7125,0.0,0.0,0.0,0.0,0.0,0.0
4288560,0.713333333333,0.0,0.0,0.0,0.0,0.0,0.0
4293570,0.714166666667,0.0,0.0,0.0,0.0,0.0,0.0
4298580,0.715,0.0,0.0,0.0,0.0,0.0,0.0
4303590,0.715833333333,0.0,0.0,0.0,0.0,0.0,0.0
4308600,0.716666666667,0.0,0.0,0.0,0.0,0.0,0.0
4313610,0.7175,0.0,0.0,0.0,0.0,0.0,0.0
4318620,0.718333333333,0.0,0.0,0.0,0.0,0.0,0.0
4323630,0.719166666667,0.0,0.0,0.0,0.0,0.0,0.0
4328640,0.72,0.0,0.0,0.0,0.0,0.0,0.0
4333650,0.720833333333,0.0,0.0,0.0,0.0,0.0,0.0
4338660,0.721666666667,0.0,0.0,0.0,0.0,0.0,0.0
4343670,0.7225,0.0,0.0,0.0,0.0,0.0,0.0
4348680,0.723333333333,0.0,0.0,0.0,0.0,0.0,0.0
4353690,0.724166666667,0.0,0.0,0.0,0.0,0.0,0.0
4358700,0.725,0.0,0.0,0.0,0.0,0.0,0.0
4363710,0.725833333333,0.0,0.0,0.0,0.0,0.0,0.0
4368720,0.726666666667,0.0,0.0,0.0,0.0,0.0,0.0
4373730,0.7275,0.0,0.0,0.0,0.0,0.0,0.0
4378740,0.728333333333,0.0,0.0,0.0,0.0,0.0,0.0
4383750,0.729166666667,0.0,0.0,0.0,0.0,0.0,0.0
4388760,0.73,0.0,0.0,0.0,0.0,0.0,0.0
4393770,0.730833333333,0.0,0.0,0.0,0.0,0.0,0.0
4398780,0.731666666667,0.0,0.0,0.0,0.0,0.0,0.0
4403790,0.7325,0.0,0.0,0.0,0.0,0.0,0.0
4408800,0.733333333333,0.0,0.0,0.0,0.0,0.0,0.0
4413810,0.734166666667,0.0,0.0,0.0,0.0,0.0,0.0
4418820,0.735,0.0,0.0,0.0,0.0,0.0,0.0
4423830,0.735833333333,0.0,0.0,0.0,0.0,0.0,0.0
4428840,0.736666666667,0.0,0.0,0.0,0.0,0.0,0.0
4433850,0.7375,0.0,0.0,0.0,0.0,0.0,0.0
4438860,0.738333333333,0.0,0.0,0.0,0.0,0.0,0.0
4443870,0.739166666667,0.0,0.0,0.0,0.0,0.0,0.0
4448880,0.74,0.0,0.0,0.0,0.0,0.0,0.0
4453890,0.740833333333,0.0,0.0,0.0,0.0,0.0,0.0
4458900,0.741666666667,0.0,0.0,0.0,0.0,0.0,0.0
4463910,0.7425,0.0,0.0,0.0,0.0,0.0,0.0
4468920,0.743333333333,0.0,0.0,0.0,0.0,0.0,0.0
4473930,0.744166666667,0.0,0.0,0.0,0.0,0.0,0.0
4478940,0.745,0.0,0.0,0.0,0.0,0.0,0.0
4483950,0.745833333333,0.0,0.0,0.0,0.0,0.0,0.0
4488960,0.746666666667,0.0,0.0,0.0,0.0,0.0,0.0
4493970,0.7475,0.0,0.0,0.0,0.0,0.0,0.0
4498980,0.748333333333,0.0,0.0,0.0,0.0,0.0,0.0
4503990,0.749166666667,0.0,0.0,0.0,0.0,0.0,0.0
4509000,0.75,0.0,0.0,0.0,0.0,0.0,0.0
4514010,0.750833333333,0.0,0.0,0.0,0.0,0.0,0.0
