5010,0.000833333333333,0.164809592005,0.0746586838796,0.194953234971,0.161206426292,0.0679527156339,0.180387115219
10020,0.00166666666667,0.513911610606,0.314010272971,0.601744759078,0.461977993181,0.257167061394,0.505977198303
15030,0.0025,0.79168220234,0.569302097951,0.923545031394,0.685778773663,0.446911959499,0.74730755659
20040,0.00333333333333,0.95461395085,0.757694240164,1.13698417164,0.785463534203,0.571944095647,0.884115300499
25050,0.00416666666667,1.09721479066,0.890984195772,1.32497452531,0.869455461053,0.644277517175,0.987745532677
30060,0.005,1.30483982127,1.02957813673,1.57336568319,1.0352904802,0.731268119503,1.19428671484
35070,0.00583333333333,1.46375530842,1.16791382999,1.7739126171,1.18673376369,0.840334551607,1.39139377163
40080,0.00666666666667,1.56057135056,1.25660142722,1.8911826909,1.28486739646,0.920010105244,1.50518354926
45090,0.0075,1.63232522426,1.32191670398,1.96425998302,1.38214332509,0.979182372615,1.54869407113
50100,0.00833333333333,1.67831085731,1.35166864494,2.00344085279,1.42882133348,1.00827158988,1.5468372362
55110,0.00916666666667,1.67832305678,1.35259859044,1.97697849988,1.42619038767,1.01313982794,1.51309894955
60120,0.01,1.78930909025,1.40567269046,1.97341846345,1.58109533335,1.07991967868,1.51164306455
65130,0.0108333333333,1.79214889503,1.39849989806,1.90689029057,1.60450522333,1.08050277739,1.46913087523
70140,0.0116666666667,1.71180678049,1.34055474452,1.78185909985,1.53379992328,1.05007127663,1.37717297821
75150,0.0125,1.596609389,1.26310671018,1.64525706925,1.43132788023,0.991501068092,1.27279782814
80160,0.0133333333333,1.40477270088,1.13470319931,1.46118439078,1.24704757682,0.887849968185,1.13126245703
85170,0.0141666666667,1.26756439662,1.01085035756,1.31711070254,1.10409891965,0.773254259678,0.999931326737
90180,0.015,1.19637170943,0.937138861044,1.24080017509,1.02298200377,0.694509105492,0.933700577217
95190,0.0158333333333,1.1296679463,0.881172373183,1.19752844072,0.95274193288,0.637627056581,0.904841023473
100200,0.0166666666667,1.11021625148,0.857513402213,1.23275183392,0.916121754075,0.619434647831,0.930835167915
105210,0.0175,1.21465939219,0.891270179512,1.33699478326,1.02108968111,0.640456078357,1.00598543773
110220,0.0183333333333,1.29688353091,0.950590753665,1.4164769645,1.11395210771,0.697091949821,1.06630625919
115230,0.0191666666667,1.29865683236,0.992314731838,1.43256776669,1.10653820007,0.733568530663,1.06896305107
120240,0.02,1.35576593351,1.10568867289,1.51994476944,1.13408021792,0.827636097586,1.14096926128
125250,0.0208333333333,1.44446068951,1.22083472925,1.62183361169,1.18488361141,0.938408279462,1.22392980225
130260,0.0216666666667,1.5367630425,1.3215746202,1.721989591,1.2497172258,1.02933548868,1.31084969699
135270,0.0225,1.60632094253,1.38372820745,1.77045051437,1.30940762562,1.09412980423,1.35397362655
140280,0.0233333333333,1.65377535851,1.43457490728,1.81272509666,1.35459673049,1.14477167372,1.36389695534
145290,0.0241666666667,1.71683738512,1.48986408475,1.87440070445,1.40898172805,1.15810420356,1.39741615051
150300,0.025,1.81534776279,1.55691696926,1.97952991163,1.4859683178,1.18640766906,1.51731342123
155310,0.0258333333333,2.03607688414,1.68380679264,2.18520486037,1.67141315721,1.27067592498,1.72446297197
160320,0.0266666666667,2.32520573407,1.86432613832,2.49538492003,1.95007395186,1.40352528178,2.05177264657
165330,0.0275,2.80354149483,2.25492274424,3.05179073414,2.4636778189,1.69704624231,2.56178474372
170340,0.0283333333333,3.46932286598,2.87267102407,3.84021626619,3.19338581332,2.30185536233,3.3486586266
175350,0.0291666666667,4.16162548345,3.61314179176,4.75337796821,3.92328012713,2.97774714407,4.22614527638
180360,0.03,4.63032659801,4.24681573761,5.59672548192,4.40546139208,3.57373207781,4.98176353846
185370,0.0308333333333,4.97381432323,4.69330652255,6.23626540473,4.65437019331,4.00610368693,5.37924179462
190380,0.0316666666667,5.32312076978,5.09111892052,6.70125342687,4.83121032527,4.28378358657,5.51879146751
195390,0.0325,6.11420600649,5.58285617114,7.23768051165,5.47451929522,4.47951644637,5.59807127105
200400,0.0333333333333,6.77489299204,6.16686414897,7.73625006968,6.09844704031,4.92688552322,5.7555337972
205410,0.0341666666667,7.50842521723,6.63742345664,8.20303575592,6.68171608743,5.30626833578,6.0630568687
210420,0.035,8.17360821178,6.8533121245,8.6008785967,7.46298904617,5.53585613536,6.52051352418
215430,0.0358333333333,8.55053042567,6.94856629994,9.08214996542,7.82765758358,5.50285994839,6.78961203475
220440,0.0366666666667,8.49272469789,6.89531927532,9.24937541018,7.59911977298,5.25750865865,6.55241574368
225450,0.0375,8.06776480185,6.55532369115,9.10588095629,6.94112236556,4.89575154705,6.39507727913
230460,0.0383333333333,7.23172451531,6.02128891367,8.29711090324,5.94584722368,4.50858786108,5.73194557701
235470,0.0391666666667,7.02804111849,5.87127178911,7.70987139046,5.69187995714,4.37514663516,5.21243614608
240480,0.04,7.34075075508,5.80050736817,7.645756909,5.91808104111,4.28739145379,5.40767257098
245490,0.0408333333333,7.24521066986,6.01017299196,7.8508000986,5.87408162866,4.54245551255,5.75648317888
250500,0.0416666666667,6.61486411153,5.67191927693,7.46600516919,5.4608552232,4.36846069177,5.65122499206
255510,0.0425,6.98708136387,5.61013166708,7.77953697636,5.84006251088,4.30161815295,5.86993743943
260520,0.0433333333333,8.21478326595,6.5524940177,8.9206188735,6.91379591173,5.10401043008,6.69356980743
265530,0.0441666666667,9.05405795718,7.35239510506,9.67434951652,7.46088715641,5.58569296294,7.10739495139
270540,0.045,8.8798581494,7.55609334957,8.96790593228,6.95932280221,5.68576622926,6.21704884345
275550,0.0458333333333,8.56887424308,7.39831716125,8.49250108115,6.50340205863,5.631332635,5.63443349349
280560,0.0466666666667,9.13842274738,7.82963093837,9.10340535652,7.03524755187,5.85881898967,6.01054171326
285570,0.0475,9.89230148249,8.3435979672,10.2142694492,7.84534991783,6.19175183383,7.12292442522
290580,0.0483333333333,9.74524448382,8.15181320815,10.2280721104,7.83077844583,5.90964835155,7.28564243019
295590,0.0491666666667,9.42863606466,7.81382661796,9.81121930973,7.55186210056,5.58354921745,7.18484977509
300600,0.05,9.27646487187,7.73285969237,9.48405430924,7.50160734331,5.67596941073,7.10897898111
305610,0.0508333333333,8.52909640079,7.15812433496,8.59340086016,6.88181872403,5.22987499614,6.57666274581
310620,0.0516666666667,7.48116145336,6.24668403569,7.21174459659,6.17167359009,4.53741317398,5.58630414673
315630,0.0525,6.12925967337,5.15742544868,6.00214048602,5.23007156705,3.6990225875,4.57602637295
320640,0.0533333333333,4.84126054671,4.09504697139,4.76221867521,4.11740307436,2.92976254934,3.59357361233
325650,0.0541666666667,3.37940572071,2.87633974842,3.39287141782,2.82384372649,1.95372227975,2.49841716155
330660,0.055,2.68978253053,2.19035937884,2.94931184247,2.20658843936,1.47422109005,2.24538685237
335670,0.0558333333333,2.49868922376,1.97934472753,2.86324417456,2.08609172067,1.41146057202,2.3023177771
340680,0.0566666666667,2.39074909042,1.89159114886,2.81414579658,1.9393211402,1.39107525604,2.32204986322
345690,0.0575,2.3441783744,1.81545338954,2.78276865496,1.90872674767,1.34511899469,2.36625844871
350700,0.0583333333333,2.48495719659,1.95391105946,2.96912735162,2.04692710862,1.51285472346,2.63573008787
355710,0.0591666666667,2.58798529026,2.13089568673,3.1854813604,2.28870662555,1.75608089569,3.02783541275
360720,0.06,2.58720882905,2.12444100595,3.20927604301,2.3425093175,1.77333095239,3.09322024028
365730,0.0608333333333,2.46157632983,1.97225415082,3.01789980202,2.19046142674,1.60479795641,2.8428289956
370740,0.0616666666667,2.28642116014,1.81081752484,2.77417221454,1.95851356818,1.40019819494,2.53748831086
375750,0.0625,2.1293168968,1.68628332981,2.6119007585,1.76219110103,1.25737006282,2.31998070027
380760,0.0633333333333,2.06868768029,1.63603234551,2.61953450755,1.70032516059,1.21553165115,2.35680270263
385770,0.0641666666667,2.10466264276,1.67657406981,2.66178983907,1.67453369218,1.24733096762,2.38738913249
390780,0.065,2.12132009457,1.70017845518,2.68389924784,1.66891514368,1.27082327567,2.37449740162
395790,0.0658333333333,2.13164227108,1.70538932002,2.65662630918,1.66309348949,1.25927782552,2.33201867381
400800,0.0666666666667,2.15060715505,1.72570667404,2.65742975441,1.6893127941,1.26794434592,2.29491636749
405810,0.0675,2.17848518683,1.80866343819,2.70725874553,1.70852751805,1.33828261569,2.33052330589
410820,0.0683333333333,2.31372610559,1.99955258,2.90918440309,1.80250834418,1.55161150614,2.54925565533
415830,0.0691666666667,2.52203542157,2.15218777186,3.13689132096,1.95999945149,1.70033696876,2.75255680007
420840,0.07,2.62564036184,2.23766633876,3.26886546935,2.06483526712,1.7749507048,2.87011344678
425850,0.0708333333333,2.58369321718,2.21825431003,3.2125716113,2.04576806505,1.73760338309,2.79365137472
430860,0.0716666666667,2.54620194263,2.17012419153,3.09776433814,2.00781809014,1.70214082705,2.69073775563
435870,0.0725,2.48241039714,2.16138942492,2.95947318161,1.95127300599,1.69531634408,2.53516912385
440880,0.0733333333333,2.3955473046,2.11315684236,2.81749377528,1.8466409103,1.65563990385,2.35693035985
445890,0.0741666666667,2.31058933565,1.9860149004,2.61500987578,1.73014624486,1.50343295073,2.1705153024
450900,0.075,2.26590384707,1.96401304566,2.51972248032,1.72763748986,1.46591743863,2.08797284513
455910,0.0758333333333,2.30358339421,2.0055863077,2.55417035151,1.78516014235,1.48299232481,2.12281609204
460920,0.0766666666667,2.56304614378,2.20378267977,2.72349302443,2.0277740154,1.66588096333,2.28004786101
465930,0.0775,2.79041500284,2.41571742371,2.87258914008,2.26440794742,1.87586633722,2.39713468858
470940,0.0783333333333,2.91060488175,2.45631795213,2.84057442714,2.31879437847,1.89888592103,2.30469722105
475950,0.0791666666667,3.12992531913,2.56698815508,2.91393240803,2.48524927818,2.01278107833,2.36204934543
480960,0.08,3.4475113367,2.77909367751,3.0403009734,2.79043472037,2.21114364038,2.3995286736
485970,0.0808333333333,3.57709004942,2.96617876002,3.16303807126,2.90857164343,2.40140097656,2.45990782594
490980,0.0816666666667,3.58155591052,3.10569351606,3.32198188228,2.93476261126,2.57829970935,2.65005493952
495990,0.0825,3.56920411801,3.14929357299,3.42395714891,2.87089055475,2.59637579401,2.79049762648
501000,0.0833333333333,3.59284126498,3.14750751349,3.47530040763,2.80152933111,2.57216661064,2.84108825724
506010,0.0841666666667,3.62306548506,3.19548533763,3.59067242211,2.79959400763,2.62640046426,2.98229205432
511020,0.085,3.62164557649,3.22999829241,3.67985091024,2.71084006825,2.63134432891,3.05039001373
516030,0.0858333333333,3.68429076077,3.32543928514,3.88021648508,2.72637106168,2.72629654762,3.28205818495
521040,0.0866666666667,3.90540921251,3.6066672648,4.19900127595,2.93545250893,3.02870358604,3.57333381147
526050,0.0875,4.38316256817,4.03184843336,4.82037151266,3.37522853974,3.31817960604,4.06216562822
531060,0.0883333333333,5.36870200519,4.54455443436,5.93429681049,4.40629564599,3.7138021588,5.13228645944
536070,0.0891666666667,5.85388887456,4.94440089484,6.55663607169,4.90881229968,4.05667022473,5.58545969791
541080,0.09,6.21661620301,5.35641798053,7.14765012491,5.3376890774,4.2827509306,5.899154049
546090,0.0908333333333,6.8178126254,5.92608193374,7.70469861453,5.84435602758,4.66790980599,6.24388513938
551100,0.0916666666667,7.94069516444,6.8941105827,8.57812392674,6.77089831242,5.1626940438,6.7730385795
556110,0.0925,8.89205476671,7.80699312638,9.7121560309,7.47375243066,5.68936547627,7.54651898265
561120,0.0933333333333,9.58743212065,8.50705278751,10.4818790329,8.04121935347,6.18062560557,8.09783872714
566130,0.0941666666667,10.7242858678,9.34020994369,11.5335355161,8.81706049971,6.54695792742,8.96219901797
571140,0.095,11.7595733299,10.4840790234,12.3972488671,9.69080358048,7.2854033341,9.55589647013
576150,0.0958333333333,13.7227839418,12.4242449981,14.212758738,10.7372653771,8.51378664854,10.7380108968
581160,0.0966666666667,17.3265427952,15.4832670126,18.48561827,13.0435581821,10.5811471479,13.3460244795
586170,0.0975,21.9205259797,20.268328069,25.2548502595,15.7002670681,13.8692686511,18.7481347695
591180,0.0983333333333,29.1207626445,28.0529912617,34.4910919618,20.6127441191,20.2468963377,24.9831778835
596190,0.0991666666667,32.0893934327,32.268265644,39.8032056566,23.3437721593,23.6125252535,29.5994805928
601200,0.1,27.4007990861,28.1969551022,33.8515379254,19.9400270834,21.7300018205,26.3185476131
606210,0.100833333333,32.4116741701,32.0865870964,39.0713185418,24.9551090961,25.0492694743,31.4632825531
611220,0.101666666667,36.8426670958,37.3834336784,43.8838643469,29.5601489613,29.7262299429,34.2252262954
616230,0.1025,27.5836030507,28.6780631706,31.5585585382,21.6974283344,22.4368894682,24.6940811127
621240,0.103333333333,31.0503950292,30.7418540413,32.9550231458,23.5663410704,23.7576399045,26.1207224875
626250,0.104166666667,34.8764672001,33.4895017673,37.4249284936,26.417193732,26.5104874364,29.4771333456
631260,0.105,35.9170182101,33.9471614409,36.9702050199,26.9991502512,26.5820620828,26.9977633977
636270,0.105833333333,27.6318616036,24.2239149441,27.2964908712,19.8399487777,18.246172657,18.4804453144
641280,0.106666666667,16.5588141192,15.0366045269,16.9210001908,11.3637259742,10.9162262537,11.2565931332
646290,0.1075,11.580414329,11.1650845108,12.8823710254,8.10501425581,8.1438489208,8.83824875392
651300,0.108333333333,8.83823492394,8.351582544,9.98888567207,6.67056049984,6.12601278353,7.03854744989
656310,0.109166666667,7.03801384908,6.45778280726,7.77710734469,5.58125367826,4.86840507923,5.69272386257
661320,0.11,5.79083635963,5.13265352231,6.06740976854,4.68653649719,3.87519559191,4.57019037895
666330,0.110833333333,4.7921582956,4.1585890926,4.81479449533,3.74333060378,3.0720793486,3.78912504286
671340,0.111666666667,4.29885991233,3.75872573177,4.26572094021,3.30257835607,2.80126042399,3.41874827728
676350,0.1125,3.82647190099,3.24658179299,3.6793656589,2.9006868487,2.40626976414,2.9030201315
681360,0.113333333333,3.51565529125,2.8877582822,3.17075918722,2.65472797165,2.16421226907,2.57230060508
686370,0.114166666667,3.11099087285,2.56657461086,2.81945062868,2.35455178905,1.91939630543,2.30373568815
691380,0.115,2.63431241388,2.25704040055,2.46573532742,1.97629205459,1.70851458132,2.02752032882
696390,0.115833333333,2.30098177314,1.95799214419,2.10687313141,1.73004054491,1.51547972804,1.71578511993
701400,0.116666666667,2.03751864209,1.75067918692,1.81114321782,1.52147559597,1.3973871347,1.46110724643
706410,0.1175,1.85442554667,1.58463388426,1.58307834498,1.42068418597,1.28565985432,1.23388275173
711420,0.118333333333,1.72200199823,1.44181249789,1.4084245232,1.32171408595,1.16034722889,1.05573344097
716430,0.119166666667,1.57935760682,1.29061633642,1.28264766641,1.16428611833,1.01645924873,0.94550484151
721440,0.12,1.4579021563,1.16592086725,1.16294638537,1.03957528197,0.89034483114,0.831542413505
726450,0.120833333333,1.38176188366,1.09073908259,1.08090096277,0.970683897172,0.817163988082,0.755268770567
731460,0.121666666667,1.33240835297,1.04640795267,1.05715693269,0.91435190262,0.76081920512,0.730615241587
736470,0.1225,1.34820812309,1.03992545319,1.09780752425,0.923551105413,0.746214139455,0.779929431681
741480,0.123333333333,1.4065255428,1.06177775875,1.18087688471,0.990506200756,0.768166229638,0.896633212483
746490,0.124166666667,1.44634011529,1.08731657609,1.21140117243,1.0347562173,0.784140597261,0.95112175028
751500,0.125,1.47496009691,1.12144381795,1.24137568096,1.07475485957,0.815921014035,0.97492888705
756510,0.125833333333,1.4701483289,1.12551495463,1.24303859599,1.07802542255,0.825099967487,0.966147450549
761520,0.126666666667,1.44221031274,1.12659098159,1.22133419168,1.04945765661,0.82088438223,0.931282025958
766530,0.1275,1.41036041502,1.13676651381,1.21588275298,1.01148256532,0.830708859028,0.912812532352
771540,0.128333333333,1.43577000018,1.14931347655,1.24803746378,1.03329857455,0.86449559556,0.960332976705
776550,0.129166666667,1.45451855843,1.16518575411,1.25117620471,1.0651758392,0.872976317109,0.974809955337
781560,0.13,1.44097707675,1.16369002774,1.22574027417,1.06983874658,0.871132702078,0.959644600818
786570,0.130833333333,1.41526223235,1.14551840365,1.19262885248,1.0525623538,0.850894247132,0.930907714213
791580,0.131666666667,1.3774543401,1.11070372854,1.15898165305,1.02811381085,0.824043193548,0.89346690452
796590,0.1325,1.34313374693,1.07498561066,1.13765974377,0.996346731048,0.780819723799,0.849246385469
801600,0.133333333333,1.29991210508,1.03011674422,1.10427535799,0.942546204063,0.72800138966,0.820587656569
806610,0.134166666667,1.27731481536,1.01126341817,1.10635566396,0.920864925784,0.711160822693,0.822565105933
811620,0.135,1.33067354721,1.02881231531,1.16016357694,1.00384159367,0.734210963014,0.871513912209
816630,0.135833333333,1.40593882241,1.05343401708,1.22209531889,1.11109818425,0.758940301018,0.947665638024
821640,0.136666666667,1.44660176753,1.05728483951,1.25128143791,1.16627902005,0.753725352589,0.996258094156
826650,0.1375,1.40851896127,1.0287108737,1.22267106689,1.12808043161,0.723566808944,0.972461614784
831660,0.138333333333,1.32434391153,0.972417106459,1.17183579443,1.04513862666,0.673996379278,0.943594744661
836670,0.139166666667,1.28998819021,0.962018345551,1.16232326524,1.01916828748,0.692641058435,0.958437273073
841680,0.14,1.25732237535,0.994163571276,1.16122896676,0.991136156653,0.75358594991,0.960800050169
846690,0.140833333333,1.231507978,1.01944784308,1.15875512608,0.950278402505,0.797740423808,0.94901455964
851700,0.141666666667,1.1948677303,1.00641472197,1.13948296102,0.914236103092,0.80331787036,0.932405971005
856710,0.1425,1.11933079824,0.9652350398,1.09936126395,0.840852557759,0.768600125833,0.871315079178
861720,0.143333333333,1.04575667024,0.916220996564,1.05683537931,0.771628456711,0.727306518084,0.822740581167
866730,0.144166666667,0.972504781283,0.850325366378,1.00585015592,0.703184674228,0.654817278815,0.766955331218
871740,0.145,0.908001033955,0.794490121205,0.958691721141,0.643597749529,0.597018654843,0.710759687184
876750,0.145833333333,0.901283642278,0.754864919593,0.946278283277,0.637283400349,0.551660574652,0.696941709616
881760,0.146666666667,0.89718404243,0.72879580354,0.939375087243,0.634279999553,0.51620636783,0.68117307084
886770,0.1475,0.891167894881,0.712948382238,0.940859014725,0.625956877096,0.490072700335,0.688143525994
891780,0.148333333333,0.908703016393,0.708789325945,0.960772863836,0.639536473729,0.481614322965,0.721864002393
896790,0.149166666667,0.928471346037,0.723232132318,1.04488762273,0.638124785439,0.475545656381,0.819508219601
901800,0.15,0.927208801094,0.740979587568,1.07068041117,0.633010658734,0.474582873037,0.841059255894
906810,0.150833333333,0.913788755456,0.75482417462,1.07091133457,0.624724041968,0.478655261996,0.818283255519
911820,0.151666666667,0.89791727838,0.754471579481,1.05492312158,0.60238866672,0.471057460625,0.781745875031
916830,0.1525,0.910122906373,0.770137149751,1.06580010427,0.606581735139,0.472483597065,0.788029244441
921840,0.153333333333,0.912839895976,0.781524697012,1.07781835205,0.618963007399,0.482504539307,0.792756118669
926850,0.154166666667,0.89644314654,0.779190097417,1.07284891279,0.607567858341,0.47467499541,0.789009659069
931860,0.155,0.885285593394,0.778122088478,1.06361552229,0.596784700539,0.473587834295,0.784936322236
936870,0.155833333333,0.875004605173,0.788607727267,1.05621154614,0.589217191878,0.492477912823,0.771831091233
941880,0.156666666667,0.880004576852,0.805658713504,1.08316143837,0.580005819571,0.512706089536,0.765279254813
946890,0.1575,0.874543928625,0.818479222847,1.08739396551,0.554197786129,0.522244593112,0.731787293776
951900,0.158333333333,0.876809959228,0.827101261753,1.08258469286,0.546259410015,0.528388411513,0.714268516967
956910,0.159166666667,0.917676402731,0.86531103526,1.12567801166,0.57363165772,0.570310525648,0.748835080695
961920,0.16,1.01354611286,0.925635376216,1.20825775054,0.654159871774,0.634749370275,0.831157493001
966930,0.160833333333,1.05753158491,0.972782101327,1.25568678993,0.677777046619,0.669730558578,0.871302634571
971940,0.161666666667,1.07749385912,0.986607169246,1.28585707353,0.665882640248,0.673645865335,0.892507585862
976950,0.1625,1.07782955617,0.983752352537,1.29053605675,0.654155653912,0.663829515715,0.885953415618
981960,0.163333333333,1.05776074451,0.965283323723,1.28309246635,0.627346987397,0.637755210464,0.870949819338
986970,0.164166666667,1.00598335586,0.912599421908,1.22805191437,0.588601615393,0.592741190463,0.823783571349
991980,0.165,0.93865026197,0.846561273192,1.14862034977,0.548922375099,0.542423902339,0.760100721984
996990,0.165833333333,0.879491761226,0.79303064753,1.09234475201,0.517446917534,0.497953930816,0.721792174499
1002000,0.166666666667,0.831671197704,0.749878358143,1.03701913096,0.495199383177,0.457600200782,0.693628300798
1007010,0.1675,0.781227399093,0.702575431206,0.973009799743,0.464268974657,0.423722332271,0.652338927371
1012020,0.168333333333,0.721432962881,0.659809648443,0.891272473139,0.423283452157,0.391673335945,0.578613578607
1017030,0.169166666667,0.678793507964,0.642865211009,0.810034106912,0.402759835553,0.380634335581,0.513947157888
1022040,0.17,0.656771496302,0.634393450382,0.757560573868,0.402952114924,0.383846540009,0.48459567289
1027050,0.170833333333,0.633105537064,0.619637998346,0.717245727533,0.395517286525,0.381539662953,0.459555463801
1032060,0.171666666667,0.63678566415,0.615702739723,0.699393982749,0.407627207809,0.383796696145,0.455407329077
1037070,0.1725,0.658842723209,0.62403866898,0.70233650339,0.438109239971,0.395727692363,0.468566215136
1042080,0.173333333333,0.710390923055,0.648264196846,0.746812597487,0.508685904201,0.418872856797,0.53260562118
1047090,0.174166666667,0.761773306511,0.684767807766,0.801734860612,0.579345267258,0.459984156551,0.601722680598
1052100,0.175,0.812736125038,0.715205203229,0.84671575856,0.641711165574,0.496437366718,0.664393275322
1057110,0.175833333333,0.873325630702,0.749874604741,0.894051343316,0.704054910023,0.5377756922,0.732930235893
1062120,0.176666666667,0.926035810145,0.785628031789,0.980155654013,0.745940232402,0.575700596313,0.825411129014
1067130,0.1775,0.959919846761,0.819475340828,1.03598745111,0.771056033901,0.609238646644,0.85670996443
1072140,0.178333333333,0.995819314295,0.845398519828,1.08793513273,0.796828358741,0.626572026787,0.892576353987
1077150,0.179166666667,1.07935390529,0.892623679172,1.16000719691,0.84395943006,0.664541075288,0.951558188789
1082160,0.18,1.18088631013,0.937286143838,1.23210838226,0.931727365807,0.710208645991,1.02939216003
1087170,0.180833333333,1.23919361132,0.97477686654,1.29485252506,0.954118081663,0.739633773156,1.08492382716
1092180,0.181666666667,1.33338085447,1.02596368305,1.45695405275,1.01929627155,0.774967841753,1.26971456543
1097190,0.1825,1.46234149643,1.12481249915,1.63793104759,1.14837225908,0.859004400818,1.46503952528
1102200,0.183333333333,1.54641669256,1.22231897793,1.73661609351,1.22663648329,0.954357801918,1.54236076718
1107210,0.184166666667,1.68929774322,1.3353790659,1.89746746664,1.32272752758,1.06070001318,1.64703441451
1112220,0.185,1.94429083923,1.46077519302,2.03875149167,1.53370842294,1.15769127075,1.76944034567
1117230,0.185833333333,2.18313300708,1.59187394148,2.1621367486,1.7617033,1.23281554402,1.84856098179
1122240,0.186666666667,2.3650646539,1.70035240274,2.24821714034,1.89701714826,1.28118822087,1.83603684307
1127250,0.1875,2.70428437563,1.86907518682,2.48262367446,2.0908123618,1.37984765456,2.00639579776
1132260,0.188333333333,3.09708818267,2.11434486987,2.78997644634,2.41164845876,1.61391674627,2.30254548215
1137270,0.189166666667,3.21931888368,2.23704529405,2.93989269688,2.46390419895,1.70944817377,2.34468287106
1142280,0.19,3.31111112964,2.28296536624,3.06516803509,2.47772123948,1.71588555897,2.3650496761
1147290,0.190833333333,3.70120035884,2.4404158762,3.41155716728,2.79889430256,1.83137801896,2.6797357899
1152300,0.191666666667,3.93801267504,2.68793304592,3.64855808956,2.9438741277,2.09246880388,2.77948013694
1157310,0.1925,3.97428802661,2.76860530037,3.76042959742,2.86103303329,2.12762253793,2.74154954792
1162320,0.193333333333,4.1875429848,2.84922829437,3.84390434887,3.01978111828,2.14183189573,2.72532806577
1167330,0.194166666667,4.45170618736,2.96564021588,3.94547331924,3.30820165069,2.23996092269,2.80569981872
1172340,0.195,4.97239729471,3.28677810666,4.27125091652,3.7604169549,2.4513044008,3.04654340429
1177350,0.195833333333,5.59267149722,3.74917580519,4.74705002262,4.2613320103,2.75559344912,3.36567144632
1182360,0.196666666667,6.65248592862,4.65217425777,5.78435058866,5.03749530043,3.38156738314,4.2710603119
1187370,0.1975,7.71983987104,5.5510574541,6.91530435599,5.79513129176,3.98681157251,5.17871412345
1192380,0.198333333333,9.29228230713,6.62850958962,8.44729679949,6.91885817578,4.5624557943,6.13331906914
1197390,0.199166666667,11.7357641445,8.5180922399,11.1142509785,8.89579184613,6.24203720452,8.48226889253
1202400,0.2,14.2344711969,10.354257613,13.7113448053,10.6204787609,7.70957323498,10.3318319783
1207410,0.200833333333,17.9075864111,12.7105376059,16.6679182073,13.0882318757,9.36359999457,12.5588651966
1212420,0.201666666667,21.3064134423,14.8015049133,18.4174551064,15.9867665178,10.875609616,14.4677280394
1217430,0.2025,20.9369594041,15.2113200622,18.3366547073,15.5282577338,10.6689370475,14.5742608502
1222440,0.203333333333,20.0154017462,14.9169816245,17.8470061768,14.6427171535,10.5409024503,13.3568159353
1227450,0.204166666667,18.3008505267,13.0422200588,16.1556954849,12.9430247815,9.09463558085,11.5938774349
1232460,0.205,15.7999483988,11.253065296,13.4518274181,10.9141193432,7.80665897226,9.55605935213
1237470,0.205833333333,13.5490211804,9.56251115841,11.3324741661,9.22081416464,6.58390390194,8.18881626222
1242480,0.206666666667,12.0114305366,8.25281525412,10.212467275,8.33406890605,5.81117573377,7.6774805438
1247490,0.2075,10.4889099632,7.13013406866,9.12712747661,7.37169024944,5.22476045424,6.76744064583
1252500,0.208333333333,8.0960440106,5.72491099578,7.10142108426,5.5559885605,4.22282542287,5.08397004115
1257510,0.209166666667,6.03881978256,4.2355405769,5.66222072338,4.43147484839,3.15824665005,4.31264234149
1262520,0.21,5.47899200928,3.84747288469,5.37550158524,4.35184421509,3.06298977326,4.39159644338
1267530,0.210833333333,5.17003125279,3.5066177806,5.08748119369,4.17887859186,2.83467368687,4.22249838607
1272540,0.211666666667,5.22160671489,3.49687863743,5.03513700912,4.19304748028,2.86230921166,4.13064991107
1277550,0.2125,5.4354757862,3.71819112538,5.21354201152,4.19204963363,3.07944798122,4.30468672116
1282560,0.213333333333,5.40673304547,3.75326024623,5.20925300895,4.00836299062,3.05191649336,4.33017148943
1287570,0.214166666667,5.19689869963,3.57143023095,5.02165542013,3.84169846351,2.83741824854,4.23381198935
1292580,0.215,4.96416202426,3.41401563081,4.76263146086,3.49767959082,2.62762242071,3.87497806912
1297590,0.215833333333,4.77705388194,3.25884399505,4.4869111474,3.37161276976,2.47852956832,3.63118721583
1302600,0.216666666667,4.65432750631,3.1711208867,4.33213053461,3.2798963955,2.43105499332,3.54721105836
1307610,0.2175,4.66536668826,3.10759687154,4.36478323751,3.35745221257,2.39471889571,3.69652353752
1312620,0.218333333333,4.64125327211,2.99657402637,4.18464559556,3.4014686973,2.35416378005,3.52461991933
1317630,0.219166666667,4.46456839022,2.82399806396,3.96704974563,3.44600963393,2.26045712811,3.2963951945
1322640,0.22,4.45640445856,2.74347368644,3.94843905821,3.55302184185,2.20906712005,3.21806097369
1327650,0.220833333333,4.41851616014,2.7698649983,3.9333580012,3.51695673078,2.17394005,3.0724144535
1332660,0.221666666667,4.31281798379,2.76998504573,3.89576456919,3.41876939711,2.12141668951,2.98439507725
1337670,0.2225,4.54254872454,3.05596945707,4.23235356773,3.55561287388,2.35296976239,3.22608859547
1342680,0.223333333333,5.00584440194,3.47502044334,4.72565958356,3.83157342141,2.63465015182,3.51725468958
1347690,0.224166666667,5.89832088477,4.15018305756,5.59480074499,4.32405880869,2.99795968347,3.95270554178
1352700,0.225,7.11626218458,5.0349403381,6.56332113651,5.4004901111,3.76054865244,4.61142387385
1357710,0.225833333333,7.78735922484,5.55938519911,7.14130614281,5.92852387566,4.2479125685,5.09155440922
1362720,0.226666666667,8.52986440288,6.34578108989,8.15543364522,6.27013050542,4.67657571283,5.80981181029
1367730,0.2275,9.66767301143,7.61638743613,9.50000873874,6.95965907433,5.59467500511,6.80008423549
1372740,0.228333333333,11.5631516634,9.31058953057,11.2839437747,8.13821939675,6.57414635063,8.10992694474
1377750,0.229166666667,14.7057350585,12.2635841439,14.7451748426,10.2220369889,8.54015899192,10.4200662376
1382760,0.23,16.479452889,13.9561388709,17.0418479766,11.1970652421,9.62059397442,11.700718853
1387770,0.230833333333,18.8842580845,16.4926917618,19.7987915873,13.1252796521,11.4269515838,13.5334159474
1392780,0.231666666667,24.3308957696,20.7593735466,24.0467353064,16.8924144753,14.2966929713,16.471745118
1397790,0.2325,26.3993847545,22.5889113893,26.0855811039,19.5040814999,16.1106947723,18.9270135637
1402800,0.233333333333,34.3730549046,28.4015656618,32.7301380599,26.7102072044,20.9059034491,23.7354911912
1407810,0.234166666667,40.4753878975,33.1131557982,38.6744893239,31.6198649667,24.1143443214,28.2987666187
1412820,0.235,40.2972996566,35.8238451868,40.1972959782,30.2070777182,26.5995111651,29.760587187
1417830,0.235833333333,36.3413011701,33.3220653466,38.0547975239,26.4701696106,24.5559371219,27.6588912315
1422840,0.236666666667,35.3569395981,32.3157963386,37.4730670161,25.6544075204,22.7063199647,25.9748354603
1427850,0.2375,33.9420150839,31.8177955878,37.3767571383,24.9609141454,22.7719640076,26.5711693
1432860,0.238333333333,34.5916253513,33.2057509942,41.5755101826,24.2409073299,23.8748966915,30.8766668255
1437870,0.239166666667,35.290925698,35.6655943672,43.784331093,24.3839541711,26.2661417623,33.1976627845
1442880,0.24,39.0328532374,39.1329341202,47.6268715521,26.5466390296,27.8848509674,35.1164549306
1447890,0.240833333333,36.3899707942,37.627177101,44.7745033394,25.7291804488,26.2493741006,31.2314202106
1452900,0.241666666667,32.5746170352,34.1588082838,43.6556053563,21.9734855899,22.1649238956,29.7605717981
1457910,0.2425,26.4234471308,27.211734798,32.5901562457,17.6541002973,18.1616194878,21.7466784531
1462920,0.243333333333,24.5443942126,22.8000775761,26.2178819508,19.2434269087,16.9636996543,18.8549854812
1467930,0.244166666667,26.1618069347,22.6603876032,27.8244173358,20.4086841781,17.1492711191,21.7154750872
1472940,0.245,24.8751682794,21.1742946027,26.4172103236,19.6952147983,16.0652187608,20.0471442262
1477950,0.245833333333,20.9919183419,18.0021557667,22.520837093,16.6365047496,13.7243636059,17.5179878461
1482960,0.246666666667,21.1906181864,18.0412878541,21.529399567,16.6661220501,13.496596354,17.3733182093
1487970,0.2475,19.5624322188,17.5634205938,19.9956821462,15.1075724482,13.1685915172,16.3356248096
1492980,0.248333333333,17.8797427548,16.2388115665,18.1910193544,13.4941754079,12.1090696846,14.8279436581
1497990,0.249166666667,20.5806847253,17.244124285,20.4856724158,15.2247526515,12.1911125455,15.6884318782
1503000,0.25,20.6265224324,17.0182956596,21.178451673,15.2824638451,12.297343644,15.5598991991
1508010,0.250833333333,21.8634660364,17.9216554326,23.8797669672,16.7031176721,13.2415709694,18.163399881
1513020,0.251666666667,24.2100509325,21.2567581252,26.5824875988,17.8046086622,15.9762981715,19.7166576612
1518030,0.2525,27.898038778,26.7558165997,32.7823352742,20.6985081258,20.3340612432,24.6674474763
1523040,0.253333333333,35.0414338351,32.9962351318,40.3501408186,26.5862244619,24.8949738426,30.5959259981
1528050,0.254166666667,37.4506116316,32.8538815626,41.3436359405,28.588410088,24.1497071513,30.3022812026
1533060,0.255,35.5108614732,31.8854312662,40.3425107528,27.1797938597,23.9867787108,30.5609662229
1538070,0.255833333333,42.173135781,34.099907615,44.0699234384,31.1791112428,25.1832621447,31.6752796025
1543080,0.256666666667,47.544589795,40.0600282362,51.9085743869,34.1174671403,29.9178788951,35.3983117967
1548090,0.2575,40.847500452,37.9229611237,45.6380543175,28.2986251855,27.652196454,31.0926161191
1553100,0.258333333333,42.4489437895,39.4336926866,46.9264285001,31.2008659898,30.0605659319,33.588336003
1558110,0.259166666667,54.3145907498,50.0848960613,58.2137017062,39.8488817469,38.1181178313,41.6399893856
1563120,0.26,46.3385897482,41.1804680393,48.6070764824,33.6255787013,28.7971939686,34.6687838414
1568130,0.260833333333,40.6418139968,37.784507468,43.3359093476,30.604887159,24.9333066283,29.9771259799
1573140,0.261666666667,38.5346530853,38.2804125597,43.7241355467,29.0767907287,26.9021948435,31.6763433001
1578150,0.2625,39.4607215602,38.655628796,44.9052273134,29.23811045,28.297316184,32.6020454386
1583160,0.263333333333,45.6495886538,44.2444293518,52.9594021998,33.014216328,31.4820254963,36.6762507791
1588170,0.264166666667,40.3233380546,41.0690805149,46.034674263,29.4940042981,29.8225243767,31.6919580971
1593180,0.265,37.6887913337,35.678030982,39.856691921,26.7333646979,25.1164106503,27.6237440016
1598190,0.265833333333,33.8336917781,32.1957264046,34.3619984749,23.6113533426,23.0615055076,24.3808285033
1603200,0.266666666667,34.2549372499,34.0174004652,35.272634429,21.9594514138,23.5293627855,23.220158479
1608210,0.2675,39.5192000036,36.3824697083,39.6075929963,26.7287364476,26.2376553893,26.4126217482
1613220,0.268333333333,50.4628148188,46.9343174016,51.153908694,35.2457632884,33.0048369962,35.1936263567
1618230,0.269166666667,49.6740523,46.0995647965,48.3502600746,34.9115111884,32.5550232795,35.0299371792
1623240,0.27,42.8869826545,36.1725285794,43.8457168408,33.287945912,25.3446045629,35.0378655697
1628250,0.270833333333,36.8361679884,30.2960274158,37.3178999341,30.035296192,20.7142868354,29.5754532016
1633260,0.271666666667,39.1683237659,32.8964502768,39.6882158918,31.3239719206,22.270633847,31.8477488914
1638270,0.2725,39.7378171504,32.949785621,39.8356675629,31.7079299024,23.5271272397,32.1554456536
1643280,0.273333333333,33.7046573005,28.5229997702,34.6853482041,25.4212027051,21.4376637263,27.890072078
1648290,0.274166666667,35.1964622882,27.8301838436,36.5020621051,27.9448918903,21.6220707054,30.3117596817
1653300,0.275,44.5388986682,32.0089983601,44.7032832149,34.8885025584,25.9088425762,38.039349904
1658310,0.275833333333,46.0833737878,30.4709110902,43.1416939119,35.16639604,23.5988172668,34.6486874907
1663320,0.276666666667,46.6439532389,30.6509009917,43.9967562525,37.2643254781,23.1380453969,35.7520582338
1668330,0.2775,45.3183995851,30.8295514885,43.8019410569,35.2924612495,22.7548793722,34.6716638747
1673340,0.278333333333,39.863329533,26.1443295355,38.3591451833,29.550624302,18.5086833936,29.7444296258
1678350,0.279166666667,34.6345112225,23.7495518469,32.6979851157,24.4806577645,16.5320578616,24.6264550178
1683360,0.28,30.2923226369,21.2210160395,28.7852662799,21.0059402617,14.1828700272,20.7769369594
1688370,0.280833333333,25.2941928742,18.5561126322,24.7114873508,17.5260658833,12.7862792201,17.3050757146
1693380,0.281666666667,20.5614391444,15.4494370767,20.390194835,14.3488431603,10.7614061165,13.9336529005
1698390,0.2825,19.4950574211,14.5946104718,19.3627460755,14.1460740737,10.0728829443,13.619990323
1703400,0.283333333333,19.1752044681,14.8975027818,19.0864612717,14.0292537154,10.1373476332,13.3160032281
1708410,0.284166666667,19.2811378906,15.1193461607,18.5164224131,14.5019784498,10.6407230169,12.8489708661
1713420,0.285,18.5896867226,15.2276163634,18.0136088962,13.6628214152,10.7535963997,12.4237768489
1718430,0.285833333333,19.6802152532,17.3851651057,18.6630361491,14.680372207,13.1602284004,13.4451480213
1723440,0.286666666667,19.8157284976,17.8324478,19.673097399,15.1024616828,13.6996999282,14.2429839309
1728450,0.2875,21.7808800136,20.030769857,23.4336935718,16.0712539629,15.3706749999,16.7916369149
1733460,0.288333333333,25.0431800557,22.8724038869,28.0086211854,18.2698530996,17.5211662146,21.0080587828
1738470,0.289166666667,26.9282353753,25.5572015219,31.1091187934,19.8049319115,18.9272067498,22.2537330471
1743480,0.29,28.757877321,27.1400916249,33.417615822,20.6283461534,19.6124634441,24.0227675576
1748490,0.290833333333,33.0244428454,28.7482784969,35.8046724022,23.677639024,20.1740088469,25.7471935289
1753500,0.291666666667,32.9091454085,27.0312511341,33.3924829809,23.5131899473,18.0642660861,24.3673663339
1758510,0.2925,31.3377014901,25.9212825635,30.4883777037,23.7163593038,17.4834053436,21.5441294183
1763520,0.293333333333,27.6150010642,23.2327049985,26.2385892636,21.6485516152,17.240731379,19.2410605902
1768530,0.294166666667,25.1696276582,20.9940865799,23.381057819,18.631718393,14.9784164158,17.2235874296
1773540,0.295,25.0428017244,20.3909522195,23.6839280508,17.9335457507,14.3489337601,17.9540587152
1778550,0.295833333333,24.7856579339,20.9105530866,23.3890419381,17.1824008449,14.944098456,18.0461423527
1783560,0.296666666667,27.891736995,24.4479203776,25.3733058419,18.532802964,18.078377832,19.0110787931
1788570,0.2975,26.1948848571,24.3381277544,24.9707997665,17.3586555485,18.165183913,18.6344118921
1793580,0.298333333333,30.1295965591,28.3720631841,29.5538235857,20.4566008122,20.9015622745,21.8419602371
1798590,0.299166666667,38.4863547571,33.8991915075,35.7111586211,26.6662938718,24.0742708161,26.3767667539
1803600,0.3,45.2745658054,39.8706226803,43.1326318609,31.8717693926,28.6495443333,32.4840191385
1808610,0.300833333333,49.614353384,42.7702491628,48.9096154012,35.0185866612,31.4353895729,38.6382400518
1813620,0.301666666667,54.9764874772,45.6213312559,49.1900895964,38.5139077347,34.4249705037,38.5857207278
1818630,0.3025,48.9170962378,43.9121515275,48.3027360891,32.9382389087,32.5627577795,36.9450390857
1823640,0.303333333333,50.0044853543,42.6564768146,48.10619513,34.8952190837,30.5604139195,36.5059127641
1828650,0.304166666667,45.1940698592,37.7655077963,41.2332044346,33.2073242053,27.4773887062,32.6098818927
1833660,0.305,38.1391503765,30.6470574013,34.0364342056,27.9527694824,22.0470704192,25.6589572477
1838670,0.305833333333,33.1298969159,25.6646526699,29.0004495689,24.7993644056,18.4254338128,21.9530887193
1843680,0.306666666667,33.4708238217,25.2933354626,27.9912265405,25.3709247705,18.5391687502,21.1440464624
1848690,0.3075,28.8521702442,22.1939135993,23.3556920132,22.1414381942,16.29977383,17.0346659845
1853700,0.308333333333,28.0492086596,21.6665148223,21.9049391008,21.0092781266,15.6265547387,15.5021024695
1858710,0.309166666667,33.2059842536,26.3640389811,28.2938279812,24.7357904767,18.8467781624,20.7520606818
1863720,0.31,28.5894391536,23.0312248629,24.6575446057,22.4375253163,16.6269465319,18.4144139039
1868730,0.310833333333,25.9858467818,21.0188657197,22.4547992911,20.6967278031,15.3241957237,16.3497171828
1873740,0.311666666667,24.3805716988,20.2472936107,21.5219332663,19.8957687359,15.5996346517,16.1552089751
1878750,0.3125,23.7500794719,19.8651128162,22.1937171204,18.4990928332,15.257476472,16.6336179243
1883760,0.313333333333,27.5887818799,24.8594834676,25.838088197,21.6292539081,19.6834836932,19.5990394646
1888770,0.314166666667,27.553113298,25.3775000967,27.1365418067,21.6021332877,19.5251864218,20.2833786118
1893780,0.315,26.9706812713,26.5757448068,27.0088405449,20.8527377612,21.3414422207,20.3034055837
1898790,0.315833333333,30.6213561618,29.4662334744,29.9428601977,23.4818565389,23.5757352528,22.1834338432
1903800,0.316666666667,31.6127574957,31.0615602568,30.8776410948,23.3560826261,24.6821029419,21.7806175494
1908810,0.3175,33.2332775723,31.3509678286,30.8749616142,22.9255057363,23.3998049434,21.103258572
1913820,0.318333333333,38.9774468597,35.4744497481,37.0008923311,26.5429444212,25.7178563786,24.687008846
1918830,0.319166666667,37.9015412144,34.2480461205,35.0095168096,26.577896963,24.8221269288,22.7265663163
1923840,0.32,39.6971074912,34.7742409689,37.6712458113,28.4006759401,24.5257775538,24.7835452577
1928850,0.320833333333,42.0782132903,36.2965515944,42.4079774396,29.7254731773,25.0158848055,27.6899246348
1933860,0.321666666667,54.9936290684,41.9335265432,51.1617513732,41.6144895805,27.1441480869,36.2396341375
1938870,0.3225,57.578538062,42.534516274,53.7992022706,44.8307393368,27.5297309211,39.5513281222
1943880,0.323333333333,67.1990809655,47.1818929693,61.7750088021,54.6972289904,31.0142542514,43.5538449673
1948890,0.324166666667,87.3581050267,64.8185991351,85.9145414301,67.7138418696,42.6414124441,59.731113965
1953900,0.325,86.35399021,64.7356306589,84.1844676857,57.77480369,41.7391710899,57.2888099971
1958910,0.325833333333,74.2269916338,53.1125958592,70.6217891341,51.6764011282,32.97611123,47.5644240886
1963920,0.326666666667,71.8394941256,52.4953662893,73.3612210506,47.1261642537,31.3743525098,53.3355923868
1968930,0.3275,86.0999140806,64.6469496779,90.7784658815,61.2960611328,41.8166187878,70.2725807278
1973940,0.328333333333,95.3665084663,76.5141661659,96.9153077858,68.0430709448,50.6780556486,70.4895928523
1978950,0.329166666667,67.4654241826,56.7380595495,69.4895268121,48.3255453751,37.1476062508,50.7777117428
1983960,0.33,50.6106327287,40.2895602433,49.8634004064,37.1847166977,27.172649661,36.3315681688
1988970,0.330833333333,40.9894826794,31.0287953223,38.1234277923,31.1021312294,19.5175337402,27.6907225877
1993980,0.331666666667,47.1469850207,35.9423817372,44.6322264655,35.8798038294,23.2343249064,33.5098523438
1998990,0.3325,55.200527393,40.2465360133,53.1444243904,40.5104755275,24.7857345732,37.9503831836
2004000,0.333333333333,77.6373293636,60.5819789959,73.6954852459,55.9216034973,37.3756510832,50.6293762941
2009010,0.334166666667,93.1508879181,76.3640925808,89.5137941985,63.7801843034,48.3145612823,64.7110833651
2014020,0.335,85.7252455904,70.2063291337,83.1498846376,56.1288973089,44.4783601812,56.881245563
2019030,0.335833333333,82.0620996601,67.8573755289,79.6890472905,57.8602898163,42.1430716472,51.8511983608
2024040,0.336666666667,93.074185671,78.3256418469,98.2628864135,66.8586175288,50.436888445,66.7078642901
2029050,0.3375,105.916713595,98.4772192658,115.509824819,75.3402380318,67.8488455748,81.9582579554
2034060,0.338333333333,107.246252401,97.2549947909,105.846156672,73.1403707068,70.526752189,77.8631846844
2039070,0.339166666667,136.593311035,120.849267258,138.225022006,96.52486887,84.7627632453,103.311703826
2044080,0.34,170.289971588,138.631290845,174.206367113,128.021048159,97.6213328464,140.341642829
