301,5.00665335995e-05,0.458710795545,0.0926260734702
602,0.000100133067199,0.462009321666,0.0973063018511
903,0.000150199600798,0.462239786931,0.101063464981
1204,0.000200266134398,0.459550252829,0.106649104063
1505,0.000250332667997,0.452016930959,0.111105577837
1806,0.000300399201597,0.440887634467,0.11549419725
2107,0.000350465735196,0.441753452897,0.121857961414
2408,0.000400532268796,0.447090278242,0.128290500425
2709,0.000450598802395,0.447746943963,0.133470640548
3010,0.000500665335995,0.44566642277,0.137217432015
3311,0.000550731869594,0.441532377377,0.139031346525
3612,0.000600798403194,0.433029338991,0.13736443441
3913,0.000650864936793,0.429118555511,0.1369641024
4214,0.000700931470393,0.435487902022,0.13926091759
4515,0.000750998003992,0.439780393327,0.144046327146
4816,0.000801064537591,0.436857313672,0.146992032259
5117,0.000851131071191,0.43037832005,0.150825969301
5418,0.00090119760479,0.421611180472,0.150848453883
5719,0.00095126413839,0.413578407218,0.14736849069
6020,0.00100133067199,0.419704613976,0.150604260647
6321,0.00105139720559,0.420554417736,0.149033460578
6622,0.00110146373919,0.417556350939,0.150348846718
6923,0.00115153027279,0.412937666189,0.152071637919
7224,0.00120159680639,0.405121773041,0.151228773669
7525,0.00125166333999,0.393786442166,0.148617847392
7826,0.00130172987359,0.398373342658,0.15333903864
8127,0.00135179640719,0.401455054098,0.157145664803
8428,0.00140186294079,0.402801310556,0.160438822748
8729,0.00145192947438,0.400692677927,0.162261068771
9030,0.00150199600798,0.395152414082,0.162414303673
9331,0.00155206254158,0.388331771956,0.157146305139
9632,0.00160212907518,0.388136605727,0.158070645715
9933,0.00165219560878,0.392418643655,0.158749863309
10234,0.00170226214238,0.393162885117,0.158816201474
10535,0.00175232867598,0.390743521851,0.158827296959
10836,0.00180239520958,0.386463960775,0.158150459637
11137,0.00185246174318,0.379863171432,0.155154023395
11438,0.00190252827678,0.377711999258,0.153890492185
11739,0.00195259481038,0.382879529099,0.156403473574
12040,0.00200266134398,0.384633405903,0.155859525072
12341,0.00205272787758,0.386090040089,0.153381118384
12642,0.00210279441118,0.383950651237,0.147948513259
12943,0.00215286094478,0.379514679623,0.143727147399
13244,0.00220292747838,0.375415756175,0.139152148766
13545,0.00225299401198,0.382486910523,0.138149703059
13846,0.00230306054558,0.387267464371,0.138803000539
14147,0.00235312707917,0.388360623838,0.139183434892
14448,0.00240319361277,0.386010780495,0.139569905158
14749,0.00245326014637,0.380727682886,0.138808126398
15050,0.00250332667997,0.372017379638,0.138329018814
15351,0.00255339321357,0.379586731097,0.142220989922
15652,0.00260345974717,0.384527410201,0.14376444527
15953,0.00265352628077,0.386299422162,0.144015331687
16254,0.00270359281437,0.387002665221,0.144911053551
16555,0.00275365934797,0.382959248889,0.143262109832
16856,0.00280372588157,0.375971454604,0.139949861611
17157,0.00285379241517,0.380624537282,0.142854138813
17458,0.00290385894877,0.38779675258,0.146425111547
17759,0.00295392548237,0.392965635472,0.154207530919
18060,0.00300399201597,0.392543967615,0.156481511442
18361,0.00305405854957,0.389587620086,0.157116788018
18662,0.00310412508317,0.384335112928,0.153376878929
18963,0.00315419161677,0.384894115427,0.150535143863
19264,0.00320425815037,0.390429693123,0.153458690743
19565,0.00325432468397,0.391935628834,0.155089098639
19866,0.00330439121756,0.38985677106,0.152716020491
20167,0.00335445775116,0.383446335994,0.152929806286
20468,0.00340452428476,0.375511052459,0.152154957106
20769,0.00345459081836,0.369181420129,0.151828705509
21070,0.00350465735196,0.375860117231,0.161735117424
21371,0.00355472388556,0.381791388364,0.164384801927
21672,0.00360479041916,0.385404935762,0.165181609928
21973,0.00365485695276,0.385800463616,0.164117407144
22274,0.00370492348636,0.383221951569,0.163313959423
22575,0.00375499001996,0.375998987194,0.165109769188
22876,0.00380505655356,0.38435983404,0.169516432274
23177,0.00385512308716,0.387171819306,0.171859488605
23478,0.00390518962076,0.387718848675,0.170827158193
23779,0.00395525615436,0.385115005791,0.166763035951
24080,0.00400532268796,0.378576359396,0.161790824807
24381,0.00405538922156,0.368753596465,0.158478919777
24682,0.00410545575516,0.372852368698,0.158050627666
24983,0.00415552228876,0.37755887274,0.159963956673
25284,0.00420558882236,0.379430231287,0.160253323118
25585,0.00425565535595,0.377346816007,0.159075778715
25886,0.00430572188955,0.372903958174,0.159663225827
26187,0.00435578842315,0.366764003335,0.156708527888
26488,0.00440585495675,0.36847816655,0.15531192021
26789,0.00445592149035,0.376083625542,0.157523833246
27090,0.00450598802395,0.378386380114,0.15627646436
27391,0.00455605455755,0.377261701123,0.15408358002
27692,0.00460612109115,0.373730778892,0.149744823417
27993,0.00465618762475,0.365483962433,0.146069955001
28294,0.00470625415835,0.358053551934,0.147202806755
28595,0.00475632069195,0.364216332595,0.150997980913
28896,0.00480638722555,0.364206322362,0.154849147075
29197,0.00485645375915,0.363134474976,0.155398578994
29498,0.00490652029275,0.360173196635,0.153487648984
29799,0.00495658682635,0.354952160071,0.147976002587
30100,0.00500665335995,0.348331226417,0.141823877015
30401,0.00505671989355,0.356953443517,0.146564839385
30702,0.00510678642715,0.362440598666,0.149594082849
31003,0.00515685296075,0.365172379057,0.150436721191
31304,0.00520691949434,0.367777346435,0.147258585329
31605,0.00525698602794,0.366032315488,0.144763463786
31906,0.00530705256154,0.36008883133,0.140892379671
32207,0.00535711909514,0.366585568227,0.144858729547
32508,0.00540718562874,0.373647546807,0.147583146899
32809,0.00545725216234,0.377627158628,0.150209422374
33110,0.00550731869594,0.380191025857,0.14884244492
33411,0.00555738522954,0.379194712422,0.145260097898
33712,0.00560745176314,0.375236698378,0.140284004907
34013,0.00565751829674,0.376779592481,0.138682300222
34314,0.00570758483034,0.382080793941,0.145657344896
34615,0.00575765136394,0.384323460916,0.148923919152
34916,0.00580771789754,0.383649278404,0.148736723473
35217,0.00585778443114,0.381876696477,0.145086075852
35518,0.00590785096474,0.377021052348,0.141499985532
35819,0.00595791749834,0.373288451824,0.139171614552
36120,0.00600798403194,0.381008491446,0.145329157311
36421,0.00605805056554,0.384076263565,0.147124664318
36722,0.00610811709914,0.385358598491,0.146071761695
37023,0.00615818363273,0.383388550173,0.143475159832
37324,0.00620825016633,0.377315463527,0.137963304334
37625,0.00625831669993,0.369438013469,0.135602185733
37926,0.00630838323353,0.377568674054,0.139558233189
38227,0.00635844976713,0.382465864761,0.138966536308
38528,0.00640851630073,0.384135959159,0.135014724814
38829,0.00645858283433,0.382119624184,0.137642183545
39130,0.00650864936793,0.378237098566,0.133939216853
39431,0.00655871590153,0.369902685914,0.127698336944
39732,0.00660878243513,0.375453012364,0.129712688811
40033,0.00665884896873,0.381281112636,0.132703952583
40334,0.00670891550233,0.384304224166,0.133280007545
40635,0.00675898203593,0.384424323139,0.132203339069
40936,0.00680904856953,0.383859021348,0.129916080662
41237,0.00685911510313,0.379814746335,0.127704556648
41538,0.00690918163673,0.382033355424,0.130156395489
41839,0.00695924817033,0.388349572267,0.133862008944
42140,0.00700931470393,0.390109516341,0.135037365998
42441,0.00705938123752,0.39176546226,0.13552065316
42742,0.00710944777112,0.390385239093,0.135423053455
43043,0.00715951430472,0.384028200658,0.135292307248
43344,0.00720958083832,0.38032245069,0.139029021665
43645,0.00725964737192,0.386039090849,0.146069517692
43946,0.00730971390552,0.387875907524,0.147772287466
44247,0.00735978043912,0.388062389386,0.150965657263
44548,0.00740984697272,0.386336435573,0.149867645095
44849,0.00745991350632,0.38199641366,0.144675644355
45150,0.00750998003992,0.376067566696,0.138242559602
45451,0.00756004657352,0.385478661208,0.140995423229
45752,0.00761011310712,0.38843674298,0.141114920134
46053,0.00766017964072,0.38761216994,0.140003507849
46354,0.00771024617432,0.382962395754,0.143254081255
46655,0.00776031270792,0.379175912148,0.14101611392
46956,0.00781037924152,0.373686647014,0.1423037407
47257,0.00786044577512,0.380385205937,0.146661091449
47558,0.00791051230872,0.386285718122,0.149887386491
47859,0.00796057884232,0.390540300639,0.152867803569
48160,0.00801064537591,0.391935508224,0.153160965876
48461,0.00806071190951,0.391335383999,0.151656944217
48762,0.00811077844311,0.38720583102,0.14758055085
49063,0.00816084497671,0.390987663737,0.148934010315
49364,0.00821091151031,0.397466819998,0.151625320384
49665,0.00826097804391,0.400047617738,0.153918147274
49966,0.00831104457751,0.400853480124,0.15563978038
50267,0.00836111111111,0.399863424815,0.153620377344
50568,0.00841117764471,0.395932076501,0.152127120665
50869,0.00846124417831,0.394789867034,0.152837834625
51170,0.00851131071191,0.402678635481,0.158088030101
51471,0.00856137724551,0.406154599485,0.16153270739
51772,0.00861144377911,0.40794624231,0.164557185859
52073,0.00866151031271,0.407517100257,0.168163011492
52374,0.00871157684631,0.403652564874,0.172671257128
52675,0.00876164337991,0.396710979089,0.175339148943
52976,0.00881170991351,0.406928880778,0.180671467479
53277,0.00886177644711,0.413420800137,0.183552876829
53578,0.00891184298071,0.414481175952,0.182490022158
53879,0.0089619095143,0.41286866466,0.179540436585
54180,0.0090119760479,0.407087470682,0.175143649566
54481,0.0090620425815,0.39571497784,0.16839000749
54782,0.0091121091151,0.40078383036,0.169920125409
55083,0.0091621756487,0.400807521335,0.171142260554
55384,0.0092122421823,0.397596405098,0.172296653336
55685,0.0092623087159,0.393296118563,0.175456197518
55986,0.0093123752495,0.387812646477,0.175051236043
56287,0.0093624417831,0.377890865731,0.170430373023
56588,0.0094125083167,0.379079352302,0.170980805464
56889,0.0094625748503,0.383629195263,0.17073628626
57190,0.0095126413839,0.384528858597,0.167488203028
57491,0.0095627079175,0.385969541876,0.16482015866
57792,0.0096127744511,0.383909960857,0.161141291102
58093,0.0096628409847,0.376304025994,0.155588971666
58394,0.0097129075183,0.372480047126,0.150249783771
58695,0.0097629740519,0.376401301836,0.15549664353
58996,0.0098130405855,0.37703031702,0.162916952524
59297,0.0098631071191,0.3787668472,0.16651664059
59598,0.00991317365269,0.378057919975,0.162765091706
59899,0.00996324018629,0.374365186902,0.160358480776
60200,0.0100133067199,0.371161325199,0.160130234331
60501,0.0100633732535,0.378563530071,0.167991759907
60802,0.0101134397871,0.383438293897,0.173929768271
61103,0.0101635063207,0.385092543054,0.175906258691
61404,0.0102135728543,0.382572865174,0.175340182468
61705,0.0102636393879,0.3795927457,0.17589739993
62006,0.0103137059215,0.373043440675,0.171988152339
62307,0.0103637724551,0.379759385347,0.173751219105
62608,0.0104138389887,0.381038150207,0.177010775789
62909,0.0104639055223,0.380135144699,0.182427838108
63210,0.0105139720559,0.379500305795,0.18619361275
63511,0.0105640385895,0.375564897887,0.180780424986
63812,0.0106141051231,0.370650747325,0.171612137227
64113,0.0106641716567,0.373356097209,0.168988144373
64414,0.0107142381903,0.380115725081,0.171505951521
64715,0.0107643047239,0.383178457696,0.171222247676
65016,0.0108143712575,0.383000961776,0.169430099085
65317,0.0108644377911,0.38234523105,0.167319796966
65618,0.0109145043247,0.376069413277,0.165550712564
65919,0.0109645708583,0.371343196197,0.168735601983
66220,0.0110146373919,0.377686476338,0.175989163423
66521,0.0110647039255,0.379729678008,0.177725753192
66822,0.0111147704591,0.380123876738,0.174197226498
67123,0.0111648369927,0.379119848549,0.170727371149
67424,0.0112149035263,0.373382575202,0.16858728805
67725,0.0112649700599,0.36836493657,0.164247834402
68026,0.0113150365935,0.376424639415,0.165572521562
68327,0.0113651031271,0.378508982059,0.167640349746
68628,0.0114151696607,0.377855200509,0.165537483008
68929,0.0114652361943,0.373441927093,0.165424684017
69230,0.0115153027279,0.367105521882,0.158918148749
69531,0.0115653692615,0.358359646496,0.151482664609
69832,0.0116154357951,0.363267518219,0.15724449026
70133,0.0116655023287,0.366547752778,0.162968817967
70434,0.0117155688623,0.367358766939,0.166062353627
70735,0.0117656353959,0.3659024061,0.165763259224
71036,0.0118157019295,0.365221194302,0.166164225209
71337,0.0118657684631,0.359775270004,0.163233696133
71638,0.0119158349967,0.368271666435,0.17139519497
71939,0.0119659015303,0.377261269378,0.180308057318
72240,0.0120159680639,0.382859912919,0.184487522448
72541,0.0120660345975,0.385890982486,0.186287582449
72842,0.0121161011311,0.384620733304,0.184757632577
73143,0.0121661676647,0.381216179377,0.180250051992
73444,0.0122162341983,0.381574375022,0.180953728485
73745,0.0122663007319,0.38864451669,0.186359651693
74046,0.0123163672655,0.39274866819,0.186539021028
74347,0.0123664337991,0.391523980232,0.18496024207
74648,0.0124165003327,0.388299405965,0.180853175655
74949,0.0124665668663,0.383707419464,0.174167186096
75250,0.0125166333999,0.378112327827,0.167556429539
75551,0.0125666999335,0.382491713487,0.170237129591
75852,0.0126167664671,0.384532294916,0.171947540603
76153,0.0126668330007,0.386504977032,0.169497476144
76454,0.0127168995343,0.384335245378,0.164133047453
76755,0.0127669660679,0.378406643361,0.157255470797
77056,0.0128170326015,0.368491887979,0.151626645335
77357,0.0128670991351,0.374395543206,0.157624892529
77658,0.0129171656687,0.380286804613,0.159646187296
77959,0.0129672322023,0.382973090808,0.15980421904
78260,0.0130172987359,0.383532920918,0.158250194693
78561,0.0130673652695,0.381108275757,0.156048226554
78862,0.0131174318031,0.373626306808,0.153342357091
79163,0.0131674983367,0.379281729406,0.155197154193
79464,0.0132175648703,0.385146376846,0.15717241587
79765,0.0132676314039,0.387683461429,0.158944052534
80066,0.0133176979375,0.386983558254,0.159331505053
80367,0.0133677644711,0.382634546154,0.155080450039
80668,0.0134178310047,0.371701871655,0.151384365797
80969,0.0134678975383,0.368465358793,0.151804456365
81270,0.0135179640719,0.372707503756,0.157534846568
81571,0.0135680306055,0.374057751304,0.161404437501
81872,0.0136180971391,0.373999982296,0.163171579762
82173,0.0136681636727,0.368815239686,0.159544151812
82474,0.0137182302063,0.362254230008,0.152895403466
82775,0.0137682967399,0.357425950619,0.152408185787
83076,0.0138183632735,0.364755919314,0.16082118235
83377,0.0138684298071,0.367833961617,0.166388814368
83678,0.0139184963407,0.367828583026,0.171747075425
83979,0.0139685628743,0.364856849885,0.175188212181
84280,0.0140186294079,0.361114772921,0.174149986543
84581,0.0140686959415,0.35469311111,0.171292613961
84882,0.014118762475,0.364343155242,0.178162135315
85183,0.0141688290086,0.370200576771,0.182714243971
85484,0.0142188955422,0.373130450629,0.185368686482
85785,0.0142689620758,0.373557079552,0.186018784156
86086,0.0143190286094,0.369816081579,0.18512203744
86387,0.014369095143,0.361153233386,0.180023173217
86688,0.0144191616766,0.365930095274,0.183422523187
86989,0.0144692282102,0.370858046091,0.18713801522
87290,0.0145192947438,0.371243551327,0.188528733683
87591,0.0145693612774,0.369326908617,0.186511127577
87892,0.014619427811,0.366175330804,0.180761540193
88193,0.0146694943446,0.356309190659,0.1728162255
88494,0.0147195608782,0.353384931798,0.171059768213
88795,0.0147696274118,0.361216186648,0.172916200639
89096,0.0148196939454,0.364832137042,0.172873217102
89397,0.014869760479,0.366196678899,0.171671160019
89698,0.0149198270126,0.364257307737,0.168921967188
89999,0.0149698935462,0.361040847853,0.164884826051
90300,0.0150199600798,0.359853618153,0.163349468586
90601,0.0150700266134,0.368527790304,0.168956299191
90902,0.015120093147,0.372488284895,0.170933097184
91203,0.0151701596806,0.374763496146,0.171618231913
91504,0.0152202262142,0.37544005918,0.171036584145
91805,0.0152702927478,0.373041606697,0.167597903601
92106,0.0153203592814,0.367845207221,0.163722371924
92407,0.015370425815,0.376163593273,0.16636714907
92708,0.0154204923486,0.380916328227,0.166531338578
93009,0.0154705588822,0.383264041143,0.166032153952
93310,0.0155206254158,0.382500761809,0.165348006096
93611,0.0155706919494,0.380147145353,0.162050262309
93912,0.015620758483,0.372097537358,0.155924871408
94213,0.0156708250166,0.376036872707,0.158729334599
94514,0.0157208915502,0.379798902826,0.161455790215
94815,0.0157709580838,0.380833086135,0.161076329775
95116,0.0158210246174,0.380002950362,0.161610100653
95417,0.015871091151,0.376616540937,0.159961494561
95718,0.0159211576846,0.370296597614,0.157702535392
96019,0.0159712242182,0.371457632115,0.158745519002
96320,0.0160212907518,0.378416819889,0.162214610005
96621,0.0160713572854,0.380324269316,0.166011785781
96922,0.016121423819,0.379439576504,0.167871633216
97223,0.0161714903526,0.375476379602,0.1674284619
97524,0.0162215568862,0.367927839127,0.168082277405
97825,0.0162716234198,0.363126274459,0.168001273474
98126,0.0163216899534,0.369338965474,0.1727544611
98427,0.016371756487,0.370554217443,0.175167667518
98728,0.0164218230206,0.368271817382,0.174121829965
99029,0.0164718895542,0.364818342055,0.171222259123
99330,0.0165219560878,0.358543882711,0.163576224405
99631,0.0165720226214,0.351263404972,0.154911062835
99932,0.016622089155,0.358300785935,0.155167944888
100233,0.0166721556886,0.361242515521,0.155685748432
100534,0.0167222222222,0.359814959108,0.155971835996
100835,0.0167722887558,0.358687796296,0.155182516974
101136,0.0168223552894,0.356524635574,0.153358763374
101437,0.016872421823,0.350743418232,0.150549206079
101738,0.0169224883566,0.355752190271,0.155289301192
102039,0.0169725548902,0.358701935298,0.158150602544
102340,0.0170226214238,0.361454265281,0.161958705299
102641,0.0170726879574,0.36073203475,0.16257612264
102942,0.017122754491,0.357459347864,0.161786395012
103243,0.0171728210246,0.351871564556,0.155984928836
103544,0.0172228875582,0.352247568219,0.155779542362
103845,0.0172729540918,0.354745159906,0.160468286317
104146,0.0173230206254,0.35733055741,0.162215791107
104447,0.017373087159,0.357082703775,0.161972137626
104748,0.0174231536926,0.354762460895,0.158287257839
105049,0.0174732202262,0.349345366147,0.152909690349
105350,0.0175232867598,0.346100898595,0.152317779849
105651,0.0175733532934,0.352418976956,0.158644064861
105952,0.017623419827,0.357357416881,0.16113282127
106253,0.0176734863606,0.359423402752,0.162019544153
106554,0.0177235528942,0.358480908276,0.160982909944
106855,0.0177736194278,0.354405577255,0.157186334576
107156,0.0178236859614,0.349735695921,0.154895902437
107457,0.017873752495,0.356171629516,0.159280610602
107758,0.0179238190286,0.360233282346,0.159643891908
108059,0.0179738855622,0.362246270495,0.158991516205
108360,0.0180239520958,0.364195300242,0.156165399758
108661,0.0180740186294,0.363223637336,0.151250565413
108962,0.018124085163,0.358332144544,0.143749681656
109263,0.0181741516966,0.366144088136,0.147932088658
109564,0.0182242182302,0.372306939382,0.150693587446
109865,0.0182742847638,0.375935493157,0.151242106769
110166,0.0183243512974,0.377033483358,0.150799848996
110467,0.018374417831,0.375686535995,0.148508648602
110768,0.0184244843646,0.368733253482,0.147387241441
111069,0.0184745508982,0.370594792875,0.151204557862
111370,0.0185246174318,0.375708311828,0.155254496511
111671,0.0185746839654,0.374090846289,0.160709170546
111972,0.018624750499,0.374036251461,0.163631945396
112273,0.0186748170326,0.372851457556,0.163767632092
112574,0.0187248835662,0.365612037263,0.158453174052
112875,0.0187749500998,0.362014358492,0.160178267668
113176,0.0188250166334,0.369178247459,0.162626486321
113477,0.018875083167,0.371726033173,0.163264241153
113778,0.0189251497006,0.373829487007,0.162280668481
114079,0.0189752162342,0.372717196531,0.159874248234
114380,0.0190252827678,0.368157131943,0.15483819228
114681,0.0190753493014,0.364903779724,0.15067737188
114982,0.019125415835,0.373678652083,0.155649226981
115283,0.0191754823686,0.378666457125,0.15957118859
115584,0.0192255489022,0.379220313346,0.164830089565
115885,0.0192756154358,0.377253928164,0.16868914509
116186,0.0193256819694,0.375518301611,0.167014078303
116487,0.019375748503,0.36762509835,0.163701183425
116788,0.0194258150366,0.375460924496,0.167718824094
117089,0.0194758815702,0.380585931688,0.167730432085
117390,0.0195259481038,0.380899498302,0.16506654152
117691,0.0195760146374,0.380555096965,0.163209906299
117992,0.019626081171,0.376247332821,0.158987730395
118293,0.0196761477046,0.367900280791,0.150777031563
118594,0.0197262142382,0.368840574208,0.152562027135
118895,0.0197762807718,0.372684002847,0.155598547329
119196,0.0198263473054,0.373449435009,0.157096964153
119497,0.019876413839,0.372839437867,0.157020243958
119798,0.0199264803726,0.36892853806,0.15467617049
120099,0.0199765469062,0.362247392677,0.153584537367
120400,0.0200266134398,0.360847432451,0.153190083984
120701,0.0200766799734,0.367195536436,0.155953384235
121002,0.020126746507,0.370346252134,0.15641947844
121303,0.0201768130406,0.370476369102,0.155617020277
121604,0.0202268795742,0.368317996177,0.155848295144
121905,0.0202769461078,0.36353837525,0.15491990325
122206,0.0203270126414,0.359936030195,0.15331328196
122507,0.020377079175,0.367214137724,0.157351649635
122808,0.0204271457086,0.371312288908,0.159042418538
123109,0.0204772122422,0.374614124479,0.158382283878
123410,0.0205272787758,0.374735310697,0.15849226873
123711,0.0205773453094,0.371372540704,0.155893556344
124012,0.020627411843,0.365117095402,0.151100584437
124313,0.0206774783766,0.372896996625,0.15480454947
124614,0.0207275449102,0.376620112566,0.15670258178
124915,0.0207776114438,0.375922753219,0.158649191056
125216,0.0208276779774,0.374682329753,0.159112605325
125517,0.020877744511,0.371469111538,0.157047912658
125818,0.0209278110446,0.365249424971,0.152713385214
126119,0.0209778775782,0.368315029719,0.154829563446
126420,0.0210279441118,0.374483411943,0.15733141336
126721,0.0210780106454,0.376347020839,0.158060731971
127022,0.021128077179,0.37525882132,0.156324254741
127323,0.0211781437126,0.373183396809,0.152393192725
127624,0.0212282102462,0.367506136248,0.147808644579
127925,0.0212782767798,0.365605654395,0.146496290053
128226,0.0213283433134,0.369634600986,0.148268219054
128527,0.021378409847,0.370800929594,0.148954296379
128828,0.0214284763806,0.371568535381,0.150084435286
129129,0.0214785429142,0.3709376069,0.148831523105
129430,0.0215286094478,0.367630551438,0.146830976846
129731,0.0215786759814,0.364205563593,0.144671487609
130032,0.021628742515,0.371390439423,0.148336145023
130333,0.0216788090486,0.375564930687,0.149381977301
130634,0.0217288755822,0.374002546021,0.152541159079
130935,0.0217789421158,0.372841499478,0.155084445228
131236,0.0218290086494,0.368786574694,0.154052119412
131537,0.021879075183,0.362262438745,0.150614778873
131838,0.0219291417166,0.370806581964,0.152649391852
132139,0.0219792082502,0.376888655338,0.154201741814
132440,0.0220292747838,0.380035261841,0.163317640343
132741,0.0220793413174,0.379669312141,0.164887225098
133042,0.022129407851,0.375287141444,0.16242861583
133343,0.0221794743846,0.365576871032,0.157539062769
133644,0.0222295409182,0.366895643385,0.159795013005
133945,0.0222796074518,0.369214146442,0.162836055038
134246,0.0223296739854,0.368449445101,0.16524685395
134547,0.022379740519,0.366534078236,0.165838186211
134848,0.0224298070526,0.363886729314,0.163100207266
135149,0.0224798735862,0.35906590786,0.160088362436
135450,0.0225299401198,0.359672912846,0.161377861146
135751,0.0225800066534,0.366698187082,0.165545523932
136052,0.022630073187,0.370428120705,0.168705201871
136353,0.0226801397206,0.373866159489,0.173191560996
136654,0.0227302062542,0.373611499408,0.175870222526
136955,0.0227802727878,0.369795366142,0.173047410471
137256,0.0228303393214,0.367396780303,0.167736842894
137557,0.022880405855,0.373006720243,0.165831527151
137858,0.0229304723886,0.374316283591,0.161533187532
138159,0.0229805389222,0.370340800431,0.163382769074
138460,0.0230306054558,0.367785407664,0.163425011909
138761,0.0230806719894,0.365251445885,0.161430936
139062,0.023130738523,0.35996141043,0.159078584845
139363,0.0231808050566,0.367846544587,0.163333413178
139664,0.0232308715902,0.373660756981,0.168815950867
139965,0.0232809381238,0.377652497214,0.171347231608
140266,0.0233310046574,0.378522198152,0.171797125056
140567,0.023381071191,0.378111836319,0.169703980495
140868,0.0234311377246,0.374257830438,0.165590562782
141169,0.0234812042582,0.379949421284,0.16652837713
141470,0.0235312707917,0.38752099597,0.169084526784
141771,0.0235813373253,0.390785660221,0.168901552087
142072,0.0236314038589,0.392580295427,0.166496918063
142373,0.0236814703925,0.391451038493,0.161465397315
142674,0.0237315369261,0.385355363837,0.15137378226
142975,0.0237816034597,0.385813125504,0.145278292251
143276,0.0238316699933,0.391153532539,0.143330307221
143577,0.0238817365269,0.390866277284,0.141255005264
143878,0.0239318030605,0.388913099936,0.141994250699
144179,0.0239818695941,0.384679278025,0.14203263379
144480,0.0240319361277,0.378366167438,0.140397540731
144781,0.0240820026613,0.373161797915,0.1387932068
145082,0.0241320691949,0.37971554379,0.144533606108
145383,0.0241821357285,0.382937642765,0.147080297852
145684,0.0242322022621,0.383195309224,0.153892297734
145985,0.0242822687957,0.380054837482,0.157449182594
146286,0.0243323353293,0.374946486036,0.15730884422
146587,0.0243824018629,0.368584601992,0.154839492601
146888,0.0244324683965,0.377492095019,0.160218402749
147189,0.0244825349301,0.382182737849,0.163930480347
147490,0.0245326014637,0.382463952801,0.167162098489
147791,0.0245826679973,0.379118392547,0.169139729179
148092,0.0246327345309,0.376945929473,0.167444570345
148393,0.0246828010645,0.36927578416,0.162954569314
148694,0.0247328675981,0.374631667628,0.166586267717
148995,0.0247829341317,0.377578979577,0.168660793528
149296,0.0248330006653,0.380820221045,0.170723386335
149597,0.0248830671989,0.382170659277,0.171971926347
149898,0.0249331337325,0.379761360227,0.171844804565
150199,0.0249832002661,0.37223062259,0.168381708229
150500,0.0250332667997,0.375621110076,0.169870809474
150801,0.0250833333333,0.385245288913,0.176031268453
151102,0.0251333998669,0.390888963355,0.180693156353
151403,0.0251834664005,0.389956147295,0.182509891186
151704,0.0252335329341,0.391267595007,0.182522057899
152005,0.0252835994677,0.385702142534,0.181283436744
152306,0.0253336660013,0.383219427214,0.181138763162
152607,0.0253837325349,0.388493017849,0.186870008341
152908,0.0254337990685,0.389408355239,0.183247806397
153209,0.0254838656021,0.385984518558,0.175344214588
153510,0.0255339321357,0.380383758575,0.169692872815
153811,0.0255839986693,0.372785491438,0.170102478872
154112,0.0256340652029,0.363638583057,0.167984274459
154413,0.0256841317365,0.370219940703,0.171022310809
154714,0.0257341982701,0.374086508508,0.173685818761
155015,0.0257842648037,0.374047132141,0.173406220889
155316,0.0258343313373,0.369003129693,0.174291954508
155617,0.0258843978709,0.363291418723,0.172881689149
155918,0.0259344644045,0.355883710594,0.170073860593
156219,0.0259845309381,0.357362730931,0.181172044937
156520,0.0260345974717,0.362960391404,0.18642297888
156821,0.0260846640053,0.365959580314,0.187552058487
157122,0.0261347305389,0.367197493425,0.185887836904
157423,0.0261847970725,0.364710086218,0.180379536682
157724,0.0262348636061,0.358804283754,0.173117846874
158025,0.0262849301397,0.355874303731,0.170036190467
158326,0.0263349966733,0.355992344511,0.168401384096
158627,0.0263850632069,0.354354521707,0.172072296884
158928,0.0264351297405,0.354808148761,0.173305675988
159229,0.0264851962741,0.353277927829,0.171209354533
159530,0.0265352628077,0.349828845831,0.167482562394
159831,0.0265853293413,0.349752335009,0.164365740274
160132,0.0266353958749,0.356078433353,0.165951910318
160433,0.0266854624085,0.359013294285,0.165243207308
160734,0.0267355289421,0.357152593386,0.167514690695
161035,0.0267855954757,0.352640489616,0.165337601135
161336,0.0268356620093,0.349378751522,0.1619646714
161637,0.0268857285429,0.344107372855,0.157122073804
161938,0.0269357950765,0.35302156011,0.159733424855
162239,0.0269858616101,0.359005892209,0.161466729086
162540,0.0270359281437,0.363695265779,0.163531462473
162841,0.0270859946773,0.364114905943,0.165913535185
163142,0.0271360612109,0.361094101981,0.166520188233
163443,0.0271861277445,0.352900950123,0.164107207156
163744,0.0272361942781,0.360162499561,0.169280091998
164045,0.0272862608117,0.363646208657,0.170974995808
164346,0.0273363273453,0.364441245139,0.172554453536
164647,0.0273863938789,0.361862640839,0.172267485256
164948,0.0274364604125,0.355420512068,0.171333654452
165249,0.0274865269461,0.345253801009,0.164341436354
165550,0.0275365934797,0.344898979712,0.162025866124
165851,0.0275866600133,0.349344802513,0.163346780663
166152,0.0276367265469,0.350842453711,0.163113537706
166453,0.0276867930805,0.350840234982,0.162402142972
166754,0.0277368596141,0.349179615784,0.158540724673
167055,0.0277869261477,0.345716333183,0.155058043654
167356,0.0278369926813,0.346695874708,0.152862115348
167657,0.0278870592149,0.356093429099,0.155836265796
167958,0.0279371257485,0.361741867167,0.155338725405
168259,0.0279871922821,0.364201783929,0.152162790345
168560,0.0280372588157,0.365455207659,0.149249556759
168861,0.0280873253493,0.363302726175,0.144841747622
169162,0.0281373918829,0.359597085425,0.139765862349
169463,0.0281874584165,0.368881054303,0.140520108711
169764,0.0282375249501,0.374015839525,0.140509658101
170065,0.0282875914837,0.377388507098,0.140378651683
170366,0.0283376580173,0.377243449509,0.140263365193
170667,0.0283877245509,0.374116240158,0.139225033712
170968,0.0284377910845,0.369283018129,0.136862186339
171269,0.0284878576181,0.377641437025,0.141944416291
171570,0.0285379241517,0.380082304716,0.150321706574
171871,0.0285879906853,0.383431857386,0.15100997172
172172,0.0286380572189,0.38342332769,0.151952393904
172473,0.0286881237525,0.382641323679,0.15041988121
172774,0.0287381902861,0.376995723855,0.150035244687
173075,0.0287882568197,0.381808824975,0.153417126065
173376,0.0288383233533,0.389848571868,0.156431501423
173677,0.0288883898869,0.394369834778,0.157896832036
173978,0.0289384564205,0.395653307926,0.157542392922
174279,0.0289885229541,0.392934676077,0.155903072475
174580,0.0290385894877,0.386664025685,0.152698482229
174881,0.0290886560213,0.384789497683,0.151816415504
175182,0.0291387225549,0.390965535015,0.155278987447
175483,0.0291887890885,0.391832879813,0.155594152682
175784,0.0292388556221,0.390525085574,0.156374024856
176085,0.0292889221557,0.384441277108,0.156762440055
176386,0.0293389886893,0.376172516834,0.157674999675
176687,0.0293890552229,0.367481477881,0.160985456397
176988,0.0294391217565,0.371490692501,0.170197395897
177289,0.0294891882901,0.373540818292,0.175458099531
177590,0.0295392548237,0.374308316457,0.175344565369
177891,0.0295893213573,0.371758706222,0.172560444994
178192,0.0296393878909,0.366303604386,0.167973905348
178493,0.0296894544245,0.358783321797,0.161856943278
178794,0.0297395209581,0.365698261581,0.167266785112
179095,0.0297895874917,0.371140033812,0.168214777942
179396,0.0298396540253,0.373415421424,0.176130456979
179697,0.0298897205589,0.368747902217,0.183544266824
179998,0.0299397870925,0.363483153799,0.184805399258
180299,0.0299898536261,0.353697362689,0.186417609376
180600,0.0300399201597,0.355725738034,0.194532355428
180901,0.0300899866933,0.36085328127,0.199767308739
181202,0.0301400532269,0.364013257742,0.203671600891
181503,0.0301901197605,0.363562040414,0.199760464721
181804,0.0302401862941,0.361812964273,0.199411774292
182105,0.0302902528277,0.356541889931,0.195557158052
182406,0.0303403193613,0.35773151224,0.193549123595
182707,0.0303903858949,0.363880501766,0.194757021189
183008,0.0304404524285,0.367725768039,0.194965648911
183309,0.0304905189621,0.368884280087,0.195566265145
183610,0.0305405854957,0.368203045201,0.193385562187
183911,0.0305906520293,0.364782423916,0.193746497725
184212,0.0306407185629,0.362010843553,0.195677055592
184513,0.0306907850965,0.370664522063,0.203533197411
184814,0.0307408516301,0.375769732539,0.207388742149
185115,0.0307909181637,0.377034767649,0.207023116083
185416,0.0308409846973,0.374690954805,0.201572086076
185717,0.0308910512309,0.368333040241,0.19321962439
186018,0.0309411177645,0.357522811763,0.181440279801
186319,0.0309911842981,0.357296433771,0.182577293753
186620,0.0310412508317,0.355684659632,0.18015691606
186921,0.0310913173653,0.353619213193,0.17542636444
187222,0.0311413838989,0.352001063793,0.167631767289
187523,0.0311914504325,0.346569252368,0.158041035382
187824,0.0312415169661,0.341417042181,0.154708639954
188125,0.0312915834997,0.344373809107,0.154460935689
188426,0.0313416500333,0.352092993843,0.1536859304
188727,0.0313917165669,0.355837711626,0.153388586201
189028,0.0314417831005,0.358253726793,0.152454180346
189329,0.0314918496341,0.358679670385,0.152604672003
189630,0.0315419161677,0.356536079789,0.150714920797
189931,0.0315919827013,0.354228252238,0.153478093461
190232,0.0316420492349,0.357516035736,0.155686875794
190533,0.0316921157685,0.358557929312,0.154010488513
190834,0.0317421823021,0.358156706192,0.152926281405
191135,0.0317922488357,0.35760726332,0.153101414478
191436,0.0318423153693,0.356069529765,0.151328109823
191737,0.0318923819029,0.352725697766,0.150360174627
192038,0.0319424484365,0.358548423915,0.155973386617
192339,0.0319925149701,0.362226348895,0.159158115496
192640,0.0320425815037,0.363457278418,0.164137352832
192941,0.0320926480373,0.361582581669,0.164785721963
193242,0.0321427145709,0.360128512071,0.161374817606
193543,0.0321927811045,0.35687832366,0.156327507949
193844,0.0322428476381,0.363690086749,0.156231547479
194145,0.0322929141717,0.370818303909,0.154594518176
194446,0.0323429807053,0.375040558116,0.151986833928
194747,0.0323930472389,0.376757646309,0.150766344711
195048,0.0324431137725,0.376944569932,0.148471471986
195349,0.0324931803061,0.372294339418,0.142354652929
195650,0.0325432468397,0.379373048829,0.14161654653
195951,0.0325933133733,0.386709805372,0.141587008368
196252,0.0326433799069,0.390290853581,0.143386467546
196553,0.0326934464405,0.390865641402,0.143099474785
196854,0.0327435129741,0.388815262497,0.139967347697
197155,0.0327935795077,0.382211277669,0.141730113093
197456,0.0328436460413,0.382699529752,0.146943296173
197757,0.0328937125749,0.388451927788,0.152504701437
198058,0.0329437791084,0.3896970223,0.15858625171
198359,0.032993845642,0.389577439464,0.157526151933
198660,0.0330439121756,0.387035071584,0.153833722159
198961,0.0330939787092,0.381310278319,0.148836978933
199262,0.0331440452428,0.378037141284,0.145398237749
199563,0.0331941117764,0.386945412737,0.149483234537
199864,0.03324417831,0.392461300984,0.15080689526
200165,0.0332942448436,0.393673566055,0.15159877242
200466,0.0333443113772,0.392624754182,0.149043205781
200767,0.0333943779108,0.388743876236,0.145001269698
201068,0.0334444444444,0.381491405368,0.139550314948
201369,0.033494510978,0.391416822666,0.141265655361
201670,0.0335445775116,0.395992718415,0.1412229918
201971,0.0335946440452,0.397475764845,0.141538040085
202272,0.0336447105788,0.396203208867,0.141712721376
202573,0.0336947771124,0.39235640226,0.138457165351
202874,0.033744843646,0.384993144713,0.134147624368
203175,0.0337949101796,0.392601515571,0.138412759611
203476,0.0338449767132,0.399215220905,0.140990253266
203777,0.0338950432468,0.401049852076,0.139664577873
204078,0.0339451097804,0.39991326896,0.137938391737
204379,0.033995176314,0.396932572519,0.136033066046
204680,0.0340452428476,0.390240192697,0.133459267467
204981,0.0340953093812,0.391930623333,0.139216838186
205282,0.0341453759148,0.397039743289,0.149172890071
205583,0.0341954424484,0.400087050731,0.15163012629
205884,0.034245508982,0.399540586159,0.151717481834
206185,0.0342955755156,0.396294052874,0.148319499531
206486,0.0343456420492,0.388688039908,0.146748400286
206787,0.0343957085828,0.384745757195,0.145367828772
207088,0.0344457751164,0.392170735645,0.151770885914
207389,0.03449584165,0.394137835946,0.155092865441
207690,0.0345459081836,0.39270161397,0.155949700818
207991,0.0345959747172,0.389698374599,0.153440728608
208292,0.0346460412508,0.382907319298,0.154229018272
208593,0.0346961077844,0.374366549385,0.149201279902
208894,0.034746174318,0.383274773878,0.153846511413
209195,0.0347962408516,0.385990168329,0.155274466648
209496,0.0348463073852,0.387226829936,0.156263084105
209797,0.0348963739188,0.385626197348,0.157345404491
210098,0.0349464404524,0.378113842238,0.155977265282
210399,0.034996506986,0.367819805288,0.152278404532
210700,0.0350465735196,0.371910551145,0.154886208213
211001,0.0350966400532,0.37619083773,0.156593819671
211302,0.0351467065868,0.376931471153,0.157101657723
211603,0.0351967731204,0.377694704741,0.155939337921
211904,0.035246839654,0.37545472625,0.155423698145
212205,0.0352969061876,0.369296394644,0.149881628261
212506,0.0353469727212,0.373771114622,0.145524312783
212807,0.0353970392548,0.38159412714,0.145658712829
213108,0.0354471057884,0.3854331979,0.146041339823
213409,0.035497172322,0.386515255521,0.145995045385
213710,0.0355472388556,0.386289994266,0.144726545496
214011,0.0355973053892,0.380291356601,0.13990602124
214312,0.0356473719228,0.378365470526,0.13724984371
214613,0.0356974384564,0.386773627961,0.142780060688
214914,0.03574750499,0.392336634995,0.146202856703
215215,0.0357975715236,0.393690128641,0.147441825604
215516,0.0358476380572,0.391500128501,0.146967106215
215817,0.0358977045908,0.384246778393,0.14535968007
216118,0.0359477711244,0.376061589158,0.14325223084
216419,0.035997837658,0.384442584886,0.153617768398
216720,0.0360479041916,0.388019777623,0.160624473218
217021,0.0360979707252,0.387371487578,0.16418786854
217322,0.0361480372588,0.383642203094,0.166336067
217623,0.0361981037924,0.377115341374,0.165460592174
217924,0.036248170326,0.365553196675,0.159461585642
218225,0.0362982368596,0.371765059904,0.166432895229
218526,0.0363483033932,0.378393500577,0.170986329685
218827,0.0363983699268,0.379826452915,0.173276829117
219128,0.0364484364604,0.378843980797,0.175897790449
219429,0.036498502994,0.374445483752,0.172635180582
219730,0.0365485695276,0.368701572907,0.166396912234
220031,0.0365986360612,0.37216897855,0.166455875311
220332,0.0366487025948,0.380216966691,0.169946914055
220633,0.0366987691284,0.383511577181,0.170999588934
220934,0.036748835662,0.385502025294,0.171784418478
221235,0.0367989021956,0.382884004377,0.169321875436
221536,0.0368489687292,0.377222390861,0.166094968236
221837,0.0368990352628,0.377913836827,0.163749252769
222138,0.0369491017964,0.384514766423,0.167241689411
222439,0.03699916833,0.387077308212,0.171437664631
222740,0.0370492348636,0.385986564036,0.175125199465
223041,0.0370993013972,0.381262806775,0.174323359327
223342,0.0371493679308,0.374962903102,0.170217113911
223643,0.0371994344644,0.365375095524,0.16576594997
223944,0.037249500998,0.370640046352,0.168897368928
224245,0.0372995675316,0.371761532305,0.168861292281
224546,0.0373496340652,0.36876240575,0.172618157464
224847,0.0373997005988,0.364161613942,0.17963624299
225148,0.0374497671324,0.357705503672,0.183553210274
225449,0.037499833666,0.349704465684,0.181606749684
225750,0.0375499001996,0.356253048627,0.187320116881
226051,0.0375999667332,0.361837972852,0.191568120608
226352,0.0376500332668,0.365363966702,0.193155803211
226653,0.0377000998004,0.367944645764,0.19452032592
226954,0.037750166334,0.367969024339,0.192154784391
227255,0.0378002328676,0.364899762151,0.185423563786
227556,0.0378502994012,0.370157564625,0.185846756502
227857,0.0379003659348,0.377180719684,0.187984991042
228158,0.0379504324684,0.379407581405,0.186453849723
228459,0.038000499002,0.377393177903,0.186763403283
228760,0.0380505655356,0.372637095909,0.182340568588
229061,0.0381006320692,0.360752543749,0.175767430486
229362,0.0381506986028,0.359079592462,0.176913241518
229663,0.0382007651364,0.368047298611,0.182724566929
229964,0.03825083167,0.372976939274,0.183792447289
230265,0.0383008982036,0.372905951393,0.183051599824
230566,0.0383509647372,0.371409818777,0.18041391981
230867,0.0384010312708,0.365501933636,0.179105380951
231168,0.0384510978044,0.356370805162,0.180914002184
231469,0.038501164338,0.364720078506,0.185444421863
231770,0.0385512308716,0.36941127271,0.183823021725
232071,0.0386012974052,0.370407184542,0.185421412916
232372,0.0386513639388,0.370864192842,0.18379649974
232673,0.0387014304724,0.367726095086,0.179924832151
232974,0.038751497006,0.358746109966,0.171941827812
233275,0.0388015635396,0.365655828552,0.173035818778
233576,0.0388516300732,0.369885162719,0.17344841507
233877,0.0389016966068,0.370795306525,0.171058322501
234178,0.0389517631404,0.37112761173,0.168583438242
234479,0.039001829674,0.367762651453,0.161382280358
234780,0.0390518962076,0.358952402319,0.154459370782
235081,0.0391019627412,0.358002367,0.156917058249
235382,0.0391520292748,0.361575080548,0.161487689705
235683,0.0392020958084,0.36095970025,0.164678248968
235984,0.039252162342,0.358338576794,0.167658507105
236285,0.0393022288756,0.355343638699,0.167278945573
236586,0.0393522954092,0.346235762546,0.162809685606
236887,0.0394023619428,0.34200992448,0.161140695595
237188,0.0394524284764,0.34795548386,0.162989346456
237489,0.03950249501,0.351259069293,0.1626179344
237790,0.0395525615436,0.35088938297,0.161165292022
238091,0.0396026280772,0.348903006215,0.157409172876
238392,0.0396526946108,0.346026422087,0.151433323031
238693,0.0397027611444,0.342793095125,0.148463564692
238994,0.039752827678,0.352459875824,0.155431519971
239295,0.0398028942116,0.359545208333,0.159371822183
239596,0.0398529607452,0.364566292304,0.161656863395
239897,0.0399030272788,0.367162955788,0.16157822408
240198,0.0399530938124,0.365808498701,0.159731615323
240499,0.040003160346,0.358281418323,0.153800349291
240800,0.0400532268796,0.367054001823,0.158090537632
241101,0.0401032934132,0.372394053743,0.159441977062
241402,0.0401533599468,0.373757843437,0.160445257625
241703,0.0402034264804,0.37262959436,0.159732811197
242004,0.040253493014,0.369044122512,0.15734257953
242305,0.0403035595476,0.361182054532,0.151300225329
242606,0.0403536260812,0.366319228094,0.154681915938
242907,0.0404036926148,0.3734131575,0.159030384929
243208,0.0404537591484,0.375994929815,0.159975321875
243509,0.040503825682,0.377062813334,0.158446572144
243810,0.0405538922156,0.374173177845,0.153670494607
244111,0.0406039587492,0.366375862054,0.146689693591
244412,0.0406540252828,0.364919820062,0.14457479913
244713,0.0407040918164,0.368504985166,0.147941051702
245014,0.04075415835,0.368880051329,0.149974830646
245315,0.0408042248836,0.367956930228,0.148988900716
245616,0.0408542914172,0.364400508396,0.147246460458
245917,0.0409043579508,0.358857022885,0.141978556186
246218,0.0409544244844,0.354446183849,0.137561019764
246519,0.041004491018,0.363961895311,0.140250753177
246820,0.0410545575516,0.366622393518,0.140868634374
247121,0.0411046240852,0.364628803657,0.141913425828
247422,0.0411546906188,0.361150636754,0.140358648017
247723,0.0412047571524,0.354642929638,0.139810855176
248024,0.041254823686,0.346333712547,0.135945445406
248325,0.0413048902196,0.353520521483,0.140653289826
248626,0.0413549567532,0.358015262475,0.143131010697
248927,0.0414050232868,0.358949878195,0.144386701031
249228,0.0414550898204,0.357040133995,0.150137861734
249529,0.041505156354,0.35379996886,0.153752038183
249830,0.0415552228876,0.346287518752,0.15122217735
250131,0.0416052894212,0.352797954472,0.153608112809
250432,0.0416553559548,0.360744227361,0.156488004674
250733,0.0417054224884,0.365738667109,0.157668213183
251034,0.041755489022,0.366818027305,0.156296142315
251335,0.0418055555556,0.366073025419,0.154946970664
251636,0.0418556220892,0.361632186563,0.150568525786
251937,0.0419056886228,0.364974428732,0.15159450711
252238,0.0419557551564,0.373684712907,0.157475924558
252539,0.04200582169,0.376479950026,0.160736698624
252840,0.0420558882236,0.378768655229,0.160401222061
253141,0.0421059547572,0.377293121088,0.15628324702
253442,0.0421560212908,0.37448547557,0.151785654125
253743,0.0422060878244,0.371024223496,0.146650067992
254044,0.042256154358,0.379978605516,0.147086471155
254345,0.0423062208916,0.384742713269,0.146843486732
254646,0.0423562874251,0.386697361764,0.145007809487
254947,0.0424063539587,0.385380687221,0.143590681661
255248,0.0424564204923,0.380530627595,0.14170721649
255549,0.0425064870259,0.373611770214,0.13925926184
255850,0.0425565535595,0.380570139201,0.146679958862
256151,0.0426066200931,0.383225645437,0.15473074516
256452,0.0426566866267,0.380917687365,0.15981995235
256753,0.0427067531603,0.375409847162,0.163600325705
257054,0.0427568196939,0.371274691447,0.166227162742
257355,0.0428068862275,0.365364309103,0.165335332795
257656,0.0428569527611,0.370027512813,0.168419306125
257957,0.0429070192947,0.375288603615,0.169308141756
258258,0.0429570858283,0.375679776297,0.16632375406
258559,0.0430071523619,0.370991101822,0.162902315593
258860,0.0430572188955,0.362868192182,0.167846492764
259161,0.0431072854291,0.353404106193,0.167971342227
259462,0.0431573519627,0.353233184681,0.171084520185
259763,0.0432074184963,0.357507243254,0.179985477723
260064,0.0432574850299,0.354934815233,0.186072664734
260365,0.0433075515635,0.351347227709,0.187057676138
260666,0.0433576180971,0.344750409308,0.187669570506
260967,0.0434076846307,0.340562682429,0.186070656908
261268,0.0434577511643,0.337551716054,0.1851369168
261569,0.0435078176979,0.34504372122,0.187989089379
261870,0.0435578842315,0.349079514267,0.18761052743
262171,0.0436079507651,0.352228744951,0.185797668142
262472,0.0436580172987,0.35367201209,0.184627195753
262773,0.0437080838323,0.353082224432,0.181640852943
263074,0.0437581503659,0.349228338067,0.176885322591
263375,0.0438082168995,0.360082316038,0.179278779909
263676,0.0438582834331,0.364251359701,0.180931848125
263977,0.0439083499667,0.366627656457,0.180583077283
264278,0.0439584165003,0.366937858048,0.176029425374
264579,0.0440084830339,0.364360880937,0.170184938004
264880,0.0440585495675,0.357891763204,0.16509012702
265181,0.0441086161011,0.363526139757,0.165079565519
265482,0.0441586826347,0.367713449821,0.16821525282
265783,0.0442087491683,0.371466944855,0.174130002398
266084,0.0442588157019,0.374202913564,0.174567549469
266385,0.0443088822355,0.374629443228,0.171412542475
266686,0.0443589487691,0.373219260565,0.167947458121
266987,0.0444090153027,0.378129798844,0.167026462662
267288,0.0444590818363,0.385552211876,0.169742987711
267589,0.0445091483699,0.39053859266,0.170096272295
267890,0.0445592149035,0.393190617048,0.16855203869
268191,0.0446092814371,0.393767353475,0.164307722566
268492,0.0446593479707,0.389467813362,0.160738466324
268793,0.0447094145043,0.384552876914,0.157966996422
269094,0.0447594810379,0.391879231735,0.159900462708
269395,0.0448095475715,0.395945342742,0.1577348336
269696,0.0448596141051,0.396122941125,0.155723558121
269997,0.0449096806387,0.388072264581,0.149389334363
270298,0.0449597471723,0.378887768964,0.149328991348
270599,0.0450098137059,0.370783248634,0.156088166385
270900,0.0450598802395,0.379216186962,0.161212763628
271201,0.0451099467731,0.384326943237,0.161988051241
271502,0.0451600133067,0.385284366837,0.159569773075
271803,0.0452100798403,0.381462514456,0.155401491597
272104,0.0452601463739,0.378025099944,0.151172479683
272405,0.0453102129075,0.371572622594,0.146493166299
272706,0.0453602794411,0.377377694908,0.148424521128
273007,0.0454103459747,0.38098251003,0.152125486699
273308,0.0454604125083,0.381968381091,0.156650308439
273609,0.0455104790419,0.380971126619,0.160652534185
273910,0.0455605455755,0.380586334954,0.162485744697
274211,0.0456106121091,0.376339326983,0.161472722939
274512,0.0456606786427,0.380332394694,0.162088734941
274813,0.0457107451763,0.388981446801,0.164533408885
275114,0.0457608117099,0.394390124574,0.1647264306
275415,0.0458108782435,0.395678178367,0.162776232041
275716,0.0458609447771,0.392106122155,0.16010909327
276017,0.0459110113107,0.385922221328,0.15452624118
276318,0.0459610778443,0.381555680437,0.152278458853
276619,0.0460111443779,0.38643851348,0.15609265332
276920,0.0460612109115,0.386922310174,0.157078401535
277221,0.0461112774451,0.384540961882,0.155128362352
277522,0.0461613439787,0.379574038351,0.155195385111
277823,0.0462114105123,0.37222121115,0.152818770569
278124,0.0462614770459,0.365298615322,0.149004387429
278425,0.0463115435795,0.372459358434,0.151678866077
278726,0.0463616101131,0.376250516933,0.152439645015
279027,0.0464116766467,0.378293593262,0.150917150741
279328,0.0464617431803,0.377466983372,0.149503161341
279629,0.0465118097139,0.373350345041,0.146697898395
279930,0.0465618762475,0.364967897011,0.142879109193
280231,0.0466119427811,0.371232797524,0.145678199481
280532,0.0466620093147,0.37460393116,0.148761586155
280833,0.0467120758483,0.375009738612,0.149640608132
281134,0.0467621423819,0.372952917085,0.152244266918
281435,0.0468122089155,0.369515839608,0.151705263996
281736,0.0468622754491,0.364035386477,0.148436365367
282037,0.0469123419827,0.364233572791,0.15041515023
282338,0.0469624085163,0.36940029438,0.153369351403
282639,0.0470124750499,0.373005896121,0.154249341938
282940,0.0470625415835,0.373426491971,0.154303595076
283241,0.0471126081171,0.371999033905,0.153735321016
283542,0.0471626746507,0.367349614934,0.150211953518
283843,0.0472127411843,0.366604254556,0.149530200479
284144,0.0472628077179,0.373018759501,0.153518762744
284445,0.0473128742515,0.37571705079,0.153351990319
284746,0.0473629407851,0.377246227032,0.152518488549
285047,0.0474130073187,0.376540519368,0.152100159763
285348,0.0474630738523,0.375208631918,0.15063930848
285649,0.0475131403859,0.371276630322,0.146474515977
285950,0.0475632069195,0.378428754468,0.14759557472
286251,0.0476132734531,0.38419448371,0.148938496117
286552,0.0476633399867,0.386561746607,0.149376053693
286853,0.0477134065203,0.388639842268,0.148255873691
287154,0.0477634730539,0.388059208696,0.147259968412
287455,0.0478135395875,0.380259107036,0.144086644822
287756,0.0478636061211,0.3892893743,0.152435739843
288057,0.0479136726547,0.392669773216,0.159411358094
288358,0.0479637391883,0.394602539746,0.163399812133
288659,0.0480138057219,0.39148110561,0.172679562075
288960,0.0480638722555,0.384831709362,0.175860037314
289261,0.0481139387891,0.375638607187,0.173321870662
289562,0.0481640053227,0.376201014665,0.179501089105
289863,0.0482140718563,0.383670497988,0.184461891839
290164,0.0482641383899,0.386969775124,0.1822840346
290465,0.0483142049235,0.385684431175,0.175528444341
290766,0.0483642714571,0.382192828585,0.172466844443
291067,0.0484143379907,0.370424113542,0.158746883725
291368,0.0484644045243,0.362656191608,0.165272814007
291669,0.0485144710579,0.366547009848,0.172552946395
291970,0.0485645375915,0.368331565196,0.172680826654
292271,0.0486146041251,0.369105537439,0.171098062577
292572,0.0486646706587,0.372660619762,0.174059637683
292873,0.0487147371923,0.368256232934,0.173756006503
293174,0.0487648037259,0.363677176593,0.170011521147
293475,0.0488148702595,0.368744464615,0.172763495019
293776,0.0488649367931,0.368533520464,0.171926417947
294077,0.0489150033267,0.36508895375,0.169532223468
294378,0.0489650698603,0.359971570718,0.166088738921
294679,0.0490151363939,0.352394708389,0.165436440717
294980,0.0490652029275,0.346920883799,0.165152851764
295281,0.0491152694611,0.352869680633,0.171100746456
295582,0.0491653359947,0.355968748751,0.1740283118
295883,0.0492154025283,0.357912565879,0.174935449261
296184,0.0492654690619,0.357984752207,0.174139899027
296485,0.0493155355955,0.355604241351,0.170316379551
296786,0.0493656021291,0.350914102846,0.164361527938
297087,0.0494156686627,0.355786262687,0.164649239312
297388,0.0494657351963,0.362481269128,0.165857804543
297689,0.0495158017299,0.365979191751,0.164855445624
297990,0.0495658682635,0.365215718437,0.164668968833
298291,0.0496159347971,0.361971077233,0.163496773128
298592,0.0496660013307,0.356570529933,0.16039951584
298893,0.0497160678643,0.356891445577,0.159719430074
299194,0.0497661343979,0.36272725529,0.163818851524
299495,0.0498162009315,0.366160026697,0.164756755674
299796,0.0498662674651,0.367290470065,0.164463216958
300097,0.0499163339987,0.365323630159,0.163911766531
300398,0.0499664005323,0.36083197495,0.165408334141
300601,0.050000166334,0.356567532036,0.16367121879
