5465,0.000909015302728,0.0261067095413,0.0
10930,0.00181803060546,0.0259106164779,0.0
16395,0.00272704590818,0.0258708982855,0.0
21860,0.00363606121091,0.025857680416,0.0
27325,0.00454507651364,0.0259075029913,0.0
32790,0.00545409181637,0.0255374442523,0.0
38255,0.0063631071191,0.0257355110262,0.0
43720,0.00727212242182,0.0257991423508,0.0
49185,0.00818113772455,0.0257352277103,0.0
54650,0.00909015302728,0.0257165769887,0.0
60115,0.00999916833001,0.0257545841574,0.0
65580,0.0109081836327,0.0256101401459,0.0
71045,0.0118171989355,0.0256079350499,0.0
76510,0.0127262142382,0.0257492925668,0.0
81975,0.0136352295409,0.0257292892745,0.0
87440,0.0145442448436,0.0257489240186,0.0
92905,0.0154532601464,0.0257612108597,0.0
98370,0.0163622754491,0.0257091769349,0.0
103835,0.0172712907518,0.0255203434033,0.0
109300,0.0181803060546,0.0257941178862,0.0
114765,0.0190893213573,0.0256784324227,0.0
120230,0.01999833666,0.0257210173468,0.0
125695,0.0209073519627,0.025610550515,0.0
131160,0.0218163672655,0.0257273597059,0.0
136625,0.0227253825682,0.0253763418001,0.0
142090,0.0236343978709,0.0256630303358,0.0
147555,0.0245434131737,0.025674863848,0.0
153020,0.0254524284764,0.0255971934902,0.0
158485,0.0263614437791,0.0256365647891,0.0
163950,0.0272704590818,0.0256835900092,0.0
169415,0.0281794743846,0.0254898016344,0.0
174880,0.0290884896873,0.0256219932183,0.0
180345,0.02999750499,0.0256291780945,0.0
185810,0.0309065202927,0.0256387986451,0.0
191275,0.0318155355955,0.0256590896302,0.0
196740,0.0327245508982,0.0256765134737,0.0
202205,0.0336335662009,0.0255408564165,0.0
207670,0.0345425815037,0.0255448755243,0.0
213135,0.0354515968064,0.0256483850526,0.0
218600,0.0363606121091,0.0256244508044,0.0
224065,0.0372696274118,0.0256481712285,0.0
229530,0.0381786427146,0.025636910854,0.0
234995,0.0390876580173,0.0256947396312,0.0
240460,0.03999667332,0.025536186473,0.0
245925,0.0409056886228,0.025805247186,0.0
251390,0.0418147039255,0.0257418210496,0.0
256855,0.0427237192282,0.0256545759472,0.0
262320,0.0436327345309,0.025668753516,0.0
267785,0.0445417498337,0.0257650693879,0.0
273250,0.0454507651364,0.0253849469293,0.0
278715,0.0463597804391,0.025717096457,0.0
284180,0.0472687957418,0.0256613502881,0.0
289645,0.0481778110446,0.0256927410432,0.0
295110,0.0490868263473,0.0256811897554,0.0
300575,0.04999584165,0.0257453983904,0.0
306040,0.0509048569528,0.0255084636288,0.0
311505,0.0518138722555,0.0256210335226,0.0
316970,0.0527228875582,0.0256570843016,0.0
322435,0.0536319028609,0.0256692901745,0.0
327900,0.0545409181637,0.0256794712294,0.0
333365,0.0554499334664,0.0256861524519,0.0
338830,0.0563589487691,0.0255862159618,0.0
344295,0.0572679640719,0.0255784027759,0.0
349760,0.0581769793746,0.0257128167943,0.0
355225,0.0590859946773,0.0257041445684,0.0
360690,0.05999500998,0.0257655774919,0.0
366155,0.0609040252828,0.0257314548454,0.0
371620,0.0618130405855,0.0256808117215,0.0
377085,0.0627220558882,0.0254945874729,0.0
382550,0.063631071191,0.0257237963363,0.0
388015,0.0645400864937,0.0256757529432,0.0
393480,0.0654491017964,0.0256980241209,0.0
398945,0.0663581170991,0.0256675900889,0.0
404410,0.0672671324019,0.0257718879014,0.0
409875,0.0681761477046,0.0253858619654,0.0
415340,0.0690851630073,0.0257461524823,0.0
420805,0.06999417831,0.02566098713,0.0
426270,0.0709031936128,0.0257107839091,0.0
431735,0.0718122089155,0.0257128345685,0.0
437200,0.0727212242182,0.0256345717139,0.0
442665,0.073630239521,0.0254904949239,0.0
448130,0.0745392548237,0.0256278781542,0.0
453595,0.0754482701264,0.0256460594484,0.0
459060,0.0763572854291,0.0255944734244,0.0
464525,0.0772663007319,0.0256218107857,0.0
469990,0.0781753160346,0.0256446840459,0.0
475455,0.0790843313373,0.025510168439,0.0
480920,0.0799933466401,0.0254808777421,0.0
486385,0.0809023619428,0.0256240803368,0.0
491850,0.0818113772455,0.025542548837,0.0
497315,0.0827203925482,0.0255847419698,0.0
502780,0.083629407851,0.0256162928745,0.0
508245,0.0845384231537,0.0255987914421,0.0
513710,0.0854474384564,0.0255147025203,0.0
519175,0.0863564537591,0.0258116830658,0.0
524640,0.0872654690619,0.0255815802561,0.0
530105,0.0881744843646,0.0256220325002,0.0
535570,0.0890834996673,0.0257151619641,0.0
541035,0.0899925149701,0.025733468466,0.0
546500,0.0909015302728,0.0253852674325,0.0
551965,0.0918105455755,0.0258365304383,0.0
557430,0.0927195608782,0.0259258233042,0.0
562895,0.093628576181,0.0254303233395,0.0
568360,0.0945375914837,0.025224348776,0.0
573825,0.0954466067864,0.0256520365197,0.0
579290,0.0963556220892,0.0254046052166,0.0
584755,0.0972646373919,0.0259146076095,0.0
590220,0.0981736526946,0.0256529506851,0.0
595685,0.0990826679973,0.0257084740609,0.0
601150,0.0999916833001,0.0252100543012,0.0
606615,0.100900698603,0.0256953147551,0.0
612080,0.101809713906,0.0257292955948,0.0
617545,0.102718729208,0.0259236532311,0.0
623010,0.103627744511,0.0262261744677,0.0
628475,0.104536759814,0.0254873251921,0.0
633940,0.105445775116,0.0256915903673,0.0
639405,0.106354790419,0.0255216732383,0.0
644870,0.107263805722,0.0253735979896,0.0
650335,0.108172821025,0.0253862321167,0.0
655800,0.109081836327,0.025694104604,0.0
661265,0.10999085163,0.0256000520431,0.0
666730,0.110899866933,0.025823431443,0.0
672195,0.111808882236,0.0256741068692,0.0
677660,0.112717897538,0.0257766771062,0.0
683125,0.113626912841,0.0253892004565,0.0
688590,0.114535928144,0.0256703995041,0.0
694055,0.115444943446,0.0255464110914,0.0
699520,0.116353958749,0.0255916838144,0.0
704985,0.117262974052,0.0256769239182,0.0
710450,0.118171989355,0.0258543729051,0.0
715915,0.119081004657,0.0255425527846,0.0
721380,0.11999001996,0.0257281609478,0.0
726845,0.120899035263,0.0257328118165,0.0
732310,0.121808050566,0.0256782024884,0.0
737775,0.122717065868,0.0256448848727,0.0
743240,0.123626081171,0.0256629312777,0.0
748705,0.124535096474,0.025571359088,0.0
754170,0.125444111776,0.0256296193025,0.0
759635,0.126353127079,0.0256984312889,0.0
765100,0.127262142382,0.0256312157248,0.0
770565,0.128171157685,0.0256269517333,0.0
776030,0.129080172987,0.0255916280769,0.0
781495,0.12998918829,0.0256052508737,0.0
786960,0.130898203593,0.0254596031945,0.0
792425,0.131807218896,0.0256595124471,0.0
797890,0.132716234198,0.02554707464,0.0
803355,0.133625249501,0.0255452251188,0.0
808820,0.134534264804,0.0255631902174,0.0
814285,0.135443280106,0.0256074174034,0.0
819750,0.136352295409,0.025381211367,0.0
825215,0.137261310712,0.0256616677717,0.0
830680,0.138170326015,0.0255711311715,0.0
836145,0.139079341317,0.0256088562364,0.0
841610,0.13998835662,0.0255738065371,0.0
847075,0.140897371923,0.025670398356,0.0
852540,0.141806387226,0.0254934172516,0.0
858005,0.142715402528,0.025630102804,0.0
863470,0.143624417831,0.0256395281695,0.0
868935,0.144533433134,0.0256687066286,0.0
874400,0.145442448436,0.0257097575019,0.0
879865,0.146351463739,0.0257926397715,0.0
885330,0.147260479042,0.025633018734,0.0
890795,0.148169494345,0.0256276903154,0.0
896260,0.149078509647,0.0257201116307,0.0
901725,0.14998752495,0.0256836903022,0.0
907190,0.150896540253,0.0257141379585,0.0
912655,0.151805555556,0.0256744213498,0.0
918120,0.152714570858,0.025686649388,0.0
923585,0.153623586161,0.0254923988912,0.0
929050,0.154532601464,0.02563277193,0.0
934515,0.155441616766,0.0255407041909,0.0
939980,0.156350632069,0.0255751845608,0.0
945445,0.157259647372,0.0254812041455,0.0
950910,0.158168662675,0.0255781478943,0.0
956375,0.159077677977,0.0253875369186,0.0
961840,0.15998669328,0.0255957672413,0.0
967305,0.160895708583,0.0255255568623,0.0
972770,0.161804723886,0.0255666764977,0.0
978235,0.162713739188,0.025524096204,0.0
983700,0.163622754491,0.0256164017957,0.0
989165,0.164531769794,0.0254785038704,0.0
994630,0.165440785096,0.0256077648997,0.0
1000095,0.166349800399,0.0257009559505,0.0
1005560,0.167258815702,0.0256848776963,0.0
1011025,0.168167831005,0.0256493791011,0.0
1016490,0.169076846307,0.025689833768,0.0
1021955,0.16998586161,0.0255607140126,0.0
1027420,0.170894876913,0.0255450253396,0.0
1032885,0.171803892216,0.0257001605142,0.0
1038350,0.172712907518,0.0257032427188,0.0
1043815,0.173621922821,0.0256995789863,0.0
1049280,0.174530938124,0.0256943596209,0.0
1054745,0.175439953426,0.0256493184543,0.0
1060210,0.176348968729,0.0254908433796,0.0
1065675,0.177257984032,0.0257440942454,0.0
1071140,0.178166999335,0.025682291833,0.0
1076605,0.179076014637,0.0257027514946,0.0
1082070,0.17998502994,0.0256550323899,0.0
1087535,0.180894045243,0.0257493935227,0.0
1093000,0.181803060546,0.0253903540616,0.0
1098465,0.182712075848,0.0256846722373,0.0
1103930,0.183621091151,0.0256240000946,0.0
1109395,0.184530106454,0.0256530690637,0.0
1114860,0.185439121756,0.0256311160485,0.0
1120325,0.186348137059,0.0257204194767,0.0
1125790,0.187257152362,0.0255089291421,0.0
1131255,0.188166167665,0.025647848401,0.0
1136720,0.189075182967,0.0256219170143,0.0
1142185,0.18998419827,0.0256874990326,0.0
1147650,0.190893213573,0.0256881593443,0.0
1153115,0.191802228876,0.0257202678739,0.0
1158580,0.192711244178,0.0256138699978,0.0
1164045,0.193620259481,0.0256042305491,0.0
1169510,0.194529274784,0.0257163189768,0.0
1174975,0.195438290086,0.0256603400898,0.0
1180440,0.196347305389,0.0257076520792,0.0
1185905,0.197256320692,0.025687565169,0.0
1191370,0.198165335995,0.0257091933846,0.0
1196835,0.199074351297,0.0255077897543,0.0
1202300,0.1999833666,0.0257037713289,0.0
1207765,0.200892381903,0.0255934856749,0.0
1213230,0.201801397206,0.0256890243564,0.0
1218695,0.202710412508,0.0256235194378,0.0
1224160,0.203619427811,0.0257093657123,0.0
1229625,0.204528443114,0.0253900807558,0.0
1235090,0.205437458417,0.0256798791323,0.0
1240555,0.206346473719,0.0256079877024,0.0
1246020,0.207255489022,0.0256695268305,0.0
1251485,0.208164504325,0.0256670066253,0.0
1256950,0.209073519627,0.0257706346486,0.0
1262415,0.20998253493,0.0255202039886,0.0
1267880,0.210891550233,0.0256834508548,0.0
1273345,0.211800565536,0.0257230382032,0.0
1278810,0.212709580838,0.0257193716231,0.0
1284275,0.213618596141,0.0257271905284,0.0
1289740,0.214527611444,0.0257438444034,0.0
1295205,0.215436626747,0.0256225691017,0.0
1300670,0.216345642049,0.0255750583626,0.0
1306135,0.217254657352,0.0256758202804,0.0
1311600,0.218163672655,0.0256584057951,0.0
1317065,0.219072687957,0.025679979755,0.0
1322530,0.21998170326,0.0256840542389,0.0
1327995,0.220890718563,0.0256491576933,0.0
1333460,0.221799733866,0.0254968294752,0.0
1338925,0.222708749168,0.0257015855777,0.0
1344390,0.223617764471,0.0256410342771,0.0
1349855,0.224526779774,0.0256281395709,0.0
1355320,0.225435795077,0.0256467235452,0.0
1360785,0.226344810379,0.0257122432239,0.0
1366250,0.227253825682,0.0253930092336,0.0
1371715,0.228162840985,0.0257105092161,0.0
1377180,0.229071856287,0.0256944262983,0.0
1382645,0.22998087159,0.0257195432859,0.0
1388110,0.230889886893,0.0257016613178,0.0
1393575,0.231798902196,0.0257287503483,0.0
1399040,0.232707917498,0.025508674181,0.0
1404505,0.233616932801,0.0256730456572,0.0
1409970,0.234525948104,0.0257534655919,0.0
1415435,0.235434963407,0.0257488930171,0.0
1420900,0.236343978709,0.0257134910271,0.0
1426365,0.237252994012,0.0257670158346,0.0
1431830,0.238162009315,0.025663799062,0.0
1437295,0.239071024617,0.0256511774045,0.0
1442760,0.23998003992,0.025806679571,0.0
1448225,0.240889055223,0.0257704905672,0.0
1453690,0.241798070526,0.0258012447904,0.0
1459155,0.242707085828,0.0258154818778,0.0
1464620,0.243616101131,0.0257880578492,0.0
1470085,0.244525116434,0.0255162114521,0.0
1475550,0.245434131737,0.0257905101684,0.0
1481015,0.246343147039,0.0257015393561,0.0
1486480,0.247252162342,0.025728328963,0.0
1491945,0.248161177645,0.0256947182338,0.0
1497410,0.249070192947,0.0258264020893,0.0
1502875,0.24997920825,0.0253919215744,0.0
1508340,0.250888223553,0.0257475226921,0.0
1513805,0.251797238856,0.0256709021689,0.0
1519270,0.252706254158,0.0256481867766,0.0
1524735,0.253615269461,0.0256106969031,0.0
1530200,0.254524284764,0.0256352161316,0.0
1535665,0.255433300067,0.0254756557963,0.0
1541130,0.256342315369,0.0255763934083,0.0
1546595,0.257251330672,0.0255515126375,0.0
1552060,0.258160345975,0.0255855270322,0.0
1557525,0.259069361277,0.025569901902,0.0
1562990,0.25997837658,0.025628709232,0.0
1568455,0.260887391883,0.0255666792332,0.0
1573920,0.261796407186,0.025575198067,0.0
1579385,0.262705422488,0.0256983947496,0.0
1584850,0.263614437791,0.025662517756,0.0
1590315,0.264523453094,0.0256815870725,0.0
1595780,0.265432468397,0.0256749119089,0.0
1601245,0.266341483699,0.025663418275,0.0
1606710,0.267250499002,0.0255159460911,0.0
1612175,0.268159514305,0.0257802642342,0.0
1617640,0.269068529607,0.0257734530336,0.0
1623105,0.26997754491,0.0257082109111,0.0
1628570,0.270886560213,0.0256867387663,0.0
1634035,0.271795575516,0.0256370376249,0.0
1639500,0.272704590818,0.0253876136139,0.0
1644965,0.273613606121,0.0256504559947,0.0
1650430,0.274522621424,0.0256611884258,0.0
1655895,0.275431636727,0.0256722841365,0.0
1661360,0.276340652029,0.0256819197773,0.0
1666825,0.277249667332,0.0257165269829,0.0
1672290,0.278158682635,0.0255143175391,0.0
1677755,0.279067697937,0.0256319199982,0.0
1683220,0.27997671324,0.0256870667908,0.0
1688685,0.280885728543,0.0256880977647,0.0
1694150,0.281794743846,0.0256863203375,0.0
1699615,0.282703759148,0.0257698039734,0.0
1705080,0.283612774451,0.0256427919092,0.0
1710545,0.284521789754,0.0256318222572,0.0
1716010,0.285430805057,0.0257291377764,0.0
1721475,0.286339820359,0.0257194425444,0.0
1726940,0.287248835662,0.0256920723354,0.0
1732405,0.288157850965,0.0256843394464,0.0
1737870,0.289066866267,0.0256175690067,0.0
1743335,0.28997588157,0.0254866334309,0.0
1748800,0.290884896873,0.025744969784,0.0
1754265,0.291793912176,0.0256950778524,0.0
1759730,0.292702927478,0.0255675872633,0.0
1765195,0.293611942781,0.0255703437557,0.0
1770660,0.294520958084,0.0256326286227,0.0
1776125,0.295429973387,0.0253936534896,0.0
1781590,0.296338988689,0.0257637465547,0.0
1787055,0.297248003992,0.0255853586954,0.0
1792520,0.298157019295,0.0256951536692,0.0
1797985,0.299066034597,0.0256931563811,0.0
1803450,0.2999750499,0.0258085504384,0.0
1808915,0.300884065203,0.025504065668,0.0
1814380,0.301793080506,0.0257140595463,0.0
1819845,0.302702095808,0.0257065079542,0.0
1825310,0.303611111111,0.0256859461472,0.0
1830775,0.304520126414,0.0257110736168,0.0
1836240,0.305429141717,0.0256722747788,0.0
1841705,0.306338157019,0.025633672276,0.0
1847170,0.307247172322,0.0254507626079,0.0
1852635,0.308156187625,0.0254197319383,0.0
1858100,0.309065202927,0.0257440231913,0.0
1863565,0.30997421823,0.0259009864769,0.0
1869030,0.310883233533,0.0257825273266,0.0
1874495,0.311792248836,0.026140997389,0.0
1879960,0.312701264138,0.0254043670957,0.0
1885425,0.313610279441,0.025934928782,0.0
1890890,0.314519294744,0.0258366998646,0.0
1896355,0.315428310047,0.0257819361554,0.0
1901820,0.316337325349,0.0258511454636,0.0
1907285,0.317246340652,0.0256091074648,0.0
1912750,0.318155355955,0.0253891854095,0.0
1918215,0.319064371257,0.0255992079583,0.0
1923680,0.31997338656,0.0257555447243,0.0
1929145,0.320882401863,0.0253328161861,0.0
1934610,0.321791417166,0.0255608231483,0.0
1940075,0.322700432468,0.0252827491678,0.0
1945540,0.323609447771,0.0256077329318,0.0
1951005,0.324518463074,0.025783041925,0.0
1956470,0.325427478377,0.025899057775,0.0
1961935,0.326336493679,0.0256369210583,0.0
1967400,0.327245508982,0.0256204569631,0.0
1972865,0.328154524285,0.0260016772327,0.0
1978330,0.329063539587,0.0256603223556,0.0
1983795,0.32997255489,0.0255775297024,0.0
1989260,0.330881570193,0.0256823234333,0.0
1994725,0.331790585496,0.025501262592,0.0
2000190,0.332699600798,0.0257210764886,0.0
2005655,0.333608616101,0.0253774558911,0.0
2011120,0.334517631404,0.0255621743235,0.0
2016585,0.335426646707,0.0253246681172,0.0
2022050,0.336335662009,0.0253716083917,0.0
2027515,0.337244677312,0.0252647665815,0.0
2032980,0.338153692615,0.0256047789273,0.0
2038445,0.339062707917,0.0253560694996,0.0
2043910,0.33997172322,0.0253268739724,0.0
2049375,0.340880738523,0.0253736310117,0.0
2054840,0.341789753826,0.0257589237991,0.0
2060305,0.342698769128,0.0255652409045,0.0
2065770,0.343607784431,0.0258272008138,0.0
2071235,0.344516799734,0.0254498391555,0.0
2076700,0.345425815037,0.0255105793163,0.0
2082165,0.346334830339,0.0254389546655,0.0
2087630,0.347243845642,0.0254908194462,0.0
2093095,0.348152860945,0.0258647847931,0.0
2098560,0.349061876248,0.0257051193569,0.0
2104025,0.34997089155,0.0255080022351,0.0
2109490,0.350879906853,0.0258384552901,0.0
2114955,0.351788922156,0.0258705020648,0.0
2120420,0.352697937458,0.025795540491,0.0
2125885,0.353606952761,0.0258505210168,0.0
2131350,0.354515968064,0.0257153436781,0.0
2136815,0.355424983367,0.0256717328157,0.0
2142280,0.356333998669,0.0259267883406,0.0
2147745,0.357243013972,0.0256381921744,0.0
2153210,0.358152029275,0.0255145027845,0.0
2158675,0.359061044578,0.0257767348626,0.0
2164140,0.35997005988,0.0257127380183,0.0
2169605,0.360879075183,0.0257426619928,0.0
2175070,0.361788090486,0.0256528220512,0.0
2180535,0.362697105788,0.0257636180009,0.0
2186000,0.363606121091,0.0253832064124,0.0
2191465,0.364515136394,0.0255787644947,0.0
2196930,0.365424151697,0.0255539843328,0.0
2202395,0.366333166999,0.0254571731858,0.0
2207860,0.367242182302,0.0256158388413,0.0
2213325,0.368151197605,0.0256015503021,0.0
2218790,0.369060212908,0.0255024858426,0.0
2224255,0.36996922821,0.0254591528959,0.0
2229720,0.370878243513,0.0256079846393,0.0
2235185,0.371787258816,0.0256509199075,0.0
2240650,0.372696274118,0.0258448007742,0.0
2246115,0.373605289421,0.0257594882393,0.0
2251580,0.374514304724,0.0255421427979,0.0
2257045,0.375423320027,0.0254937220893,0.0
2262510,0.376332335329,0.0256007180173,0.0
2267975,0.377241350632,0.0256371443398,0.0
2273440,0.378150365935,0.0255765402418,0.0
2278905,0.379059381238,0.0256900855207,0.0
2284370,0.37996839654,0.0257824289483,0.0
2289835,0.380877411843,0.0255277489117,0.0
2295300,0.381786427146,0.0258213614459,0.0
2300765,0.382695442448,0.0256930316994,0.0
2306230,0.383604457751,0.025780992349,0.0
2311695,0.384513473054,0.0257049496898,0.0
2317160,0.385422488357,0.0258587818325,0.0
2322625,0.386331503659,0.0254080757708,0.0
2328090,0.387240518962,0.025801057126,0.0
2333555,0.388149534265,0.0256433458947,0.0
2339020,0.389058549568,0.0256255540987,0.0
2344485,0.38996756487,0.025573960688,0.0
2349950,0.390876580173,0.025769044049,0.0
2355415,0.391785595476,0.02554884413,0.0
2360880,0.392694610778,0.0256060954071,0.0
2366345,0.393603626081,0.0256647651821,0.0
2371810,0.394512641384,0.0256728777592,0.0
2377275,0.395421656687,0.025663100915,0.0
2382740,0.396330671989,0.025679422919,0.0
2388205,0.397239687292,0.0256310760674,0.0
2393670,0.398148702595,0.0255922168191,0.0
2399135,0.399057717898,0.0257167787642,0.0
2404600,0.3999667332,0.025585236295,0.0
2410065,0.400875748503,0.0256049879075,0.0
2415530,0.401784763806,0.0254975119774,0.0
2420995,0.402693779108,0.0256477579693,0.0
2426460,0.403602794411,0.0254666437921,0.0
2431925,0.404511809714,0.0255003698089,0.0
2437390,0.405420825017,0.0254961619118,0.0
2442855,0.406329840319,0.0256030219527,0.0
2448320,0.407238855622,0.0258223927138,0.0
2453785,0.408147870925,0.0257623861651,0.0
2459250,0.409056886228,0.0253909571157,0.0
2464715,0.40996590153,0.02573065656,0.0
2470180,0.410874916833,0.0257145237717,0.0
2475645,0.411783932136,0.0256079241531,0.0
2481110,0.412692947438,0.0255373332871,0.0
2486575,0.413601962741,0.0256685174615,0.0
2492040,0.414510978044,0.0255527236571,0.0
2497505,0.415419993347,0.0256428160132,0.0
2502970,0.416329008649,0.0259016590937,0.0
2508435,0.417238023952,0.025679223668,0.0
2513900,0.418147039255,0.02561069867,0.0
2519365,0.419056054558,0.0258769400321,0.0
2524830,0.41996506986,0.0256315586896,0.0
2530295,0.420874085163,0.0256919607881,0.0
2535760,0.421783100466,0.0257168053344,0.0
2541225,0.422692115768,0.0256252857314,0.0
2546690,0.423601131071,0.0256853900807,0.0
2552155,0.424510146374,0.0256387285807,0.0
2557620,0.425419161677,0.0257462167519,0.0
2563085,0.426328176979,0.0255575928592,0.0
2568550,0.427237192282,0.0257407138159,0.0
2574015,0.428146207585,0.0254331905845,0.0
2579480,0.429055222888,0.0256990692813,0.0
2584945,0.42996423819,0.0254619923716,0.0
2590410,0.430873253493,0.0256480660447,0.0
2595875,0.431782268796,0.0253983432909,0.0
2601340,0.432691284098,0.0255901375448,0.0
2606805,0.433600299401,0.0255934018389,0.0
2612270,0.434509314704,0.0255314894069,0.0
2617735,0.435418330007,0.0254865545883,0.0
2623200,0.436327345309,0.0255363123758,0.0
2628665,0.437236360612,0.0254590916443,0.0
2634130,0.438145375915,0.0255267691943,0.0
2639595,0.439054391218,0.0256507443914,0.0
2645060,0.43996340652,0.0255843745657,0.0
2650525,0.440872421823,0.0256146381065,0.0
2655990,0.441781437126,0.0255843334521,0.0
2661455,0.442690452428,0.0255782872681,0.0
2666920,0.443599467731,0.0255738134502,0.0
2672385,0.444508483034,0.0257247726642,0.0
2677850,0.445417498337,0.025767434539,0.0
2683315,0.446326513639,0.0257122889538,0.0
2688780,0.447235528942,0.0257728259919,0.0
2694245,0.448144544245,0.0257287922137,0.0
2699710,0.449053559548,0.0255045654766,0.0
2705175,0.44996257485,0.0258622277795,0.0
2710640,0.450871590153,0.0257728682456,0.0
2716105,0.451780605456,0.025764513728,0.0
2721570,0.452689620758,0.0257437210871,0.0
2727035,0.453598636061,0.0258567950264,0.0
2732500,0.454507651364,0.0254094572513,0.0
2737965,0.455416666667,0.0257271317829,0.0
2743430,0.456325681969,0.0257105025572,0.0
2748895,0.457234697272,0.0256552204272,0.0
2754360,0.458143712575,0.0256930649944,0.0
2759825,0.459052727878,0.0256918474262,0.0
2765290,0.45996174318,0.0254944264739,0.0
2770755,0.460870758483,0.0256307102425,0.0
2776220,0.461779773786,0.0257885004842,0.0
2781685,0.462688789088,0.0257363766072,0.0
2787150,0.463597804391,0.0256357857851,0.0
2792615,0.464506819694,0.0256774876028,0.0
2798080,0.465415834997,0.0256054952296,0.0
2803545,0.466324850299,0.0255984579408,0.0
2809010,0.467233865602,0.0257802174256,0.0
2814475,0.468142880905,0.0257001602664,0.0
2819940,0.469051896208,0.0256869986529,0.0
2825405,0.46996091151,0.0257066925801,0.0
2830870,0.470869926813,0.0257216209774,0.0
2836335,0.471778942116,0.0255022604009,0.0
2841800,0.472687957418,0.0257300824908,0.0
2847265,0.473596972721,0.0256317259244,0.0
2852730,0.474505988024,0.0257089266451,0.0
2858195,0.475415003327,0.0256712500779,0.0
2863660,0.476324018629,0.0257777545499,0.0
2869125,0.477233033932,0.0254054138172,0.0
2874590,0.478142049235,0.0256709366252,0.0
2880055,0.479051064538,0.0256586159672,0.0
2885520,0.47996007984,0.0256654148982,0.0
2890985,0.480869095143,0.0256364688299,0.0
2896450,0.481778110446,0.0257525127557,0.0
2901915,0.482687125749,0.0255214836855,0.0
2907380,0.483596141051,0.0256559765688,0.0
2912845,0.484505156354,0.0257446104102,0.0
2918310,0.485414171657,0.0257157900268,0.0
2923775,0.486323186959,0.025721820131,0.0
2929240,0.487232202262,0.0258552495811,0.0
2934705,0.488141217565,0.0257083748402,0.0
2940170,0.489050232868,0.0256670678137,0.0
2945635,0.48995924817,0.0258769627786,0.0
2951100,0.490868263473,0.0257148991387,0.0
2956565,0.491777278776,0.0256971893336,0.0
2962030,0.492686294079,0.0256769467469,0.0
2967495,0.493595309381,0.0256780430822,0.0
2972960,0.494504324684,0.0254824912212,0.0
2978425,0.495413339987,0.0257089519297,0.0
2983890,0.496322355289,0.0256358587947,0.0
2989355,0.497231370592,0.0255753749127,0.0
2994820,0.498140385895,0.0256581789889,0.0
3000285,0.499049401198,0.0257202799241,0.0
3005750,0.4999584165,0.0254037372248,0.0
3011215,0.500867431803,0.0257303072921,0.0
3016680,0.501776447106,0.0257124713335,0.0
3022145,0.502685462409,0.0256663406022,0.0
3027610,0.503594477711,0.025620053894,0.0
3033075,0.504503493014,0.0256794335363,0.0
3038540,0.505412508317,0.025537222566,0.0
3044005,0.506321523619,0.0256788573093,0.0
3049470,0.507230538922,0.0257601723034,0.0
3054935,0.508139554225,0.0257365363439,0.0
3060400,0.509048569528,0.0257595214678,0.0
3065865,0.50995758483,0.0258071131275,0.0
3071330,0.510866600133,0.025712996617,0.0
3076795,0.511775615436,0.0256473407952,0.0
3082260,0.512684630739,0.0258438826073,0.0
3087725,0.513593646041,0.0257995770328,0.0
3093190,0.514502661344,0.0257695540062,0.0
3098655,0.515411676647,0.0257098866293,0.0
3104120,0.516320691949,0.0257334610401,0.0
3109585,0.517229707252,0.0254990933871,0.0
3115050,0.518138722555,0.025761926809,0.0
3120515,0.519047737858,0.0256158762678,0.0
3125980,0.51995675316,0.0256457821268,0.0
3131445,0.520865768463,0.0256056297011,0.0
3136910,0.521774783766,0.0257333410378,0.0
3142375,0.522683799069,0.0254044743527,0.0
3147840,0.523592814371,0.0257198238354,0.0
3153305,0.524501829674,0.0256323832234,0.0
3158770,0.525410844977,0.0256241385235,0.0
3164235,0.526319860279,0.0256664742283,0.0
3169700,0.527228875582,0.0257847101627,0.0
3175165,0.528137890885,0.0255153076954,0.0
3180630,0.529046906188,0.0256261749094,0.0
3186095,0.52995592149,0.025675439744,0.0
3191560,0.530864936793,0.0256437768924,0.0
3197025,0.531773952096,0.0256524953113,0.0
3202490,0.532682967399,0.025702883075,0.0
3207955,0.533591982701,0.0256252841515,0.0
3213420,0.534500998004,0.025650513841,0.0
3218885,0.535410013307,0.0257988165648,0.0
3224350,0.536319028609,0.0257226143133,0.0
3229815,0.537228043912,0.0256779554997,0.0
3235280,0.538137059215,0.0256581820451,0.0
3240745,0.539046074518,0.0257081325127,0.0
3246210,0.53995508982,0.02549755185,0.0
3251675,0.540864105123,0.0257895733161,0.0
3257140,0.541773120426,0.0256392067211,0.0
3262605,0.542682135729,0.0257476814187,0.0
3268070,0.543591151031,0.0256475319833,0.0
3273535,0.544500166334,0.0257387838173,0.0
3279000,0.545409181637,0.0254097983813,0.0
3284465,0.546318196939,0.0257063847777,0.0
3289930,0.547227212242,0.025675474794,0.0
3295395,0.548136227545,0.0256595164923,0.0
3300860,0.549045242848,0.0256829531851,0.0
3306325,0.54995425815,0.0257915720139,0.0
3311790,0.550863273453,0.0255569352408,0.0
3317255,0.551772288756,0.0256807231635,0.0
3322720,0.552681304059,0.025742596171,0.0
3328185,0.553590319361,0.0256454507802,0.0
3333650,0.554499334664,0.025647419998,0.0
3339115,0.555408349967,0.0257047276485,0.0
3344580,0.556317365269,0.0255948841625,0.0
3350045,0.557226380572,0.0255380901017,0.0
3355510,0.558135395875,0.0256145477964,0.0
3360975,0.559044411178,0.0256139593435,0.0
3366440,0.55995342648,0.0256711072877,0.0
3371905,0.560862441783,0.025692193603,0.0
3377370,0.561771457086,0.0256926507598,0.0
3382835,0.562680472389,0.0254757535402,0.0
3388300,0.563589487691,0.025710237779,0.0
3393765,0.564498502994,0.0255826643699,0.0
3399230,0.565407518297,0.0257051148683,0.0
3404695,0.566316533599,0.0255912296476,0.0
3410160,0.567225548902,0.0257692231548,0.0
3415625,0.568134564205,0.0254059611505,0.0
3421090,0.569043579508,0.0256811033774,0.0
3426555,0.56995259481,0.0256358031048,0.0
3432020,0.570861610113,0.0256076845152,0.0
3437485,0.571770625416,0.0256361053626,0.0
3442950,0.572679640719,0.0256601706808,0.0
3448415,0.573588656021,0.0255007161067,0.0
3453880,0.574497671324,0.025612848756,0.0
3459345,0.575406686627,0.025621674504,0.0
3464810,0.576315701929,0.0256932468025,0.0
3470275,0.577224717232,0.0256144402256,0.0
3475740,0.578133732535,0.0254861465843,0.0
3481205,0.579042747838,0.0254845565138,0.0
3486670,0.57995176314,0.0255241266563,0.0
3492135,0.580860778443,0.0256175701895,0.0
3497600,0.581769793746,0.0257045249323,0.0
3503065,0.582678809049,0.0256216258617,0.0
3508530,0.583587824351,0.0255474132579,0.0
3513995,0.584496839654,0.0255543345475,0.0
3519460,0.585405854957,0.0254401412611,0.0
3524925,0.586314870259,0.0255758654938,0.0
3530390,0.587223885562,0.025477628558,0.0
3535855,0.588132900865,0.0256812058612,0.0
3541320,0.589041916168,0.0256526104037,0.0
3546785,0.58995093147,0.0256983149234,0.0
3552250,0.590859946773,0.0254377958324,0.0
3557715,0.591768962076,0.0258257672048,0.0
3563180,0.592677977379,0.0256726887799,0.0
3568645,0.593586992681,0.0255949378827,0.0
3574110,0.594496007984,0.0256424591727,0.0
3579575,0.595405023287,0.025614932822,0.0
3585040,0.596314038589,0.0254974985527,0.0
3590505,0.597223053892,0.0256974625959,0.0
3595970,0.598132069195,0.02578317923,0.0
3601435,0.599041084498,0.0257647414851,0.0
3606900,0.5999500998,0.0257135057979,0.0
3612365,0.600859115103,0.0257186810933,0.0
3617830,0.601768130406,0.0256276083098,0.0
3623295,0.602677145709,0.0256128574667,0.0
3628760,0.603586161011,0.0257202809329,0.0
3634225,0.604495176314,0.0256252696839,0.0
3639690,0.605404191617,0.0255864469403,0.0
3645155,0.606313206919,0.0256621052314,0.0
3650620,0.607222222222,0.0256649230729,0.0
3656085,0.608131237525,0.0254745627102,0.0
3661550,0.609040252828,0.0257373536313,0.0
3667015,0.60994926813,0.0256844726022,0.0
3672480,0.610858283433,0.0256330433112,0.0
3677945,0.611767298736,0.0256374570074,0.0
3683410,0.612676314039,0.0257050877383,0.0
3688875,0.613585329341,0.0254159296512,0.0
3694340,0.614494344644,0.0256336406367,0.0
3699805,0.615403359947,0.0255966412337,0.0
3705270,0.61631237525,0.0256531817842,0.0
3710735,0.617221390552,0.0256131684905,0.0
3716200,0.618130405855,0.0256653518128,0.0
3721665,0.619039421158,0.0254800769925,0.0
3727130,0.61994843646,0.0255691369728,0.0
3732595,0.620857451763,0.0256575246648,0.0
3738060,0.621766467066,0.0256602699554,0.0
3743525,0.622675482369,0.0256474936548,0.0
3748990,0.623584497671,0.0256672920705,0.0
3754455,0.624493512974,0.0255675727415,0.0
3759920,0.625402528277,0.0255461577187,0.0
3765385,0.62631154358,0.0256838676375,0.0
3770850,0.627220558882,0.0256532190717,0.0
3776315,0.628129574185,0.0256966988942,0.0
3781780,0.629038589488,0.025704522305,0.0
3787245,0.62994760479,0.0256861598934,0.0
3792710,0.630856620093,0.0254829802483,0.0
3798175,0.631765635396,0.0257424577713,0.0
3803640,0.632674650699,0.0256827557799,0.0
3809105,0.633583666001,0.025698619717,0.0
3814570,0.634492681304,0.025678811237,0.0
3820035,0.635401696607,0.0257400907152,0.0
3825500,0.63631071191,0.0254117713278,0.0
3830965,0.637219727212,0.0256905635051,0.0
3836430,0.638128742515,0.0256413700036,0.0
3841895,0.639037757818,0.0256989669833,0.0
3847360,0.63994677312,0.025678272943,0.0
3852825,0.640855788423,0.0257148104786,0.0
3858290,0.641764803726,0.0255278451535,0.0
3863755,0.642673819029,0.0256503001177,0.0
3869220,0.643582834331,0.0257138738116,0.0
3874685,0.644491849634,0.0257006809729,0.0
3880150,0.645400864937,0.0257077209228,0.0
3885615,0.64630988024,0.0257642504165,0.0
3891080,0.647218895542,0.0256351586225,0.0
3896545,0.648127910845,0.0255911127415,0.0
3902010,0.649036926148,0.0257875040713,0.0
3907475,0.64994594145,0.0257594289035,0.0
3912940,0.650854956753,0.0257347883148,0.0
3918405,0.651763972056,0.0257360477154,0.0
3923870,0.652672987359,0.02565463143,0.0
3929335,0.653582002661,0.025471813015,0.0
3934800,0.654491017964,0.0257345768817,0.0
3940265,0.655400033267,0.0256911018745,0.0
3945730,0.65630904857,0.0256980009222,0.0
3951195,0.657218063872,0.025677012552,0.0
3956660,0.658127079175,0.025702945855,0.0
3962125,0.659036094478,0.0254101501388,0.0
3967590,0.65994510978,0.0257501287203,0.0
3973055,0.660854125083,0.0257487758109,0.0
3978520,0.661763140386,0.0256758934405,0.0
3983985,0.662672155689,0.0256470943825,0.0
3989450,0.663581170991,0.0257119493633,0.0
3994915,0.664490186294,0.0255243091907,0.0
4000380,0.665399201597,0.0256333072376,0.0
4005845,0.6663082169,0.0256908678253,0.0
4011310,0.667217232202,0.0257003873826,0.0
4016775,0.668126247505,0.0256736526403,0.0
4022240,0.669035262808,0.0256987999723,0.0
4027705,0.66994427811,0.0255923089161,0.0
4033170,0.670853293413,0.0255518994943,0.0
4038635,0.671762308716,0.0256588078482,0.0
4044100,0.672671324019,0.025607694858,0.0
4049565,0.673580339321,0.025639958545,0.0
4055030,0.674489354624,0.0256171078548,0.0
4060495,0.675398369927,0.0256502517961,0.0
4065960,0.67630738523,0.0254713268703,0.0
4071425,0.677216400532,0.0257540183303,0.0
4076890,0.678125415835,0.025584819629,0.0
4082355,0.679034431138,0.0256422539419,0.0
4087820,0.67994344644,0.0255448814794,0.0
4093285,0.680852461743,0.0256042343095,0.0
4098750,0.681761477046,0.0254070544876,0.0
4104215,0.682670492349,0.0256503998194,0.0
4109680,0.683579507651,0.0255785518747,0.0
4115145,0.684488522954,0.0256408974132,0.0
4120610,0.685397538257,0.0256118891464,0.0
4126075,0.68630655356,0.0256642069474,0.0
4131540,0.687215568862,0.0255053818903,0.0
4137005,0.688124584165,0.0256246351851,0.0
4142470,0.689033599468,0.0256855870448,0.0
4147935,0.68994261477,0.025687834255,0.0
4153400,0.690851630073,0.0257036341427,0.0
4158865,0.691760645376,0.0257656755044,0.0
4164330,0.692669660679,0.0256815267913,0.0
4169795,0.693578675981,0.0256138194233,0.0
4175260,0.694487691284,0.0258301226404,0.0
4180725,0.695396706587,0.0257524213365,0.0
4186190,0.69630572189,0.0257705599019,0.0
4191655,0.697214737192,0.0257560225547,0.0
4197120,0.698123752495,0.0257679878041,0.0
4202585,0.699032767798,0.0255013003042,0.0
4208050,0.6999417831,0.0257786686898,0.0
4213515,0.700850798403,0.0256872728036,0.0
4218980,0.701759813706,0.0257345603088,0.0
4224445,0.702668829009,0.0256772779959,0.0
4229910,0.703577844311,0.0257209604848,0.0
4235375,0.704486859614,0.0254155816434,0.0
4240840,0.705395874917,0.0257282871154,0.0
4246305,0.70630489022,0.0256696461722,0.0
4251770,0.707213905522,0.0257756460351,0.0
4257235,0.708122920825,0.0256981906333,0.0
4262700,0.709031936128,0.0257706790389,0.0
4268165,0.70994095143,0.0255754058136,0.0
4273630,0.710849966733,0.0257081380463,0.0
4279095,0.711758982036,0.0258080576667,0.0
4284560,0.712667997339,0.0257281344333,0.0
4290025,0.713577012641,0.0256964920272,0.0
4295490,0.714486027944,0.0257653377436,0.0
4300955,0.715395043247,0.0256993371485,0.0
4306420,0.71630405855,0.0256572442764,0.0
4311885,0.717213073852,0.0258815915485,0.0
4317350,0.718122089155,0.0257921148489,0.0
4322815,0.719031104458,0.0258041121785,0.0
4328280,0.71994011976,0.0258521767723,0.0
4333745,0.720849135063,0.025815550999,0.0
4339210,0.721758150366,0.0255240134451,0.0
4344675,0.722667165669,0.0257948470966,0.0
4350140,0.723576180971,0.025649900939,0.0
4355605,0.724485196274,0.0257068070772,0.0
4361070,0.725394211577,0.025621676671,0.0
4366535,0.72630322688,0.0257627116151,0.0
4372000,0.727212242182,0.0254079319577,0.0
4377465,0.728121257485,0.0256260283199,0.0
4382930,0.729030272788,0.0256386203665,0.0
4388395,0.72993928809,0.0257219105901,0.0
4393860,0.730848303393,0.0256579153049,0.0
4399325,0.731757318696,0.0256140158875,0.0
4404790,0.732666333999,0.0255012075885,0.0
4410255,0.733575349301,0.0256146413472,0.0
4415720,0.734484364604,0.0256921352397,0.0
4421185,0.735393379907,0.0256160016974,0.0
4426650,0.73630239521,0.0256038208554,0.0
4432115,0.737211410512,0.0256779986901,0.0
4437580,0.738120425815,0.0256116354889,0.0
4443045,0.739029441118,0.025573197202,0.0
4448510,0.73993845642,0.0256918042357,0.0
4453975,0.740847471723,0.0256478735049,0.0
4459440,0.741756487026,0.0256481978218,0.0
4464905,0.742665502329,0.0256991549062,0.0
4470370,0.743574517631,0.0256937391247,0.0
4475835,0.744483532934,0.0254750439088,0.0
4481300,0.745392548237,0.0257423381877,0.0
4486765,0.74630156354,0.0256200301025,0.0
4492230,0.747210578842,0.025636391871,0.0
4497695,0.748119594145,0.0256424122675,0.0
4503160,0.749028609448,0.0256978558279,0.0
4508625,0.74993762475,0.0254102696976,0.0
4514090,0.750846640053,0.0256500615543,0.0
4519555,0.751755655356,0.025670031516,0.0
4525020,0.752664670659,0.0256605527339,0.0
4530485,0.753573685961,0.0256778191481,0.0
4535950,0.754482701264,0.0257211894172,0.0
4541415,0.755391716567,0.0254987974824,0.0
4546880,0.75630073187,0.0255444109144,0.0
4552345,0.757209747172,0.02572233272,0.0
4557810,0.758118762475,0.0256201844563,0.0
4563275,0.759027777778,0.0256193144967,0.0
4568740,0.759936793081,0.025683852921,0.0
4574205,0.760845808383,0.0255795868484,0.0
4579670,0.761754823686,0.0255682537523,0.0
4585135,0.762663838989,0.0257276513663,0.0
4590600,0.763572854291,0.0256681195695,0.0
4596065,0.764481869594,0.0256982984234,0.0
4601530,0.765390884897,0.0256899016934,0.0
4606995,0.7662999002,0.0257411045681,0.0
4612460,0.767208915502,0.0254819092048,0.0
4617925,0.768117930805,0.0257644800044,0.0
4623390,0.769026946108,0.0256616698225,0.0
4628855,0.769935961411,0.025620792887,0.0
4634320,0.770844976713,0.0255739690193,0.0
4639785,0.771753992016,0.0257019204255,0.0
4645250,0.772663007319,0.025420680867,0.0
4650715,0.773572022621,0.0257180505682,0.0
4656180,0.774481037924,0.0256156181318,0.0
4661645,0.775390053227,0.0256899145911,0.0
4667110,0.77629906853,0.0256404959399,0.0
4672575,0.777208083832,0.0256698875542,0.0
4678040,0.778117099135,0.0254971119807,0.0
4683505,0.779026114438,0.025586708224,0.0
4688970,0.779935129741,0.0256298165392,0.0
4694435,0.780844145043,0.0256768235601,0.0
4699900,0.781753160346,0.0256755981413,0.0
4705365,0.782662175649,0.0257035104806,0.0
4710830,0.783571190951,0.0256395521833,0.0
4716295,0.784480206254,0.0255782447937,0.0
4721760,0.785389221557,0.0257445926752,0.0
4727225,0.78629823686,0.0257004278709,0.0
4732690,0.787207252162,0.0257180457139,0.0
4738155,0.788116267465,0.0256799503789,0.0
4743620,0.789025282768,0.0256907546487,0.0
4749085,0.789934298071,0.0254721803062,0.0
4754550,0.790843313373,0.0257349841043,0.0
4760015,0.791752328676,0.0256327207575,0.0
4765480,0.792661343979,0.0256625482881,0.0
4770945,0.793570359281,0.0255904881556,0.0
4776410,0.794479374584,0.0256670054508,0.0
4781875,0.795388389887,0.0254100178461,0.0
4787340,0.79629740519,0.025670845185,0.0
4792805,0.797206420492,0.0256029060625,0.0
4798270,0.798115435795,0.0256733195255,0.0
4803735,0.799024451098,0.0256164023479,0.0
4809200,0.799933466401,0.0257109462294,0.0
4814665,0.800842481703,0.0255369476565,0.0
4820130,0.801751497006,0.0256599836058,0.0
4825595,0.802660512309,0.0256921803575,0.0
4831060,0.803569527611,0.0256684740693,0.0
4836525,0.804478542914,0.0256811076178,0.0
4841990,0.805387558217,0.0257307443102,0.0
4847455,0.80629657352,0.0256471820746,0.0
4852920,0.807205588822,0.0255924173153,0.0
4858385,0.808114604125,0.0257189409791,0.0
4863850,0.809023619428,0.0256631236653,0.0
4869315,0.809932634731,0.025640931646,0.0
4874780,0.810841650033,0.0256450566739,0.0
4880245,0.811750665336,0.0256211528699,0.0
4885710,0.812659680639,0.0254475842362,0.0
4891175,0.813568695941,0.0256668096287,0.0
4896640,0.814477711244,0.0256320445463,0.0
4902105,0.815386726547,0.0256505547089,0.0
4907570,0.81629574185,0.0256582721455,0.0
4913035,0.817204757152,0.0256967837507,0.0
4918500,0.818113772455,0.0254154502634,0.0
4923965,0.819022787758,0.0256701021727,0.0
4929430,0.819931803061,0.0256663326223,0.0
4934895,0.820840818363,0.0256468630577,0.0
4940360,0.821749833666,0.025650451416,0.0
4945825,0.822658848969,0.0256803773292,0.0
4951290,0.823567864271,0.0255131495425,0.0
4956755,0.824476879574,0.0256395172476,0.0
4962220,0.825385894877,0.0257159281282,0.0
4967685,0.82629491018,0.0256723430308,0.0
4973150,0.827203925482,0.0256453310135,0.0
4978615,0.828112940785,0.025671516558,0.0
4984080,0.829021956088,0.0255884893913,0.0
4989545,0.829930971391,0.025558255699,0.0
4995010,0.830839986693,0.0257033285502,0.0
5000475,0.831749001996,0.0256479408542,0.0
5005940,0.832658017299,0.02566105805,0.0
5011405,0.833567032601,0.0256450456518,0.0
5016870,0.834476047904,0.0256633688036,0.0
5022335,0.835385063207,0.0254637041925,0.0
5027800,0.83629407851,0.0257055865169,0.0
5033265,0.837203093812,0.0256061191666,0.0
5038730,0.838112109115,0.0256664541173,0.0
5044195,0.839021124418,0.0256139111638,0.0
5049660,0.839930139721,0.0258016544373,0.0
5055125,0.840839155023,0.0254307875361,0.0
5060590,0.841748170326,0.0257126797447,0.0
5066055,0.842657185629,0.0256235235132,0.0
5071520,0.843566200931,0.0256620848189,0.0
5076985,0.844475216234,0.025625444618,0.0
5082450,0.845384231537,0.0257234617751,0.0
5087915,0.84629324684,0.02553999963,0.0
5093380,0.847202262142,0.0256369760768,0.0
5098845,0.848111277445,0.0256868511512,0.0
5104310,0.849020292748,0.0256634976326,0.0
5109775,0.849929308051,0.0256560570996,0.0
5115240,0.850838323353,0.0257198650524,0.0
5120705,0.851747338656,0.0256404437665,0.0
5126170,0.852656353959,0.0255920991521,0.0
5131635,0.853565369261,0.0257840320362,0.0
5137100,0.854474384564,0.0257246220952,0.0
5142565,0.855383399867,0.0257675625103,0.0
5148030,0.85629241517,0.0257499756762,0.0
5153495,0.857201430472,0.025744169101,0.0
5158960,0.858110445775,0.0254846189323,0.0
5164425,0.859019461078,0.0257716570021,0.0
5169890,0.859928476381,0.025672716571,0.0
5175355,0.860837491683,0.0257424099753,0.0
5180820,0.861746506986,0.0256304580368,0.0
5186285,0.862655522289,0.0257639590823,0.0
5191750,0.863564537591,0.0254221695143,0.0
5197215,0.864473552894,0.0257026068269,0.0
5202680,0.865382568197,0.0257006267465,0.0
5208145,0.8662915835,0.0256851505386,0.0
5213610,0.867200598802,0.0257382355849,0.0
5219075,0.868109614105,0.0257882234573,0.0
5224540,0.869018629408,0.0255659727469,0.0
5230005,0.869927644711,0.0256900223481,0.0
5235470,0.870836660013,0.0257673206657,0.0
5240935,0.871745675316,0.0257432922194,0.0
5246400,0.872654690619,0.0257241080539,0.0
5251865,0.873563705921,0.0257498427608,0.0
5257330,0.874472721224,0.0256073729014,0.0
5262795,0.875381736527,0.0255653573445,0.0
5268260,0.87629075183,0.0257271202753,0.0
5273725,0.877199767132,0.0256995379862,0.0
5279190,0.878108782435,0.0257044369481,0.0
5284655,0.879017797738,0.0257374915712,0.0
5290120,0.879926813041,0.0257016301752,0.0
5295585,0.880835828343,0.0254664786246,0.0
5301050,0.881744843646,0.0257237670011,0.0
5306515,0.882653858949,0.0256068457718,0.0
5311980,0.883562874251,0.0256171876506,0.0
5317445,0.884471889554,0.025566472792,0.0
5322910,0.885380904857,0.0257183910329,0.0
5328375,0.88628992016,0.0254134989137,0.0
5333840,0.887198935462,0.0255951469058,0.0
5339305,0.888107950765,0.0255718438448,0.0
5344770,0.889016966068,0.0255916427233,0.0
5350235,0.889925981371,0.0255798191424,0.0
5355700,0.890834996673,0.0256391414378,0.0
5361165,0.891744011976,0.025525242579,0.0
5366630,0.892653027279,0.0256694065808,0.0
5372095,0.893562042582,0.0257123775901,0.0
5377560,0.894471057884,0.0257491952962,0.0
5383025,0.895380073187,0.0257954705585,0.0
5388490,0.89628908849,0.0257769642665,0.0
5393955,0.897198103792,0.0256558916715,0.0
5399420,0.898107119095,0.0256002503301,0.0
5404885,0.899016134398,0.0257711707147,0.0
5410350,0.899925149701,0.0256967674222,0.0
5415815,0.900834165003,0.0257638825559,0.0
5421280,0.901743180306,0.0257094573512,0.0
5426745,0.902652195609,0.0257461695099,0.0
5432210,0.903561210912,0.0254686351275,0.0
5437675,0.904470226214,0.0257646838001,0.0
5443140,0.905379241517,0.0256685227329,0.0
5448605,0.90628825682,0.0257900469379,0.0
5454070,0.907197272122,0.025660339352,0.0
5459535,0.908106287425,0.0258024687303,0.0
5465000,0.909015302728,0.0254405378679,0.0
5465455,0.909090984697,0.0253794492913,0.0
