60,9.98003992016e-06,0.0,0.0
120,1.99600798403e-05,0.000491130439906,0.000969880961459
180,2.99401197605e-05,0.028003128805,0.0525760341932
240,3.99201596806e-05,0.0834083802293,0.153508994113
300,4.99001996008e-05,0.133708910503,0.240096483309
360,5.9880239521e-05,0.19688723169,0.325000018889
420,6.98602794411e-05,0.286637502985,0.43118625321
480,7.98403193613e-05,0.403838398018,0.566653387665
540,8.98203592814e-05,0.530273379825,0.718694634387
600,9.98003992016e-05,0.655333925919,0.871159520615
660,0.000109780439122,0.764120636052,1.0064111303
720,0.000119760479042,0.847907210489,1.10592124303
780,0.000129740518962,0.927128534775,1.19827140111
840,0.000139720558882,1.00606164854,1.28827392333
900,0.000149700598802,1.08159471033,1.37912915861
960,0.000159680638723,1.16394028243,1.48181324212
1020,0.000169660678643,1.23962641803,1.57807822492
1080,0.000179640718563,1.3241585614,1.68924558862
1140,0.000189620758483,1.43008804928,1.8342376726
1200,0.000199600798403,1.60650032299,2.04431578184
1260,0.000209580838323,1.84023389688,2.35651661229
1320,0.000219560878244,1.90865871032,2.42728172545
1380,0.000229540918164,1.95955993747,2.45210895885
1440,0.000239520958084,2.00351791897,2.46241523333
1500,0.000249500998004,2.04197762108,2.4734411206
1560,0.000259481037924,2.06592567546,2.48277636442
1620,0.000269461077844,2.07573941887,2.47691174518
1680,0.000279441117764,2.07765724514,2.46636583838
1740,0.000289421157685,2.07092957513,2.45088126253
1800,0.000299401197605,2.05680472838,2.42843514889
1860,0.000309381237525,2.03969144467,2.39691285857
1920,0.000319361277445,2.01950010024,2.36062430742
1980,0.000329341317365,2.00252219399,2.31898209688
2040,0.000339321357285,1.98296146501,2.27373156338
2100,0.000349301397206,1.96750540458,2.22767694875
2160,0.000359281437126,1.95097973399,2.18266411313
2220,0.000369261477046,1.94213298881,2.14894221753
2280,0.000379241516966,1.94358275821,2.13451847563
2340,0.000389221556886,1.9475068536,2.12169322721
2400,0.000399201596806,1.94904317361,2.10485692393
2460,0.000409181636727,1.94929251165,2.08708780215
2520,0.000419161676647,1.94177688796,2.0700896186
2580,0.000429141716567,1.93395178941,2.05370392156
2640,0.000439121756487,1.92476043362,2.04026226403
2700,0.000449101796407,1.92734152283,2.03480689317
2760,0.000459081836327,1.9403043704,2.03381334525
2820,0.000469061876248,1.97177803593,2.04447583286
2880,0.000479041916168,2.00931640375,2.05328427885
2940,0.000489021956088,2.0474802255,2.07152021429
3000,0.000499001996008,2.07320111924,2.08771916044
3060,0.000508982035928,2.09877164322,2.10780043369
3120,0.000518962075848,2.12941532606,2.13082871367
3180,0.000528942115768,2.16345521151,2.15795264483
3240,0.000538922155689,2.19088704401,2.18119677042
3300,0.000548902195609,2.216456369,2.20104155779
3360,0.000558882235529,2.25438954034,2.22521431729
3420,0.000568862275449,2.29495849327,2.24646793943
3480,0.000578842315369,2.33979852007,2.29366215773
3540,0.000588822355289,2.3642569013,2.31387064399
3600,0.00059880239521,2.34703998757,2.2819831153
3660,0.00060878243513,2.33314245301,2.27176318618
3720,0.00061876247505,2.32170146191,2.27581127573
3780,0.00062874251497,2.3250100478,2.28915888007
3840,0.00063872255489,2.3670731987,2.30978898305
3900,0.00064870259481,2.43315357133,2.36645127923
3960,0.000658682634731,2.46931810467,2.38657101581
4020,0.000668662674651,2.49461788365,2.38959951679
4080,0.000678642714571,2.52914677191,2.4017957583
4140,0.000688622754491,2.58261121796,2.42596035642
4200,0.000698602794411,2.64801781131,2.45074859334
4260,0.000708582834331,2.70744362575,2.48421061316
4320,0.000718562874251,2.76386606264,2.55041179468
4380,0.000728542914172,2.79093598069,2.57529083999
4440,0.000738522954092,2.82288429522,2.59375404246
4500,0.000748502994012,2.85380548477,2.60672072946
4560,0.000758483033932,2.90600416501,2.61489365769
4620,0.000768463073852,2.98025741923,2.61873997528
4680,0.000778443113772,3.05507809318,2.69787626588
4740,0.000788423153693,3.13660043619,2.75700368124
4800,0.000798403193613,3.21871459716,2.80152878539
4860,0.000808383233533,3.32015830511,2.89717379246
4920,0.000818363273453,3.41900722783,2.99917233905
4980,0.000828343313373,3.46495966369,3.10547132712
5040,0.000838323353293,3.46291084028,3.1098324275
5100,0.000848303393214,3.44904812219,3.10646152584
5160,0.000858283433134,3.43950983719,3.09126947251
5220,0.000868263473054,3.43943917339,3.08253449033
5280,0.000878243512974,3.45593891139,3.09036170805
5340,0.000888223552894,3.45642308817,3.06400189797
5400,0.000898203592814,3.44321877049,3.01946820411
5460,0.000908183632735,3.42465316361,2.97191317219
5520,0.000918163672655,3.40396226094,2.93012653688
5580,0.000928143712575,3.37902182238,2.88051100574
5640,0.000938123752495,3.34846944523,2.8215522266
5700,0.000948103792415,3.3287101666,2.76632788143
5760,0.000958083832335,3.32390788285,2.72908108855
5820,0.000968063872255,3.35247306606,2.72715074672
5880,0.000978043912176,3.37894628011,2.72224509676
5940,0.000988023952096,3.42230954353,2.75015454936
6000,0.000998003992016,3.45057170526,2.77806483376
6060,0.00100798403194,3.50519335044,2.8431123047
6120,0.00101796407186,3.55635630129,2.89540668137
6180,0.00102794411178,3.60127430234,2.93948936164
6240,0.0010379241517,3.63162711812,2.9937365074
6300,0.00104790419162,3.67934883552,3.08143010666
6360,0.00105788423154,3.73170217693,3.17806254381
6420,0.00106786427146,3.77756747651,3.26582139116
6480,0.00107784431138,3.77676830873,3.27632791011
6540,0.0010878243513,3.77904814298,3.27237268137
6600,0.00109780439122,3.76467925115,3.28017483914
6660,0.00110778443114,3.74160047696,3.27256286358
6720,0.00111776447106,3.72805382813,3.2736039196
6780,0.00112774451098,3.70165387821,3.25860169699
6840,0.0011377245509,3.69288874086,3.25983179307
6900,0.00114770459082,3.67975816104,3.24966792649
6960,0.00115768463074,3.6650309584,3.21459258097
7020,0.00116766467066,3.69318184023,3.20177019137
7080,0.00117764471058,3.73839954369,3.17750427372
7140,0.0011876247505,3.80595917536,3.20484995992
7200,0.00119760479042,3.89861890255,3.28875993718
7260,0.00120758483034,3.91134571194,3.27966124172
7320,0.00121756487026,3.87662530473,3.20813034142
7380,0.00122754491018,3.80741877658,3.11234751441
7440,0.0012375249501,3.78478963149,3.11063560378
7500,0.00124750499002,3.78374944733,3.12358212808
7560,0.00125748502994,3.80023237069,3.14992929371
7620,0.00126746506986,3.78844788534,3.16986602559
7680,0.00127744510978,3.80272729925,3.22870843373
7740,0.0012874251497,3.7650205458,3.25758734805
7800,0.00129740518962,3.71839643431,3.25997561449
7860,0.00130738522954,3.64682940764,3.21986227574
7920,0.00131736526946,3.59987440861,3.17738962462
7980,0.00132734530938,3.56972133983,3.15321838267
8040,0.0013373253493,3.56407261442,3.15594653371
8100,0.00134730538922,3.59228160047,3.20534100774
8160,0.00135728542914,3.62628436916,3.26781313132
8220,0.00136726546906,3.62554630493,3.28474184408
8280,0.00137724550898,3.62561501556,3.29791877754
8340,0.0013872255489,3.61985921141,3.29328912773
8400,0.00139720558882,3.61426203899,3.28785562004
8460,0.00140718562874,3.59972049954,3.27010900837
8520,0.00141716566866,3.61253946251,3.2932895561
8580,0.00142714570858,3.63686269237,3.3139389613
8640,0.0014371257485,3.63784554415,3.31505175515
8700,0.00144710578842,3.6795714863,3.34390532893
8760,0.00145708582834,3.74131199753,3.40096110796
8820,0.00146706586826,3.73583220539,3.39992136224
8880,0.00147704590818,3.75730051157,3.41696749176
8940,0.0014870259481,3.70931139925,3.365583145
9000,0.00149700598802,3.63944148074,3.27832690143
9060,0.00150698602794,3.57332258858,3.19480384715
9120,0.00151696606786,3.51483058031,3.11118206026
9180,0.00152694610778,3.46242209559,3.04093496754
9240,0.0015369261477,3.41634629791,3.00820419423
9300,0.00154690618762,3.39483806468,2.99944881523
9360,0.00155688622754,3.38164691351,3.01185644789
9420,0.00156686626747,3.37109460181,3.03629205377
9480,0.00157684630739,3.37189491879,3.06924561242
9540,0.00158682634731,3.37673201897,3.09720618014
9600,0.00159680638723,3.39277216338,3.12652081686
9660,0.00160678642715,3.42398767881,3.16630937119
9720,0.00161676646707,3.44882415927,3.20277292986
9780,0.00162674650699,3.47236253305,3.23873755966
9840,0.00163672654691,3.50252829729,3.26915792364
9900,0.00164670658683,3.56413374106,3.31453258774
9960,0.00165668662675,3.60079960229,3.35044778302
10020,0.00166666666667,3.57791501596,3.3160201276
10080,0.00167664670659,3.57431702862,3.29673794463
10140,0.00168662674651,3.57449118543,3.2871000651
10200,0.00169660678643,3.58006008957,3.28113673562
10260,0.00170658682635,3.58738012441,3.27846532316
10320,0.00171656686627,3.61958635406,3.3175370901
10380,0.00172654690619,3.67198720893,3.36982542858
10440,0.00173652694611,3.67391382812,3.35898955511
10500,0.00174650698603,3.68434608212,3.34252066015
10560,0.00175648702595,3.71259556196,3.30678162075
10620,0.00176646706587,3.75519377841,3.26143658476
10680,0.00177644710579,3.78950614378,3.22459170967
10740,0.00178642714571,3.8400777666,3.22953792081
10800,0.00179640718563,3.85359678422,3.19584365359
10860,0.00180638722555,3.89130056027,3.19434600021
10920,0.00181636726547,3.93119153935,3.22626735359
10980,0.00182634730539,3.98523332582,3.29039157032
11040,0.00183632734531,4.01565849544,3.34898515905
11100,0.00184630738523,3.99421638839,3.32585961385
11160,0.00185628742515,3.96337210819,3.31191104155
11220,0.00186626746507,3.92531735069,3.30936866679
11280,0.00187624750499,3.87034494878,3.30342116185
11340,0.00188622754491,3.82962430488,3.30355466048
11400,0.00189620758483,3.78527259089,3.25582223381
11460,0.00190618762475,3.73760706401,3.21109544166
11520,0.00191616766467,3.68852177892,3.16475209958
11580,0.00192614770459,3.64160110613,3.12299579005
11640,0.00193612774451,3.59476764318,3.07919871641
11700,0.00194610778443,3.54603555253,3.02670563295
11760,0.00195608782435,3.49234931339,2.97109037812
11820,0.00196606786427,3.4500761592,2.92922327159
11880,0.00197604790419,3.41616327993,2.89637331141
11940,0.00198602794411,3.3883164188,2.88254834364
12000,0.00199600798403,3.36063962584,2.87308741268
12060,0.00200598802395,3.33785883244,2.86771488755
12120,0.00201596806387,3.31645380216,2.86081234511
12180,0.00202594810379,3.28954244392,2.84726740237
12240,0.00203592814371,3.26243307319,2.83601138282
12300,0.00204590818363,3.23308499044,2.82175098265
12360,0.00205588822355,3.20532486703,2.79922530309
12420,0.00206586826347,3.17293215831,2.7842077361
12480,0.00207584830339,3.14235781875,2.77403088937
12540,0.00208582834331,3.09963489087,2.74389300689
12600,0.00209580838323,3.0503758324,2.70511910856
12660,0.00210578842315,3.00040844535,2.66131606969
12720,0.00211576846307,2.93871458622,2.60530788959
12780,0.00212574850299,2.87229187982,2.54777500034
12840,0.00213572854291,2.82184592988,2.49747965339
12900,0.00214570858283,2.79227726856,2.46321597744
12960,0.00215568862275,2.75414207085,2.43230345532
13020,0.00216566866267,2.70759875094,2.40662688383
13080,0.00217564870259,2.64381532157,2.36417016615
13140,0.00218562874251,2.58060447682,2.33973595858
13200,0.00219560878244,2.5323742805,2.32418885357
13260,0.00220558882236,2.49106472845,2.30959690961
13320,0.00221556886228,2.46610977224,2.30045781127
13380,0.0022255489022,2.44896601105,2.29272342296
13440,0.00223552894212,2.43432043188,2.26736202124
13500,0.00224550898204,2.40337288914,2.24671722943
13560,0.00225548902196,2.3700740121,2.22519222328
13620,0.00226546906188,2.32780706815,2.1886243952
13680,0.0022754491018,2.27992641521,2.15169240123
13740,0.00228542914172,2.24275933329,2.13047457123
13800,0.00229540918164,2.21383747648,2.11439909469
13860,0.00230538922156,2.18562752644,2.09670005796
13920,0.00231536926148,2.16368549398,2.10212763724
13980,0.0023253493014,2.17526171496,2.13636542408
14040,0.00233532934132,2.17794813442,2.15518398925
14100,0.00234530938124,2.19499742997,2.18463427135
14160,0.00235528942116,2.20418456098,2.19947779204
14220,0.00236526946108,2.19315654284,2.18121990681
14280,0.002375249501,2.19431780539,2.16268702411
14340,0.00238522954092,2.22256071788,2.17428946911
14400,0.00239520958084,2.25967663998,2.1992313666
14460,0.00240518962076,2.28488221032,2.23349780334
14520,0.00241516966068,2.30661899238,2.26399058587
14580,0.0024251497006,2.32499500147,2.28970429703
14640,0.00243512974052,2.30635983389,2.26032360754
14700,0.00244510978044,2.3108584241,2.25078843118
14760,0.00245508982036,2.32444326133,2.25959495626
14820,0.00246506986028,2.35002078484,2.30036039221
14880,0.0024750499002,2.37182410538,2.33990450212
14940,0.00248502994012,2.39998690749,2.36967872646
15000,0.00249500998004,2.43371759176,2.40258368517
15060,0.00250499001996,2.50097437153,2.47053246263
15120,0.00251497005988,2.55728870561,2.5283208682
15180,0.0025249500998,2.56923978776,2.54308094348
15240,0.00253493013972,2.57125600357,2.55156986837
15300,0.00254491017964,2.58331387032,2.56463802615
15360,0.00255489021956,2.6374200889,2.6189165787
15420,0.00256487025948,2.68288451002,2.68537735034
15480,0.0025748502994,2.67193064072,2.68358032898
15540,0.00258483033932,2.67458962689,2.69708178408
15600,0.00259481037924,2.69270046204,2.69561478433
15660,0.00260479041916,2.67166857314,2.66748525158
15720,0.00261477045908,2.64433273743,2.63626611602
15780,0.002624750499,2.60907075363,2.59544596432
15840,0.00263473053892,2.57987844148,2.55672950729
15900,0.00264471057884,2.56348554113,2.51236932009
15960,0.00265469061876,2.55972605498,2.46435873598
16020,0.00266467065868,2.55045957273,2.41811818221
16080,0.0026746506986,2.55144916558,2.37268491785
16140,0.00268463073852,2.54876035832,2.32663612672
16200,0.00269461077844,2.54489226561,2.28361917888
16260,0.00270459081836,2.54615642739,2.24298326454
16320,0.00271457085828,2.55409860713,2.2046169403
16380,0.0027245508982,2.55490591678,2.18187497455
16440,0.00273453093812,2.55339809369,2.15522630882
16500,0.00274451097804,2.53732910987,2.12077225978
16560,0.00275449101796,2.51919958523,2.08524542208
16620,0.00276447105788,2.50416050915,2.05170509324
16680,0.0027744510978,2.50001355084,2.02052369569
16740,0.00278443113772,2.48223323037,1.99214895033
16800,0.00279441117764,2.45511670489,1.95479821705
16860,0.00280439121756,2.43525364106,1.92763006342
16920,0.00281437125749,2.41365732265,1.9034442342
16980,0.00282435129741,2.41486229547,1.89266415231
17040,0.00283433133733,2.41698800389,1.88011121104
17100,0.00284431137725,2.46114685656,1.92874290079
17160,0.00285429141717,2.48273463223,1.95799857241
17220,0.00286427145709,2.50840301552,1.99862386356
17280,0.00287425149701,2.53895336073,2.04179555137
17340,0.00288423153693,2.5850312427,2.10360931742
17400,0.00289421157685,2.62098834318,2.15887356022
17460,0.00290419161677,2.64923039433,2.22578934355
17520,0.00291417165669,2.69602717742,2.3061199099
17580,0.00292415169661,2.75383656219,2.39950587803
17640,0.00293413173653,2.81487035197,2.48898526569
17700,0.00294411177645,2.99206511683,2.67364880837
17760,0.00295409181637,3.28657484787,3.0458372799
17820,0.00296407185629,3.44242509392,3.20125355014
17880,0.00297405189621,3.5185741518,3.2710703017
17940,0.00298403193613,3.60854874047,3.34362475948
18000,0.00299401197605,3.68616864472,3.42174853355
18060,0.00300399201597,3.77575989363,3.50912807222
18120,0.00301397205589,3.85732083528,3.59221848152
18180,0.00302395209581,3.856248711,3.60066607716
18240,0.00303393213573,3.85995711907,3.61930125109
18300,0.00304391217565,3.84919552024,3.63266729763
18360,0.00305389221557,3.79261180978,3.56958949333
18420,0.00306387225549,3.77793119959,3.5693809283
18480,0.00307385229541,3.7945289099,3.59654952602
18540,0.00308383233533,3.83055258627,3.62978193281
18600,0.00309381237525,3.90175646388,3.68396992701
18660,0.00310379241517,3.99064873344,3.7550503263
18720,0.00311377245509,4.08286015018,3.83141855456
18780,0.00312375249501,4.12527914965,3.8453844788
18840,0.00313373253493,4.19874392373,3.88564994571
18900,0.00314371257485,4.31496867525,3.96026955146
18960,0.00315369261477,4.47170193741,4.10445528607
19020,0.00316367265469,4.5762966564,4.1994683279
19080,0.00317365269461,4.60757593551,4.21693451648
19140,0.00318363273453,4.63720661224,4.2246916074
19200,0.00319361277445,4.63601247408,4.21048558856
19260,0.00320359281437,4.62404636547,4.19895149534
19320,0.00321357285429,4.62221597893,4.19800651699
19380,0.00322355289421,4.64324043321,4.23793968591
19440,0.00323353293413,4.67004874673,4.29624802527
19500,0.00324351297405,4.75952831345,4.41425244897
19560,0.00325349301397,5.0338598487,4.86967558242
19620,0.00326347305389,5.1616076496,5.10374647404
19680,0.00327345309381,5.19224768836,5.14201184394
19740,0.00328343313373,5.17064577707,5.09271905541
19800,0.00329341317365,5.10408963987,5.00693320929
19860,0.00330339321357,5.00661577953,4.88988595597
19920,0.00331337325349,4.91204352668,4.76564788133
19980,0.00332335329341,4.84173387146,4.6592920437
20040,0.00333333333333,4.76059717844,4.5321408265
20100,0.00334331337325,4.7157933095,4.44994832024
20160,0.00335329341317,4.68284431831,4.38879273978
20220,0.00336327345309,4.64675626342,4.34186203708
20280,0.00337325349301,4.60627218385,4.29322855198
20340,0.00338323353293,4.57783309944,4.24366080109
20400,0.00339321357285,4.53606147206,4.17879181665
20460,0.00340319361277,4.43499128672,4.06342374071
20520,0.00341317365269,4.34391502694,3.9700379974
20580,0.00342315369261,4.25821943051,3.88767656056
20640,0.00343313373253,4.17716518705,3.80739745756
20700,0.00344311377246,4.10468174824,3.7379838093
20760,0.00345309381238,4.03980982819,3.67320832577
20820,0.0034630738523,3.97275352614,3.6148021529
20880,0.00347305389222,3.9097910627,3.58163912068
20940,0.00348303393214,3.86744090444,3.58319805653
21000,0.00349301397206,3.84437062562,3.58979078764
21060,0.00350299401198,3.82567889169,3.58708511889
21120,0.0035129740519,3.86384741049,3.62675177397
21180,0.00352295409182,3.9250194896,3.67642262894
21240,0.00353293413174,3.99875172803,3.7464561369
21300,0.00354291417166,4.08025528092,3.85619497189
21360,0.00355289421158,4.12938378787,3.95283630359
21420,0.0035628742515,4.13590950848,3.99202743974
21480,0.00357285429142,4.13895974398,4.02115109641
21540,0.00358283433134,4.15803871739,4.06169956895
21600,0.00359281437126,4.1735282339,4.11574884115
21660,0.00360279441118,4.1729469046,4.16368441072
21720,0.0036127744511,4.19170441554,4.21197363538
21780,0.00362275449102,4.2237252472,4.24981748572
21840,0.00363273453094,4.25969851398,4.30010930829
21900,0.00364271457086,4.26509329436,4.31231364187
21960,0.00365269461078,4.26441008166,4.30521176336
22020,0.0036626746507,4.236642592,4.27103335449
22080,0.00367265469062,4.21239249687,4.24687019171
22140,0.00368263473054,4.19116460202,4.22576452957
22200,0.00369261477046,4.17886766211,4.21533089095
22260,0.00370259481038,4.1876950064,4.21513090639
22320,0.0037125748503,4.22090894011,4.23800001988
22380,0.00372255489022,4.25567801816,4.29155798201
22440,0.00373253493014,4.25233851929,4.29457761281
22500,0.00374251497006,4.22783292592,4.25371965329
22560,0.00375249500998,4.20528553005,4.20995941094
22620,0.0037624750499,4.19636143636,4.19545519667
22680,0.00377245508982,4.22231583094,4.20053720538
22740,0.00378243512974,4.19533531647,4.18175843118
22800,0.00379241516966,4.17098611691,4.1808124953
22860,0.00380239520958,4.08450338225,4.13009837701
22920,0.0038123752495,4.00235553354,4.06808861918
22980,0.00382235528942,3.95538261971,4.01894223514
23040,0.00383233532934,3.9152552221,3.97758490332
23100,0.00384231536926,3.88289317382,3.93568133808
23160,0.00385229540918,3.87497114621,3.88268488564
23220,0.0038622754491,3.84757819805,3.84419640987
23280,0.00387225548902,3.80317698591,3.81603166526
23340,0.00388223552894,3.78218121753,3.80991406237
23400,0.00389221556886,3.76773893747,3.80506020828
23460,0.00390219560878,3.76806795918,3.80720398864
23520,0.0039121756487,3.77059625172,3.813718428
23580,0.00392215568862,3.76427834795,3.79304557321
23640,0.00393213572854,3.7570220233,3.7694378131
23700,0.00394211576846,3.74210009581,3.728065504
23760,0.00395209580838,3.71670421714,3.66764701882
23820,0.0039620758483,3.71714420734,3.64584345482
23880,0.00397205588822,3.72607264587,3.65856431541
23940,0.00398203592814,3.69553771726,3.64149454638
24000,0.00399201596806,3.57618459908,3.51471195224
24060,0.00400199600798,3.47838216236,3.41140829727
24120,0.0040119760479,3.39761170417,3.33001095307
24180,0.00402195608782,3.30872048757,3.25368757733
24240,0.00403193612774,3.20822130894,3.15516393331
24300,0.00404191616766,3.08626144795,3.04246602784
24360,0.00405189620758,3.015711919,2.96019349319
24420,0.0040618762475,2.92795155208,2.85653420811
24480,0.00407185628743,2.86434099455,2.76746054999
24540,0.00408183632735,2.83818578061,2.72604703719
24600,0.00409181636727,2.84040233108,2.70176003352
24660,0.00410179640719,2.87197120754,2.70328365193
24720,0.00411177644711,2.88182163212,2.69007485716
24780,0.00412175648703,2.92561452093,2.72987766818
24840,0.00413173652695,2.99271253001,2.779726588
24900,0.00414171656687,3.04215893726,2.79211991617
24960,0.00415169660679,3.08401537908,2.81551095192
25020,0.00416167664671,3.13489889876,2.83156015975
25080,0.00417165668663,3.19108108324,2.83664966569
25140,0.00418163672655,3.22204744535,2.81844911268
25200,0.00419161676647,3.26894444686,2.83755649301
25260,0.00420159680639,3.31968818516,2.87796905884
25320,0.00421157684631,3.3881161731,2.93115009696
25380,0.00422155688623,3.43054799071,2.98069860392
25440,0.00423153692615,3.48897134955,3.04320427288
25500,0.00424151696607,3.55839954386,3.130937458
25560,0.00425149700599,3.60235892288,3.18405914675
25620,0.00426147704591,3.65018567567,3.23054151808
25680,0.00427145708583,3.72026962599,3.30789726852
25740,0.00428143712575,3.74180225578,3.32261336076
25800,0.00429141716567,3.74751430848,3.32013917777
25860,0.00430139720559,3.76332955863,3.30281086443
25920,0.00431137724551,3.77367875944,3.30659774602
25980,0.00432135728543,3.76634199135,3.28655693107
26040,0.00433133732535,3.77126454214,3.26354127702
26100,0.00434131736527,3.80419120993,3.26805600796
26160,0.00435129740519,3.84968148225,3.30497565626
26220,0.00436127744511,3.86898523491,3.31946958064
26280,0.00437125748503,3.88088252074,3.33937164888
26340,0.00438123752495,3.90309688451,3.36626465782
26400,0.00439121756487,3.92045379874,3.37964464141
26460,0.00440119760479,3.92940077407,3.3846431075
26520,0.00441117764471,3.91724339738,3.35895509825
26580,0.00442115768463,3.92299680036,3.32706785302
26640,0.00443113772455,3.94009123751,3.28373859595
26700,0.00444111776447,3.98336723159,3.25280578752
26760,0.00445109780439,4.01189116159,3.29314946324
26820,0.00446107784431,4.01727132006,3.33320556499
26880,0.00447105788423,3.99126250188,3.32722878387
26940,0.00448103792415,3.97324154968,3.31819038358
27000,0.00449101796407,3.96325547923,3.30895209641
27060,0.00450099800399,3.94354892424,3.29038703634
27120,0.00451097804391,3.93225358149,3.26914853511
27180,0.00452095808383,3.93722897056,3.27205016916
27240,0.00453093812375,3.95745179165,3.29994768833
27300,0.00454091816367,3.98983498126,3.35723171417
27360,0.00455089820359,4.05096659526,3.42883585906
27420,0.00456087824351,4.15151165222,3.52223050465
27480,0.00457085828343,4.3257064809,3.74672126566
27540,0.00458083832335,4.50663690039,3.9932796557
27600,0.00459081836327,4.59509883076,4.11054859681
27660,0.00460079840319,4.69826160229,4.2208298735
27720,0.00461077844311,4.76577411794,4.29484021951
27780,0.00462075848303,4.77185843741,4.33866910832
27840,0.00463073852295,4.78342520604,4.37999371483
27900,0.00464071856287,4.84226770774,4.41294558075
27960,0.00465069860279,4.86011398159,4.41597616876
28020,0.00466067864271,4.80913494484,4.37605779709
28080,0.00467065868263,4.75321338682,4.30551648162
28140,0.00468063872255,4.72907585266,4.2113096405
28200,0.00469061876248,4.69048252641,4.12354108845
28260,0.0047005988024,4.61511273635,3.99941825944
28320,0.00471057884232,4.55709730783,3.91421672244
28380,0.00472055888224,4.48594736086,3.87551988506
28440,0.00473053892216,4.39383431092,3.83697363735
28500,0.00474051896208,4.30546849516,3.79426628657
28560,0.004750499002,4.22051575679,3.75912062873
28620,0.00476047904192,4.15636071436,3.72719133199
28680,0.00477045908184,4.09151769316,3.69012713167
28740,0.00478043912176,4.0160480842,3.63514790705
28800,0.00479041916168,3.95295102332,3.59298986796
28860,0.0048003992016,3.88118319601,3.55376845262
28920,0.00481037924152,3.81158779051,3.49992566953
28980,0.00482035928144,3.75986582005,3.43807483111
29040,0.00483033932136,3.71961241214,3.3575259819
29100,0.00484031936128,3.68373440032,3.34402426125
29160,0.0048502994012,3.63612350928,3.31484493167
29220,0.00486027944112,3.57564626072,3.25832400599
29280,0.00487025948104,3.5236931964,3.20012400291
29340,0.00488023952096,3.48826473011,3.15381468197
29400,0.00489021956088,3.45782394476,3.10733960051
29460,0.0049001996008,3.42305437953,3.07964450038
29520,0.00491017964072,3.34687559873,3.03933180239
29580,0.00492015968064,3.2859176066,3.00911092446
29640,0.00493013972056,3.25415172962,2.97177466328
29700,0.00494011976048,3.24195138228,2.9412400089
29760,0.0049500998004,3.22696111971,2.93808271137
29820,0.00496007984032,3.18880044105,2.90742274472
29880,0.00497005988024,3.15306462586,2.87424904204
29940,0.00498003992016,3.1140152368,2.83508153927
30000,0.00499001996008,3.07609209386,2.80109899139
30060,0.005,3.0410375541,2.77272358073
30120,0.00500998003992,3.01929399136,2.75090331782
30180,0.00501996007984,2.99599100924,2.7255194167
30240,0.00502994011976,2.98546274042,2.70840383587
30300,0.00503992015968,2.97406504577,2.70489665416
30360,0.0050499001996,2.94589257774,2.68169244938
30420,0.00505988023952,2.89619838867,2.64838717471
30480,0.00506986027944,2.86486332299,2.6419174037
30540,0.00507984031936,2.83028770751,2.62341916144
30600,0.00508982035928,2.78496213152,2.61339046971
30660,0.0050998003992,2.74812453899,2.59319686171
30720,0.00510978043912,2.734794109,2.6312995424
30780,0.00511976047904,2.67801839003,2.62648066225
30840,0.00512974051896,2.63531223878,2.61988364801
30900,0.00513972055888,2.59160442969,2.60734844889
30960,0.0051497005988,2.54516221218,2.58216383844
31020,0.00515968063872,2.49379987254,2.5372373984
31080,0.00516966067864,2.45081135582,2.50079841399
31140,0.00517964071856,2.40695209257,2.46140547879
31200,0.00518962075848,2.36691399298,2.42554542036
31260,0.0051996007984,2.33385457027,2.38968081988
31320,0.00520958083832,2.28522450321,2.33424134764
31380,0.00521956087824,2.23569296533,2.28786814403
31440,0.00522954091816,2.1960905433,2.24904233637
31500,0.00523952095808,2.16163381315,2.2134655148
31560,0.005249500998,2.12957087205,2.19401106442
31620,0.00525948103792,2.111756865,2.1816947874
31680,0.00526946107784,2.10283208454,2.17550255243
31740,0.00527944111776,2.10683053297,2.17332846956
31800,0.00528942115768,2.10443356101,2.17037154847
31860,0.0052994011976,2.09471956125,2.15994898217
31920,0.00530938123752,2.08501321749,2.14507660451
31980,0.00531936127745,2.06225402319,2.12486038979
32040,0.00532934131737,2.04972800052,2.11220799747
32100,0.00533932135729,2.03762030872,2.09890902255
32160,0.00534930139721,2.01172693824,2.06823805376
32220,0.00535928143713,1.98915485897,2.04212336042
32280,0.00536926147705,1.97215032086,2.02593040725
32340,0.00537924151697,1.95593353692,2.01388139307
32400,0.00538922155689,1.94245955326,2.00129531293
32460,0.00539920159681,1.92851764006,1.98791207364
32520,0.00540918163673,1.9117518849,1.96947565689
32580,0.00541916167665,1.89168069857,1.94264618796
32640,0.00542914171657,1.87994014791,1.91691092571
32700,0.00543912175649,1.86914019418,1.89019189189
32760,0.00544910179641,1.86679137619,1.87826376007
32820,0.00545908183633,1.86622422417,1.87720822994
32880,0.00546906187625,1.86819478331,1.88374369173
32940,0.00547904191617,1.87155539069,1.89297079049
33000,0.00548902195609,1.86869120608,1.89691685144
33060,0.00549900199601,1.8588778155,1.89236265417
33120,0.00550898203593,1.85179044939,1.89289990887
33180,0.00551896207585,1.83727464858,1.88406796519
33240,0.00552894211577,1.8372462498,1.88490325745
33300,0.00553892215569,1.83887387099,1.88997795178
33360,0.00554890219561,1.82892035795,1.88391049182
33420,0.00555888223553,1.81466978539,1.87200940946
33480,0.00556886227545,1.82616895672,1.8704311966
33540,0.00557884231537,1.85095285875,1.87954904507
33600,0.00558882235529,1.86977941013,1.88031523451
33660,0.00559880239521,1.88335777122,1.8826124844
33720,0.00560878243513,1.88202405917,1.8805636473
33780,0.00561876247505,1.87484561079,1.87472772787
33840,0.00562874251497,1.86660996517,1.86642485018
33900,0.00563872255489,1.85859036333,1.85530618564
33960,0.00564870259481,1.86099102521,1.84514858835
34020,0.00565868263473,1.86633756176,1.83827016164
34080,0.00566866267465,1.8803397664,1.84044049127
34140,0.00567864271457,1.90981696782,1.8597888661
34200,0.00568862275449,1.94327348416,1.88213582642
34260,0.00569860279441,1.98651157886,1.92035602611
34320,0.00570858283433,2.00646488143,1.9288705849
34380,0.00571856287425,2.02190941793,1.93467784834
34440,0.00572854291417,2.0310503095,1.94934456453
34500,0.00573852295409,2.03044920998,1.95873563698
34560,0.00574850299401,2.02261468692,1.96466918071
34620,0.00575848303393,2.02041893486,1.97107112034
34680,0.00576846307385,2.02496767748,1.97445900634
34740,0.00577844311377,2.03117593841,1.97500651003
34800,0.00578842315369,2.03061309666,1.96934914977
34860,0.00579840319361,2.0248408819,1.94784855427
34920,0.00580838323353,2.02289188254,1.92169834923
34980,0.00581836327345,2.02700285584,1.91136395475
35040,0.00582834331337,2.02335549617,1.89728257192
35100,0.00583832335329,2.00621299301,1.8721550609
35160,0.00584830339321,1.9849664831,1.84032805082
35220,0.00585828343313,1.96148543228,1.8058776272
35280,0.00586826347305,1.92961383612,1.76069548899
35340,0.00587824351297,1.89960282218,1.72456668579
35400,0.00588822355289,1.87176560534,1.68330458984
35460,0.00589820359281,1.84386075764,1.63431288043
35520,0.00590818363273,1.81572908222,1.58909451081
35580,0.00591816367265,1.79562338049,1.55796811795
35640,0.00592814371257,1.77698358487,1.52980603696
35700,0.0059381237525,1.75920124624,1.50556829741
35760,0.00594810379242,1.74705568138,1.4806103979
35820,0.00595808383234,1.72885135935,1.45396025755
35880,0.00596806387226,1.71833891818,1.43955639214
35940,0.00597804391218,1.70488425382,1.42324478197
36000,0.0059880239521,1.6877170115,1.41237020044
36060,0.00599800399202,1.69493417013,1.41724978635
36120,0.00600798403194,1.72055535908,1.42743048833
36180,0.00601796407186,1.76900156626,1.47325744897
36240,0.00602794411178,1.80883598571,1.52053321777
36300,0.0060379241517,1.82982487562,1.55595309423
36360,0.00604790419162,1.83959939269,1.57761968954
36420,0.00605788423154,1.83936281237,1.58944240532
36480,0.00606786427146,1.8383223891,1.60404783987
36540,0.00607784431138,1.83605606241,1.61927992612
36600,0.0060878243513,1.84243653228,1.63427601452
36660,0.00609780439122,1.87659780118,1.68716421328
36720,0.00610778443114,1.92782362161,1.75318750708
36780,0.00611776447106,1.97692758245,1.82254552499
36840,0.00612774451098,2.01773764817,1.88499124727
36900,0.0061377245509,2.08744392509,1.98018116775
36960,0.00614770459082,2.13772004858,2.04161895851
37020,0.00615768463074,2.19729778545,2.10996340994
37080,0.00616766467066,2.28795979944,2.23501467771
37140,0.00617764471058,2.36789092083,2.34960857982
37200,0.0061876247505,2.43480093667,2.4549406656
37260,0.00619760479042,2.42497585755,2.45172677138
37320,0.00620758483034,2.41711916773,2.45228861802
37380,0.00621756487026,2.41525285493,2.45206233917
37440,0.00622754491018,2.42072689959,2.44798290651
37500,0.0062375249501,2.41900021778,2.44245822992
37560,0.00624750499002,2.41268686697,2.43808941266
37620,0.00625748502994,2.42473207531,2.44153371816
37680,0.00626746506986,2.47331544309,2.47563529666
37740,0.00627744510978,2.52983590449,2.52937521728
37800,0.0062874251497,2.59478904356,2.61474367723
37860,0.00629740518962,2.6300050598,2.66387677426
37920,0.00630738522954,2.66582270938,2.70818331455
37980,0.00631736526946,2.73237712326,2.7826091385
38040,0.00632734530938,2.80848089484,2.88074456289
38100,0.0063373253493,2.87094329746,2.96984515086
38160,0.00634730538922,2.99863495924,3.14253514905
38220,0.00635728542914,3.1173651953,3.30543396537
38280,0.00636726546906,3.26087128521,3.50516074091
38340,0.00637724550898,3.32220131879,3.56246596296
38400,0.0063872255489,3.39766615039,3.61203177313
38460,0.00639720558882,3.43524763444,3.63788019936
38520,0.00640718562874,3.48502929133,3.67369513654
38580,0.00641716566866,3.59689768862,3.78445564656
38640,0.00642714570858,3.78586280949,3.98117110097
38700,0.0064371257485,4.03686436897,4.26719560426
38760,0.00644710578842,4.26669942666,4.5423437235
38820,0.00645708582834,4.39250743897,4.66019901459
38880,0.00646706586826,4.5149380095,4.76196330152
38940,0.00647704590818,4.49589726761,4.67335599051
39000,0.0064870259481,4.48599664936,4.59557817482
39060,0.00649700598802,4.47740928792,4.52869400463
39120,0.00650698602794,4.47112061337,4.48078831504
39180,0.00651696606786,4.47978610982,4.4509454141
39240,0.00652694610778,4.49454315638,4.45222246192
39300,0.0065369261477,4.50044129956,4.45660588253
39360,0.00654690618762,4.48207253176,4.43699797199
39420,0.00655688622754,4.44339738211,4.40571716494
39480,0.00656686626747,4.41448364353,4.38054520724
39540,0.00657684630739,4.38680672199,4.35462960594
39600,0.00658682634731,4.36452901344,4.30695178561
39660,0.00659680638723,4.34920695292,4.27629564949
39720,0.00660678642715,4.30682442279,4.24533642709
39780,0.00661676646707,4.23398500812,4.19115178266
39840,0.00662674650699,4.18605358168,4.14981470396
39900,0.00663672654691,4.12587725887,4.08891958438
39960,0.00664670658683,4.06048569752,4.0176711121
40020,0.00665668662675,4.00593624049,3.98505689783
40080,0.00666666666667,3.95140786823,3.94947903002
40140,0.00667664670659,3.91149082503,3.91650279858
40200,0.00668662674651,3.86552303682,3.87288927759
40260,0.00669660678643,3.83866714504,3.84692735603
40320,0.00670658682635,3.77384433085,3.80527222863
40380,0.00671656686627,3.70292390535,3.75668239204
40440,0.00672654690619,3.66432992408,3.73730827442
40500,0.00673652694611,3.55552574569,3.64999671726
40560,0.00674650698603,3.44824311191,3.55872506751
40620,0.00675648702595,3.36058091037,3.4779161265
40680,0.00676646706587,3.29364191402,3.41042521915
40740,0.00677644710579,3.24481882738,3.35437298037
40800,0.00678642714571,3.20028945738,3.31742278168
40860,0.00679640718563,3.15749386419,3.29266242606
40920,0.00680638722555,3.08318423872,3.23490755913
40980,0.00681636726547,3.01512938776,3.17958779163
41040,0.00682634730539,2.96120528291,3.14988170565
41100,0.00683632734531,2.91014271455,3.12340436288
41160,0.00684630738523,2.86440445008,3.10461359547
41220,0.00685628742515,2.8245767841,3.08643840903
41280,0.00686626746507,2.78450910371,3.0569138196
41340,0.00687624750499,2.74532996775,3.01370929791
41400,0.00688622754491,2.71792190089,2.96833283035
41460,0.00689620758483,2.69420734602,2.92465419992
41520,0.00690618762475,2.67446701042,2.88877240836
41580,0.00691616766467,2.65658094282,2.86357507823
41640,0.00692614770459,2.63155826242,2.84068535606
41700,0.00693612774451,2.59605658185,2.80922656694
41760,0.00694610778443,2.57094129828,2.78740417055
41820,0.00695608782435,2.55787929677,2.78433508657
41880,0.00696606786427,2.55396846981,2.78561818083
41940,0.00697604790419,2.58826117233,2.83094097569
42000,0.00698602794411,2.62842186865,2.8988953145
42060,0.00699600798403,2.64958150115,2.94634914683
42120,0.00700598802395,2.67375042485,2.98338940869
42180,0.00701596806387,2.69944598245,3.01288068176
42240,0.00702594810379,2.73197904689,3.05654979088
42300,0.00703592814371,2.74283849434,3.10183830063
42360,0.00704590818363,2.67158438725,3.02108992746
42420,0.00705588822355,2.60727817644,2.90481218523
42480,0.00706586826347,2.5969129085,2.87346485086
42540,0.00707584830339,2.58412552433,2.84045651764
42600,0.00708582834331,2.59965332451,2.85147759735
42660,0.00709580838323,2.62099894408,2.88906633606
42720,0.00710578842315,2.62367840978,2.90048099496
42780,0.00711576846307,2.62231498313,2.89997166341
42840,0.00712574850299,2.62703683353,2.90577500108
42900,0.00713572854291,2.63027592585,2.90207121859
42960,0.00714570858283,2.68029702692,2.92090420014
43020,0.00715568862275,2.76190591306,3.0134223
43080,0.00716566866267,2.83340972696,3.09940042032
43140,0.00717564870259,2.8591636076,3.11996148705
43200,0.00718562874251,2.90548187314,3.15584549025
43260,0.00719560878244,2.94213556661,3.17091526358
43320,0.00720558882236,2.95247572919,3.14331417142
43380,0.00721556886228,2.96131140479,3.11419440652
43440,0.0072255489022,2.97118659837,3.09243869092
43500,0.00723552894212,3.00282375868,3.09108463251
43560,0.00724550898204,3.05626636471,3.1296066959
43620,0.00725548902196,3.08718086655,3.14479443884
43680,0.00726546906188,3.08590653082,3.1177315191
43740,0.0072754491018,3.06619611075,3.0852018456
43800,0.00728542914172,3.04492974353,3.05713111659
43860,0.00729540918164,3.025892995,3.04869602494
43920,0.00730538922156,3.02457044098,3.04879118679
43980,0.00731536926148,3.02342787211,3.03381840842
44040,0.0073253493014,2.99963346388,3.00067383542
44100,0.00733532934132,2.94989339682,2.94736409586
44160,0.00734530938124,2.89058268987,2.87998158698
44220,0.00735528942116,2.8385470983,2.8215418651
44280,0.00736526946108,2.79226273012,2.7727399061
44340,0.007375249501,2.75484560376,2.72681725448
44400,0.00738522954092,2.73397004806,2.69507688813
44460,0.00739520958084,2.72106814083,2.67258397287
44520,0.00740518962076,2.70048033526,2.6380855448
44580,0.00741516966068,2.67624440378,2.60955996172
44640,0.0074251497006,2.65515279053,2.58721838335
44700,0.00743512974052,2.64748480269,2.58858321119
44760,0.00744510978044,2.66639215497,2.59408479826
44820,0.00745508982036,2.71731307968,2.64522375061
44880,0.00746506986028,2.73751844558,2.66085607381
44940,0.0074750499002,2.71515272232,2.60969163872
45000,0.00748502994012,2.71191004698,2.57232604711
45060,0.00749500998004,2.72540216381,2.61030655861
45120,0.00750499001996,2.71474528423,2.63562485971
45180,0.00751497005988,2.70773608198,2.65759415134
45240,0.0075249500998,2.71919293663,2.68408181542
45300,0.00753493013972,2.74687221471,2.71334172594
45360,0.00754491017964,2.75503571343,2.73216818976
45420,0.00755489021956,2.76511884484,2.74574427953
45480,0.00756487025948,2.76567044453,2.75110812986
45540,0.0075748502994,2.77268854829,2.75550442572
45600,0.00758483033932,2.77601937125,2.75419424593
45660,0.00759481037924,2.795448564,2.77369293125
45720,0.00760479041916,2.82760412739,2.81836810171
45780,0.00761477045908,2.83545497902,2.82716525243
45840,0.007624750499,2.86790489998,2.86872274917
45900,0.00763473053892,2.93458278008,2.93796521688
45960,0.00764471057884,3.03133107093,3.04564945322
46020,0.00765469061876,3.12762737775,3.15622872875
46080,0.00766467065868,3.22525855978,3.24690280688
46140,0.0076746506986,3.29570914125,3.30722117418
46200,0.00768463073852,3.30739845607,3.2801052287
46260,0.00769461077844,3.32408735524,3.28232239344
46320,0.00770459081836,3.33394818025,3.27481731659
46380,0.00771457085828,3.34008457818,3.27833045642
46440,0.0077245508982,3.31123576039,3.23717973211
46500,0.00773453093812,3.25726293498,3.18070256145
46560,0.00774451097804,3.19564020407,3.13194038206
46620,0.00775449101796,3.14937352237,3.08777072063
46680,0.00776447105788,3.11266269324,3.0514334614
46740,0.0077744510978,3.07304261784,3.02634227105
46800,0.00778443113772,3.02801091672,3.00352677568
46860,0.00779441117764,2.98522689156,2.97988042492
46920,0.00780439121756,2.93254631831,2.93579094088
46980,0.00781437125749,2.87395805998,2.87689473593
47040,0.00782435129741,2.83945384687,2.8421565656
47100,0.00783433133733,2.80795452205,2.80642003612
47160,0.00784431137725,2.77359687124,2.7680094939
47220,0.00785429141717,2.74647728718,2.73865589646
47280,0.00786427145709,2.73335434702,2.72240629605
47340,0.00787425149701,2.73708606042,2.71422576936
47400,0.00788423153693,2.76567653921,2.72897304284
47460,0.00789421157685,2.82676181485,2.80617983621
47520,0.00790419161677,2.85080531609,2.84298716996
47580,0.00791417165669,2.83267565566,2.81968583258
47640,0.00792415169661,2.79676267906,2.77628476214
47700,0.00793413173653,2.75678311635,2.73707502372
47760,0.00794411177645,2.72784085671,2.70992243754
47820,0.00795409181637,2.70347623974,2.68042261514
47880,0.00796407185629,2.68907132382,2.65839152132
47940,0.00797405189621,2.6788256694,2.64826343834
48000,0.00798403193613,2.65375418759,2.61802166473
48060,0.00799401197605,2.62676400509,2.58773482059
48120,0.00800399201597,2.60077249112,2.55819220217
48180,0.00801397205589,2.5831884167,2.53229206108
48240,0.00802395209581,2.5633244097,2.50265789901
48300,0.00803393213573,2.53522015213,2.4774876167
48360,0.00804391217565,2.50518889944,2.45379569122
48420,0.00805389221557,2.4670045592,2.42741993848
48480,0.00806387225549,2.44067314025,2.40582518127
48540,0.00807385229541,2.44759503689,2.39127715252
48600,0.00808383233533,2.45067170598,2.38870706379
48660,0.00809381237525,2.44678910897,2.39445473249
48720,0.00810379241517,2.43671836503,2.38417675751
48780,0.00811377245509,2.41237930215,2.3573090368
48840,0.00812375249501,2.38890096557,2.33044848863
48900,0.00813373253493,2.37488343398,2.31431872483
48960,0.00814371257485,2.36790498166,2.30951706432
49020,0.00815369261477,2.3671993854,2.30155399308
49080,0.00816367265469,2.37521717803,2.28674668794
49140,0.00817365269461,2.37446927501,2.27772295146
49200,0.00818363273453,2.36108809436,2.27343917434
49260,0.00819361277445,2.35556533,2.27149056677
49320,0.00820359281437,2.35741872244,2.26741538897
49380,0.00821357285429,2.35199268604,2.26141597507
49440,0.00822355289421,2.34886010075,2.26175793939
49500,0.00823353293413,2.36396075788,2.28704150347
49560,0.00824351297405,2.38507762463,2.33216749341
49620,0.00825349301397,2.40174839279,2.36847905372
49680,0.00826347305389,2.38748425801,2.35692098482
49740,0.00827345309381,2.37086195349,2.34196596575
49800,0.00828343313373,2.35723678162,2.33309521753
49860,0.00829341317365,2.35902997368,2.34216134714
49920,0.00830339321357,2.35344347879,2.33773823679
49980,0.00831337325349,2.35090278291,2.34399185933
50040,0.00832335329341,2.33774504655,2.3317250517
50100,0.00833333333333,2.32621766916,2.32686504643
50160,0.00834331337325,2.31789145151,2.33267646451
50220,0.00835329341317,2.31318155608,2.34317336763
50280,0.00836327345309,2.30151846719,2.3510361046
50340,0.00837325349301,2.28318564027,2.3473227813
50400,0.00838323353293,2.26276215099,2.33529827829
50460,0.00839321357285,2.24205771845,2.3219847194
50520,0.00840319361277,2.22645867633,2.30893682482
50580,0.00841317365269,2.23414511795,2.30633439782
50640,0.00842315369261,2.25478731029,2.31423070345
50700,0.00843313373253,2.29053311913,2.32054910547
50760,0.00844311377246,2.35364434676,2.33634313287
50820,0.00845309381238,2.42174226292,2.36990686524
50880,0.0084630738523,2.49978189087,2.47045141058
50940,0.00847305389222,2.5548441681,2.54761269619
51000,0.00848303393214,2.58698837963,2.60793528715
51060,0.00849301397206,2.6181481087,2.66316677519
51120,0.00850299401198,2.66150153528,2.71599829359
51180,0.0085129740519,2.71866484844,2.77779229284
51240,0.00852295409182,2.7625954433,2.80251214356
51300,0.00853293413174,2.81965841865,2.85527073853
51360,0.00854291417166,2.88685229045,2.92900705221
51420,0.00855289421158,2.96226913433,3.00841919178
51480,0.0085628742515,3.03397207797,3.06944474733
51540,0.00857285429142,3.08041087597,3.09685304881
51600,0.00858283433134,3.13795284595,3.12146895469
51660,0.00859281437126,3.21377884588,3.15724612315
51720,0.00860279441118,3.27208570979,3.21443665239
51780,0.0086127744511,3.32714880246,3.27078403275
51840,0.00862275449102,3.33871393499,3.28679274272
51900,0.00863273453094,3.33873176964,3.28870022914
51960,0.00864271457086,3.33396640324,3.28016357234
52020,0.00865269461078,3.32738442842,3.26866233581
52080,0.0086626746507,3.32164878898,3.25177502217
52140,0.00867265469062,3.3111469406,3.22160967949
52200,0.00868263473054,3.29590607162,3.18142992712
52260,0.00869261477046,3.28948816591,3.13522352918
52320,0.00870259481038,3.2802352022,3.09232957418
52380,0.0087125748503,3.28937363415,3.08937012732
52440,0.00872255489022,3.29961210798,3.0988293846
52500,0.00873253493014,3.30286896937,3.10996194302
52560,0.00874251497006,3.3003847604,3.11588634215
52620,0.00875249500998,3.29892200548,3.11845531822
52680,0.0087624750499,3.3014418055,3.09930512218
52740,0.00877245508982,3.31710301716,3.0817146476
52800,0.00878243512974,3.34449996882,3.08235694872
52860,0.00879241516966,3.36876949737,3.08783738283
52920,0.00880239520958,3.40844337356,3.10982969417
52980,0.0088123752495,3.43972051098,3.14193885401
53040,0.00882235528942,3.44848050819,3.13163691786
53100,0.00883233532934,3.43040062309,3.10515211455
53160,0.00884231536926,3.40327728643,3.06197921857
53220,0.00885229540918,3.38972300781,3.03050400003
53280,0.0088622754491,3.39945597992,3.02845053351
53340,0.00887225548902,3.43628971892,3.06006971737
53400,0.00888223552894,3.49693732701,3.10440978456
53460,0.00889221556886,3.55393919761,3.11219347597
53520,0.00890219560878,3.6507391303,3.18463480008
53580,0.0089121756487,3.78369118862,3.29665308011
53640,0.00892215568862,3.95488171885,3.49427322793
53700,0.00893213572854,4.1840479863,3.79805982605
53760,0.00894211576846,4.29031085967,3.97400107708
53820,0.00895209580838,4.41802060598,4.15688446458
53880,0.0089620758483,4.49855112496,4.29400425798
53940,0.00897205588822,4.55068111806,4.41275531873
54000,0.00898203592814,4.46957413542,4.34709853448
54060,0.00899201596806,4.40226476033,4.30111731112
54120,0.00900199600798,4.33164742011,4.24546224571
54180,0.0090119760479,4.28277653069,4.18964214478
54240,0.00902195608782,4.24480343976,4.13747899122
54300,0.00903193612774,4.21144084497,4.09091511304
54360,0.00904191616766,4.18156017627,4.05563141124
54420,0.00905189620758,4.14472487724,4.00184980323
54480,0.0090618762475,4.10182591307,3.93908182454
54540,0.00907185628743,4.08346696328,3.88604923526
54600,0.00908183632735,4.06967679022,3.83886435432
54660,0.00909181636727,4.06504468365,3.8067092428
54720,0.00910179640719,4.073882945,3.79235776402
54780,0.00911177644711,4.11779876633,3.80875534262
54840,0.00912175648703,4.15915046282,3.83142775073
54900,0.00913173652695,4.22502253913,3.84631577771
54960,0.00914171656687,4.25558835689,3.87579204869
55020,0.00915169660679,4.20787466954,3.83710420947
55080,0.00916167664671,4.23187900721,3.88155270941
55140,0.00917165668663,4.25117206758,3.86802250287
55200,0.00918163672655,4.34783658564,3.95676755156
55260,0.00919161676647,4.48359222454,4.11382262354
55320,0.00920159680639,4.62638853837,4.30685204148
55380,0.00921157684631,4.60377710134,4.27855467373
55440,0.00922155688623,4.57639487648,4.2739864923
55500,0.00923153692615,4.55781632287,4.26126396708
55560,0.00924151696607,4.52427352736,4.2232478991
55620,0.00925149700599,4.49945830842,4.21527304158
55680,0.00926147704591,4.48764787491,4.20837061666
55740,0.00927145708583,4.41991685381,4.14571841577
55800,0.00928143712575,4.33415418941,4.07899214921
55860,0.00929141716567,4.23198632508,4.01889426487
55920,0.00930139720559,4.13339510798,3.97025048986
55980,0.00931137724551,4.08246095701,3.89428338227
56040,0.00932135728543,4.03094780406,3.83655594644
56100,0.00933133732535,3.96592573358,3.7520024435
56160,0.00934131736527,3.89465389845,3.65641620086
56220,0.00935129740519,3.81359859338,3.55283504776
56280,0.00936127744511,3.73236809965,3.44503442376
56340,0.00937125748503,3.66611415322,3.33505033132
56400,0.00938123752495,3.59881177571,3.24692566556
56460,0.00939121756487,3.54277304122,3.16666685906
56520,0.00940119760479,3.48634764834,3.09927524589
56580,0.00941117764471,3.43059345942,3.04550728567
56640,0.00942115768463,3.38015701319,2.98990267759
56700,0.00943113772455,3.35031153336,2.93909636493
56760,0.00944111776447,3.34555335091,2.90156109938
56820,0.00945109780439,3.34890897973,2.86650625258
56880,0.00946107784431,3.34847897298,2.84213675104
56940,0.00947105788423,3.3500891276,2.83573495853
57000,0.00948103792415,3.35331281546,2.84356186517
57060,0.00949101796407,3.37745255504,2.87988664949
57120,0.00950099800399,3.40295750486,2.90902619501
57180,0.00951097804391,3.46517791208,3.00053779115
57240,0.00952095808383,3.52965832732,3.09941855662
57300,0.00953093812375,3.56451471998,3.15576264362
57360,0.00954091816367,3.52143550633,3.12645489463
57420,0.00955089820359,3.4738627926,3.14011106628
57480,0.00956087824351,3.43074679074,3.19483708027
57540,0.00957085828343,3.45513936488,3.27965859712
57600,0.00958083832335,3.44561276634,3.34134375058
57660,0.00959081836327,3.48334090316,3.39836454051
57720,0.00960079840319,3.52681766644,3.43735544027
57780,0.00961077844311,3.55385835913,3.44914475826
57840,0.00962075848303,3.57361523791,3.45372448067
57900,0.00963073852295,3.58013441732,3.46140125475
57960,0.00964071856287,3.57290484425,3.42012933265
58020,0.00965069860279,3.61943568049,3.42291565539
58080,0.00966067864271,3.6812449546,3.47576376873
58140,0.00967065868263,3.74697006138,3.53766807928
58200,0.00968063872255,3.80816720093,3.60402055354
58260,0.00969061876248,3.87675087266,3.681515089
58320,0.0097005988024,3.88749622337,3.68660169071
58380,0.00971057884232,3.89168726892,3.67082736352
58440,0.00972055888224,3.88534334816,3.6215064816
58500,0.00973053892216,3.88389965155,3.55584625718
58560,0.00974051896208,3.87215378834,3.50537211883
58620,0.009750499002,3.85292514528,3.46402413602
58680,0.00976047904192,3.83675253146,3.42918560017
58740,0.00977045908184,3.83167308315,3.41419379147
58800,0.00978043912176,3.85070719532,3.40405819483
58860,0.00979041916168,3.86400080682,3.39163606831
58920,0.0098003992016,3.87625046809,3.39159477569
58980,0.00981037924152,3.85219882035,3.39550546708
59040,0.00982035928144,3.82023125677,3.3837425623
59100,0.00983033932136,3.77086064167,3.3551677379
59160,0.00984031936128,3.73440460531,3.33809432712
59220,0.0098502994012,3.70855961317,3.3237258504
59280,0.00986027944112,3.69228745061,3.31689472684
59340,0.00987025948104,3.66785021782,3.30069832485
59400,0.00988023952096,3.64837490112,3.28979449112
59460,0.00989021956088,3.62231731192,3.26357991665
59520,0.0099001996008,3.58917264178,3.22350728584
59580,0.00991017964072,3.55561640702,3.18710163539
59640,0.00992015968064,3.5327423059,3.16208603572
59700,0.00993013972056,3.52603646857,3.14034236788
59760,0.00994011976048,3.53366687923,3.13698565492
59820,0.0099500998004,3.55067838398,3.15593273047
59880,0.00996007984032,3.54924382984,3.16308281318
59940,0.00997005988024,3.51981152696,3.15218325637
60000,0.00998003992016,3.48953003505,3.13676693015
60060,0.00999001996008,3.48167641083,3.12275928894
60120,0.01,3.47601256022,3.10860219207
60121,0.010000166334,3.47602167411,3.10851810776
