60,9.98003992016e-06,7.79473393614,3.43496824847
120,1.99600798403e-05,7.0312269683,3.10338551116
180,2.99401197605e-05,6.97468321729,3.15197839622
240,3.99201596806e-05,7.11069677226,3.36752715315
300,4.99001996008e-05,7.26889816236,3.62573065215
360,5.9880239521e-05,7.42711142188,3.9216138216
420,6.98602794411e-05,7.62696314501,4.23895904656
480,7.98403193613e-05,7.92969228237,4.61190464961
540,8.98203592814e-05,8.21520313082,4.96820339972
600,9.98003992016e-05,8.48883498965,5.34621868337
660,0.000109780439122,8.73593606893,5.71551585657
720,0.000119760479042,8.90876687807,6.01503907823
780,0.000129740518962,9.08035460032,6.31447216517
840,0.000139720558882,9.29787126663,6.60020577137
900,0.000149700598802,9.5172223498,6.89654892502
960,0.000159680638723,9.75452662524,7.23166466108
1020,0.000169660678643,9.99939312693,7.59594160317
1080,0.000179640718563,10.2742325403,8.04064142889
1140,0.000189620758483,10.629404304,8.6023245178
1200,0.000199600798403,11.2040842301,9.37269452189
1260,0.000209580838323,11.7435080427,10.1128831142
1320,0.000219560878244,11.8479897579,10.2447272276
1380,0.000229540918164,11.8548355587,10.2334591428
1440,0.000239520958084,11.8097913099,10.1577029964
1500,0.000249500998004,11.7428202204,10.0667984759
1560,0.000259481037924,11.7059336218,9.92692868286
1620,0.000269461077844,11.6518803416,9.75355065139
1680,0.000279441117764,11.5797725561,9.58384907363
1740,0.000289421157685,11.485651388,9.39883321542
1800,0.000299401197605,11.3677719907,9.20003050838
1860,0.000309381237525,11.2285400142,8.99849734204
1920,0.000319361277445,11.1121922301,8.7980659652
1980,0.000329341317365,11.0357181445,8.58127736801
2040,0.000339321357285,10.9530957362,8.38349194754
2100,0.000349301397206,10.868771522,8.19358990894
2160,0.000359281437126,10.775046973,8.01665860455
2220,0.000369261477046,10.6871282082,7.88662235616
2280,0.000379241516966,10.631699137,7.78573235217
2340,0.000389221556886,10.6530524395,7.69932105914
2400,0.000399201596806,10.6673151716,7.61591262315
2460,0.000409181636727,10.6644087375,7.54472460744
2520,0.000419161676647,10.6120842545,7.43362244476
2580,0.000429141716567,10.5525495559,7.33583892527
2640,0.000439121756487,10.4921029079,7.24495069147
2700,0.000449101796407,10.5326040674,7.17236794047
2760,0.000459081836327,10.5970438744,7.12087500316
2820,0.000469061876248,10.6774915625,7.11305390354
2880,0.000479041916168,10.7565358943,7.12706223945
2940,0.000489021956088,10.8102656799,7.12541819067
3000,0.000499001996008,10.8235765262,7.07378760281
3060,0.000508982035928,10.9053890878,7.04155288011
3120,0.000518962075848,11.018971808,7.03187335392
3180,0.000528942115768,11.135659357,7.05145308364
3240,0.000538922155689,11.2356416077,7.06373992514
3300,0.000548902195609,11.3281013459,7.08997989209
3360,0.000558882235529,11.4391292981,7.16716345866
3420,0.000568862275449,11.5874292513,7.25984586472
3480,0.000578842315369,11.7993190726,7.36540258703
3540,0.000588822355289,11.9848301967,7.44875940091
3600,0.00059880239521,12.1076763482,7.49569587926
3660,0.00060878243513,12.2170188908,7.5450191312
3720,0.00061876247505,12.3125151405,7.5808181439
3780,0.00062874251497,12.4346980419,7.64222648839
3840,0.00063872255489,12.6933719059,7.80777903327
3900,0.00064870259481,12.9765900463,8.03270753272
3960,0.000658682634731,13.1552588658,8.14680568961
4020,0.000668662674651,13.3034268146,8.24069927741
4080,0.000678642714571,13.4633105287,8.35923458604
4140,0.000688622754491,13.6371334701,8.50404737441
4200,0.000698602794411,13.8795974729,8.64642148743
4260,0.000708582834331,14.1032668136,8.77722191577
4320,0.000718562874251,14.2967579615,8.90426554601
4380,0.000728542914172,14.4023707481,8.99289503031
4440,0.000738522954092,14.5043633409,9.08468928993
4500,0.000748502994012,14.5824944078,9.18958571079
4560,0.000758483033932,14.7689598234,9.37398128625
4620,0.000768463073852,15.0596624749,9.66415966165
4680,0.000778443113772,15.3900903106,10.0335305794
4740,0.000788423153693,15.7460917232,10.458164233
4800,0.000798403193613,16.1713240296,11.0234174066
4860,0.000808383233533,16.6704501283,11.726531552
4920,0.000818363273453,17.1846726763,12.4669144404
4980,0.000828343313373,17.6240444606,13.0397918215
5040,0.000838323353293,17.4996103813,12.8938154877
5100,0.000848303393214,17.2441562407,12.5602487132
5160,0.000858283433134,16.9778668951,12.2359406936
5220,0.000868263473054,16.7324489736,11.9679307065
5280,0.000878243512974,16.5202356076,11.7292617005
5340,0.000888223552894,16.3570635094,11.4743999803
5400,0.000898203592814,16.1739250895,11.2167399635
5460,0.000908183632735,15.9905148981,10.9625436689
5520,0.000918163672655,15.8097643347,10.71142435
5580,0.000928143712575,15.6130031269,10.4582658745
5640,0.000938123752495,15.4073209878,10.2158619518
5700,0.000948103792415,15.3237961788,10.0223405582
5760,0.000958083832335,15.2849845209,9.87350191555
5820,0.000968063872255,15.2891094746,9.77411462527
5880,0.000978043912176,15.3070039836,9.72413673781
5940,0.000988023952096,15.3495459845,9.74659845127
6000,0.000998003992016,15.3871499427,9.83213107738
6060,0.00100798403194,15.5407107249,10.0278217455
6120,0.00101796407186,15.7350335019,10.238340751
6180,0.00102794411178,15.9162170372,10.4565207886
6240,0.0010379241517,16.0260986431,10.6107804443
6300,0.00104790419162,16.1692391435,10.8214153064
6360,0.00105788423154,16.2955829719,11.0125986799
6420,0.00106786427146,16.3987729584,11.136379329
6480,0.00107784431138,16.3653492149,11.0181619313
6540,0.0010878243513,16.3558849145,10.8879452743
6600,0.00109780439122,16.2938971173,10.7283777618
6660,0.00110778443114,16.190934601,10.5730460674
6720,0.00111776447106,16.0902557073,10.4365062474
6780,0.00112774451098,15.9706437685,10.2992628185
6840,0.0011377245509,15.9573330902,10.2167704063
6900,0.00114770459082,15.9505604601,10.1320054731
6960,0.00115768463074,15.9283502796,10.0323600519
7020,0.00116766467066,15.9359430708,9.95926626558
7080,0.00117764471058,15.9391147803,9.87985888567
7140,0.0011876247505,15.9374551709,9.80859900712
7200,0.00119760479042,16.0280683935,9.76270056006
7260,0.00120758483034,16.073024076,9.70445993093
7320,0.00121756487026,16.0684643834,9.6423248484
7380,0.00122754491018,16.0225452395,9.54703950425
7440,0.0012375249501,16.0141161551,9.52498272573
7500,0.00124750499002,15.9737904778,9.52099064038
7560,0.00125748502994,16.0025931125,9.55739150005
7620,0.00126746506986,16.0779614944,9.60571278788
7680,0.00127744510978,16.1822842495,9.69908381238
7740,0.0012874251497,16.1844202714,9.72081560106
7800,0.00129740518962,16.1475486635,9.69824225388
7860,0.00130738522954,16.062736369,9.6383181129
7920,0.00131736526946,15.9931508292,9.59721524303
7980,0.00132734530938,15.9846587648,9.56754253455
8040,0.0013373253493,16.0248639189,9.60760109558
8100,0.00134730538922,16.1120033476,9.72029789877
8160,0.00135728542914,16.1486424502,9.79300177622
8220,0.00136726546906,16.1027708644,9.80944834376
8280,0.00137724550898,16.0435899863,9.81415414547
8340,0.0013872255489,16.0405339112,9.83061288156
8400,0.00139720558882,16.0313023108,9.87176395243
8460,0.00140718562874,15.9847857839,9.86280878867
8520,0.00141716566866,16.0019126727,9.92458919119
8580,0.00142714570858,16.0358252984,10.0382167808
8640,0.0014371257485,16.0393868584,10.1273947475
8700,0.00144710578842,16.1258101979,10.2792880736
8760,0.00145708582834,16.2663369621,10.4765266269
8820,0.00146706586826,16.3100040566,10.57989927
8880,0.00147704590818,16.4440602816,10.8315162125
8940,0.0014870259481,16.2113328989,10.6667810867
9000,0.00149700598802,15.8295274772,10.3109196466
9060,0.00150698602794,15.4975980054,9.96005105807
9120,0.00151696606786,15.2398697094,9.64421532025
9180,0.00152694610778,14.9915516833,9.35056333441
9240,0.0015369261477,14.7534606172,9.06290808943
9300,0.00154690618762,14.5545048891,8.83734133041
9360,0.00155688622754,14.371187433,8.63122115881
9420,0.00156686626747,14.2239493031,8.46213421439
9480,0.00157684630739,14.1823426623,8.35249955098
9540,0.00158682634731,14.1829315901,8.29609748793
9600,0.00159680638723,14.2191382454,8.26866642185
9660,0.00160678642715,14.2560829688,8.26206888954
9720,0.00161676646707,14.2843415682,8.27503057728
9780,0.00162674650699,14.3121040638,8.29747302175
9840,0.00163672654691,14.4360137899,8.35198917371
9900,0.00164670658683,14.6491738103,8.47989884551
9960,0.00165668662675,14.8078211263,8.57936617777
10020,0.00166666666667,14.727892135,8.45913798762
10080,0.00167664670659,14.6612604333,8.39637277968
10140,0.00168662674651,14.5967437757,8.35416306907
10200,0.00169660678643,14.591759716,8.33353206932
10260,0.00170658682635,14.6164224494,8.3419329845
10320,0.00171656686627,14.6603059007,8.38388720433
10380,0.00172654690619,14.6886441595,8.41938343706
10440,0.00173652694611,14.6067458303,8.34765567557
10500,0.00174650698603,14.5340216839,8.26708011514
10560,0.00175648702595,14.5109090384,8.19659414619
10620,0.00176646706587,14.5483668746,8.1546142324
10680,0.00177644710579,14.5579077936,8.13373386561
10740,0.00178642714571,14.5731450102,8.13306340026
10800,0.00179640718563,14.4775643905,8.06904484391
10860,0.00180638722555,14.3732998073,8.02417444665
10920,0.00181636726547,14.2542444014,7.96559990839
10980,0.00182634730539,14.2188179712,7.95900502545
11040,0.00183632734531,14.1452363029,7.97143782841
11100,0.00184630738523,13.9619746789,7.86177719037
11160,0.00185628742515,13.7764718788,7.76293162175
11220,0.00186626746507,13.5810721444,7.67495244648
11280,0.00187624750499,13.3456935705,7.56250214455
11340,0.00188622754491,13.1955338004,7.46482157888
11400,0.00189620758483,12.994555387,7.31064370045
11460,0.00190618762475,12.8026479903,7.18342940746
11520,0.00191616766467,12.6041716792,7.06263665761
11580,0.00192614770459,12.3942483108,6.93824937229
11640,0.00193612774451,12.1739403592,6.80806367712
11700,0.00194610778443,12.0088603316,6.66796865346
11760,0.00195608782435,11.8748239795,6.53673868762
11820,0.00196606786427,11.7596335737,6.42432129203
11880,0.00197604790419,11.644903761,6.32735863646
11940,0.00198602794411,11.5247511355,6.24073210399
12000,0.00199600798403,11.4009224637,6.19215803672
12060,0.00200598802395,11.3113398144,6.1437508404
12120,0.00201596806387,11.2654585317,6.09282658264
12180,0.00202594810379,11.2085383113,6.06010706901
12240,0.00203592814371,11.1346361253,6.02753817696
12300,0.00204590818363,11.0467572984,5.99668948419
12360,0.00205588822355,10.9455922844,5.975199971
12420,0.00206586826347,10.8424127314,5.95299000307
12480,0.00207584830339,10.8143576022,5.94459803578
12540,0.00208582834331,10.782821815,5.94415081234
12600,0.00209580838323,10.7214051074,5.92868613455
12660,0.00210578842315,10.642642696,5.92056159822
12720,0.00211576846307,10.5465572681,5.90045424054
12780,0.00212574850299,10.4369531373,5.88097971191
12840,0.00213572854291,10.4354081573,5.88723624619
12900,0.00214570858283,10.4737994784,5.92953067417
12960,0.00215568862275,10.5061137319,5.99894027564
13020,0.00216566866267,10.5175818786,6.09705609683
13080,0.00217564870259,10.5018224095,6.16535977434
13140,0.00218562874251,10.4677190768,6.24074720369
13200,0.00219560878244,10.5037360867,6.33276631331
13260,0.00220558882236,10.588450357,6.4412296774
13320,0.00221556886228,10.697740323,6.5897378509
13380,0.0022255489022,10.8021931911,6.75475153492
13440,0.00223552894212,10.8878374117,6.90300364749
13500,0.00224550898204,10.9123499979,6.99020373763
13560,0.00225548902196,10.9569015934,7.07479533651
13620,0.00226546906188,11.0423058746,7.16728564059
13680,0.0022754491018,11.1013094119,7.23572695676
13740,0.00228542914172,11.1506533842,7.29811776203
13800,0.00229540918164,11.2149581352,7.39583873869
13860,0.00230538922156,11.3132167107,7.55775645951
13920,0.00231536926148,11.4343866373,7.76111573312
13980,0.0023253493014,11.650301266,7.99755092036
14040,0.00233532934132,11.7444589168,8.0657265377
14100,0.00234530938124,11.8490796148,8.15658416892
14160,0.00235528942116,11.9015650691,8.20033897702
14220,0.00236526946108,11.8485261394,8.12968223232
14280,0.002375249501,11.7762413956,8.07546388754
14340,0.00238522954092,11.8259887548,8.08432385246
14400,0.00239520958084,11.9065132858,8.13133340267
14460,0.00240518962076,11.957653781,8.17110478838
14520,0.00241516966068,11.9963811727,8.22162329264
14580,0.0024251497006,12.0297289974,8.29237471869
14640,0.00243512974052,11.9880347191,8.28418109877
14700,0.00244510978044,12.0767306265,8.37685642774
14760,0.00245508982036,12.2674024334,8.52971102422
14820,0.00246506986028,12.508211402,8.76374926442
14880,0.0024750499002,12.7383265839,8.99406191698
14940,0.00248502994012,12.8958365427,9.14431893323
15000,0.00249500998004,13.0450458905,9.30481911326
15060,0.00250499001996,13.2632774147,9.5208056251
15120,0.00251497005988,13.5084977412,9.70730042434
15180,0.0025249500998,13.648339573,9.78631076899
15240,0.00253493013972,13.7449435678,9.85342298079
15300,0.00254491017964,13.8469149242,9.92985484915
15360,0.00255489021956,14.0212592713,10.1414709771
15420,0.00256487025948,14.1382205348,10.318449675
15480,0.0025748502994,14.1919439088,10.3587595559
15540,0.00258483033932,14.2589484883,10.4342943407
15600,0.00259481037924,14.2574512993,10.4243515448
15660,0.00260479041916,14.1196055622,10.2732236588
15720,0.00261477045908,13.9231669425,10.074697829
15780,0.002624750499,13.6912840187,9.86000927795
15840,0.00263473053892,13.5374715417,9.65336476301
15900,0.00264471057884,13.4180956352,9.4534908529
15960,0.00265469061876,13.3097536812,9.2759407905
16020,0.00266467065868,13.1919880809,9.11945477199
16080,0.0026746506986,13.0766349308,8.97936469426
16140,0.00268463073852,12.9469181106,8.85125038554
16200,0.00269461077844,12.8669302687,8.74583982031
16260,0.00270459081836,12.8701865326,8.69657022646
16320,0.00271457085828,12.8991070834,8.68661831844
16380,0.0027245508982,12.8905067008,8.65541225582
16440,0.00273453093812,12.8860191392,8.64269329373
16500,0.00274451097804,12.8514297647,8.64650517299
16560,0.00275449101796,12.8394896257,8.68170609347
16620,0.00276447105788,12.9111672363,8.75448189185
16680,0.0027744510978,13.0240691314,8.90842638026
16740,0.00278443113772,13.1072247558,9.07391959804
16800,0.00279441117764,13.1333492291,9.19223120287
16860,0.00280439121756,13.1753540467,9.33443227981
16920,0.00281437125749,13.2540106846,9.52404961782
16980,0.00282435129741,13.4903531525,9.79880621257
17040,0.00283433133733,13.7729891942,10.1477616947
17100,0.00284431137725,14.0891124242,10.562436544
17160,0.00285429141717,14.2085404823,10.7263131946
17220,0.00286427145709,14.2687830537,10.8212472979
17280,0.00287425149701,14.3202555399,10.9159685164
17340,0.00288423153693,14.4899702981,11.0776790067
17400,0.00289421157685,14.7047285094,11.2831656069
17460,0.00290419161677,14.9117819669,11.5000050223
17520,0.00291417165669,15.1500791663,11.7545074833
17580,0.00292415169661,15.3789013806,11.9832318028
17640,0.00293413173653,15.5065486474,12.0896694495
17700,0.00294411177645,15.9699541933,12.6547084443
17760,0.00295409181637,16.7828648161,13.6655005044
17820,0.00296407185629,17.0126616181,13.8661084323
17880,0.00297405189621,16.9522420574,13.6633237565
17940,0.00298403193613,16.8887109175,13.4862125697
18000,0.00299401197605,16.7904106214,13.3721408967
18060,0.00300399201597,16.7381966572,13.2949723915
18120,0.00301397205589,16.7597682609,13.2268714149
18180,0.00302395209581,16.6618465485,13.0359549697
18240,0.00303393213573,16.5663143818,12.8847663871
18300,0.00304391217565,16.4090031689,12.6771754844
18360,0.00305389221557,16.0451174738,12.2602715923
18420,0.00306387225549,15.7693737854,11.9641868861
18480,0.00307385229541,15.6296417015,11.7656916239
18540,0.00308383233533,15.5340344907,11.6114436274
18600,0.00309381237525,15.5014941143,11.5322706045
18660,0.00310379241517,15.5180516345,11.5144780897
18720,0.00311377245509,15.5529186462,11.5217223057
18780,0.00312375249501,15.5041868183,11.47772236
18840,0.00313373253493,15.5939537448,11.523641971
18900,0.00314371257485,15.8175612098,11.6911922903
18960,0.00315369261477,16.1583577877,12.0222227913
19020,0.00316367265469,16.3645590629,12.2402475598
19080,0.00317365269461,16.2552793256,12.0863480515
19140,0.00318363273453,16.1154560695,11.9702839746
19200,0.00319361277445,15.9461577386,11.8115446199
19260,0.00320359281437,15.8511946891,11.7190805486
19320,0.00321357285429,15.8157781851,11.7219047843
19380,0.00322355289421,15.8864244145,11.869107864
19440,0.00323353293413,16.1603711856,12.3079983151
19500,0.00324351297405,16.8522883404,13.4067895582
19560,0.00325349301397,18.4803260853,15.9197269427
19620,0.00326347305389,18.7553138875,16.4886501603
19680,0.00327345309381,18.5464199267,16.2701669547
19740,0.00328343313373,18.1947771697,15.8277919452
19800,0.00329341317365,17.769843254,15.3172631265
19860,0.00330339321357,17.3155759554,14.793767371
19920,0.00331337325349,16.8453718125,14.275814753
19980,0.00332335329341,16.4920010286,13.8153715862
20040,0.00333333333333,16.1462134136,13.3501166841
20100,0.00334331337325,15.8784944579,12.990571922
20160,0.00335329341317,15.6399701549,12.6851123718
20220,0.00336327345309,15.3939008125,12.391308825
20280,0.00337325349301,15.133065729,12.1156887082
20340,0.00338323353293,14.9431202044,11.863817678
20400,0.00339321357285,14.7668361022,11.6066730954
20460,0.00340319361277,14.4912842997,11.2491078828
20520,0.00341317365269,14.222319153,10.9211595907
20580,0.00342315369261,13.969928362,10.6353744325
20640,0.00343313373253,13.7370544801,10.3869200991
20700,0.00344311377246,13.5695165194,10.1774665384
20760,0.00345309381238,13.4976446886,10.003965613
20820,0.0034630738523,13.4516335295,9.86522405482
20880,0.00347305389222,13.4491887528,9.79228518165
20940,0.00348303393214,13.4807595079,9.77799322397
21000,0.00349301397206,13.5204672797,9.79646090248
21060,0.00350299401198,13.5862265419,9.82862232426
21120,0.0035129740519,13.7818603879,9.87580008399
21180,0.00352295409182,14.0193698474,9.96081510961
21240,0.00353293413174,14.2842868238,10.1019393845
21300,0.00354291417166,14.5520574127,10.3461323383
21360,0.00355289421158,14.7466767612,10.5460934578
21420,0.0035628742515,14.8099598081,10.6101173958
21480,0.00357285429142,14.9063935586,10.6387925228
21540,0.00358283433134,15.0594403397,10.7614302547
21600,0.00359281437126,15.2265773669,10.9815950552
21660,0.00360279441118,15.2986583419,11.1035620598
21720,0.0036127744511,15.3601320677,11.2211235734
21780,0.00362275449102,15.4164384006,11.3506556002
21840,0.00363273453094,15.4161495263,11.3689821461
21900,0.00364271457086,15.3576916572,11.2559461974
21960,0.00365269461078,15.2711779625,11.138348223
22020,0.0036626746507,15.1482316706,11.0166113379
22080,0.00367265469062,15.0216414787,10.9022021013
22140,0.00368263473054,14.8889036684,10.7954490354
22200,0.00369261477046,14.7945544402,10.7206202203
22260,0.00370259481038,14.7898439028,10.6726752385
22320,0.0037125748503,14.8253909142,10.7009660891
22380,0.00372255489022,14.8497953905,10.7081997027
22440,0.00373253493014,14.842251069,10.6696262169
22500,0.00374251497006,14.8233047038,10.6354998375
22560,0.00375249500998,14.8168551419,10.6285998028
22620,0.0037624750499,14.9176330815,10.68437315
22680,0.00377245508982,15.13799812,10.912362243
22740,0.00378243512974,15.2787407029,11.1041602201
22800,0.00379241516966,15.4286610954,11.3355803177
22860,0.00380239520958,15.3119886656,11.2615674995
22920,0.0038123752495,15.1067479968,11.1036676573
22980,0.00382235528942,15.0272333445,11.0050866247
23040,0.00383233532934,14.9782608889,10.929802997
23100,0.00384231536926,14.937118747,10.8641118096
23160,0.00385229540918,14.9457440359,10.8758535216
23220,0.0038622754491,14.8935971693,10.8554406455
23280,0.00387225548902,14.7360072429,10.7520540147
23340,0.00388223552894,14.6585430557,10.672922864
23400,0.00389221556886,14.6287793945,10.5930843254
23460,0.00390219560878,14.6232957774,10.5697246284
23520,0.0039121756487,14.628270858,10.5948739817
23580,0.00392215568862,14.6189723196,10.5963760975
23640,0.00393213572854,14.6161971936,10.6105736055
23700,0.00394211576846,14.6078809015,10.6278238771
23760,0.00395209580838,14.63966968,10.6116827447
23820,0.0039620758483,14.7196293394,10.6684997823
23880,0.00397205588822,14.7947289727,10.7341108064
23940,0.00398203592814,14.7984778264,10.6961033161
24000,0.00399201596806,14.6827849715,10.5105140423
24060,0.00400199600798,14.568863291,10.33181887
24120,0.0040119760479,14.5507357707,10.1769548194
24180,0.00402195608782,14.5521238225,10.0761287234
24240,0.00403193612774,14.5397475043,9.98461590415
24300,0.00404191616766,14.5069347343,9.89106085427
24360,0.00405189620758,14.5007768463,9.83865728427
24420,0.0040618762475,14.4877880945,9.79324131879
24480,0.00407185628743,14.5442818857,9.73995038681
24540,0.00408183632735,14.6601309567,9.73186994986
24600,0.00409181636727,14.7849104809,9.74899014522
24660,0.00410179640719,14.9073451545,9.77925490685
24720,0.00411177644711,14.9778886977,9.75595721602
24780,0.00412175648703,15.0336556695,9.73929942449
24840,0.00413173652695,15.1341116179,9.74619633248
24900,0.00414171656687,15.2407384882,9.73607678064
24960,0.00415169660679,15.3321926597,9.71513180546
25020,0.00416167664671,15.4369474124,9.75912893143
25080,0.00417165668663,15.5654969296,9.87922152538
25140,0.00418163672655,15.6456151779,9.97061335574
25200,0.00419161676647,15.6919990152,10.0256195941
25260,0.00420159680639,15.8424207349,10.137630511
25320,0.00421157684631,16.085054778,10.362782561
25380,0.00422155688623,16.1634189846,10.4334672532
25440,0.00423153692615,16.2444368474,10.5180724708
25500,0.00424151696607,16.3581900201,10.6937007754
25560,0.00425149700599,16.344293661,10.7595027425
25620,0.00426147704591,16.3616074319,10.7898562441
25680,0.00427145708583,16.3973378696,10.8387741934
25740,0.00428143712575,16.2714488041,10.6848470382
25800,0.00429141716567,16.0990926294,10.4899647308
25860,0.00430139720559,15.9224463968,10.3095673541
25920,0.00431137724551,15.7143302653,10.1439499002
25980,0.00432135728543,15.5331461937,9.93929406625
26040,0.00433133732535,15.408304661,9.74847133173
26100,0.00434131736527,15.3267250764,9.62401480041
26160,0.00435129740519,15.2602057861,9.52649722694
26220,0.00436127744511,15.1520709419,9.40893775347
26280,0.00437125748503,15.0301498928,9.2866919711
26340,0.00438123752495,14.9702699121,9.1832757727
26400,0.00439121756487,14.9778331678,9.08691064729
26460,0.00440119760479,14.9862962143,9.01518063482
26520,0.00441117764471,14.9774689516,8.95069721086
26580,0.00442115768463,15.0237130999,8.97224481056
26640,0.00443113772455,15.0772054924,9.06255788004
26700,0.00444111776447,15.173496394,9.24747233643
26760,0.00445109780439,15.2475237031,9.35267382411
26820,0.00446107784431,15.256908903,9.41276401537
26880,0.00447105788423,15.1865848026,9.36349875939
26940,0.00448103792415,15.1322464473,9.34460092882
27000,0.00449101796407,15.0966942067,9.34990461515
27060,0.00450099800399,15.0719163057,9.39669542147
27120,0.00451097804391,15.1527432168,9.50143310611
27180,0.00452095808383,15.30032384,9.66854944961
27240,0.00453093812375,15.5008953422,9.90840781997
27300,0.00454091816367,15.7614061809,10.2617333642
27360,0.00455089820359,16.0939948249,10.7238863454
27420,0.00456087824351,16.4995403972,11.3304117453
27480,0.00457085828343,17.1279201875,12.1064302211
27540,0.00458083832335,17.8476342221,12.9321800206
27600,0.00459081836327,18.1802417743,13.3226387357
27660,0.00460079840319,18.597135587,13.8067745576
27720,0.00461077844311,18.9374584354,14.2428017373
27780,0.00462075848303,19.1187206048,14.5229922555
27840,0.00463073852295,19.3058520853,14.744354228
27900,0.00464071856287,19.6494757639,15.0416707216
27960,0.00465069860279,19.748030517,15.1470614399
28020,0.00466067864271,19.613097076,15.0082511582
28080,0.00467065868263,19.361700396,14.8134567424
28140,0.00468063872255,19.0784265052,14.6190891434
28200,0.00469061876248,18.738031002,14.3178960699
28260,0.0047005988024,18.4063281042,13.9402218263
28320,0.00471057884232,18.1414276802,13.6789781037
28380,0.00472055888224,17.8462005673,13.4047413247
28440,0.00473053892216,17.5100341445,13.1238298771
28500,0.00474051896208,17.1839651566,12.8597376704
28560,0.004750499002,16.8878701851,12.6287188434
28620,0.00476047904192,16.6793840698,12.4021486598
28680,0.00477045908184,16.4487144664,12.1470243823
28740,0.00478043912176,16.2144670593,11.9142284907
28800,0.00479041916168,16.0032966693,11.7345163391
28860,0.0048003992016,15.7805365317,11.56161324
28920,0.00481037924152,15.5106041383,11.3441707212
28980,0.00482035928144,15.3158971677,11.1606570817
29040,0.00483033932136,15.1802349751,11.0191474319
29100,0.00484031936128,15.0565040079,10.9160016228
29160,0.0048502994012,14.8709143873,10.7698824458
29220,0.00486027944112,14.6472347713,10.5812808613
29280,0.00487025948104,14.4361819261,10.435644606
29340,0.00488023952096,14.2799674321,10.3492775459
29400,0.00489021956088,14.1747187366,10.2671437589
29460,0.0049001996008,14.0575610055,10.1840448117
29520,0.00491017964072,13.830165103,9.99108384507
29580,0.00492015968064,13.6303775481,9.83092489596
29640,0.00493013972056,13.4504687587,9.69600006762
29700,0.00494011976048,13.2954831493,9.5929689332
29760,0.0049500998004,13.1740602596,9.47101175487
29820,0.00496007984032,12.9886289419,9.27984040793
29880,0.00497005988024,12.7853810655,9.07765291365
29940,0.00498003992016,12.568046162,8.88020370695
30000,0.00499001996008,12.3574039999,8.71080785752
30060,0.005,12.1417498166,8.54993162535
30120,0.00500998003992,11.9877107249,8.36840012901
30180,0.00501996007984,11.8315614968,8.16907162896
30240,0.00502994011976,11.6903599287,7.99281833077
30300,0.00503992015968,11.5546960595,7.84330088743
30360,0.0050499001996,11.420871105,7.70917317504
30420,0.00505988023952,11.2614869118,7.58762651948
30480,0.00506986027944,11.1435236248,7.47497447146
30540,0.00507984031936,11.0627184168,7.36936562246
30600,0.00508982035928,10.9806574459,7.31267752985
30660,0.0050998003992,10.9340791542,7.31594571275
30720,0.00510978043912,10.9089263583,7.3502442905
30780,0.00511976047904,10.762913032,7.25992508472
30840,0.00512974051896,10.6164106659,7.13766757984
30900,0.00513972055888,10.50500596,6.99719344952
30960,0.0051497005988,10.3840176147,6.85580171196
31020,0.00515968063872,10.2501156139,6.72443086231
31080,0.00516966067864,10.1173737287,6.61108516292
31140,0.00517964071856,9.97456489985,6.50274762098
31200,0.00518962075848,9.83184983973,6.4098997295
31260,0.0051996007984,9.76367884959,6.34988544103
31320,0.00520958083832,9.68327110425,6.27135494931
31380,0.00521956087824,9.59058040355,6.20224097133
31440,0.00522954091816,9.49388931704,6.13275369124
31500,0.00523952095808,9.38782744793,6.06720957842
31560,0.005249500998,9.27185807927,6.00447843343
31620,0.00525948103792,9.2267716467,5.95528041502
31680,0.00526946107784,9.20579390145,5.92359689237
31740,0.00527944111776,9.18822014797,5.93247224284
31800,0.00528942115768,9.15105878629,5.9262355764
31860,0.0052994011976,9.09184064045,5.89235195951
31920,0.00530938123752,9.01468291501,5.85201582507
31980,0.00531936127745,8.95084184831,5.78926978134
32040,0.00532934131737,8.9180179264,5.70828936843
32100,0.00533932135729,8.87422181933,5.62108421787
32160,0.00534930139721,8.81165192592,5.52571594819
32220,0.00535928143713,8.73671797626,5.42640790748
32280,0.00536926147705,8.65202795118,5.3277665389
32340,0.00537924151697,8.57843650069,5.23869858557
32400,0.00538922155689,8.56461982649,5.1655534111
32460,0.00539920159681,8.54915760591,5.10587209595
32520,0.00540918163673,8.52013703172,5.05504206449
32580,0.00541916167665,8.4749442195,4.9997451188
32640,0.00542914171657,8.42652000833,4.95875870182
32700,0.00543912175649,8.37595751551,4.93572763787
32760,0.00544910179641,8.41146001876,4.92821592649
32820,0.00545908183633,8.46370151588,4.93894325118
32880,0.00546906187625,8.51688353651,4.98395085885
32940,0.00547904191617,8.57673822762,5.04836583391
33000,0.00548902195609,8.61806414296,5.09772320655
33060,0.00549900199601,8.63077531128,5.14512106833
33120,0.00550898203593,8.70272327111,5.22427233996
33180,0.00551896207585,8.79665086734,5.30664185768
33240,0.00552894211577,8.88176354572,5.39755170609
33300,0.00553892215569,8.94630180055,5.47840761057
33360,0.00554890219561,8.96876899567,5.52644899877
33420,0.00555888223553,8.97088279108,5.5701209977
33480,0.00556886227545,9.03975969196,5.64308608396
33540,0.00557884231537,9.16502611697,5.71871672693
33600,0.00558882235529,9.26260304048,5.7798151451
33660,0.00559880239521,9.34073283354,5.83893000991
33720,0.00560878243513,9.39102175311,5.89974896588
33780,0.00561876247505,9.39540767818,5.92824179915
33840,0.00562874251497,9.39255926342,5.95770551256
33900,0.00563872255489,9.4477881589,5.98676942307
33960,0.00564870259481,9.50883684363,6.02894905259
34020,0.00565868263473,9.56284918075,6.09183329339
34080,0.00566866267465,9.62019126127,6.17091778248
34140,0.00567864271457,9.68363193313,6.27382766643
34200,0.00568862275449,9.72422296975,6.36377863159
34260,0.00569860279441,9.83720872144,6.45681053958
34320,0.00570858283433,9.93149971707,6.51119002387
34380,0.00571856287425,10.0185204638,6.58230577479
34440,0.00572854291417,10.0677524437,6.62746187495
34500,0.00573852295409,10.073906783,6.64820146082
34560,0.00574850299401,10.0340958089,6.63996431772
34620,0.00575848303393,10.0353165605,6.6247907536
34680,0.00576846307385,10.0566104527,6.61077148253
34740,0.00577844311377,10.0609232748,6.59316681514
34800,0.00578842315369,10.0422476744,6.55931563654
34860,0.00579840319361,10.0055656294,6.51473515808
34920,0.00580838323353,9.94474328463,6.45740800749
34980,0.00581836327345,9.91255498878,6.40541546119
35040,0.00582834331337,9.92864864904,6.36013849836
35100,0.00583832335329,9.91647594816,6.29573445963
35160,0.00584830339321,9.88005829782,6.22513478457
35220,0.00585828343313,9.82279319002,6.15634614416
35280,0.00586826347305,9.74216413301,6.07949762071
35340,0.00587824351297,9.65198066489,5.99229099159
35400,0.00588822355289,9.6292663391,5.90320538829
35460,0.00589820359281,9.60842376838,5.82536010634
35520,0.00590818363273,9.57777022489,5.7571687981
35580,0.00591816367265,9.54917633855,5.7080496345
35640,0.00592814371257,9.5185897163,5.67324713784
35700,0.0059381237525,9.47546240972,5.6449791795
35760,0.00594810379242,9.51804493475,5.63204411058
35820,0.00595808383234,9.56721006743,5.62485598628
35880,0.00596806387226,9.59734097678,5.59851002165
35940,0.00597804391218,9.59963273361,5.56545145299
36000,0.0059880239521,9.60422885233,5.56963264737
36060,0.00599800399202,9.64864606952,5.64363938442
36120,0.00600798403194,9.7710266024,5.75215944174
36180,0.00601796407186,9.93533603354,5.86893891643
36240,0.00602794411178,10.0761745639,5.9707885064
36300,0.0060379241517,10.174529093,6.04725624057
36360,0.00604790419162,10.2445757019,6.10990489964
36420,0.00605788423154,10.2993786043,6.19103840418
36480,0.00606786427146,10.3897395384,6.30965819668
36540,0.00607784431138,10.5437201689,6.44121408969
36600,0.0060878243513,10.7279205465,6.62395834694
36660,0.00609780439122,10.9481348775,6.87663503698
36720,0.00610778443114,11.1947987264,7.18885333951
36780,0.00611776447106,11.4134002443,7.50094912384
36840,0.00612774451098,11.5988031639,7.79624812557
36900,0.0061377245509,11.9441188125,8.21201635219
36960,0.00614770459082,12.2485953441,8.57086087158
37020,0.00615768463074,12.5147827758,8.88581381404
37080,0.00616766467066,12.8567390224,9.35211373145
37140,0.00617764471058,13.0284615521,9.60016994545
37200,0.0061876247505,13.0669687712,9.70705176306
37260,0.00619760479042,12.9511953744,9.48951040143
37320,0.00620758483034,12.8688639718,9.3019270883
37380,0.00621756487026,12.7848548602,9.11473629414
37440,0.00622754491018,12.7020486654,8.9378388499
37500,0.0062375249501,12.6199454478,8.77345148468
37560,0.00624750499002,12.5327705907,8.61417572538
37620,0.00625748502994,12.5317844064,8.51443458139
37680,0.00626746506986,12.6513229414,8.56420747229
37740,0.00627744510978,12.8013807774,8.70477491881
37800,0.0062874251497,12.9844179795,8.9295290989
37860,0.00629740518962,13.1252829489,9.09708867867
37920,0.00630738522954,13.3300471747,9.34919826323
37980,0.00631736526946,13.6760215866,9.79928306868
38040,0.00632734530938,14.1425468257,10.360530527
38100,0.0063373253493,14.5702885186,10.8774417308
38160,0.00634730538922,15.1007367741,11.541924651
38220,0.00635728542914,15.5374976811,12.1327671326
38280,0.00636726546906,15.996739916,12.7878764187
38340,0.00637724550898,16.2334162465,13.136661266
38400,0.0063872255489,16.5129395756,13.4509786191
38460,0.00639720558882,16.6287216755,13.5892705623
38520,0.00640718562874,16.7279070306,13.7430462647
38580,0.00641716566866,16.9569776315,14.1072517171
38640,0.00642714570858,17.3098837011,14.6731893675
38700,0.0064371257485,17.7198693272,15.3411735943
38760,0.00644710578842,18.0406234006,15.7552123771
38820,0.00645708582834,17.9523392908,15.5794089032
38880,0.00646706586826,17.8737979041,15.4221710985
38940,0.00647704590818,17.5106966286,14.8849294856
39000,0.0064870259481,17.1650869452,14.3880390831
39060,0.00649700598802,16.8407866032,13.927450917
39120,0.00650698602794,16.5997916177,13.5130927739
39180,0.00651696606786,16.4358506136,13.1503204061
39240,0.00652694610778,16.2988960123,12.8625928249
39300,0.0065369261477,16.1596360794,12.6353339574
39360,0.00654690618762,15.9881169356,12.4093135666
39420,0.00655688622754,15.8064514982,12.2041120658
39480,0.00656686626747,15.6765480818,12.1032539349
39540,0.00657684630739,15.6084167907,12.0417535805
39600,0.00658682634731,15.5737363012,12.0444808752
39660,0.00659680638723,15.5227609901,12.0516324439
39720,0.00660678642715,15.4173318665,12.0023127247
39780,0.00661676646707,15.2420980647,11.8791219687
39840,0.00662674650699,15.0707196377,11.7635173402
39900,0.00663672654691,14.9746655943,11.6817142536
39960,0.00664670658683,14.8828339905,11.6096868638
40020,0.00665668662675,14.7985909966,11.5712307828
40080,0.00666666666667,14.7338301901,11.5937422543
40140,0.00667664670659,14.6857031229,11.6395302646
40200,0.00668662674651,14.6589720652,11.7342142759
40260,0.00669660678643,14.7344465133,11.8981357421
40320,0.00670658682635,14.7809907242,12.039238248
40380,0.00671656686627,14.7921979709,12.1888837791
40440,0.00672654690619,14.785300211,12.3519819991
40500,0.00673652694611,14.561380939,12.2086095781
40560,0.00674650698603,14.2612713949,11.9510143389
40620,0.00675648702595,13.9798033401,11.6479927701
40680,0.00676646706587,13.7802040855,11.385695859
40740,0.00677644710579,13.6074791243,11.1756816722
40800,0.00678642714571,13.4194578522,10.9808695811
40860,0.00679640718563,13.2194503031,10.8060279832
40920,0.00680638722555,12.9437605998,10.5304254134
40980,0.00681636726547,12.7013531077,10.2712297889
41040,0.00682634730539,12.5542159902,10.0476479027
41100,0.00683632734531,12.4193460354,9.83684503411
41160,0.00684630738523,12.3021746224,9.65436945508
41220,0.00685628742515,12.1969868722,9.49370598399
41280,0.00686626746507,12.084278462,9.33539938266
41340,0.00687624750499,11.9690116812,9.19376802643
41400,0.00688622754491,11.938560419,9.05314753114
41460,0.00689620758483,11.9228981614,8.9281989426
41520,0.00690618762475,11.9148696121,8.86156518568
41580,0.00691616766467,11.9165399722,8.83241484054
41640,0.00692614770459,11.9248168738,8.83179743027
41700,0.00693612774451,11.9085143258,8.83596389493
41760,0.00694610778443,11.9536828188,8.85472228828
41820,0.00695608782435,12.0534385174,8.89601693011
41880,0.00696606786427,12.1776960203,8.98899094364
41940,0.00697604790419,12.3286034559,9.12282636102
42000,0.00698602794411,12.4782437599,9.26804767546
42060,0.00699600798403,12.6115102684,9.40528471902
42120,0.00700598802395,12.7973408266,9.58448022786
42180,0.00701596806387,13.0400715545,9.80642674557
42240,0.00702594810379,13.3096472401,10.0717541581
42300,0.00703592814371,13.524819427,10.2800155627
42360,0.00704590818363,13.5341794251,10.2277945614
42420,0.00705588822355,13.5611960065,10.197331441
42480,0.00706586826347,13.6103679994,10.1794098755
42540,0.00707584830339,13.7242788003,10.1819678921
42600,0.00708582834331,13.867987682,10.2337283959
42660,0.00709580838323,14.0082714481,10.3185479087
42720,0.00710578842315,14.1083276591,10.4227221653
42780,0.00711576846307,14.15686051,10.4987241432
42840,0.00712574850299,14.2122040519,10.5951344255
42900,0.00713572854291,14.3336331519,10.6854538981
42960,0.00714570858283,14.5590036727,10.8802876052
43020,0.00715568862275,14.8398272286,11.1750821127
43080,0.00716566866267,15.1189549298,11.5064805849
43140,0.00717564870259,15.3002024118,11.7181215871
43200,0.00718562874251,15.494359624,11.9831492412
43260,0.00719560878244,15.6233462085,12.1283287744
43320,0.00720558882236,15.7322662397,12.1938188035
43380,0.00721556886228,15.8217884441,12.2669508413
43440,0.0072255489022,15.919763457,12.3786309532
43500,0.00723552894212,16.1040352628,12.6005463933
43560,0.00724550898204,16.3368468561,12.896329567
43620,0.00725548902196,16.3725363145,12.928542524
43680,0.00726546906188,16.322524949,12.8216546641
43740,0.0072754491018,16.2128664013,12.6537485556
43800,0.00728542914172,16.0757218692,12.4711753179
43860,0.00729540918164,15.9193256387,12.2874919439
43920,0.00730538922156,15.7441064876,12.0952217549
43980,0.00731536926148,15.4852991793,11.8048527275
44040,0.0073253493014,15.2149172008,11.4186966446
44100,0.00733532934132,14.9318746255,11.0377470819
44160,0.00734530938124,14.6211277885,10.6414806022
44220,0.00735528942116,14.3190009705,10.2735284739
44280,0.00736526946108,14.0271099532,9.9250240983
44340,0.007375249501,13.7469875479,9.60745859803
44400,0.00738522954092,13.5688975991,9.33479346136
44460,0.00739520958084,13.4395034379,9.10013840532
44520,0.00740518962076,13.3163769238,8.91468990223
44580,0.00741516966068,13.2058303354,8.77905095978
44640,0.0074251497006,13.1140151362,8.68259688948
44700,0.00743512974052,13.0556616879,8.64880307181
44760,0.00744510978044,13.0824486466,8.68234708133
44820,0.00745508982036,13.2472490573,8.84424034915
44880,0.00746506986028,13.3627651734,9.00665277581
44940,0.0074750499002,13.3352885364,9.01452080214
45000,0.00748502994012,13.3662327035,9.12218413295
45060,0.00749500998004,13.4334429724,9.28571035497
45120,0.00750499001996,13.496060821,9.43793909194
45180,0.00751497005988,13.6100781932,9.58490785119
45240,0.0075249500998,13.7169208944,9.73458693999
45300,0.00753493013972,13.7916799259,9.86344304987
45360,0.00754491017964,13.771569703,9.88224381629
45420,0.00755489021956,13.7261410379,9.88921667724
45480,0.00756487025948,13.6482357953,9.85223051032
45540,0.0075748502994,13.6487286955,9.81513687027
45600,0.00758483033932,13.6627063102,9.7934724566
45660,0.00759481037924,13.7036221949,9.82084290941
45720,0.00760479041916,13.7164158806,9.85391657538
45780,0.00761477045908,13.6528250955,9.8251286938
45840,0.007624750499,13.5953653128,9.827635814
45900,0.00763473053892,13.6490308606,9.88740315952
45960,0.00764471057884,13.7378369938,9.98487701622
46020,0.00765469061876,13.8087102063,10.0921464115
46080,0.00766467065868,13.8463025788,10.1597298936
46140,0.0076746506986,13.7919826944,10.1337013935
46200,0.00768463073852,13.6395285198,9.99786030725
46260,0.00769461077844,13.528226149,9.88447072135
46320,0.00770459081836,13.4667656713,9.80146199765
46380,0.00771457085828,13.3760443273,9.7111637988
46440,0.0077245508982,13.1987547032,9.52149000133
46500,0.00773453093812,12.950530788,9.28092139741
46560,0.00774451097804,12.6769988205,9.03890558762
46620,0.00775449101796,12.4405432988,8.82289231686
46680,0.00776447105788,12.2809404016,8.62529351277
46740,0.0077744510978,12.1218653607,8.44049623962
46800,0.00778443113772,11.9566091694,8.25942151365
46860,0.00779441117764,11.7900646114,8.08904089066
46920,0.00780439121756,11.6161836899,7.92506147043
46980,0.00781437125749,11.4309517701,7.75736570613
47040,0.00782435129741,11.3420083493,7.62726231854
47100,0.00783433133733,11.2642385057,7.51502647161
47160,0.00784431137725,11.1706677446,7.4086962041
47220,0.00785429141717,11.0763063237,7.3290305
47280,0.00786427145709,10.9921725842,7.2815947743
47340,0.00787425149701,10.9104830569,7.269975865
47400,0.00788423153693,10.9264366211,7.29021656705
47460,0.00789421157685,11.0167097929,7.37762719326
47520,0.00790419161677,11.0366707402,7.38835997448
47580,0.00791417165669,10.9642098944,7.30223878996
47640,0.00792415169661,10.8404019833,7.17087593029
47700,0.00793413173653,10.6838201405,7.02621637248
47760,0.00794411177645,10.5847679497,6.90736098971
47820,0.00795409181637,10.5292312364,6.80702704074
47880,0.00796407185629,10.4653274839,6.71777519034
47940,0.00797405189621,10.3922266925,6.63774633679
48000,0.00798403193613,10.2877082831,6.5440135289
48060,0.00799401197605,10.1729991702,6.47236988524
48120,0.00800399201597,10.0696096705,6.41955512905
48180,0.00801397205589,10.0313246576,6.36570824639
48240,0.00802395209581,9.98907799036,6.3086390118
48300,0.00803393213573,9.92687755069,6.24527869846
48360,0.00804391217565,9.84828268235,6.18442375916
48420,0.00805389221557,9.74087117055,6.11979331486
48480,0.00806387225549,9.6413959093,6.0874796628
48540,0.00807385229541,9.66107360769,6.09525668777
48600,0.00808383233533,9.67751590335,6.11027701139
48660,0.00809381237525,9.67782973433,6.11807761991
48720,0.00810379241517,9.65791255492,6.10729559683
48780,0.00811377245509,9.60821462343,6.07458266837
48840,0.00812375249501,9.5441831145,6.04333152803
48900,0.00813373253493,9.55444091489,6.01056234736
48960,0.00814371257485,9.594627089,5.97671553097
49020,0.00815369261477,9.63435991928,5.95698052689
49080,0.00816367265469,9.65918421832,5.95808806144
49140,0.00817365269461,9.65686984534,5.96607645622
49200,0.00818363273453,9.62601275168,5.9701108927
49260,0.00819361277445,9.63831148835,5.9848148859
49320,0.00820359281437,9.70384282433,6.00869378241
49380,0.00821357285429,9.74688396678,6.02716018101
49440,0.00822355289421,9.77558664747,6.04695571674
49500,0.00823353293413,9.82200247187,6.10809201916
49560,0.00824351297405,9.86168431447,6.17352297775
49620,0.00825349301397,9.89262113592,6.23147901554
49680,0.00826347305389,9.89571697412,6.17373152569
49740,0.00827345309381,9.88900072851,6.12698287242
49800,0.00828343313373,9.88523913373,6.0970817369
49860,0.00829341317365,9.8957326976,6.09215743394
49920,0.00830339321357,9.87064137034,6.04765384817
49980,0.00831337325349,9.83190487676,6.00401100578
50040,0.00832335329341,9.82573219441,5.89181627142
50100,0.00833333333333,9.84011516864,5.80216816305
50160,0.00834331337325,9.84748670793,5.72676999063
50220,0.00835329341317,9.84677886053,5.66964162408
50280,0.00836327345309,9.83027104125,5.62407026681
50340,0.00837325349301,9.79861741956,5.6087003133
50400,0.00838323353293,9.82491646669,5.58412342071
50460,0.00839321357285,9.87316509659,5.5599431391
50520,0.00840319361277,9.91682011198,5.56187112856
50580,0.00841317365269,9.97707745742,5.60884766615
50640,0.00842315369261,10.0408219335,5.67900374884
50700,0.00843313373253,10.1133658334,5.78225869085
50760,0.00844311377246,10.2580501861,5.93401302344
50820,0.00845309381238,10.474037031,6.11079336931
50880,0.0084630738523,10.7178403296,6.34735506385
50940,0.00847305389222,10.9020468221,6.55282152264
51000,0.00848303393214,11.0285190975,6.73218902258
51060,0.00849301397206,11.1154487697,6.90032810769
51120,0.00850299401198,11.2150003258,7.07207270566
51180,0.0085129740519,11.399402234,7.23801320726
51240,0.00852295409182,11.5308199653,7.32037074925
51300,0.00853293413174,11.6620905659,7.42722142814
51360,0.00854291417166,11.7876629729,7.5641882725
51420,0.00855289421158,11.917205207,7.72249658295
51480,0.0085628742515,12.0211299624,7.87083804187
51540,0.00857285429142,12.1202755246,7.92837457912
51600,0.00858283433134,12.2457158117,8.01544297012
51660,0.00859281437126,12.3984323926,8.14469039637
51720,0.00860279441118,12.5205180083,8.27487901472
51780,0.0086127744511,12.6211230042,8.40846755018
51840,0.00862275449102,12.6038404101,8.44261119326
51900,0.00863273453094,12.6245037651,8.45381189054
51960,0.00864271457086,12.682391135,8.46089203378
52020,0.00865269461078,12.7254259537,8.4561936425
52080,0.0086626746507,12.7587534343,8.45940614275
52140,0.00867265469062,12.7807376925,8.46524068198
52200,0.00868263473054,12.7837378995,8.46899514368
52260,0.00869261477046,12.8216623347,8.48605153553
52320,0.00870259481038,12.9372301534,8.51956808489
52380,0.0087125748503,13.0514984077,8.55617797036
52440,0.00872255489022,13.1585174774,8.60699182304
52500,0.00873253493014,13.2486497924,8.66514595608
52560,0.00874251497006,13.3314720393,8.74467640721
52620,0.00875249500998,13.4390740568,8.84670729151
52680,0.0087624750499,13.6097231984,8.92927016286
52740,0.00877245508982,13.7698629374,9.00069978111
52800,0.00878243512974,13.9420292565,9.09578996637
52860,0.00879241516966,14.0961670397,9.19780592009
52920,0.00880239520958,14.2681121532,9.32266036083
52980,0.0088123752495,14.3766769089,9.38195807356
53040,0.00882235528942,14.502646116,9.42060474356
53100,0.00883233532934,14.6085968918,9.45594683932
53160,0.00884231536926,14.6818324202,9.49403679009
53220,0.00885229540918,14.7486631499,9.5695539991
53280,0.0088622754491,14.8509206154,9.71033835796
53340,0.00887225548902,14.9931716789,9.90412301299
53400,0.00888223552894,15.2075511529,10.1367366551
53460,0.00889221556886,15.4595108364,10.3566376536
53520,0.00890219560878,15.8396701545,10.7978979629
53580,0.0089121756487,16.3282688191,11.397072164
53640,0.00892215568862,16.9882497178,12.2577205969
53700,0.00893213572854,17.7203507683,13.241310572
53760,0.00894211576846,17.8665112395,13.5332531648
53820,0.00895209580838,18.1154962408,13.9427976456
53880,0.0089620758483,18.2196816562,14.1783113603
53940,0.00897205588822,18.2278276334,14.3091318608
54000,0.00898203592814,17.9114845065,14.0160155804
54060,0.00899201596806,17.6109045295,13.7583000532
54120,0.00900199600798,17.2989068173,13.4951591326
54180,0.0090119760479,17.10568541,13.2673089196
54240,0.00902195608782,16.9398260899,13.066513684
54300,0.00903193612774,16.7965623995,12.8936037434
54360,0.00904191616766,16.6833213402,12.7533120058
54420,0.00905189620758,16.5609226822,12.6034948422
54480,0.0090618762475,16.431692402,12.4688047425
54540,0.00907185628743,16.4313237506,12.4010248753
54600,0.00908183632735,16.5001253957,12.4224395466
54660,0.00909181636727,16.6180012904,12.5062101075
54720,0.00910179640719,16.7833797304,12.6839500469
54780,0.00911177644711,17.0256051187,12.952679364
54840,0.00912175648703,17.2917672572,13.2993485879
54900,0.00913173652695,17.6717747099,13.7644308223
54960,0.00914171656687,18.0609267904,14.2137396911
55020,0.00915169660679,18.3700399581,14.599243815
55080,0.00916167664671,18.7460024042,15.0809430092
55140,0.00917165668663,18.9571327282,15.3382315646
55200,0.00918163672655,19.3480324623,15.8350638272
55260,0.00919161676647,19.8438551501,16.4373481068
55320,0.00920159680639,20.2332215545,16.7706376577
55380,0.00921157684631,20.2429973777,16.6380103002
55440,0.00922155688623,20.1933830339,16.4894694419
55500,0.00923153692615,20.0719493263,16.3357334291
55560,0.00924151696607,19.8923455978,16.1209925635
55620,0.00925149700599,19.7157834442,15.951371976
55680,0.00926147704591,19.5724035501,15.7052413904
55740,0.00927145708583,19.3155600007,15.3118614609
55800,0.00928143712575,19.0627287784,14.9613799273
55860,0.00929141716567,18.8182863857,14.645376926
55920,0.00930139720559,18.5420171657,14.3238640382
55980,0.00931137724551,18.1251502338,13.8814520286
56040,0.00932135728543,17.7844595895,13.4532093325
56100,0.00933133732535,17.4457305812,13.0078328709
56160,0.00934131736527,17.0999250111,12.5797438488
56220,0.00935129740519,16.751684536,12.1967996213
56280,0.00936127744511,16.4115057891,11.8529860417
56340,0.00937125748503,16.0789166341,11.5175251338
56400,0.00938123752495,15.7975344114,11.2060913527
56460,0.00939121756487,15.5901441969,10.9267357646
56520,0.00940119760479,15.3914096708,10.6904289552
56580,0.00941117764471,15.2035753257,10.4977081026
56640,0.00942115768463,15.031881914,10.3229827842
56700,0.00943113772455,14.8798617913,10.1705462403
56760,0.00944111776447,14.7818520143,10.0534702566
56820,0.00945109780439,14.7702471472,9.95928823187
56880,0.00946107784431,14.7603643474,9.8736113266
56940,0.00947105788423,14.7525413355,9.83497279642
57000,0.00948103792415,14.7823501873,9.89237413524
57060,0.00949101796407,14.8869080039,10.0830427541
57120,0.00950099800399,15.0065463211,10.3476534432
57180,0.00951097804391,15.2624376104,10.693660708
57240,0.00952095808383,15.5380028435,11.1117869292
57300,0.00953093812375,15.7416931216,11.4629487538
57360,0.00954091816367,15.7862267854,11.6265731316
57420,0.00955089820359,15.8904863065,11.8849043935
57480,0.00956087824351,16.0678765814,12.2561688901
57540,0.00957085828343,16.3294528184,12.6710751439
57600,0.00958083832335,16.5583462148,12.9891209353
57660,0.00959081836327,16.7284756537,13.2667782473
57720,0.00960079840319,16.8319315555,13.4579967522
57780,0.00961077844311,16.8443055834,13.5152607888
57840,0.00962075848303,16.8373204648,13.5751786799
57900,0.00963073852295,16.8088184923,13.6080022294
57960,0.00964071856287,16.8246689789,13.6095290039
58020,0.00965069860279,16.942312611,13.7471798241
58080,0.00966067864271,16.9445859624,13.7810895343
58140,0.00967065868263,16.8665106127,13.7234457333
58200,0.00968063872255,16.7667553879,13.6875440669
58260,0.00969061876248,16.677851593,13.6388929588
58320,0.0097005988024,16.5439415024,13.3966838462
58380,0.00971057884232,16.4061165232,13.1373455746
58440,0.00972055888224,16.2557091079,12.8935065457
58500,0.00973053892216,16.1116154505,12.6797507519
58560,0.00974051896208,15.9430740182,12.4652602004
58620,0.009750499002,15.7676686944,12.2791586614
58680,0.00976047904192,15.6897842666,12.1173226142
58740,0.00977045908184,15.6480832473,11.9885190174
58800,0.00978043912176,15.6237705243,11.8940161614
58860,0.00979041916168,15.5697573455,11.7908752143
58920,0.0098003992016,15.4911318573,11.6633690577
58980,0.00981037924152,15.3172593575,11.4261720199
59040,0.00982035928144,15.2040605546,11.2284308384
59100,0.00983033932136,15.0943613925,10.9964222776
59160,0.00984031936128,14.9566828099,10.748507241
59220,0.0098502994012,14.8274204833,10.5321823731
59280,0.00986027944112,14.6783965741,10.3260089439
59340,0.00987025948104,14.494147091,10.1000312912
59400,0.00988023952096,14.3487162284,9.90917983701
59460,0.00989021956088,14.2608289836,9.69583831602
59520,0.0099001996008,14.1759783488,9.48510432513
59580,0.00991017964072,14.0708139216,9.29042797983
59640,0.00992015968064,13.9730316384,9.13946386573
59700,0.00993013972056,13.9012782979,9.06787493182
59760,0.00994011976048,13.8542536692,9.03755022544
59820,0.0099500998004,13.890676163,9.01282471314
59880,0.00996007984032,13.9178277337,8.98852759876
59940,0.00997005988024,13.8829668181,8.90791740665
60000,0.00998003992016,13.8482472261,8.89565145993
60060,0.00999001996008,13.8343398573,8.90866714347
60120,0.01,13.8171928603,8.94363066089
60121,0.010000166334,13.8174221259,8.94456252605
