60,9.98003992016e-06,0.0,0.0
120,1.99600798403e-05,0.00833321622343,0.0156336606492
180,2.99401197605e-05,0.14422079506,0.221036807435
240,3.99201596806e-05,0.486452093943,0.669937485226
300,4.99001996008e-05,0.979269549513,1.29103876556
360,5.9880239521e-05,1.75783757214,2.18011971256
420,6.98602794411e-05,2.71944879579,3.23182182893
480,7.98403193613e-05,3.74208771143,4.36463206469
540,8.98203592814e-05,4.70436991246,5.49220518932
600,9.98003992016e-05,5.41130187511,6.21586738063
660,0.000109780439122,5.9708530096,6.7297341967
720,0.000119760479042,6.54384985076,7.22166143094
780,0.000129740518962,7.19780969689,7.7967826251
840,0.000139720558882,7.83746906496,8.33255564405
900,0.000149700598802,8.44298801129,8.77804250841
960,0.000159680638723,9.01618330959,9.22996654197
1020,0.000169660678643,9.66058790012,9.6731918569
1080,0.000179640718563,10.5545193046,10.3542992289
1140,0.000189620758483,11.4254599896,10.9437116429
1200,0.000199600798403,12.1879229191,11.7939848492
1260,0.000209580838323,13.0410348983,12.6581126995
1320,0.000219560878244,13.9270268347,13.5757324447
1380,0.000229540918164,14.7436937036,14.3779512673
1440,0.000239520958084,15.5043439995,15.4618294135
1500,0.000249500998004,16.2673182689,16.7942999474
1560,0.000259481037924,17.1275552376,18.1738774576
1620,0.000269461077844,17.633322807,19.1747993183
1680,0.000279441117764,17.7738479331,19.9032669927
1740,0.000289421157685,18.4263186573,21.1612085058
1800,0.000299401197605,18.8195975402,21.83028186
1860,0.000309381237525,18.9426555719,21.4740076351
1920,0.000319361277445,19.8859526487,22.149397459
1980,0.000329341317365,21.0445725118,23.645834962
2040,0.000339321357285,21.2034198603,23.7210015603
2100,0.000349301397206,21.7667472796,23.5226990554
2160,0.000359281437126,22.3289411343,23.555770056
2220,0.000369261477046,22.7126334898,23.6498225801
2280,0.000379241516966,24.0599193132,25.920233309
2340,0.000389221556886,24.1700373786,26.1482997637
2400,0.000399201596806,23.876737812,25.3722998596
2460,0.000409181636727,23.7324361884,24.8824843
2520,0.000419161676647,23.2081567236,24.1127369297
2580,0.000429141716567,22.652098159,23.1565324333
2640,0.000439121756487,23.0085461013,22.8204821528
2700,0.000449101796407,23.6558266774,22.8157847494
2760,0.000459081836327,23.5619085494,21.84501984
2820,0.000469061876248,24.3277247165,21.8526538565
2880,0.000479041916168,24.9148958785,22.0373345333
2940,0.000489021956088,25.8419011476,23.3317446402
3000,0.000499001996008,25.3069561263,23.0015587746
3060,0.000508982035928,25.0371380948,22.8478715475
3120,0.000518962075848,24.3827105067,22.0662867079
3180,0.000528942115768,23.6942535647,21.1863523824
3240,0.000538922155689,23.3123153044,20.7351344913
3300,0.000548902195609,22.3335385417,20.1516364564
3360,0.000558882235529,21.9749583334,19.9799253487
3420,0.000568862275449,22.0347544229,20.1068249548
3480,0.000578842315369,23.1472762591,21.327126778
3540,0.000588822355289,23.164099609,21.4589295628
3600,0.00059880239521,23.0543930833,21.2620554394
3660,0.00060878243513,22.8468934619,20.7343892143
3720,0.00061876247505,23.0397140923,21.5453781935
3780,0.00062874251497,22.9052437064,21.3066420789
3840,0.00063872255489,22.767831757,21.3398963207
3900,0.00064870259481,22.5472835615,21.4420211178
3960,0.000658682634731,22.2368926941,21.5169429561
4020,0.000668662674651,21.9595863431,21.701435599
4080,0.000678642714571,22.2705457066,21.8018613955
4140,0.000688622754491,22.7372985709,21.9191882166
4200,0.000698602794411,22.9925233572,22.4726352562
4260,0.000708582834331,23.5684528569,23.8026977714
4320,0.000718562874251,23.8026440664,24.7619386225
4380,0.000728542914172,23.8567541569,24.2643377718
4440,0.000738522954092,24.9593035496,25.0861236483
4500,0.000748502994012,25.7293437664,25.7472369354
4560,0.000758483033932,26.8860649978,26.8585875008
4620,0.000768463073852,29.7851205763,30.7411952457
4680,0.000778443113772,31.2369469061,31.6146549432
4740,0.000788423153693,32.1036138976,31.5793191072
4800,0.000798403193613,32.3212316272,30.2696213824
4860,0.000808383233533,34.2724729342,30.087261567
4920,0.000818363273453,37.3659887384,32.9364999926
4980,0.000828343313373,40.4303344877,36.1240984281
5040,0.000838323353293,40.8987993557,36.5211197805
5100,0.000848303393214,41.49723809,37.3663857374
5160,0.000858283433134,38.6975092831,35.0567747789
5220,0.000868263473054,36.3862010222,32.9776832272
5280,0.000878243512974,34.5428502016,30.9816776936
5340,0.000888223552894,33.7225983163,29.6455888593
5400,0.000898203592814,33.7277526583,28.8874423719
5460,0.000908183632735,33.8002677312,28.4497462354
5520,0.000918163672655,33.8940524335,29.2842206404
5580,0.000928143712575,33.025593123,28.3910752779
5640,0.000938123752495,32.8172938235,28.5308069216
5700,0.000948103792415,31.5370171132,27.795448129
5760,0.000958083832335,31.485483137,27.463123733
5820,0.000968063872255,30.8100350867,26.1668871209
5880,0.000978043912176,29.7459665709,25.1779663854
5940,0.000988023952096,29.2556311591,24.5047835325
6000,0.000998003992016,28.6455931502,23.922263673
6060,0.00100798403194,27.5664261821,22.8114656277
6120,0.00101796407186,26.7505192188,21.8489129668
6180,0.00102794411178,26.4113888202,21.6150447015
6240,0.0010379241517,26.4813274494,21.64191337
6300,0.00104790419162,25.8978759754,21.3805570978
6360,0.00105788423154,25.0628667226,20.9532427942
6420,0.00106786427146,24.1791930391,19.978194685
6480,0.00107784431138,23.5059716689,19.5459235161
6540,0.0010878243513,23.2040838934,19.1214961642
6600,0.00109780439122,23.9316972689,20.4443518796
6660,0.00110778443114,24.3212291649,21.4309590427
6720,0.00111776447106,26.9273332452,24.3095053963
6780,0.00112774451098,31.5918953237,29.5108204439
6840,0.0011377245509,33.551669237,31.1093687295
6900,0.00114770459082,33.8102934421,31.0324526698
6960,0.00115768463074,33.5992400132,30.4135040013
7020,0.00116766467066,35.2487104216,31.8145001207
7080,0.00117764471058,35.395865108,32.3858116436
7140,0.0011876247505,35.3386094034,32.0694671721
7200,0.00119760479042,35.6528415457,31.9589444941
7260,0.00120758483034,38.1605958616,34.5494379303
7320,0.00121756487026,41.2810330262,39.4846277275
7380,0.00122754491018,43.4551280022,41.8972499628
7440,0.0012375249501,45.7167130843,43.7256003899
7500,0.00124750499002,48.2062581336,45.5185234761
7560,0.00125748502994,50.8242974414,47.4617593329
7620,0.00126746506986,50.2519326055,46.6683611747
7680,0.00127744510978,48.3203077355,44.6344697948
7740,0.0012874251497,46.8785182806,42.2367503094
7800,0.00129740518962,45.1894604963,41.2131646818
7860,0.00130738522954,41.5426694758,38.0107189552
7920,0.00131736526946,39.1108592576,34.3683308665
7980,0.00132734530938,35.8906469518,30.6332648368
8040,0.0013373253493,33.6976772051,29.79444461
8100,0.00134730538922,32.8383753808,29.0941363782
8160,0.00135728542914,31.6078186729,27.5066468166
8220,0.00136726546906,30.1273236573,26.1243718246
8280,0.00137724550898,29.130143138,25.4618530598
8340,0.0013872255489,29.2980504377,26.007612757
8400,0.00139720558882,30.2721331922,27.4626467014
8460,0.00140718562874,29.2811418857,26.7832113617
8520,0.00141716566866,27.7627330643,25.1040882983
8580,0.00142714570858,26.6327322056,23.6886912411
8640,0.0014371257485,26.3361222131,23.0178441316
8700,0.00144710578842,26.7371476112,22.9123579557
8760,0.00145708582834,26.2754273863,21.9901509439
8820,0.00146706586826,26.7190756802,22.4962784354
8880,0.00147704590818,27.1596348586,23.1837513746
8940,0.0014870259481,28.2162607937,24.3593623144
9000,0.00149700598802,29.018353333,25.0689147901
9060,0.00150698602794,29.4313749049,25.9578060098
9120,0.00151696606786,28.9305317414,25.5622571558
9180,0.00152694610778,28.9907340883,25.3981691193
9240,0.0015369261477,29.0217665316,25.2734180373
9300,0.00154690618762,28.6556597228,25.0038877665
9360,0.00155688622754,28.3107714285,25.3924771427
9420,0.00156686626747,27.907527255,25.4626105075
9480,0.00157684630739,28.2764323702,25.8553803805
9540,0.00158682634731,28.9590950664,27.143783752
9600,0.00159680638723,28.4412970591,27.2477775674
9660,0.00160678642715,27.0504360554,26.053490105
9720,0.00161676646707,25.8979705497,24.5249855713
9780,0.00162674650699,25.1605642309,23.541449148
9840,0.00163672654691,25.0352307838,23.4088881418
9900,0.00164670658683,24.8574070016,23.2795673279
9960,0.00165668662675,24.8613423414,23.3423815298
10020,0.00166666666667,26.1490046423,24.5671592758
10080,0.00167664670659,27.4492670742,25.3420964244
10140,0.00168662674651,28.0448291992,25.1828205235
10200,0.00169660678643,27.833080198,24.9550460652
10260,0.00170658682635,27.8989177829,24.572888694
10320,0.00171656686627,27.6415275191,23.9678465162
10380,0.00172654690619,27.3366053937,23.232580907
10440,0.00173652694611,26.7311749178,22.1738748058
10500,0.00174650698603,25.6555533453,20.7990971461
10560,0.00175648702595,25.2847158776,20.1819622233
10620,0.00176646706587,24.8961129836,19.6861574624
10680,0.00177644710579,24.0468140937,18.9354422508
10740,0.00178642714571,23.6118415658,18.4519799989
10800,0.00179640718563,23.6731945853,18.5917588446
10860,0.00180638722555,23.8197981572,18.8798056727
10920,0.00181636726547,22.915570705,18.3622073515
10980,0.00182634730539,22.2952330076,18.636314302
11040,0.00183632734531,23.721423186,19.9264695615
11100,0.00184630738523,24.350461017,20.8073525284
11160,0.00185628742515,23.6586866706,19.9536366431
11220,0.00186626746507,23.1138500606,19.0879534375
11280,0.00187624750499,22.6943280746,18.49433024
11340,0.00188622754491,22.6503613655,18.1525590652
11400,0.00189620758483,23.293384789,18.423764643
11460,0.00190618762475,24.3837764286,19.2371941907
11520,0.00191616766467,24.9289939542,19.6672333405
11580,0.00192614770459,25.34323457,20.3788373955
11640,0.00193612774451,26.2804496026,22.6374581467
11700,0.00194610778443,27.5519698469,24.8607512422
11760,0.00195608782435,28.1723071412,26.4540628317
11820,0.00196606786427,28.7694498046,27.5069937887
11880,0.00197604790419,28.570390617,26.2830090466
11940,0.00198602794411,29.4366294547,27.319123328
12000,0.00199600798403,31.1039881935,29.124401265
12060,0.00200598802395,32.6599291043,30.8219210305
12120,0.00201596806387,32.2104624614,30.7841597194
12180,0.00202594810379,32.2883360435,31.3162976982
12240,0.00203592814371,33.1582968862,32.837065967
12300,0.00204590818363,32.7657154255,32.374627785
12360,0.00205588822355,33.2890737343,32.7777221479
12420,0.00206586826347,32.850639758,32.0783749003
12480,0.00207584830339,32.5704065048,31.3815825512
12540,0.00208582834331,31.1524464242,29.9368674473
12600,0.00209580838323,30.1074579313,28.7423009678
12660,0.00210578842315,30.3643810259,28.166394524
12720,0.00211576846307,30.5397555553,28.3075879562
12780,0.00212574850299,30.1960820059,28.034554897
12840,0.00213572854291,29.1955650587,26.7155938686
12900,0.00214570858283,28.847055537,25.1098847167
12960,0.00215568862275,28.3044033005,23.4351873618
13020,0.00216566866267,27.3610757379,22.032381928
13080,0.00217564870259,26.0579625372,20.3141840754
13140,0.00218562874251,25.3257501888,19.3225865369
13200,0.00219560878244,24.6905925347,18.7979413186
13260,0.00220558882236,23.9630812958,18.6849878362
13320,0.00221556886228,23.3920998206,18.8845769756
13380,0.0022255489022,22.1362203403,18.0051377136
13440,0.00223552894212,20.8355868614,16.8010160917
13500,0.00224550898204,19.6109582814,15.7378338837
13560,0.00225548902196,18.768188721,14.9284422877
13620,0.00226546906188,18.3864118745,14.7315553104
13680,0.0022754491018,18.2052889552,14.741397002
13740,0.00228542914172,18.149984245,14.674318859
13800,0.00229540918164,18.458788277,15.1067644399
13860,0.00230538922156,20.1687700778,16.5966701047
13920,0.00231536926148,23.5585255767,20.3267038954
13980,0.0023253493014,26.1428811612,23.8562170138
14040,0.00233532934132,27.9848714502,26.8429849551
14100,0.00234530938124,29.7149110554,29.1152112168
14160,0.00235528942116,29.3550092045,28.7171025553
14220,0.00236526946108,29.4129451655,28.5663869737
14280,0.002375249501,28.9884887528,27.9063821143
14340,0.00238522954092,28.5422622278,27.0826005871
14400,0.00239520958084,28.7991486486,27.5065756909
14460,0.00240518962076,28.5621252411,27.6563549296
14520,0.00241516966068,27.8909753788,26.6434165871
14580,0.0024251497006,27.0481700933,26.0492353411
14640,0.00243512974052,25.3224491793,24.6021042841
14700,0.00244510978044,23.8053112172,23.3749119939
14760,0.00245508982036,22.2947909045,21.6687937117
14820,0.00246506986028,21.8299612937,20.9410719138
14880,0.0024750499002,20.8780413538,19.940182402
14940,0.00248502994012,20.2731521553,19.1344595241
15000,0.00249500998004,22.3091364159,21.1508965653
15060,0.00250499001996,22.4296485933,22.0155684115
15120,0.00251497005988,22.9488715166,22.5546347858
15180,0.0025249500998,23.2863794668,22.4977362762
15240,0.00253493013972,24.8402788266,24.2688727861
15300,0.00254491017964,24.9794861988,24.5921146386
15360,0.00255489021956,25.794323336,25.8946866114
15420,0.00256487025948,26.9190070085,26.9733579772
15480,0.0025748502994,28.0223797519,29.1639893988
15540,0.00258483033932,28.8978202024,30.6718135926
15600,0.00259481037924,29.7616824383,32.5145431378
15660,0.00260479041916,29.8669823907,33.5147927774
15720,0.00261477045908,28.8124532677,33.3298259513
15780,0.002624750499,27.9820940425,32.3827064169
15840,0.00263473053892,27.4028401042,31.1759623767
15900,0.00264471057884,27.0081799226,30.1140346768
15960,0.00265469061876,26.3626675617,29.3824408857
16020,0.00266467065868,25.9119431368,28.6827873398
16080,0.0026746506986,25.4558422863,28.9052339836
16140,0.00268463073852,24.6651409429,27.5049414352
16200,0.00269461077844,23.443112293,26.0865525716
16260,0.00270459081836,22.796146428,25.7410627976
16320,0.00271457085828,23.3911891964,25.9450766098
16380,0.0027245508982,24.6835740873,27.0267021713
16440,0.00273453093812,27.0637763697,29.7277529215
16500,0.00274451097804,28.9564983914,31.749437767
16560,0.00275449101796,32.063444176,32.8804103844
16620,0.00276447105788,33.5290035098,34.3481161956
16680,0.0027744510978,34.0405793543,34.9906764633
16740,0.00278443113772,35.4922583425,35.0170555873
16800,0.00279441117764,35.6679069524,34.7599825178
16860,0.00280439121756,34.2463801309,33.3259685432
16920,0.00281437125749,37.3803765402,36.7046958334
16980,0.00282435129741,41.0622937622,43.3285812867
17040,0.00283433133733,41.7871139779,45.7628339891
17100,0.00284431137725,37.6343446068,41.3477403755
17160,0.00285429141717,33.2984114485,35.7988492664
17220,0.00286427145709,29.9348064062,30.8642644248
17280,0.00287425149701,29.0554953436,29.6672112438
17340,0.00288423153693,27.4433348508,29.021478797
17400,0.00289421157685,27.6885503884,29.3250534522
17460,0.00290419161677,27.7814984548,28.550920291
17520,0.00291417165669,28.0153567421,27.9681816844
17580,0.00292415169661,28.5833150064,28.4766272611
17640,0.00293413173653,27.9376632733,28.7850967734
17700,0.00294411177645,29.3644549398,31.6662493846
17760,0.00295409181637,28.548331192,30.9718070742
17820,0.00296407185629,29.7917075787,32.4408287694
17880,0.00297405189621,31.3508196205,36.2248054681
17940,0.00298403193613,31.2682863206,35.0710445934
18000,0.00299401197605,30.4158859274,33.9031209464
18060,0.00300399201597,29.4075682098,32.9420209461
18120,0.00301397205589,28.0194885007,30.3977866915
18180,0.00302395209581,26.7908144321,28.0266589993
18240,0.00303393213573,25.6588986617,25.7309708139
18300,0.00304391217565,26.2606381834,27.1865185427
18360,0.00305389221557,25.5569155916,26.2617031444
18420,0.00306387225549,25.5112649354,24.9475218782
18480,0.00307385229541,25.5521674607,24.2738161692
18540,0.00308383233533,25.8858341052,24.3501536151
18600,0.00309381237525,25.5447307563,24.098735054
18660,0.00310379241517,25.2462932469,23.6834633935
18720,0.00311377245509,25.4102072044,23.7354049207
18780,0.00312375249501,26.0755284885,23.7633601284
18840,0.00313373253493,26.4034341209,23.7996429111
18900,0.00314371257485,27.3300733112,24.205989432
18960,0.00315369261477,27.500820793,24.4854550312
19020,0.00316367265469,27.1003881506,24.1261905673
19080,0.00317365269461,26.6592224114,23.158239575
19140,0.00318363273453,26.3512493187,22.5127285117
19200,0.00319361277445,26.3088929912,22.1618801036
19260,0.00320359281437,25.8773373009,21.7580686721
19320,0.00321357285429,24.8738157922,21.3029821414
19380,0.00322355289421,24.5338183179,21.9443554985
19440,0.00323353293413,24.1322533172,21.5399043727
19500,0.00324351297405,24.0508163436,21.3179705082
19560,0.00325349301397,24.3056042403,21.3402646216
19620,0.00326347305389,24.5782666746,21.6286314235
19680,0.00327345309381,25.0887386038,22.5653010268
19740,0.00328343313373,25.837344007,23.4893093062
19800,0.00329341317365,26.7618261172,24.6248293486
19860,0.00330339321357,27.0082549404,25.0314514333
19920,0.00331337325349,27.2586103143,25.6384550592
19980,0.00332335329341,27.1867260756,25.251889531
20040,0.00333333333333,27.398413339,24.9021028604
20100,0.00334331337325,27.2233689801,23.4549558497
20160,0.00335329341317,26.9441050867,23.1625822903
20220,0.00336327345309,26.7540509696,22.8311644264
20280,0.00337325349301,26.9777815658,22.580221344
20340,0.00338323353293,27.1328598561,22.5184734879
20400,0.00339321357285,27.3512397134,22.48659304
20460,0.00340319361277,27.4612682389,22.4632609068
20520,0.00341317365269,28.5290775639,23.2178887767
20580,0.00342315369261,29.2791898009,23.379331473
20640,0.00343313373253,27.967205307,22.2918246857
20700,0.00344311377246,27.4846829589,22.2567089746
20760,0.00345309381238,27.324215363,22.7995994462
20820,0.0034630738523,25.6832046222,22.0420471939
20880,0.00347305389222,25.3040270069,21.9536735678
20940,0.00348303393214,25.1512954907,22.0836113391
21000,0.00349301397206,25.8739860568,22.674096371
21060,0.00350299401198,26.6208416415,24.1139949889
21120,0.0035129740519,26.3575989529,24.2585663947
21180,0.00352295409182,26.4575353849,24.7807364312
21240,0.00353293413174,26.0934757626,24.3191629814
21300,0.00354291417166,26.3324746503,24.3282408699
21360,0.00355289421158,26.5339658156,24.0904071125
21420,0.0035628742515,26.7686003141,24.2162971661
21480,0.00357285429142,26.2632525491,23.8575706941
21540,0.00358283433134,25.9573147365,23.6497238069
21600,0.00359281437126,28.2813065461,26.7424659452
21660,0.00360279441118,31.382182129,30.4480404974
21720,0.0036127744511,34.3098583907,33.6709445219
21780,0.00362275449102,38.1336995495,37.912109214
21840,0.00363273453094,39.8086136792,40.2549261888
21900,0.00364271457086,36.084949542,36.9320300946
21960,0.00365269461078,33.3840645932,34.7724151612
22020,0.0036626746507,31.3439276885,32.6145131556
22080,0.00367265469062,29.9807029657,31.4924578358
22140,0.00368263473054,28.6237893498,30.1661481296
22200,0.00369261477046,27.2704725957,28.9372792618
22260,0.00370259481038,26.013215592,27.6517788017
22320,0.0037125748503,24.8603464262,26.7152153285
22380,0.00372255489022,24.3149855337,26.835502958
22440,0.00373253493014,22.7075579443,26.8538123974
22500,0.00374251497006,22.2415795318,26.6942649943
22560,0.00375249500998,22.5737541211,26.9589444764
22620,0.0037624750499,22.6224321918,27.725496047
22680,0.00377245508982,23.4771054313,28.7289788037
22740,0.00378243512974,25.6486761841,30.5280888642
22800,0.00379241516966,25.6134284525,30.4806019046
22860,0.00380239520958,24.4359717541,28.6320915534
22920,0.0038123752495,23.8360689248,27.1641512331
22980,0.00382235528942,23.2267601981,25.4175263879
23040,0.00383233532934,22.9012911647,23.9824884452
23100,0.00384231536926,23.2279447363,23.9227575534
23160,0.00385229540918,23.1607861716,24.2805191896
23220,0.0038622754491,22.7603377943,23.9782433422
23280,0.00387225548902,22.3591655856,23.4419630299
23340,0.00388223552894,21.8093397594,22.7435776369
23400,0.00389221556886,21.3901884469,21.8670693845
23460,0.00390219560878,21.4873684147,21.4771074051
23520,0.0039121756487,22.749781862,22.9985177977
23580,0.00392215568862,22.7561031506,23.3411193485
23640,0.00393213572854,23.1925864004,24.2588890951
23700,0.00394211576846,24.72199785,26.5767271409
23760,0.00395209580838,28.0950648192,30.9325587536
23820,0.0039620758483,32.3215029911,37.2812708276
23880,0.00397205588822,34.9318678002,41.1103051908
23940,0.00398203592814,34.2722025,39.616514047
24000,0.00399201596806,32.9187166866,37.3055171461
24060,0.00400199600798,31.151615756,34.8330131278
24120,0.0040119760479,29.2426017911,32.7656390003
24180,0.00402195608782,27.5388261109,30.4090541477
24240,0.00403193612774,26.7172123915,28.757683458
24300,0.00404191616766,26.995829271,29.7882507379
24360,0.00405189620758,27.9116410676,31.2076292028
24420,0.0040618762475,26.9471772823,30.4566101749
24480,0.00407185628743,26.187812502,29.5643339059
24540,0.00408183632735,25.1379451672,27.9827978261
24600,0.00409181636727,23.9335224101,26.1229625172
24660,0.00410179640719,23.4454107122,25.0135216755
24720,0.00411177644711,23.557941106,24.1220200407
24780,0.00412175648703,23.2559793736,23.4893899545
24840,0.00413173652695,23.6501256318,23.6353381582
24900,0.00414171656687,25.4589248401,24.6597527595
24960,0.00415169660679,27.3632019307,25.9913554226
25020,0.00416167664671,29.4865152462,27.4398468231
25080,0.00417165668663,31.4985159485,28.6681959192
25140,0.00418163672655,31.6785011278,27.6988976131
25200,0.00419161676647,30.9536947342,26.2295455101
25260,0.00420159680639,30.5072257189,24.8649700761
25320,0.00421157684631,32.0689239253,26.0637084626
25380,0.00422155688623,34.743397126,28.2772656266
25440,0.00423153692615,35.8432719374,29.6124468379
25500,0.00424151696607,36.2936725095,30.939569604
25560,0.00425149700599,39.4527032481,35.7683429792
25620,0.00426147704591,39.8130847736,37.0554381188
25680,0.00427145708583,38.0462205663,35.6759472549
25740,0.00428143712575,35.5804446481,32.5618721246
25800,0.00429141716567,33.5947827139,29.967314797
25860,0.00430139720559,33.0895747163,29.0835813651
25920,0.00431137724551,32.14019178,27.5752086852
25980,0.00432135728543,31.6846148774,27.4623472278
26040,0.00433133732535,31.1085555683,27.3992504516
26100,0.00434131736527,29.4449433872,25.4155248747
26160,0.00435129740519,27.8680182563,23.7339551995
26220,0.00436127744511,26.5025256507,22.8993922613
26280,0.00437125748503,24.8139866207,21.9399657665
26340,0.00438123752495,23.6459200675,21.3179352362
26400,0.00439121756487,23.2287256336,21.2345849851
26460,0.00440119760479,23.2900310204,21.7903139177
26520,0.00441117764471,23.1808943964,21.5437467643
26580,0.00442115768463,22.9715990385,20.8972878768
26640,0.00443113772455,24.6351673566,23.7079723102
26700,0.00444111776447,25.9209698017,25.2865963706
26760,0.00445109780439,27.7264020317,29.0160181668
26820,0.00446107784431,27.9831177064,29.8184865327
26880,0.00447105788423,27.4058103634,29.3815191911
26940,0.00448103792415,26.6422413041,28.1944934089
27000,0.00449101796407,26.793679894,28.2167056579
27060,0.00450099800399,26.6533150872,28.3694549219
27120,0.00451097804391,27.0980095699,28.5405817152
27180,0.00452095808383,27.3979331487,28.2483894106
27240,0.00453093812375,26.8392252154,27.0647204901
27300,0.00454091816367,26.6562123679,26.0702721544
27360,0.00455089820359,26.8678145087,25.4610058653
27420,0.00456087824351,26.2851335548,24.384189511
27480,0.00457085828343,25.7366055776,23.4779475413
27540,0.00458083832335,24.9301910161,22.334126626
27600,0.00459081836327,23.7478062912,20.7016221984
27660,0.00460079840319,22.1024779023,18.6916706582
27720,0.00461077844311,20.6327527263,17.8206270305
27780,0.00462075848303,19.6773965471,17.3568532488
27840,0.00463073852295,19.3842837397,17.257006115
27900,0.00464071856287,19.415446378,17.1707476442
27960,0.00465069860279,19.9269213456,17.1787026747
28020,0.00466067864271,20.9479414388,18.0647637008
28080,0.00467065868263,20.4631149897,17.3334019283
28140,0.00468063872255,19.9907500101,16.645113378
28200,0.00469061876248,19.735769239,16.367070351
28260,0.0047005988024,19.5848309864,16.5735322361
28320,0.00471057884232,19.5144165759,16.9276836499
28380,0.00472055888224,19.9067319092,17.7260529018
28440,0.00473053892216,20.8539125529,19.4281828647
28500,0.00474051896208,20.9401604152,20.1731957386
28560,0.004750499002,20.7889456836,20.2206305543
28620,0.00476047904192,20.781781356,20.3422139076
28680,0.00477045908184,20.4800979545,20.3227351706
28740,0.00478043912176,20.3727209326,20.5358730569
28800,0.00479041916168,20.1448969076,20.5619894611
28860,0.0048003992016,19.8476357758,20.376107072
28920,0.00481037924152,20.0398327136,20.7479958379
28980,0.00482035928144,20.0953851032,21.2372682928
29040,0.00483033932136,20.4119806575,21.1619160568
29100,0.00484031936128,21.482324892,21.5935840213
29160,0.0048502994012,21.881110565,21.3331546599
29220,0.00486027944112,22.8189411188,21.607056467
29280,0.00487025948104,23.7007529759,22.4428210882
29340,0.00488023952096,24.2292473487,22.6290149551
29400,0.00489021956088,23.3549506089,21.5047528361
29460,0.0049001996008,22.2094066475,20.1910850109
29520,0.00491017964072,21.4507061403,19.4928769387
29580,0.00492015968064,20.9286833289,18.9396067636
29640,0.00493013972056,19.4856141777,17.7088907656
29700,0.00494011976048,18.7016644168,16.8172126905
29760,0.0049500998004,18.4058733949,16.4880807566
29820,0.00496007984032,18.5161880921,16.4989298183
29880,0.00497005988024,19.2939822679,17.3726022088
29940,0.00498003992016,20.327264633,18.9343983379
30000,0.00499001996008,21.3952774304,20.3341253441
30060,0.005,21.2956651865,20.6619216985
30120,0.00500998003992,20.5438732568,20.1608991435
30180,0.00501996007984,19.8208777945,19.2886254479
30240,0.00502994011976,19.4905156172,18.4775796299
30300,0.00503992015968,19.3802796664,18.0955323259
30360,0.0050499001996,19.4788271959,18.2223501591
30420,0.00505988023952,19.7249606315,18.3646563431
30480,0.00506986027944,19.5696484592,17.8418741059
30540,0.00507984031936,18.9774328349,16.9353355701
30600,0.00508982035928,18.3854859723,16.2036082314
30660,0.0050998003992,18.1910191057,15.8281855188
30720,0.00510978043912,19.4719022246,17.6840305432
30780,0.00511976047904,18.4401431637,16.6569907336
30840,0.00512974051896,17.7483417459,15.9867697243
30900,0.00513972055888,17.2780947417,15.8470858499
30960,0.0051497005988,17.2091964791,16.0311595936
31020,0.00515968063872,17.5497776318,16.2338007028
31080,0.00516966067864,17.9639282896,16.4934048685
31140,0.00517964071856,18.0212611976,16.6919575965
31200,0.00518962075848,17.9545176634,16.5671969912
31260,0.0051996007984,17.4590138251,16.1221892621
31320,0.00520958083832,16.9149686987,15.7071574017
31380,0.00521956087824,16.6200640421,15.3235628275
31440,0.00522954091816,16.2071097454,14.8090853626
31500,0.00523952095808,15.9360513593,14.5444461326
31560,0.005249500998,15.5148028843,14.1564473262
31620,0.00525948103792,15.4538769979,13.874136059
31680,0.00526946107784,15.5521478961,13.705888181
31740,0.00527944111776,16.0414672691,13.9043508574
31800,0.00528942115768,16.4034999424,14.2773648862
31860,0.0052994011976,16.4491496564,14.526459367
31920,0.00530938123752,16.4110776447,14.6511182807
31980,0.00531936127745,16.4977610973,15.008848226
32040,0.00532934131737,17.5823067095,16.5823825644
32100,0.00533932135729,18.4727203418,18.12784485
32160,0.00534930139721,19.6594357862,19.7418267421
32220,0.00535928143713,19.542592119,19.7407867237
32280,0.00536926147705,19.6684821623,19.9104591602
32340,0.00537924151697,19.818666126,19.4979241335
32400,0.00538922155689,20.4217731213,19.614033957
32460,0.00539920159681,22.0076761866,21.4553751715
32520,0.00540918163673,23.1740974049,22.6284686229
32580,0.00541916167665,22.8725529494,21.8189253318
32640,0.00542914171657,22.9657886007,21.4627915723
32700,0.00543912175649,24.9059845722,23.2228006378
32760,0.00544910179641,25.187055581,23.1845088432
32820,0.00545908183633,25.9298080533,23.911989825
32880,0.00546906187625,25.442480845,23.1572633824
32940,0.00547904191617,24.6995574149,22.4325020764
33000,0.00548902195609,24.7459215293,22.7718033955
33060,0.00549900199601,24.0574084684,22.6030045052
33120,0.00550898203593,23.4879227445,22.239864265
33180,0.00551896207585,23.1358223406,21.670691045
33240,0.00552894211577,23.5968549111,21.644024769
33300,0.00553892215569,23.848321226,22.1340826784
33360,0.00554890219561,23.0880017835,21.9440212246
33420,0.00555888223553,22.9816876045,21.7514172767
33480,0.00556886227545,23.0949405573,21.5827987881
33540,0.00557884231537,23.2397615777,21.702362459
33600,0.00558882235529,24.4348091362,23.4142992196
33660,0.00559880239521,24.9047912911,24.2718388367
33720,0.00560878243513,24.8788357724,24.6925479928
33780,0.00561876247505,24.7662085293,24.9792271487
33840,0.00562874251497,24.4663813404,24.7028326988
33900,0.00563872255489,24.8697443153,24.767994468
33960,0.00564870259481,25.4984611242,24.8840994159
34020,0.00565868263473,26.9593719782,25.7546188554
34080,0.00566866267465,28.0242923847,26.1840706228
34140,0.00567864271457,29.7474514225,26.8561218892
34200,0.00568862275449,30.7292279744,27.1643037643
34260,0.00569860279441,31.592523319,28.009641239
34320,0.00570858283433,31.7996791004,28.0932915881
34380,0.00571856287425,32.1371629446,28.5574799394
34440,0.00572854291417,31.7418282318,28.5404418925
34500,0.00573852295409,31.4189392869,27.7398310903
34560,0.00574850299401,33.0528858409,29.7563019304
34620,0.00575848303393,36.2292258432,33.7838517843
34680,0.00576846307385,36.597828453,34.3456997373
34740,0.00577844311377,39.7093276612,37.8378329804
34800,0.00578842315369,40.9949210296,39.6768852667
34860,0.00579840319361,41.2648963723,39.4936321275
34920,0.00580838323353,42.6009965962,40.8974656646
34980,0.00581836327345,44.2425871674,42.4832150218
35040,0.00582834331337,45.4459975293,42.7944045772
35100,0.00583832335329,46.1361307075,44.4949276718
35160,0.00584830339321,43.7357798311,43.0269753371
35220,0.00585828343313,42.2776037004,41.7710617368
35280,0.00586826347305,40.719976894,40.0069283287
35340,0.00587824351297,38.2886876467,37.6780769578
35400,0.00588822355289,37.3070472007,35.5609284071
35460,0.00589820359281,36.0622440084,33.4297292389
35520,0.00590818363273,34.4112947295,30.7001834131
35580,0.00591816367265,34.9860725456,30.0291012201
35640,0.00592814371257,34.8205946471,29.6357072116
35700,0.0059381237525,34.9039814279,29.2738043227
35760,0.00594810379242,33.69818801,27.7867206529
35820,0.00595808383234,32.2954771237,26.8052513785
35880,0.00596806387226,31.1196913471,25.6168887748
35940,0.00597804391218,30.5155646253,24.8477705778
36000,0.0059880239521,29.1423235432,24.3617270258
36060,0.00599800399202,27.7336234466,23.5182130374
36120,0.00600798403194,26.3726795,22.4001137932
36180,0.00601796407186,25.5348114364,21.9017457674
36240,0.00602794411178,25.6210224586,22.6987486077
36300,0.0060379241517,25.4633728856,23.8470833013
36360,0.00604790419162,24.826954036,23.3646048085
36420,0.00605788423154,24.4437777612,23.9022678576
36480,0.00606786427146,23.9972941887,24.0376662433
36540,0.00607784431138,22.9985013795,23.7126243462
36600,0.0060878243513,22.1399381902,23.2915055086
36660,0.00609780439122,21.6320350854,22.6923736374
36720,0.00610778443114,21.4621243467,22.264402808
36780,0.00611776447106,21.7531947866,22.4165579788
36840,0.00612774451098,22.1623862204,22.8197036946
36900,0.0061377245509,23.1133553181,24.0584771877
36960,0.00614770459082,23.5170296552,23.9290481497
37020,0.00615768463074,24.7308764697,24.5189749574
37080,0.00616766467066,25.7055131561,25.4665823211
37140,0.00617764471058,24.6331552517,25.1588422237
37200,0.0061876247505,23.9324495465,23.9904602566
37260,0.00619760479042,23.8485647044,23.4998370371
37320,0.00620758483034,23.5535682816,23.3727056485
37380,0.00621756487026,24.2301987457,24.291879171
37440,0.00622754491018,24.3618586295,25.4322174627
37500,0.0062375249501,26.2239239135,26.83942348
37560,0.00624750499002,27.1283918925,27.1906764793
37620,0.00625748502994,27.4233239388,26.972962871
37680,0.00626746506986,27.329375117,26.5458568324
37740,0.00627744510978,27.6805733677,26.436690523
37800,0.0062874251497,28.2828137894,27.3760758952
37860,0.00629740518962,28.8895759769,27.8968156552
37920,0.00630738522954,27.9923668992,26.754080225
37980,0.00631736526946,27.1933152282,25.6499081103
38040,0.00632734530938,27.4805471332,26.6640801044
38100,0.0063373253493,27.8933682072,30.4344928475
38160,0.00634730538922,26.9502913687,29.2599903019
38220,0.00635728542914,27.4705401123,29.1216860032
38280,0.00636726546906,28.8626235114,29.6532774072
38340,0.00637724550898,31.4281954325,31.3807207238
38400,0.0063872255489,34.2912477578,34.3602892834
38460,0.00639720558882,37.0119039444,36.4525635426
38520,0.00640718562874,37.6857903927,37.7296890881
38580,0.00641716566866,38.5479392813,37.9182666878
38640,0.00642714570858,39.8718523071,40.2137327583
38700,0.0064371257485,38.5769883176,39.9961307358
38760,0.00644710578842,36.1595580574,37.3910915798
38820,0.00645708582834,33.6850335668,34.5657081513
38880,0.00646706586826,31.1357222534,31.5701497154
38940,0.00647704590818,28.9822205289,29.0894128831
39000,0.0064870259481,27.8535707156,28.1181630059
39060,0.00649700598802,27.1282862438,27.3706677809
39120,0.00650698602794,26.7318011634,26.2021766373
39180,0.00651696606786,26.9864761008,25.6066987055
39240,0.00652694610778,27.122399538,25.7982824878
39300,0.0065369261477,25.8990022656,24.2060044006
39360,0.00654690618762,25.0354781876,23.1610325225
39420,0.00655688622754,25.0754352289,23.0240905861
39480,0.00656686626747,23.5974729715,21.4485384028
39540,0.00657684630739,22.3717791793,20.1618273255
39600,0.00658682634731,21.7795661807,19.4722955593
39660,0.00659680638723,21.7440473008,19.5414443766
39720,0.00660678642715,21.7068459943,19.5546417947
39780,0.00661676646707,22.6541628301,20.6846033008
39840,0.00662674650699,24.3477821913,22.4638556403
39900,0.00663672654691,26.0622149057,24.3145475984
39960,0.00664670658683,26.3518519351,24.4343353077
40020,0.00665668662675,26.2711609997,23.9128836061
40080,0.00666666666667,25.7081793216,23.1053636807
40140,0.00667664670659,24.9632946227,22.1157927548
40200,0.00668662674651,24.4237896531,21.6758403714
40260,0.00669660678643,23.8970913353,21.1660018394
40320,0.00670658682635,23.7928920775,20.8558315219
40380,0.00671656686627,24.724431494,21.7044845587
40440,0.00672654690619,25.1086302886,22.3283703173
40500,0.00673652694611,25.3364490896,22.862511447
40560,0.00674650698603,25.8224333489,24.1392843971
40620,0.00675648702595,26.5436999899,25.7473592029
40680,0.00676646706587,26.5940650678,26.1429948274
40740,0.00677644710579,26.8390387929,26.8646860925
40800,0.00678642714571,28.5039034618,29.329620958
40860,0.00679640718563,31.6973837347,34.0281318899
40920,0.00680638722555,32.3070590765,35.4789506249
40980,0.00681636726547,33.188544325,36.6767185961
41040,0.00682634730539,32.241117774,35.7307279116
41100,0.00683632734531,31.5950610219,34.5128966339
41160,0.00684630738523,31.0632370383,33.0626605385
41220,0.00685628742515,30.7473310084,32.081570614
41280,0.00686626746507,30.0938889081,30.623471433
41340,0.00687624750499,28.7908502403,28.7847790665
41400,0.00688622754491,28.2705881346,27.5281259476
41460,0.00689620758483,28.679444695,27.1657571427
41520,0.00690618762475,28.757567843,27.3678218833
41580,0.00691616766467,30.2522213999,28.9982711992
41640,0.00692614770459,30.871126163,29.8153184482
41700,0.00693612774451,29.5181158113,28.2655692739
41760,0.00694610778443,28.1738890527,26.6661740961
41820,0.00695608782435,27.2806594148,25.2274798098
41880,0.00696606786427,26.1381679093,24.2036834558
41940,0.00697604790419,24.9679866564,22.844094413
42000,0.00698602794411,24.0967553177,21.758010877
42060,0.00699600798403,23.9339624958,20.9166396827
42120,0.00700598802395,23.4689537383,20.2293892012
42180,0.00701596806387,22.6038821497,19.3627632363
42240,0.00702594810379,22.2849144838,18.880872321
42300,0.00703592814371,22.3692286295,18.8756685097
42360,0.00704590818363,22.3838727205,18.9755137425
42420,0.00705588822355,22.6722746331,19.3437903025
42480,0.00706586826347,22.8228450892,19.8078553229
42540,0.00707584830339,22.4774544379,19.381361518
42600,0.00708582834331,21.9982130257,18.6949447473
42660,0.00709580838323,21.7395168167,18.1237496589
42720,0.00710578842315,22.0218037817,17.9743301365
42780,0.00711576846307,22.550059158,18.225741683
42840,0.00712574850299,22.6754925042,18.1658762056
42900,0.00713572854291,23.9530643547,19.0994230733
42960,0.00714570858283,24.1745657709,19.6467505268
43020,0.00715568862275,24.8979169635,20.6573996032
43080,0.00716566866267,25.3824418588,20.95558082
43140,0.00717564870259,26.0122789167,21.0109764466
43200,0.00718562874251,25.843059482,20.515559041
43260,0.00719560878244,25.6622545018,19.9796638694
43320,0.00720558882236,25.682802238,19.8469963875
43380,0.00721556886228,25.1828466633,19.3769599338
43440,0.0072255489022,25.1241094287,19.4915598893
43500,0.00723552894212,26.2558544609,20.6459298265
43560,0.00724550898204,26.1321692633,20.8337363143
43620,0.00725548902196,26.2257661213,21.0624853084
43680,0.00726546906188,27.1715864852,22.1190850631
43740,0.0072754491018,29.5877722687,25.0212514936
43800,0.00728542914172,29.6415384043,25.7827921769
43860,0.00729540918164,29.9236640934,26.6089063008
43920,0.00730538922156,30.1994377189,26.8114740449
43980,0.00731536926148,29.7115186849,26.2782859267
44040,0.0073253493014,29.2913469943,25.9440603945
44100,0.00733532934132,30.3307873639,27.6044900085
44160,0.00734530938124,31.7475674348,29.5453595528
44220,0.00735528942116,31.2462952871,28.3848145472
44280,0.00736526946108,30.4324962741,27.1837121618
44340,0.007375249501,29.5282961552,25.8795542124
44400,0.00738522954092,28.8950578324,24.8168184206
44460,0.00739520958084,28.5882522827,24.3059130573
44520,0.00740518962076,28.7022342773,24.345480505
44580,0.00741516966068,28.0272737149,23.4990085911
44640,0.0074251497006,27.0477107622,22.3672040467
44700,0.00743512974052,25.7490913516,20.8333876696
44760,0.00744510978044,24.7949311125,19.7962905226
44820,0.00745508982036,23.670876291,18.9986464727
44880,0.00746506986028,22.6550394063,17.9301891344
44940,0.0074750499002,22.0199455447,17.3856094204
45000,0.00748502994012,21.4916835104,17.0444781671
45060,0.00749500998004,21.3881103424,16.8504299048
45120,0.00750499001996,21.8645293356,17.4036871422
45180,0.00751497005988,22.1974709819,17.7963149011
45240,0.0075249500998,22.5068546,18.0231089908
45300,0.00753493013972,22.969920754,18.7933347309
45360,0.00754491017964,23.554555818,20.1145852419
45420,0.00755489021956,23.8020714173,20.8674039047
45480,0.00756487025948,24.1735870194,21.5698351223
45540,0.0075748502994,24.8299928365,21.7246366229
45600,0.00758483033932,24.9073198138,21.7066165262
45660,0.00759481037924,25.6735264669,22.3269870734
45720,0.00760479041916,25.6006672274,22.2502376993
45780,0.00761477045908,25.857174156,22.4639418431
45840,0.007624750499,26.7250924268,23.1573117882
45900,0.00763473053892,27.606813182,24.2016863662
45960,0.00764471057884,27.9714209112,25.1607774949
46020,0.00765469061876,29.7756658422,28.282411003
46080,0.00766467065868,30.6893981567,28.915739605
46140,0.0076746506986,30.6719750953,28.1830214761
46200,0.00768463073852,30.2858886175,27.5838260659
46260,0.00769461077844,31.3500035221,29.6301890752
46320,0.00770459081836,32.6456476553,33.1470239707
46380,0.00771457085828,33.0123724839,34.3280938009
46440,0.0077245508982,32.987221893,35.1196198529
46500,0.00773453093812,33.5006407067,36.1276570828
46560,0.00774451097804,34.5313242363,37.0348319073
46620,0.00775449101796,36.6263840884,38.148991221
46680,0.00776447105788,38.9153076695,39.8242791109
46740,0.0077744510978,38.9428227764,39.7771173082
46800,0.00778443113772,38.6094868432,38.7133056572
46860,0.00779441117764,40.9844298979,40.6788368959
46920,0.00780439121756,41.6499691909,41.9004005702
46980,0.00781437125749,40.6172038302,44.6931679692
47040,0.00782435129741,40.7326526449,43.337405098
47100,0.00783433133733,40.2499085128,41.5808319918
47160,0.00784431137725,40.1105229084,41.2986838797
47220,0.00785429141717,41.24804373,41.3323141012
47280,0.00786427145709,42.7527385045,43.4342733062
47340,0.00787425149701,43.7169417389,44.3137275952
47400,0.00788423153693,44.1310463912,45.1539467679
47460,0.00789421157685,43.6142785512,46.1534795118
47520,0.00790419161677,41.7402077979,42.9400811606
47580,0.00791417165669,40.7719043026,40.0815990702
47640,0.00792415169661,39.1539289546,36.1769265374
47700,0.00793413173653,38.5022433916,33.2355420032
47760,0.00794411177645,40.249184748,32.8815341734
47820,0.00795409181637,43.7016192252,36.5848468315
47880,0.00796407185629,43.9927139235,37.7942142062
47940,0.00797405189621,42.9592879198,37.1996408403
48000,0.00798403193613,43.2733657678,37.8305795714
48060,0.00799401197605,42.4801437366,37.0240690637
48120,0.00800399201597,41.6814193989,35.8937087495
48180,0.00801397205589,41.4016055067,36.7727656226
48240,0.00802395209581,40.2899923958,35.7082918468
48300,0.00803393213573,38.9057411876,34.7158694807
48360,0.00804391217565,38.4368848411,34.5721122122
48420,0.00805389221557,38.3619317543,35.1377021867
48480,0.00806387225549,39.4315442797,36.7545348094
48540,0.00807385229541,39.4372249312,36.572397188
48600,0.00808383233533,39.5101313611,37.7983471759
48660,0.00809381237525,37.9266873049,36.9025577987
48720,0.00810379241517,35.1311691429,34.0148308511
48780,0.00811377245509,32.9384310076,30.9493904066
48840,0.00812375249501,31.0221667883,28.6783381681
48900,0.00813373253493,29.3320076739,26.8029098742
48960,0.00814371257485,27.8410035994,24.8753165148
49020,0.00815369261477,27.0274753252,23.7190296932
49080,0.00816367265469,27.0998684701,23.6289087653
49140,0.00817365269461,27.2798664772,23.9086097619
49200,0.00818363273453,26.745624308,23.1053402147
49260,0.00819361277445,26.4274475744,23.0147491691
49320,0.00820359281437,25.3603648167,22.3011872456
49380,0.00821357285429,24.0472458994,21.6573199973
49440,0.00822355289421,23.8540831853,22.4083482573
49500,0.00823353293413,24.0909845895,22.8119271124
49560,0.00824351297405,25.3631499198,23.7491059905
49620,0.00825349301397,25.8634388795,25.6403833679
49680,0.00826347305389,26.0000739234,26.291792451
49740,0.00827345309381,24.6325303316,24.8988110061
49800,0.00828343313373,23.1185578717,23.8584437273
49860,0.00829341317365,22.124641113,23.8259032432
49920,0.00830339321357,21.6960437121,23.9146420348
49980,0.00831337325349,21.0330129798,22.8768668039
50040,0.00832335329341,20.5478219562,21.4315571796
50100,0.00833333333333,19.8847988138,19.9081197706
50160,0.00834331337325,19.0281434936,19.1201434001
50220,0.00835329341317,18.3449653777,19.0207434724
50280,0.00836327345309,17.9951423391,19.3120143359
50340,0.00837325349301,17.4494639545,18.4198415739
50400,0.00838323353293,17.2842654585,18.0510497271
50460,0.00839321357285,18.0841841992,18.5075416863
50520,0.00840319361277,18.3854403137,18.9167012664
50580,0.00841317365269,18.7044796634,19.4719767154
50640,0.00842315369261,19.3716195437,20.6328906292
50700,0.00843313373253,20.4385764166,21.5797725499
50760,0.00844311377246,21.512011635,22.3791256129
50820,0.00845309381238,21.4539307474,21.6818040363
50880,0.0084630738523,21.0122954696,20.6309731257
50940,0.00847305389222,20.5813697269,19.5943067921
51000,0.00848303393214,21.1263058225,19.9946966845
51060,0.00849301397206,22.045283205,21.2043269057
51120,0.00850299401198,22.7484223072,21.9989505259
51180,0.0085129740519,23.1200731707,22.736600363
51240,0.00852295409182,23.3687427175,23.2418358386
51300,0.00853293413174,23.4525699435,23.3948476232
51360,0.00854291417166,23.2952640038,23.2420334584
51420,0.00855289421158,23.3122494879,23.1130048207
51480,0.0085628742515,22.9457445792,22.5443502081
51540,0.00857285429142,23.5975254955,22.6831078567
51600,0.00858283433134,24.3823676891,23.2369437176
51660,0.00859281437126,24.4131377022,22.925396824
51720,0.00860279441118,25.328387012,23.6432604953
51780,0.0086127744511,26.0605925417,23.8935621196
51840,0.00862275449102,26.8113384013,24.1646505318
51900,0.00863273453094,27.3735885412,24.7300637742
51960,0.00864271457086,27.6573043526,25.0996100613
52020,0.00865269461078,28.1657876354,24.9043555221
52080,0.0086626746507,28.4773313218,24.2859498636
52140,0.00867265469062,28.35000856,23.5389109533
52200,0.00868263473054,29.2015720078,23.9277639637
52260,0.00869261477046,30.240118625,25.2962803941
52320,0.00870259481038,31.1856084878,26.6178478241
52380,0.0087125748503,31.7430843599,27.1966637802
52440,0.00872255489022,31.4387903519,26.9586125529
52500,0.00873253493014,30.9136234229,26.853342036
52560,0.00874251497006,30.581785425,27.1848842498
52620,0.00875249500998,31.0445734269,27.7180907156
52680,0.0087624750499,31.8652468676,28.4585417891
52740,0.00877245508982,32.0753299602,28.8039051088
52800,0.00878243512974,32.0503896641,29.5543761783
52860,0.00879241516966,30.0906983615,28.3479574071
52920,0.00880239520958,28.3979008957,26.8204049341
52980,0.0088123752495,27.1794879566,25.8208723241
53040,0.00882235528942,26.9400916186,25.7913285449
53100,0.00883233532934,27.0243322755,25.6906041821
53160,0.00884231536926,27.1446468425,25.5607496471
53220,0.00885229540918,27.0358076039,25.3885059053
53280,0.0088622754491,27.1004970559,25.5552374756
53340,0.00887225548902,27.7916753837,26.2172562581
53400,0.00888223552894,28.038737027,26.2706224493
53460,0.00889221556886,28.1599322806,26.1466984026
53520,0.00890219560878,28.624433754,26.2439736886
53580,0.0089121756487,29.2591758541,26.4785715896
53640,0.00892215568862,29.9121630922,26.934570851
53700,0.00893213572854,29.9404080844,27.0697883221
53760,0.00894211576846,30.3671173305,27.5063913709
53820,0.00895209580838,31.1971424251,28.3539940723
53880,0.0089620758483,33.0145932368,29.6985980834
53940,0.00897205588822,34.220907817,31.0757889614
54000,0.00898203592814,35.3248880066,32.5281466281
54060,0.00899201596806,36.6372939763,34.4584967606
54120,0.00900199600798,36.7950912608,35.0057531184
54180,0.0090119760479,37.9766523701,36.063525723
54240,0.00902195608782,37.1194021632,34.7061048959
54300,0.00903193612774,36.3049409662,33.6727784055
54360,0.00904191616766,36.2232980758,33.6902316447
54420,0.00905189620758,35.436779911,32.7915160166
54480,0.0090618762475,33.7768631138,31.2877157488
54540,0.00907185628743,31.4909932496,29.4060147114
54600,0.00908183632735,29.2760801307,27.2661185685
54660,0.00909181636727,27.4774354607,25.3820458134
54720,0.00910179640719,26.1909024045,23.5064468594
54780,0.00911177644711,25.0510092685,21.7273447892
54840,0.00912175648703,23.8729495549,19.6028751466
54900,0.00913173652695,21.8496944208,17.3645441045
54960,0.00914171656687,20.5312106211,16.6925937147
55020,0.00915169660679,19.0819908022,15.5383038814
55080,0.00916167664671,18.039877585,14.3431215998
55140,0.00917165668663,17.3626992582,13.7359354524
55200,0.00918163672655,16.721292453,13.6087562635
55260,0.00919161676647,16.1883874866,13.0240867965
55320,0.00920159680639,16.0514330325,12.5665515632
55380,0.00921157684631,16.5247540298,12.9837222346
55440,0.00922155688623,16.5130713117,13.06103424
55500,0.00923153692615,16.6724262739,13.4594571046
55560,0.00924151696607,16.4615177716,13.4310958599
55620,0.00925149700599,16.2982908831,13.2994216804
55680,0.00926147704591,16.0535647773,12.9259315375
55740,0.00927145708583,16.1312568948,12.9616525504
55800,0.00928143712575,16.4426001052,13.0353024966
55860,0.00929141716567,16.8803134027,13.1660976733
55920,0.00930139720559,17.4093240391,13.7730947531
55980,0.00931137724551,18.5898642794,15.2090812226
56040,0.00932135728543,18.8476869038,15.6039451363
56100,0.00933133732535,18.9003996867,15.764317641
56160,0.00934131736527,19.7554201919,17.072326214
56220,0.00935129740519,20.3818940027,17.3841953487
56280,0.00936127744511,21.0312803043,17.9848107783
56340,0.00937125748503,21.4602038781,18.5360756658
56400,0.00938123752495,22.1734545042,19.5058318583
56460,0.00939121756487,21.6607360854,19.0478652583
56520,0.00940119760479,21.3728125389,18.9574839616
56580,0.00941117764471,21.3209154924,19.318041927
56640,0.00942115768463,21.213115315,20.2999754923
56700,0.00943113772455,20.5657212285,19.8994461194
56760,0.00944111776447,21.0707852716,20.2929949154
56820,0.00945109780439,23.0407227329,23.0203871449
56880,0.00946107784431,24.2027260967,24.514837845
56940,0.00947105788423,24.6538523976,24.692173753
57000,0.00948103792415,24.9154978154,24.3146192373
57060,0.00949101796407,24.3458262031,22.9163806533
57120,0.00950099800399,23.7003086531,21.3728889457
57180,0.00951097804391,23.5747756333,20.519345002
57240,0.00952095808383,23.7611755912,20.4445295041
57300,0.00953093812375,24.8636691836,21.3131882824
57360,0.00954091816367,25.7028680452,23.4966013518
57420,0.00955089820359,25.8072805472,24.7150500119
57480,0.00956087824351,25.5076279695,25.0688085127
57540,0.00957085828343,25.5326602372,25.2490133962
57600,0.00958083832335,24.7569493004,24.4257121758
57660,0.00959081836327,23.9622678258,23.5085034467
57720,0.00960079840319,23.1732320102,22.5827934158
57780,0.00961077844311,22.3474706644,21.5065122448
57840,0.00962075848303,21.4814631637,20.5266826628
57900,0.00963073852295,21.0429670188,19.8392686659
57960,0.00964071856287,21.4596296245,20.4070204975
58020,0.00965069860279,21.4676705989,20.4126684396
58080,0.00966067864271,21.3475804594,20.0727667901
58140,0.00967065868263,20.9463124447,19.7254498373
58200,0.00968063872255,20.5724370721,19.3797741564
58260,0.00969061876248,20.6068082017,19.10305567
58320,0.0097005988024,20.972614397,19.0028122103
58380,0.00971057884232,20.3570590579,17.8927604718
58440,0.00972055888224,20.0047330333,17.4171924678
58500,0.00973053892216,20.2056393553,17.589913183
58560,0.00974051896208,21.0210623507,18.6060482995
58620,0.009750499002,21.3415411202,19.0928171298
58680,0.00976047904192,22.4510462613,20.4244697481
58740,0.00977045908184,22.7932731021,21.5523194981
58800,0.00978043912176,22.0984692925,20.9494565169
58860,0.00979041916168,21.5181200405,20.2487003407
58920,0.0098003992016,21.1368197656,19.7136393337
58980,0.00981037924152,21.0530932769,19.6144986945
59040,0.00982035928144,21.198041596,19.6707857127
59100,0.00983033932136,21.62736973,19.9055410792
59160,0.00984031936128,22.1632429786,20.6980358292
59220,0.0098502994012,22.5113545095,21.3951965992
59280,0.00986027944112,23.6024275199,22.5463473681
59340,0.00987025948104,24.6758743265,23.6148928278
59400,0.00988023952096,24.3819300233,23.6023990835
59460,0.00989021956088,23.450002886,22.8288956951
59520,0.0099001996008,22.7918161333,22.0330250077
59580,0.00991017964072,23.3509742192,23.0406584783
59640,0.00992015968064,24.2726869445,25.053602078
59700,0.00993013972056,25.3794905543,26.3858420775
59760,0.00994011976048,26.3778817241,27.2132766442
59820,0.0099500998004,26.6649582133,27.0551437199
59880,0.00996007984032,25.7726118504,25.6650812199
59940,0.00997005988024,25.4944259358,25.1968768351
60000,0.00998003992016,25.953242045,25.7083079599
60060,0.00999001996008,26.9567027804,27.1318805654
60120,0.01,27.533733914,28.3900130684
60121,0.010000166334,27.5530349688,28.4157656815
