2004,0.000333333333333,0.0712671990984,0.0
4008,0.000666666666667,0.0707860848194,0.0
6012,0.001,0.0706190914742,0.0
8016,0.00133333333333,0.070499429342,0.0
10020,0.00166666666667,0.0706596927549,0.0
12024,0.002,0.0696542469672,0.0
14028,0.00233333333333,0.0701436345822,0.0
16032,0.00266666666667,0.0701677414933,0.0
18036,0.003,0.0699367045951,0.0
20040,0.00333333333333,0.0697872659599,0.0
22044,0.00366666666667,0.0696828370755,0.0
24048,0.004,0.0694240928255,0.0
26052,0.00433333333333,0.0695062270401,0.0
28056,0.00466666666667,0.0696716665127,0.0
30060,0.005,0.0696639015899,0.0
32064,0.00533333333333,0.0698083732536,0.0
34068,0.00566666666667,0.0700441228261,0.0
36072,0.006,0.0702347733481,0.0
38076,0.00633333333333,0.0696944201317,0.0
40080,0.00666666666667,0.0702307142538,0.0
42084,0.007,0.0699535460455,0.0
44088,0.00733333333333,0.0696149562791,0.0
46092,0.00766666666667,0.0697055771658,0.0
48096,0.008,0.0692204130063,0.0
50100,0.00833333333333,0.0692126191236,0.0
52104,0.00866666666667,0.0693188794605,0.0
54108,0.009,0.0692406730691,0.0
56112,0.00933333333333,0.0693120012941,0.0
58116,0.00966666666667,0.0694554927258,0.0
60120,0.01,0.0697818974759,0.0
62124,0.0103333333333,0.0694007285449,0.0
64128,0.0106666666667,0.0695085384164,0.0
66132,0.011,0.0698698987669,0.0
68136,0.0113333333333,0.069853016863,0.0
70140,0.0116666666667,0.0697254864133,0.0
72144,0.012,0.0701584955227,0.0
74148,0.0123333333333,0.0694678907688,0.0
76152,0.0126666666667,0.0693705963997,0.0
78156,0.013,0.0695458484378,0.0
80160,0.0133333333333,0.0700471059923,0.0
82164,0.0136666666667,0.0700003670393,0.0
84168,0.014,0.070237163889,0.0
86172,0.0143333333333,0.0699938176041,0.0
88176,0.0146666666667,0.0694738072956,0.0
90180,0.015,0.0699168916427,0.0
92184,0.0153333333333,0.0706045258359,0.0
94188,0.0156666666667,0.0701326892388,0.0
96192,0.016,0.0706137686122,0.0
98196,0.0163333333333,0.0693564490577,0.0
100200,0.0166666666667,0.0692064842381,0.0
102204,0.017,0.0707416448608,0.0
104208,0.0173333333333,0.0705471939384,0.0
106212,0.0176666666667,0.0701976516059,0.0
108216,0.018,0.0701901035644,0.0
110220,0.0183333333333,0.0711306523991,0.0
112224,0.0186666666667,0.0696785807314,0.0
114228,0.019,0.069977052915,0.0
116232,0.0193333333333,0.0698428997555,0.0
118236,0.0196666666667,0.0703820609885,0.0
120240,0.02,0.0698846561337,0.0
122244,0.0203333333333,0.0699889975096,0.0
124248,0.0206666666667,0.0699611956914,0.0
126252,0.021,0.0706125121579,0.0
128256,0.0213333333333,0.0708285275665,0.0
130260,0.0216666666667,0.0698539642588,0.0
132264,0.022,0.0696388609715,0.0
134268,0.0223333333333,0.0697639352888,0.0
136272,0.0226666666667,0.0702855097109,0.0
138276,0.023,0.0693167290095,0.0
140280,0.0233333333333,0.069934742201,0.0
142284,0.0236666666667,0.0692126706625,0.0
144288,0.024,0.0695734540828,0.0
146292,0.0243333333333,0.0703737584074,0.0
148296,0.0246666666667,0.0701889957362,0.0
150300,0.025,0.0692043104772,0.0
152304,0.0253333333333,0.0695975392761,0.0
154308,0.0256666666667,0.0697319574923,0.0
156312,0.026,0.0687783946166,0.0
158316,0.0263333333333,0.0699283034167,0.0
160320,0.0266666666667,0.0700153844073,0.0
162324,0.027,0.06980340569,0.0
164328,0.0273333333333,0.0709861854995,0.0
166332,0.0276666666667,0.0701510297655,0.0
168336,0.028,0.0708811722529,0.0
170340,0.0283333333333,0.0700239577849,0.0
172344,0.0286666666667,0.0703071519966,0.0
174348,0.029,0.0686933232121,0.0
176352,0.0293333333333,0.069701201375,0.0
178356,0.0296666666667,0.0694296801296,0.0
180360,0.03,0.0694391481685,0.0
182364,0.0303333333333,0.0696034691789,0.0
184368,0.0306666666667,0.0699674572177,0.0
186372,0.031,0.0697915015156,0.0
188376,0.0313333333333,0.0698572597302,0.0
190380,0.0316666666667,0.0702406787325,0.0
192384,0.032,0.0701618363313,0.0
194388,0.0323333333333,0.0693500912353,0.0
196392,0.0326666666667,0.0694095270352,0.0
198396,0.033,0.06978727013,0.0
200400,0.0333333333333,0.0691503006642,0.0
202404,0.0336666666667,0.069953022709,0.0
204408,0.034,0.0693799949324,0.0
206412,0.0343333333333,0.0700103163557,0.0
208416,0.0346666666667,0.0696418205832,0.0
210420,0.035,0.0687243965808,0.0
212424,0.0353333333333,0.069565542167,0.0
214428,0.0356666666667,0.0696301380611,0.0
216432,0.036,0.0700658957023,0.0
218436,0.0363333333333,0.0699007467319,0.0
220440,0.0366666666667,0.0696611287481,0.0
222444,0.037,0.0698416727873,0.0
224448,0.0373333333333,0.0696798110071,0.0
226452,0.0376666666667,0.0697234961412,0.0
228456,0.038,0.0699858737997,0.0
230460,0.0383333333333,0.0699449311236,0.0
232464,0.0386666666667,0.0699271974803,0.0
234468,0.039,0.0701911758619,0.0
236472,0.0393333333333,0.0699717595014,0.0
238476,0.0396666666667,0.0693562976276,0.0
240480,0.04,0.0699186730043,0.0
242484,0.0403333333333,0.0700659261776,0.0
244488,0.0406666666667,0.0697984502283,0.0
246492,0.041,0.0693292980612,0.0
248496,0.0413333333333,0.0694464067441,0.0
250500,0.0416666666667,0.0692001244249,0.0
252504,0.042,0.07003000277,0.0
254508,0.0423333333333,0.0697681425163,0.0
256512,0.0426666666667,0.0698552474962,0.0
258516,0.043,0.0701395749252,0.0
260520,0.0433333333333,0.0703836718577,0.0
262524,0.0436666666667,0.0697128552751,0.0
264528,0.044,0.0701575658653,0.0
266532,0.0443333333333,0.069974980764,0.0
268536,0.0446666666667,0.0705935689025,0.0
270540,0.045,0.0698600188267,0.0
272544,0.0453333333333,0.0696954497828,0.0
274548,0.0456666666667,0.0695924492212,0.0
276552,0.046,0.0696866568613,0.0
278556,0.0463333333333,0.0695207805044,0.0
280560,0.0466666666667,0.0693856689614,0.0
282564,0.047,0.0697037910473,0.0
284568,0.0473333333333,0.0703752349071,0.0
286572,0.0476666666667,0.069852797248,0.0
288576,0.048,0.0695831075068,0.0
290580,0.0483333333333,0.0699869748031,0.0
292584,0.0486666666667,0.0700685569894,0.0
294588,0.049,0.070194752366,0.0
296592,0.0493333333333,0.0698459966328,0.0
298596,0.0496666666667,0.070038005626,0.0
300600,0.05,0.0691597307481,0.0
302604,0.0503333333333,0.0697909318734,0.0
304608,0.0506666666667,0.0701716606239,0.0
306612,0.051,0.0695179156992,0.0
308616,0.0513333333333,0.0690476347387,0.0
310620,0.0516666666667,0.0692133854846,0.0
312624,0.052,0.0694456338623,0.0
314628,0.0523333333333,0.0693991392856,0.0
316632,0.0526666666667,0.0689890244704,0.0
318636,0.053,0.0698645704382,0.0
320640,0.0533333333333,0.0691248339543,0.0
322644,0.0536666666667,0.0700731066987,0.0
324648,0.054,0.0700134741124,0.0
326652,0.0543333333333,0.0696360224124,0.0
328656,0.0546666666667,0.0700616689469,0.0
330660,0.055,0.0701894472505,0.0
