2004,0.000333333333333,0.830372992038,0.419186784688
4008,0.000666666666667,1.25369668766,0.825666727736
6012,0.001,1.82323845611,1.41785309806
8016,0.00133333333333,2.33928211848,1.95602488192
10020,0.00166666666667,2.91820037305,2.47757310664
12024,0.002,3.85375994411,3.39220376741
14028,0.00233333333333,4.87884689206,4.35188073527
16032,0.00266666666667,5.98120287288,5.35655110896
18036,0.003,6.97897048745,6.13900296408
20040,0.00333333333333,8.36813839262,7.48793890671
22044,0.00366666666667,9.2117195026,8.27313910287
24048,0.004,9.33335761063,8.30594648214
26052,0.00433333333333,9.41592226937,8.31864613954
28056,0.00466666666667,9.84485506331,8.78820268609
30060,0.005,9.97531878422,9.15167555155
32064,0.00533333333333,10.2283750529,9.34896697615
34068,0.00566666666667,10.337347588,9.3137745269
36072,0.006,10.5142537198,9.34977496572
38076,0.00633333333333,10.8903626161,9.73204161455
40080,0.00666666666667,11.4114142073,10.3205896152
42084,0.007,13.2289609253,11.9810296146
44088,0.00733333333333,15.9448887333,14.5600713406
46092,0.00766666666667,20.3262754931,18.2271510758
48096,0.008,24.8695750654,21.8142137816
50100,0.00833333333333,27.2643083042,24.1559754721
52104,0.00866666666667,26.2839125918,22.8401927707
54108,0.009,26.1889055097,22.67083816
56112,0.00933333333333,28.1842376138,23.4215019683
58116,0.00966666666667,25.9858456576,21.7702688164
60120,0.01,29.3468066041,24.519010681
62124,0.0103333333333,25.2599141783,21.0330727415
64128,0.0106666666667,23.9360776965,20.1858771787
66132,0.011,23.0667488593,19.4932142124
68136,0.0113333333333,24.0875664214,21.8793683618
70140,0.0116666666667,27.4067638352,25.0437233008
72144,0.012,27.2673651541,26.0662101602
74148,0.0123333333333,25.6277134307,25.0076632288
76152,0.0126666666667,29.8392956571,27.9470941087
78156,0.013,32.9932698278,29.3711418205
80160,0.0133333333333,32.8917028333,30.1685914633
82164,0.0136666666667,36.5797571135,32.7574345798
84168,0.014,41.1571747109,35.282449226
86172,0.0143333333333,48.5410181406,39.6535434958
88176,0.0146666666667,81.9345809628,75.447414591
90180,0.015,91.3070036532,84.7946903285
92184,0.0153333333333,98.4602961228,98.8309399691
94188,0.0156666666667,110.126992407,108.841878014
96192,0.016,95.8459065366,98.8100474671
98196,0.0163333333333,64.973372481,70.9182024979
100200,0.0166666666667,83.0403817289,88.9993640813
102204,0.017,101.641740779,100.138367399
104208,0.0173333333333,167.269429422,171.323010993
106212,0.0176666666667,140.080304954,155.002089329
108216,0.018,104.130142227,109.084489594
110220,0.0183333333333,70.6930066411,67.7959967416
112224,0.0186666666667,61.0543750812,59.7836797577
114228,0.019,68.4732420105,70.9384976359
116232,0.0193333333333,71.1956636831,73.0621524798
118236,0.0196666666667,107.515024409,105.074825481
120240,0.02,166.206459591,170.127749162
122244,0.0203333333333,136.993541153,140.262222084
124248,0.0206666666667,161.539269915,156.457143593
126252,0.021,91.9986631456,89.6991232084
128256,0.0213333333333,58.6526867924,56.6219334163
130260,0.0216666666667,69.0694837852,64.6794065651
132264,0.022,94.3216556461,91.7292324908
134268,0.0223333333333,61.1160398955,63.2105555681
136272,0.0226666666667,55.9069900768,54.7228532556
138276,0.023,53.4849047118,56.849062047
140280,0.0233333333333,44.0355083187,46.1614517318
142284,0.0236666666667,41.3514450345,42.3821452032
144288,0.024,37.3263320653,39.9036190125
146292,0.0243333333333,38.7768261845,38.2071435624
148296,0.0246666666667,43.4789670285,42.4170421776
150300,0.025,57.2436621341,54.0385368058
152304,0.0253333333333,67.324110568,68.470687966
154308,0.0256666666667,76.9146703246,81.0358504123
156312,0.026,86.6864393193,93.1946181056
158316,0.0263333333333,84.029200202,87.6953726465
160320,0.0266666666667,95.3256780359,93.4752760442
162324,0.027,96.4132642356,87.7500203611
164328,0.0273333333333,93.3620300757,91.744795578
166332,0.0276666666667,158.669526779,153.147164199
168336,0.028,254.707749634,229.566608491
170340,0.0283333333333,245.354170102,237.896183631
172344,0.0286666666667,389.653784566,381.156563899
174348,0.029,429.175337984,454.861522341
176352,0.0293333333333,356.847482094,356.845186095
178356,0.0296666666667,378.958181274,395.071725984
180360,0.03,155.774992981,164.724080952
182364,0.0303333333333,106.860638473,105.255359523
184368,0.0306666666667,103.440839267,102.490659122
186372,0.031,88.299183456,89.1475174892
188376,0.0313333333333,97.3883385834,97.0458668938
190380,0.0316666666667,77.0636549958,75.7078089876
192384,0.032,96.7766166998,106.958875555
194388,0.0323333333333,84.4541013557,93.0690931857
196392,0.0326666666667,90.9693275213,100.612602414
198396,0.033,65.3630382204,74.6204392476
200400,0.0333333333333,56.1132550598,62.6803705054
202404,0.0336666666667,66.0128276366,65.1613895154
204408,0.034,86.0598736347,83.3561988947
206412,0.0343333333333,83.493595189,86.2451596425
208416,0.0346666666667,71.3610145911,73.0538118564
210420,0.035,46.9438131161,47.8530650921
212424,0.0353333333333,41.3228883335,45.7827120135
214428,0.0356666666667,44.8314239712,51.550736902
216432,0.036,34.5356214576,43.2395634683
218436,0.0363333333333,36.4525943065,46.3882335216
220440,0.0366666666667,32.9321586777,39.259121995
222444,0.037,30.9053612727,34.0119784552
224448,0.0373333333333,27.6341793725,27.8495015767
226452,0.0376666666667,27.3795755291,26.7313456422
228456,0.038,27.2710957449,26.4340779919
230460,0.0383333333333,24.4504530266,23.9011476055
232464,0.0386666666667,23.1250832737,22.5789262215
234468,0.039,24.420926743,22.8783063439
236472,0.0393333333333,30.4881852369,28.5243078639
238476,0.0396666666667,38.973184194,38.2589710574
240480,0.04,39.8337084178,40.5118277423
242484,0.0403333333333,39.5663691079,38.6907265429
244488,0.0406666666667,40.5982707156,41.6791404818
246492,0.041,43.5640452903,44.8086644648
248496,0.0413333333333,43.6504815978,48.0781414795
250500,0.0416666666667,42.5930093136,47.0911834106
252504,0.042,44.5041984691,49.7274552449
254508,0.0423333333333,35.9577266512,37.617040748
256512,0.0426666666667,38.7780876891,39.4271338326
258516,0.043,39.1377869664,37.0711751513
260520,0.0433333333333,32.4436823906,29.376538273
262524,0.0436666666667,27.4820682037,24.5450688658
264528,0.044,29.5801077943,25.5394600894
266532,0.0443333333333,31.3554621077,26.2421720721
268536,0.0446666666667,36.3187852434,30.4223412853
270540,0.045,48.6119059598,39.2059191698
272544,0.0453333333333,59.4180868615,48.7237284556
274548,0.0456666666667,70.3973082398,64.2857965186
276552,0.046,77.8087301823,75.9334309046
278556,0.0463333333333,65.7768777321,64.2725577802
280560,0.0466666666667,69.9015165836,68.7273371938
282564,0.047,58.5127402209,62.8535333727
284568,0.0473333333333,60.222793653,66.3931952738
286572,0.0476666666667,58.671766665,63.4785723593
288576,0.048,46.9694699416,49.9338207696
290580,0.0483333333333,48.9688713133,50.4102506967
292584,0.0486666666667,63.9061675276,60.8173434819
294588,0.049,56.7180634476,51.800777663
296592,0.0493333333333,70.8911705118,64.5153114785
298596,0.0496666666667,83.5540728748,75.8901627829
300600,0.05,106.163528257,105.259798765
302604,0.0503333333333,95.1781245536,96.2147147115
304608,0.0506666666667,92.9062351491,92.4564203941
306612,0.051,125.121766129,121.499287159
308616,0.0513333333333,189.711351607,188.56201912
310620,0.0516666666667,117.564707034,134.576412676
312624,0.052,109.475747778,119.993537612
314628,0.0523333333333,150.463776024,149.952674517
316632,0.0526666666667,196.816272395,219.285178723
318636,0.053,162.528944758,195.902101131
320640,0.0533333333333,154.670108994,182.936917358
322644,0.0536666666667,149.278147623,167.109792716
324648,0.054,158.631159817,185.311407355
326652,0.0543333333333,137.670970871,151.416756551
328656,0.0546666666667,131.342465424,130.080170929
330660,0.055,93.1337168093,94.9579703417
