1403,0.000233366600133,0.570234770468,0.271663090327
2806,0.000466733200266,0.514033790547,0.243490498378
4209,0.000700099800399,0.432287438845,0.200536443761
5612,0.000933466400532,0.362632381412,0.1722187832
7015,0.00116683300067,0.300375669416,0.155737968256
8418,0.0014001996008,0.260755667898,0.142563171242
9821,0.00163356620093,0.257683952204,0.161100802603
11224,0.00186693280106,0.267551160282,0.181528489379
12627,0.0021002994012,0.244038111774,0.176761378915
14030,0.00233366600133,0.228773245527,0.18533238032
15433,0.00256703260146,0.196046825806,0.189369399113
16836,0.0028003992016,0.154249237671,0.185887121073
18239,0.00303376580173,0.156630344173,0.210873290558
19642,0.00326713240186,0.175516231738,0.223964011669
21045,0.003500499002,0.105408450408,0.193244131588
22448,0.00373386560213,0.0539466724035,0.176772883492
23851,0.00396723220226,0.0259594220342,0.186220770772
25254,0.0042005988024,0.0368159223712,0.207352924412
26657,0.00443396540253,0.0800309107944,0.223080715826
28060,0.00466733200266,0.102888962168,0.205032543214
29463,0.00490069860279,0.0791479288887,0.191878412376
30866,0.00513406520293,0.132825869787,0.24977077493
32269,0.00536743180306,0.160435440597,0.283080355245
33672,0.00560079840319,0.115860595202,0.241450849335
35075,0.00583416500333,0.108323765923,0.24418173723
36478,0.00606753160346,0.0792249277014,0.267090566819
37881,0.00630089820359,0.111538300434,0.28186756232
39284,0.00653426480373,0.118875236219,0.290777094708
40687,0.00676763140386,0.16622103496,0.321377903944
42090,0.00700099800399,0.250009790823,0.366399489878
43493,0.00723436460413,0.239234664628,0.421867374045
44896,0.00746773120426,0.332581375591,0.495144850716
46299,0.00770109780439,0.266872976295,0.443545663481
47702,0.00793446440452,0.236842465057,0.509718169506
49105,0.00816783100466,0.178781271263,0.479178189297
50508,0.00840119760479,0.0286353407192,0.410116788163
51911,0.00863456420492,0.195756999264,0.518874906781
53314,0.00886793080506,0.249611835544,0.54732575526
54717,0.00910129740519,0.146888217876,0.622794004266
56120,0.00933466400532,0.214032825169,0.566692052489
57523,0.00956803060546,0.00637808708864,0.428976692782
58926,0.00980139720559,0.275949958784,0.56337031225
60329,0.0100347638057,0.0527204021943,0.582419404877
61732,0.0102681304059,-0.0249481653968,0.488040984813
63135,0.010501497006,0.0546234934472,0.458332383189
64538,0.0107348636061,0.0146202407914,0.471877545196
65941,0.0109682302063,0.024634885095,0.503228684813
67344,0.0112015968064,-0.0521564612821,0.458470548891
68747,0.0114349634065,0.311416081204,0.559928883426
70150,0.0116683300067,0.045683153568,0.442713589179
71553,0.0119016966068,-0.0192132419686,0.384887304488
72956,0.0121350632069,0.0286315573774,0.406420548701
74359,0.0123684298071,0.0990492730219,0.560624726415
75762,0.0126017964072,0.28309772378,0.497035283181
77165,0.0128351630073,0.193543526863,0.509352478189
78568,0.0130685296075,0.165532988774,0.65371442414
79971,0.0133018962076,0.318417689703,0.6939653778
81374,0.0135352628077,0.176640751871,0.520689696386
82777,0.0137686294079,0.330203983748,0.669642152857
84180,0.014001996008,0.186051207533,0.722796286335
85583,0.0142353626081,0.442310874198,0.925041607171
86986,0.0144687292083,0.634927109227,0.938322224616
88389,0.0147020958084,0.506620265315,0.914603043888
89792,0.0149354624085,0.00834604962913,1.30989202041
91195,0.0151688290086,0.114586359749,1.16949794577
92598,0.0154021956088,0.230724962257,1.10120959303
94001,0.0156355622089,0.0339665059421,0.799026631094
95404,0.015868928809,0.127838231409,1.00398026236
96807,0.0161022954092,-0.0591625041312,0.778595320963
98210,0.0163356620093,0.805028410407,1.42132149556
99613,0.0165690286094,0.600746486419,1.1950341695
101016,0.0168023952096,0.170951195352,1.62375610657
102419,0.0170357618097,-0.346800392262,1.70998958849
103822,0.0172691284098,0.655997222164,1.45154317714
105225,0.01750249501,-0.119749608388,1.32074192523
106628,0.0177358616101,0.193687343311,1.5301038335
108031,0.0179692282102,-0.0609297632877,1.24490088033
109434,0.0182025948104,0.489433120161,1.68752333957
110837,0.0184359614105,-0.772008569946,2.31957688106
112240,0.0186693280106,0.561489997942,1.45163946709
113643,0.0189026946108,0.483419116475,1.480593714
115046,0.0191360612109,0.543814665514,1.48602621335
116449,0.019369427811,0.0330164595671,1.7389625579
117852,0.0196027944112,-0.582021305245,2.71483254207
119255,0.0198361610113,0.87289928954,2.03369204131
120658,0.0200695276114,0.0993381576612,2.25810962154
122061,0.0203028942116,0.838160374169,1.92170667411
123464,0.0205362608117,0.267981013966,2.08617235126
124867,0.0207696274118,0.363221369218,2.06737946456
126270,0.021002994012,0.126021222427,2.90167612859
127673,0.0212363606121,-0.215785880737,2.03568701654
129076,0.0214697272122,-0.373284588232,1.57339339628
130479,0.0217030938124,0.672628243578,1.25043488489
131882,0.0219364604125,0.266639975484,1.17114709981
133285,0.0221698270126,0.293399401546,1.58618694839
134688,0.0224031936128,-0.132675263744,1.55961310011
136091,0.0226365602129,-0.334274442367,1.49268714474
137494,0.022869926813,-0.0631444891572,1.39637647793
138897,0.0231032934132,0.0563329985208,1.46877697118
140300,0.0233366600133,-0.22973837319,1.16115646558
141703,0.0235700266134,0.381451215575,1.34761309369
143106,0.0238033932136,0.203589014692,1.27027320059
144509,0.0240367598137,-0.104032428254,1.22877732164
145912,0.0242701264138,0.321150364403,1.19557465109
147315,0.024503493014,-0.0736781699843,1.02369449566
148718,0.0247368596141,-0.197437577613,1.09532404992
150121,0.0249702262142,-0.0673898745697,0.74682131404
151524,0.0252035928144,0.3198958263,1.15450299228
152927,0.0254369594145,-0.153918319752,1.30382691384
154330,0.0256703260146,0.381041131781,1.07019480544
155733,0.0259036926148,0.12032388778,1.02110878863
157136,0.0261370592149,0.160719952833,0.886481044352
158539,0.026370425815,0.330096882498,0.967059263966
159942,0.0266037924152,0.299137910208,1.22396310212
161345,0.0268371590153,0.114300106849,1.31544158571
162748,0.0270705256154,-0.146978495972,1.24181844318
164151,0.0273038922156,0.545293312583,1.02249999752
165554,0.0275372588157,0.408126232468,1.10636422781
166957,0.0277706254158,0.445909386388,1.4588821743
168360,0.028003992016,0.381933347735,1.74206736918
169763,0.0282373586161,0.114623556717,1.28098191537
171166,0.0284707252162,0.0290012922198,1.16799047527
172569,0.0287040918164,-0.0472434016216,0.91787803527
173972,0.0289374584165,0.16175972385,0.900423563792
175375,0.0291708250166,0.0140336822326,1.10169991042
176778,0.0294041916168,0.0518306505432,1.011895673
178181,0.0296375582169,0.158613347125,0.832826572866
179584,0.029870924817,0.223472859461,0.959885013988
180987,0.0301042914172,0.000746562291322,0.873088264452
182390,0.0303376580173,-0.00626445950867,0.799051315346
183793,0.0305710246174,0.0143907177283,0.762501364649
185196,0.0308043912176,0.14649964678,0.702747029128
186599,0.0310377578177,0.138307455798,0.486556534476
188002,0.0312711244178,0.3428954079,0.675192217148
189405,0.031504491018,0.248068129659,0.631319009554
190808,0.0317378576181,0.352123209607,0.762333112975
192211,0.0319712242182,0.193632143617,0.857767002467
193614,0.0322045908184,0.008092095689,0.825503812315
195017,0.0324379574185,0.119938449258,0.819727715774
196420,0.0326713240186,0.213170363131,0.877634874017
197823,0.0329046906188,0.282200793356,0.792235794677
199226,0.0331380572189,0.187558215164,0.868334304248
200629,0.033371423819,0.389991325941,1.01486002133
202032,0.0336047904192,0.292493954383,1.2622259825
203435,0.0338381570193,0.307347279282,1.37755141443
204838,0.0340715236194,-0.0134353224638,1.25455513428
206241,0.0343048902196,-0.0977364192463,1.04905451341
207644,0.0345382568197,-0.174971444465,1.18118961818
209047,0.0347716234198,0.375253649118,1.24064387608
210450,0.03500499002,-0.199397067044,1.09845230837
211853,0.0352383566201,0.347679561816,1.04115731475
213256,0.0354717232202,0.22494410814,1.14798542721
214659,0.0357050898204,-0.182283652593,0.979428735779
216062,0.0359384564205,0.229156729856,0.788012041587
217465,0.0361718230206,0.115620550762,0.71933259737
218868,0.0364051896208,-0.186069086464,0.806861181032
220271,0.0366385562209,0.228656656186,0.706592518431
221674,0.036871922821,0.24208934991,0.747022220466
223077,0.0371052894212,0.237968969858,0.667904674051
224480,0.0373386560213,0.181295529313,0.617247616241
225883,0.0375720226214,0.0260160356208,0.543425868336
227286,0.0378053892216,0.197359852222,0.557262517106
228689,0.0380387558217,0.214307367013,0.630718223339
230092,0.0382721224218,-0.0634696136221,0.611264959845
231495,0.038505489022,0.271245204429,0.695602956962
232898,0.0387388556221,0.113332924464,0.660208282645
234301,0.0389722222222,0.210784575837,0.700300179269
235704,0.0392055888224,0.20231928453,0.675388838098
237107,0.0394389554225,0.106232337131,0.634148231492
238510,0.0396723220226,0.284267756497,0.688009286331
239913,0.0399056886228,0.246114485117,0.816531233283
241316,0.0401390552229,0.0753582333346,0.727336243478
242719,0.040372421823,0.157497890883,0.570743122831
244122,0.0406057884232,-0.0919305475133,0.626346524645
245525,0.0408391550233,-0.148054615764,0.728636421382
246928,0.0410725216234,0.349190449078,0.647686062564
248331,0.0413058882236,0.135041962271,0.617104284566
249734,0.0415392548237,0.109336040104,0.638195290002
251137,0.0417726214238,0.191791033387,0.511272363112
252540,0.042005988024,0.330588471479,0.549654624703
253943,0.0422393546241,0.473965355918,0.704245534852
255346,0.0424727212242,0.269376734499,0.529607344703
256749,0.0427060878244,0.234244484029,0.683827108489
258152,0.0429394544245,0.133228167575,0.771582084878
259555,0.0431728210246,0.190302424968,0.933034641593
260958,0.0434061876248,-0.0814721000916,0.789668789896
262361,0.0436395542249,0.418839536483,0.874431371609
263764,0.043872920825,0.112631717151,0.677110895956
265167,0.0441062874251,-0.29119769712,1.06009564775
266570,0.0443396540253,-0.112502195246,0.800279897404
267973,0.0445730206254,-0.0582397197799,0.660856554818
269376,0.0448063872255,0.000798741746115,0.64275476041
270779,0.0450397538257,0.18116764703,0.80396390348
272182,0.0452731204258,0.176791791224,0.716523111806
273585,0.0455064870259,-0.103118291895,0.502343145344
274988,0.0457398536261,-0.113861648215,0.501989336316
276391,0.0459732202262,-0.116221729746,0.418729418685
277794,0.0462065868263,0.128866887671,0.491810022541
279197,0.0464399534265,0.133361788801,0.450703120016
280600,0.0466733200266,0.0930708006601,0.352427413129
282003,0.0469066866267,-0.00253918272293,0.294462292879
283406,0.0471400532269,-0.0231045981174,0.279141952339
284809,0.047373419827,0.0120494493728,0.307649568515
286212,0.0476067864271,0.0518708614842,0.408922462204
287615,0.0478401530273,0.0637793295706,0.389542612331
289018,0.0480735196274,0.20839184714,0.407418142926
290421,0.0483068862275,0.0546530430172,0.405502142148
291824,0.0485402528277,0.0523478400731,0.355781879169
293227,0.0487736194278,0.167979976106,0.399856251212
294630,0.0490069860279,0.141466476834,0.335364083689
296033,0.0492403526281,0.138576082141,0.293138782065
297436,0.0494737192282,0.15707442752,0.308788843829
298839,0.0497070858283,0.132534442118,0.298184094205
300242,0.0499404524285,0.137137358939,0.24477355427
301645,0.0501738190286,0.137111444762,0.273214370779
303048,0.0504071856287,0.0924733530163,0.242164814851
304451,0.0506405522289,0.100458666614,0.278842571338
305854,0.050873918829,0.155290443403,0.32098953602
307257,0.0511072854291,0.220366173708,0.43208090742
308660,0.0513406520293,0.263166653346,0.381351275183
310063,0.0515740186294,0.238776227103,0.328228695214
311466,0.0518073852295,0.219509029573,0.376752967797
312869,0.0520407518297,0.231999438959,0.4146135178
314272,0.0522741184298,0.144446184983,0.431284204525
315675,0.0525074850299,0.124229313811,0.429412694411
317078,0.0527408516301,0.186836703592,0.479311013177
318481,0.0529742182302,0.365691809433,0.611774630801
319884,0.0532075848303,0.296086600612,0.549548852105
321287,0.0534409514305,0.299253716276,0.597589240391
322690,0.0536743180306,0.355777179098,0.658302655943
324093,0.0539076846307,0.540021915549,0.875652933581
325496,0.0541410512309,0.746001711326,1.28156728692
326899,0.054374417831,-0.0657196470689,1.04470257052
328302,0.0546077844311,-0.0226461052574,1.15584722891
329705,0.0548411510313,0.312318939923,0.92643902431
331108,0.0550745176314,0.691018385424,1.26210000494
332511,0.0553078842315,0.163065515041,1.21080942799
333914,0.0555412508317,-0.545428982975,1.47526061011
335317,0.0557746174318,0.113550887392,1.41080150034
336720,0.0560079840319,0.142689101213,1.18218572977
338123,0.0562413506321,0.369887352828,0.920941720357
339526,0.0564747172322,0.011804729628,1.53875611005
340929,0.0567080838323,0.138023855611,1.02666720609
342332,0.0569414504325,0.530155608843,1.3129297758
343735,0.0571748170326,0.175102462499,1.24283960623
345138,0.0574081836327,-0.0357672291801,1.39072433522
346541,0.0576415502329,0.196503691933,1.11940886675
347944,0.057874916833,0.338441708269,1.1008571361
349347,0.0581082834331,1.05462005853,1.51852289133
350750,0.0583416500333,0.297358712884,1.42234236294
352153,0.0585750166334,0.201335876575,1.51375471567
353556,0.0588083832335,-0.718096084228,2.5709466777
354959,0.0590417498337,-0.230612372801,2.10474910104
356362,0.0592751164338,0.353316915431,1.14840995978
357765,0.0595084830339,0.531454468037,2.04395129871
359168,0.0597418496341,0.699788773068,1.58744317713
360571,0.0599752162342,0.500843841439,1.7512050386
361974,0.0602085828343,0.339479325307,1.81831225253
363377,0.0604419494345,0.570468493655,1.31499299271
364780,0.0606753160346,1.04288773601,2.18881190303
366183,0.0609086826347,0.128708431001,2.13861237073
367586,0.0611420492349,0.329512784737,1.88009160459
368989,0.061375415835,-0.172480588084,2.24633038162
370392,0.0616087824351,0.476933495339,2.09222584963
371795,0.0618421490353,0.52479742111,4.33447137078
373198,0.0620755156354,0.254041177238,2.29421982404
374601,0.0623088822355,1.34923461749,2.08768742132
376004,0.0625422488357,-0.247641988508,3.61273172516
377407,0.0627756154358,-0.2645092552,4.04871021999
378810,0.0630089820359,0.361142434466,2.05700699232
380213,0.0632423486361,0.476458618676,2.09591376449
381616,0.0634757152362,-0.0109443524298,3.56901844362
383019,0.0637090818363,-0.582055658714,3.59729369363
384422,0.0639424484365,0.744301211291,2.82965762828
385825,0.0641758150366,0.752688613753,1.79028496128
387228,0.0644091816367,0.39220196267,2.00813413107
388631,0.0646425482369,0.888974896087,3.25025465779
390034,0.064875914837,0.399777171126,2.10835435023
391437,0.0651092814371,-2.63701235107,6.9470576606
392840,0.0653426480373,0.0786791207012,2.03305318723
394243,0.0655760146374,0.190463531795,1.87069936356
395646,0.0658093812375,-0.233145516739,2.25992959569
397049,0.0660427478377,1.04687573784,1.82133806921
398452,0.0662761144378,0.489891386608,2.92417435458
399855,0.0665094810379,0.971955445699,2.44574926109
401258,0.0667428476381,0.434024846154,1.76766205165
402661,0.0669762142382,-1.51147330822,4.15390475115
404064,0.0672095808383,-0.708589217957,2.94612200613
405467,0.0674429474385,0.00168572567757,2.90374324558
406870,0.0676763140386,0.633886739387,1.40507488747
408273,0.0679096806387,0.361898207062,1.0516489754
409676,0.0681430472389,0.381944443105,1.49324279237
411079,0.068376413839,0.319412010661,1.17987828787
412482,0.0686097804391,-1.36630951363,3.50586698547
413885,0.0688431470393,-2.03029213565,8.32508637895
415288,0.0690765136394,-0.760511091118,5.3884465634
416691,0.0693098802395,0.336673142342,2.6371577009
418094,0.0695432468397,-0.0511030005038,2.11043483923
419497,0.0697766134398,1.02889560904,1.67327891437
420900,0.0700099800399,0.273972296989,6.17468236558
422303,0.0702433466401,0.754322036031,1.28058314707
423706,0.0704767132402,0.559255189668,1.5213575846
425109,0.0707100798403,-0.00862252656918,1.92292915433
426512,0.0709434464405,0.399401196333,0.885546069951
427915,0.0711768130406,0.266373823802,0.907918444441
429318,0.0714101796407,-0.0349928745491,1.36123098486
430721,0.0716435462409,0.437382289237,2.07704554062
432124,0.071876912841,1.22033573192,4.75479164825
433527,0.0721102794411,-0.106615793562,3.11375815265
434930,0.0723436460413,1.17478654032,2.19133679382
436333,0.0725770126414,0.622252478353,2.27808011137
437736,0.0728103792415,0.481001066722,2.235617236
439139,0.0730437458417,0.970509384713,2.50011383428
440542,0.0732771124418,-0.884340334996,5.22263269864
441945,0.0735104790419,0.549733770853,2.65231557375
443348,0.073743845642,-0.0144633863537,2.1783780494
444751,0.0739772122422,-0.00743250361745,3.12085894812
446154,0.0742105788423,0.553827241903,1.42210860089
447557,0.0744439454424,0.935692822582,1.8712479665
448960,0.0746773120426,0.561652755161,1.3784231364
450363,0.0749106786427,0.18926287055,1.00700534969
451766,0.0751440452428,-0.664826335842,10.6382203722
453169,0.075377411843,0.289563283823,1.79487731948
454572,0.0756107784431,0.035379327906,25.2939270392
455975,0.0758441450432,0.0619767590959,3.99369234978
457378,0.0760775116434,-0.151550676272,2.14755686961
458781,0.0763108782435,-0.319045162178,1.38573266829
460184,0.0765442448436,0.0189392357196,1.136972974
461587,0.0767776114438,0.374130233371,0.926807965497
462990,0.0770109780439,0.316804792773,1.01808996671
464393,0.077244344644,0.432816447042,1.14083825226
465796,0.0774777112442,0.192833550648,1.02044022562
467199,0.0777110778443,0.408329186753,1.34584949704
468602,0.0779444444444,0.387187854455,0.892840798421
470005,0.0781778110446,0.590395262495,1.5911015001
471408,0.0784111776447,-0.000276518380194,1.57676414535
472811,0.0786445442448,-0.486649752861,1.55848246116
474214,0.078877910845,0.101360109549,1.16915294875
475617,0.0791112774451,0.185038415702,1.12611681471
477020,0.0793446440452,0.171606602681,1.52774497849
478423,0.0795780106454,0.14970664102,1.27850939796
479826,0.0798113772455,0.666459201662,1.49938009675
481229,0.0800447438456,0.151137154911,1.25322885738
482632,0.0802781104458,-0.0289438914108,1.15359713335
484035,0.0805114770459,0.304932681666,1.19114559854
485438,0.080744843646,0.272517980362,1.30692007202
486841,0.0809782102462,-0.184386583668,1.42930995747
488244,0.0812115768463,-0.11331575468,0.92055238099
489647,0.0814449434464,0.206198331191,1.25162924963
491050,0.0816783100466,0.275607459246,0.974174311539
492453,0.0819116766467,0.430566410339,1.0271750699
493856,0.0821450432468,0.321193465499,1.24055844265
495259,0.082378409847,-0.0160092488712,1.45809451813
496662,0.0826117764471,-0.346928918653,1.02754317288
498065,0.0828451430472,-0.134553981837,1.00571688255
499468,0.0830785096474,0.210970089291,1.08317485149
500871,0.0833118762475,-0.00972526081899,0.758017435695
502274,0.0835452428476,0.106757268558,0.699947666308
503677,0.0837786094478,0.285406271257,0.958610619938
505080,0.0840119760479,0.072910420431,1.01113168335
506483,0.084245342648,0.167191773409,0.911901717378
507886,0.0844787092482,0.239395999336,0.911121638753
509289,0.0847120758483,0.350876964878,1.54182348019
510692,0.0849454424484,-0.108219684163,1.07965520379
512095,0.0851788090486,0.335512911729,1.1872302132
513498,0.0854121756487,-0.0794685418752,1.19733262653
514901,0.0856455422488,-0.307907899268,1.09813549023
516304,0.085878908849,0.152855043716,1.01177336675
517707,0.0861122754491,-0.0146154228391,1.02009912762
519110,0.0863456420492,0.29833087369,0.962021437541
520513,0.0865790086494,0.180078704073,0.685431044906
521916,0.0868123752495,0.238151252988,0.775203189301
523319,0.0870457418496,0.354552155307,1.05655534737
524722,0.0872791084498,-0.153404011653,0.694580859583
526125,0.0875124750499,0.54409852401,1.09336205541
527528,0.08774584165,0.3110477771,0.696840485285
528931,0.0879792082502,0.102259254278,0.654662256926
530334,0.0882125748503,0.302347585931,0.852276792751
531737,0.0884459414504,0.142258759292,0.766977202698
533140,0.0886793080506,0.0325707907094,0.666861802358
534543,0.0889126746507,0.104849877619,0.712511852272
535946,0.0891460412508,0.460269454497,0.99312201214
537349,0.089379407851,0.0424217847932,0.782374854658
538752,0.0896127744511,-0.243396414411,0.908401016658
540155,0.0898461410512,0.475041822235,1.06423165053
541558,0.0900795076514,0.4293686192,1.40451965163
542961,0.0903128742515,0.234021339472,1.97188827279
544364,0.0905462408516,0.182836019173,1.48146218581
545767,0.0907796074518,0.505999455725,1.08483604079
547170,0.0910129740519,0.164070687621,1.80562285085
548573,0.091246340652,0.595624320184,2.05430898692
549976,0.0914797072522,-0.0267125455183,1.46808819561
551379,0.0917130738523,-0.174886204921,1.70490237098
552782,0.0919464404524,0.644780446298,1.57008666013
554185,0.0921798070526,0.579848329031,1.46661795242
555588,0.0924131736527,0.0825467114212,2.2337085261
556991,0.0926465402528,0.546663535958,2.10746953512
558394,0.092879906853,0.324074963179,3.09496719068
559797,0.0931132734531,-0.02191162002,2.16496926224
561200,0.0933466400532,0.0106920721914,2.86696675797
562603,0.0935800066534,0.186669975908,1.73034740667
564006,0.0938133732535,0.200391834959,1.49003581482
565409,0.0940467398536,0.1833883525,1.28299706222
566812,0.0942801064538,-0.221230327128,1.41520185583
568215,0.0945134730539,0.522966116709,1.38548872957
569618,0.094746839654,0.749446495682,1.4038793626
571021,0.0949802062542,0.891560766696,1.55999433883
572424,0.0952135728543,0.364158722533,1.95264026176
573827,0.0954469394544,-0.603494828397,2.79217470097
575230,0.0956803060546,-0.548840590928,2.17654853968
576633,0.0959136726547,-0.593150049285,1.99623283582
578036,0.0961470392548,0.272649254091,1.72275324304
579439,0.096380405855,0.136254864947,1.26991095286
580842,0.0966137724551,-0.171621740114,0.965537089793
582245,0.0968471390552,-0.156441467986,1.32519255663
583648,0.0970805056554,0.518182617608,0.991957832601
585051,0.0973138722555,0.370147064855,0.917362643757
586454,0.0975472388556,-0.0583019607007,1.1306110494
587857,0.0977806054558,0.206294983267,0.789877092612
589260,0.0980139720559,0.120391859453,0.704734211049
590663,0.098247338656,0.368762221327,0.950201187254
592066,0.0984807052562,0.221351440844,0.719421731338
593469,0.0987140718563,0.0397436549084,0.806404780167
594872,0.0989474384564,0.179759827183,0.875373291206
596275,0.0991808050566,0.172795557492,1.07717738718
597678,0.0994141716567,0.0252650663436,0.989803718122
599081,0.0996475382568,0.269836799997,0.923902834812
600484,0.099880904857,-0.0300084795045,0.83544483531
601887,0.100114271457,0.110153648603,0.968721746819
603290,0.100347638057,0.293023782106,0.715444252217
604693,0.100581004657,0.426939085195,0.81458451968
606096,0.100814371257,0.620515361072,0.976911977682
607499,0.101047737858,0.336475070702,1.15116196884
608902,0.101281104458,0.0593026446759,0.993990281537
610305,0.101514471058,0.513055659198,1.30539398604
611708,0.101747837658,0.814134137189,1.45917137845
613111,0.101981204258,-0.317324756124,1.5431605663
614514,0.102214570858,0.635378234662,1.59266986889
615917,0.102447937458,-0.098439482717,1.57828998032
617320,0.102681304059,0.318421355336,1.34924406953
618723,0.102914670659,0.426160952483,1.41199954504
620126,0.103148037259,0.390246446413,1.26149532822
621529,0.103381403859,-0.0463143438032,1.97534084642
622932,0.103614770459,0.0753265535432,1.77637281933
624335,0.103848137059,0.227093429021,1.64880547243
625738,0.104081503659,-0.0757968628472,1.69652318451
627141,0.104314870259,0.496493302135,1.40565621672
628544,0.10454823686,0.236299704641,1.34581677604
629947,0.10478160346,0.0898654347339,1.07811630041
631350,0.10501497006,-0.0194798515936,1.15537246054
632753,0.10524833666,0.268722960355,1.17875868172
634156,0.10548170326,0.131447090891,1.26934794555
635559,0.10571506986,0.343371925963,1.43496295259
636962,0.10594843646,-0.310193546827,1.48060246863
638365,0.106181803061,0.160865383254,1.06634133205
639768,0.106415169661,0.256997970716,0.808940254082
641171,0.106648536261,0.571305046653,0.992431619917
642574,0.106881902861,-0.126059401426,1.03201293882
643977,0.107115269461,0.156436224911,1.01561187975
645380,0.107348636061,-0.0125343967039,1.24119633243
646783,0.107582002661,0.0872263535073,0.930605066383
648186,0.107815369261,0.446991609432,0.935925401507
649589,0.108048735862,0.266183457491,0.77485583086
650992,0.108282102462,0.465486059793,0.991062924663
652395,0.108515469062,0.391160848855,1.00879041024
653798,0.108748835662,0.495127883706,0.962127045364
655201,0.108982202262,0.310930979965,0.922612658668
656604,0.109215568862,-0.200365180909,1.04217530133
658007,0.109448935462,0.269535493718,1.34095196245
659410,0.109682302063,0.385384606863,1.16385260356
660813,0.109915668663,-0.100169661778,1.19316624077
662216,0.110149035263,0.205918626627,1.39917317452
663619,0.110382401863,0.0468480084666,1.65503709925
665022,0.110615768463,0.0391208540869,1.44627503715
666425,0.110849135063,0.905190970029,1.85193032618
667828,0.111082501663,0.814806291416,1.55035209505
669231,0.111315868263,0.0647199139076,2.00498760004
670634,0.111549234864,-0.28362073162,3.02283966235
672037,0.111782601464,-0.0301758491113,1.8368397269
673440,0.112015968064,0.420640063551,1.99158653802
674843,0.112249334664,-0.237837060875,2.1900310063
676246,0.112482701264,0.402946515292,1.91170719893
677649,0.112716067864,1.09019915867,2.3200587553
679052,0.112949434464,0.274220015255,1.99055447772
680455,0.113182801065,0.580867804676,2.27691755563
681858,0.113416167665,0.392076988225,1.80158487041
683261,0.113649534265,0.480928012788,1.57825821814
684664,0.113882900865,0.724345857952,1.81595713572
686067,0.114116267465,0.141142651508,2.9449558553
687470,0.114349634065,-0.500615019389,2.13965965639
688873,0.114583000665,-0.0566494436706,3.05475684265
690276,0.114816367265,-1.65218808927,7.05859384352
691679,0.115049733866,-0.215873156245,1.79683084831
693082,0.115283100466,0.147714766167,1.15589440615
694485,0.115516467066,0.0952527719191,1.31139970821
695888,0.115749833666,0.403379514199,1.23028448094
697291,0.115983200266,0.357837755685,1.30620403591
698694,0.116216566866,-0.0210089131222,0.896549566303
700097,0.116449933466,0.355966622981,1.13598912473
701500,0.116683300067,-0.0815868234193,0.784158039567
702903,0.116916666667,0.00484241985003,0.694642973502
704306,0.117150033267,0.186460098581,0.803753511321
705709,0.117383399867,0.0468284605156,1.07414937737
707112,0.117616766467,-0.050962931841,0.733037910467
708515,0.117850133067,0.1876453991,0.671190035959
709918,0.118083499667,0.382523893719,0.76683277387
711321,0.118316866267,0.75272294194,1.01760216118
712724,0.118550232868,0.0624073496972,0.889723100047
714127,0.118783599468,-0.125638799992,0.707624469079
715530,0.119016966068,0.521703240844,0.97505910807
716933,0.119250332668,0.531512487103,1.02285007835
718336,0.119483699268,-0.00163573417213,1.0280881883
719739,0.119717065868,0.447555293916,1.29332212813
721142,0.119950432468,0.196489020173,1.41844097382
722545,0.120183799069,0.0252103646424,1.52987004548
723948,0.120417165669,-0.323782226231,1.56692096969
725351,0.120650532269,0.32649484256,1.11490503891
726754,0.120883898869,0.0187010511463,1.16972188255
728157,0.121117265469,0.281771339493,1.06714809197
729560,0.121350632069,-0.135145525131,0.88401760864
730963,0.121583998669,-0.0995412174829,0.821337674802
732366,0.121817365269,-0.206946995222,0.733813522017
733769,0.12205073187,-0.151720330323,0.657067635502
735172,0.12228409847,0.0409675581011,0.631949849239
736575,0.12251746507,0.00139486299631,0.504350188528
737978,0.12275083167,-0.00226814391535,0.545907743584
739381,0.12298419827,0.0625545429294,0.569325658333
740784,0.12321756487,0.225287557355,0.69706384453
742187,0.12345093147,-0.0349676543453,0.621325587904
743590,0.123684298071,0.15131622951,0.659480527241
744993,0.123917664671,0.295811258295,0.672024024366
746396,0.124151031271,0.296949945179,0.705922676002
747799,0.124384397871,0.419736713971,0.711238483446
749202,0.124617764471,0.137868613589,0.600687506229
750605,0.124851131071,-0.0196678670537,0.617536564515
752008,0.125084497671,0.0531193975624,0.48080260891
753411,0.125317864271,0.0184969218305,0.419233576537
754814,0.125551230872,-0.0755019183791,0.451144051042
756217,0.125784597472,0.23198255347,0.629369600259
757620,0.126017964072,0.218467632323,0.520744955397
759023,0.126251330672,0.107066050148,0.593304863789
760426,0.126484697272,0.0900483189786,0.530381956534
761829,0.126718063872,0.207439995883,0.548861457882
763232,0.126951430472,0.348420910276,0.750951648747
764635,0.127184797073,0.157855905861,0.61049355554
766038,0.127418163673,0.308954081554,0.667016926257
767441,0.127651530273,0.164134593786,0.709022225612
768844,0.127884896873,0.136659128404,0.925896614386
770247,0.128118263473,0.0258660027264,0.775132438981
771650,0.128351630073,0.53305216893,1.07773998791
773053,0.128584996673,0.250115852297,1.07672944845
774456,0.128818363273,0.422245649223,1.46806383633
775859,0.129051729874,0.185436358875,1.00850314652
777262,0.129285096474,-0.282685002242,1.00843831016
778665,0.129518463074,0.0451672498411,0.99552468759
780068,0.129751829674,0.248995829491,1.03435660282
781471,0.129985196274,0.168971510898,0.989518211954
782874,0.130218562874,-0.0702621322041,0.821402085223
784277,0.130451929474,0.0395561311813,1.00985957464
785680,0.130685296075,0.0806708523179,0.856059519226
787083,0.130918662675,0.461703896673,0.969315636799
788486,0.131152029275,0.420384796509,0.822562566363
789889,0.131385395875,0.251373437862,0.74026994495
791292,0.131618762475,0.797376752851,1.1902207312
792695,0.131852129075,0.759203447125,1.2975832405
794098,0.132085495675,0.692559231791,1.51121231915
795501,0.132318862275,0.787807418449,2.13830800117
796904,0.132552228876,0.984552519867,2.08879735202
798307,0.132785595476,0.736230907052,1.8969849771
799710,0.133018962076,0.195424364999,2.22736927056
801113,0.133252328676,-0.652206912997,2.52366249935
802516,0.133485695276,0.3269654247,1.30505582329
803919,0.133719061876,0.530169690735,1.26956673384
805322,0.133952428476,-0.127144300749,4.42227305897
806725,0.134185795077,-0.335290519645,2.27206268088
808128,0.134419161677,0.375425679985,1.6162083455
809531,0.134652528277,-0.2008235956,1.62143982632
810934,0.134885894877,-0.230634425451,1.38377750303
812337,0.135119261477,-0.0356616937005,1.88902230074
813740,0.135352628077,0.0618718165193,1.35545066082
815143,0.135585994677,-0.12858702042,1.03794426241
816546,0.135819361277,-0.0517931759157,0.92457374031
817949,0.136052727878,-0.0686334139735,0.709529090998
819352,0.136286094478,0.385123663242,0.858549153397
820755,0.136519461078,0.00818693437435,0.475749049319
822158,0.136752827678,-0.0768247931593,0.441041050246
823561,0.136986194278,-0.0355811838469,0.40928424568
824964,0.137219560878,0.0996496526691,0.559839771453
826367,0.137452927478,-0.0297996389197,0.497056563058
827770,0.137686294079,0.064262192811,0.528586719815
829173,0.137919660679,0.168503608493,0.425818428504
830576,0.138153027279,0.279084035296,0.478318311586
831979,0.138386393879,-0.0250293922342,0.404256878615
833382,0.138619760479,0.260307470811,0.415852346292
834785,0.138853127079,0.0921069998586,0.389454358929
836188,0.139086493679,-0.019545944089,0.451051974781
837591,0.139319860279,-0.00458122451836,0.412216621818
838994,0.13955322688,-0.0463094870711,0.469279611833
840397,0.13978659348,0.0649606205348,0.468334421925
841800,0.14001996008,0.175594772396,0.476463037331
843203,0.14025332668,0.0674130949083,0.452537471367
844606,0.14048669328,0.340267295449,0.61859148165
846009,0.14072005988,0.175204826785,0.505192913901
847412,0.14095342648,0.212470926448,0.533094407762
848815,0.141186793081,0.315544043657,0.5618212625
850218,0.141420159681,0.168003745949,0.537718301418
851621,0.141653526281,0.129144361557,0.529697723809
853024,0.141886892881,0.111654040989,0.68856989743
854427,0.142120259481,0.138680314665,0.683690522392
855830,0.142353626081,0.0202919669092,0.501288894005
857233,0.142586992681,0.117500525832,0.578496664061
858636,0.142820359281,0.147227855436,0.518684115227
860039,0.143053725882,0.126490917841,0.568027122692
861442,0.143287092482,0.0244556975891,0.631740075514
862845,0.143520459082,0.0730399380257,0.789769530707
864248,0.143753825682,0.0602160843088,0.627778672051
865651,0.143987192282,0.222983170922,0.562722318941
867054,0.144220558882,0.148288756681,0.443493143296
868457,0.144453925482,0.295747812235,0.54118830282
869860,0.144687292083,0.420498832344,0.786536776631
871263,0.144920658683,0.287997228689,0.89875272286
872666,0.145154025283,-0.129143524023,0.627340501068
874069,0.145387391883,0.024470910302,0.533358107179
875472,0.145620758483,0.115628017487,0.607292098665
876875,0.145854125083,0.015993581847,0.592265881271
878278,0.146087491683,-0.00222492610151,0.481728709969
879681,0.146320858283,0.185989286865,0.647228490726
881084,0.146554224884,0.124568997527,0.595567717267
882487,0.146787591484,0.239808844031,0.642559776183
883890,0.147020958084,0.49192556153,0.97041767533
885293,0.147254324684,0.194257733757,0.841584192681
886696,0.147487691284,0.404309590724,1.08883300659
888099,0.147721057884,0.294648839434,1.08260859559
889502,0.147954424484,-0.341675308228,1.40228551583
890905,0.148187791084,0.10155774481,0.829709142384
892308,0.148421157685,0.362105554884,1.06093209712
893711,0.148654524285,0.505445791231,1.23228472055
895114,0.148887890885,0.246887016532,1.14010801569
896517,0.149121257485,-0.0623143865557,1.20437412806
897920,0.149354624085,-0.0133602055999,1.14082934126
899323,0.149587990685,-0.0207199069775,0.874898696186
900726,0.149821357285,-0.0997670068849,0.882956371165
902129,0.150054723886,0.308025641284,0.767035456514
903532,0.150288090486,0.0241316191629,0.847722834594
904935,0.150521457086,0.196076316196,0.830103563995
906338,0.150754823686,0.115518312474,0.868085504138
907741,0.150988190286,0.522948752833,0.935983210601
909144,0.151221556886,0.157503039634,0.858847272742
910547,0.151454923486,0.235946105263,0.943251629339
911950,0.151688290086,0.263619055785,0.913040215852
913353,0.151921656687,0.291466273345,1.09911640672
914756,0.152155023287,0.169772003253,0.951892202239
916159,0.152388389887,0.356072031799,1.41279392571
917562,0.152621756487,-0.411549425714,1.34291244586
918965,0.152855123087,0.348787405282,1.4603899505
920368,0.153088489687,0.143533332471,1.17882952936
921771,0.153321856287,0.510862257955,1.68044313794
923174,0.153555222888,0.722117761285,1.63481544554
924577,0.153788589488,-0.112778100023,1.72951853857
925980,0.154021956088,0.491146698828,1.70525193681
927383,0.154255322688,0.184464651586,1.57329757049
928786,0.154488689288,-0.210786050182,1.94566116904
930189,0.154722055888,0.267838543403,1.97570812261
931592,0.154955422488,-0.146322179266,2.83855562516
932995,0.155188789088,-0.112503941905,1.95903307955
934398,0.155422155689,0.322366716657,2.02514121043
935801,0.155655522289,-0.0192869487714,1.7522696742
937204,0.155888888889,0.244656729643,1.48728147566
938607,0.156122255489,0.572356834254,2.1988581002
940010,0.156355622089,-0.161600582035,1.36265865627
941413,0.156588988689,0.213185108651,1.48948362883
942816,0.156822355289,0.0637081210639,1.08290251434
944219,0.15705572189,-0.0458392642597,1.51714092508
945622,0.15728908849,-0.175827006248,1.39520174451
947025,0.15752245509,-0.0306963736763,1.16880600634
948428,0.15775582169,0.0207529963375,1.26026691245
949831,0.15798918829,0.252743145208,1.07150943449
951234,0.15822255489,0.227319429542,0.79055536459
952637,0.15845592149,0.672782162703,1.17699733518
954040,0.15868928809,0.348849424019,1.24148300592
955443,0.158922654691,0.488147189397,1.15738861651
956846,0.159156021291,-0.0115293882404,0.937081378185
958249,0.159389387891,0.652905293771,1.48215976248
959652,0.159622754491,-0.0848478832423,1.78068046007
961055,0.159856121091,-0.744551096346,1.62663852902
962458,0.160089487691,-0.428635311061,0.943874305839
963861,0.160322854291,0.00740417666098,0.730484443075
965264,0.160556220892,0.133142604504,0.62353912964
966667,0.160789587492,0.716343180045,0.991449952306
968070,0.161022954092,0.0926146778016,0.880544344964
969473,0.161256320692,0.202171943961,0.971787991056
970876,0.161489687292,-0.198935177095,0.898051882262
972279,0.161723053892,0.0376320226062,0.804964991137
973682,0.161956420492,0.68356411111,0.951557227089
975085,0.162189787092,0.0119169522382,0.911340866928
976488,0.162423153693,0.041309664268,0.75680550989
977891,0.162656520293,-0.0256761162679,0.633586579234
979294,0.162889886893,0.00483055794399,0.720278807169
980697,0.163123253493,0.191068478825,0.724358695191
982100,0.163356620093,-0.0134716386109,0.78989781687
983503,0.163589986693,0.142050503009,0.603823148881
984906,0.163823353293,0.233321684617,0.680576251882
986309,0.164056719894,0.153457606172,0.675238424783
987712,0.164290086494,-0.129463335939,0.642838902305
989115,0.164523453094,0.222707276368,0.594155863915
990518,0.164756819694,0.249631898503,0.593910238756
991921,0.164990186294,0.0159507472718,0.546688014027
993324,0.165223552894,0.0896471618884,0.632973717237
994727,0.165456919494,0.388472500662,0.857205540292
996130,0.165690286094,-0.131251675059,0.750509861146
997533,0.165923652695,-0.0690749987019,0.59685058033
998936,0.166157019295,0.0614621984619,0.544643598554
1000339,0.166390385895,0.128389838696,0.572935718668
1001742,0.166623752495,0.00215101412591,0.560782421263
1003145,0.166857119095,-0.075447593631,0.55697113049
1004548,0.167090485695,-0.0126516298687,0.571887908924
1005951,0.167323852295,0.136208322606,0.589500724346
1007354,0.167557218896,0.102010734672,0.69937706702
1008757,0.167790585496,0.0495649419701,0.523610335629
1010160,0.168023952096,0.0142213294784,0.453896992038
1011563,0.168257318696,0.139669656508,0.515755829345
1012966,0.168490685296,0.132542796466,0.483736191805
1014369,0.168724051896,0.388430609518,0.614231163789
1015772,0.168957418496,0.243534526606,0.600609833947
1017175,0.169190785096,0.275500890658,0.476000227337
1018578,0.169424151697,0.129767506188,0.503352825488
1019981,0.169657518297,0.075759791035,0.447990562253
1021384,0.169890884897,0.0830878747607,0.483544028326
1022787,0.170124251497,0.0574948022349,0.487769954322
1024190,0.170357618097,-0.0447646994954,0.444294837663
1025593,0.170590984697,0.0217908630078,0.368825208852
1026996,0.170824351297,-0.0235918634795,0.515230344974
1028399,0.171057717898,0.000338625946365,0.484261535121
1029802,0.171291084498,0.13480479079,0.424438823666
1031205,0.171524451098,0.126864858427,0.37581967173
1032608,0.171757817698,0.160169934117,0.36045905422
1034011,0.171991184298,0.341462191304,0.441787713863
1035414,0.172224550898,0.244894720589,0.410248295066
1036817,0.172457917498,0.367287305243,0.511210048636
1038220,0.172691284098,0.308200622137,0.451644941195
1039623,0.172924650699,0.430671094958,0.59840765253
1041026,0.173158017299,0.413180923832,0.643631050328
1042429,0.173391383899,0.81175913118,0.953440208293
1043832,0.173624750499,0.19274423331,0.840940475479
1045235,0.173858117099,0.49619235948,1.0904585215
1046638,0.174091483699,-0.101817629762,0.895660261869
1048041,0.174324850299,0.183738754169,0.950575677915
1049444,0.1745582169,0.211499196366,0.899299101378
1050847,0.1747915835,0.116891903575,0.91358617021
1052250,0.1750249501,-0.0379965150077,0.942777023968
1053653,0.1752583167,0.270671127483,0.73260420407
1055056,0.1754916833,0.349092005527,1.24069753288
1056459,0.1757250499,-0.39779142466,1.38372138704
1057862,0.1759584165,0.224848634583,0.901672666889
1059265,0.1761917831,0.0898025508665,0.977737276017
1060668,0.176425149701,0.102715888026,1.02997216001
1062071,0.176658516301,-0.0531229441041,1.01848928045
1063474,0.176891882901,0.110173817523,0.945195074694
1064877,0.177125249501,-0.350095861882,0.873039451656
1066280,0.177358616101,-0.127345580639,0.785898824049
1067683,0.177591982701,0.200467721186,0.894905382613
1069086,0.177825349301,0.115967537166,0.883133229272
1070489,0.178058715902,-0.150495120329,0.648892163506
1071892,0.178292082502,-0.16107639993,0.793636354808
1073295,0.178525449102,0.413089902825,0.8245124427
1074698,0.178758815702,0.0620509371071,0.702883668803
1076101,0.178992182302,0.0179098300994,0.680856687383
1077504,0.179225548902,-0.159524045948,0.703625063176
1078907,0.179458915502,-0.0133898151467,0.603450412062
1080310,0.179692282102,0.223371309706,0.867340718172
1081713,0.179925648703,0.0303104004992,0.537765044882
1083116,0.180159015303,0.0197759293645,0.43472233883
1084519,0.180392381903,0.142730161587,0.445879923867
1085922,0.180625748503,0.219215582757,0.445688867168
1087325,0.180859115103,0.229555551476,0.43956876974
1088728,0.181092481703,0.239113533981,0.507398257761
1090131,0.181325848303,0.666288976504,0.708172780889
1091534,0.181559214904,-0.0189423887525,0.649951741616
1092937,0.181792581504,0.125652450411,0.634201017502
1094340,0.182025948104,0.152295908125,0.618064822476
1095743,0.182259314704,-0.0864817059733,0.746951741672
1097146,0.182492681304,0.0424303770888,0.662250977926
1098549,0.182726047904,0.278326747368,0.733602494081
1099952,0.182959414504,0.00834340949678,0.661651838178
1101355,0.183192781104,0.00372340653112,0.628081964209
1102758,0.183426147705,-0.182821059608,0.679093605317
1104161,0.183659514305,-0.0151605036403,0.640528454573
1105564,0.183892880905,0.0607915342489,0.6816197269
1106967,0.184126247505,0.388812184172,0.761603057974
1108370,0.184359614105,0.31235747211,0.793650221581
1109773,0.184592980705,-0.0489220713517,0.735618127013
1111176,0.184826347305,0.313665544379,0.84454205564
1112579,0.185059713906,0.17271849947,0.721557463923
1113982,0.185293080506,0.00908420902353,0.632741147924
1115385,0.185526447106,0.192417231941,0.770489286921
1116788,0.185759813706,0.233844755089,0.647946954062
1118191,0.185993180306,0.160266810321,0.673306109002
1119594,0.186226546906,0.0993133114399,0.717531361484
1120997,0.186459913506,-0.0359463842485,0.626555207094
1122400,0.186693280106,0.16970247115,0.567847204976
1123803,0.186926646707,0.213047592902,0.631811081711
1125206,0.187160013307,0.193575913216,0.750481475083
1126609,0.187393379907,0.231688393025,0.682712480181
1128012,0.187626746507,0.137856629956,0.625057921696
1129415,0.187860113107,0.0508486782236,0.606941331761
1130818,0.188093479707,0.0507441813937,0.512572878637
1132221,0.188326846307,-0.0556398259675,0.584737651173
1133624,0.188560212908,-0.0887732105946,0.51391248585
1135027,0.188793579508,0.0281107685471,0.603394303739
1136430,0.189026946108,0.123152645811,0.667184631674
1137833,0.189260312708,0.00714890509923,0.816730851091
1139236,0.189493679308,-0.0160400943699,0.598312915241
1140639,0.189727045908,0.0948590511908,0.574675169697
1142042,0.189960412508,0.17996131726,0.622451206774
1143445,0.190193779108,0.380332817945,0.624205217501
1144848,0.190427145709,0.403552680529,0.776676559765
1146251,0.190660512309,0.217593321847,0.661878407274
1147654,0.190893878909,0.14253000709,0.690154265199
1149057,0.191127245509,-0.0281809074652,0.758502296448
1150460,0.191360612109,0.0159442515037,0.595738053048
1151863,0.191593978709,0.110291573308,0.538179039291
1153266,0.191827345309,0.188793199596,0.660080721901
1154669,0.19206071191,0.248040804313,0.68919325197
1156072,0.19229407851,0.0743469262911,0.806312215783
1157475,0.19252744511,0.172704242012,0.769653928775
1158878,0.19276081171,0.276645155844,0.889375844012
1160281,0.19299417831,0.00134771560054,0.751111978575
1161684,0.19322754491,0.144991600925,0.598424851084
1163087,0.19346091151,0.30120871026,0.781132630712
1164490,0.19369427811,0.110163954782,0.60079476614
1165893,0.193927644711,-0.0315571702672,0.587804953534
1167296,0.194161011311,0.232914802165,0.560381675321
1168699,0.194394377911,0.215737625152,0.528679929544
1170102,0.194627744511,0.31392010734,0.741374611268
1171505,0.194861111111,0.467171853084,0.884078503437
1172908,0.195094477711,0.390959992827,1.08553625588
1174311,0.195327844311,-0.355142184306,0.88638052746
1175714,0.195561210912,0.0718297120564,0.772698643066
1177117,0.195794577512,-0.0658243625085,0.698525262914
1178520,0.196027944112,0.0588787810051,0.66782210153
1179923,0.196261310712,0.0478831487005,0.670970497189
1181326,0.196494677312,0.298025877931,0.637627852961
1182729,0.196728043912,0.284545774397,0.680079174395
1184132,0.196961410512,0.306292769986,0.644180579161
1185535,0.197194777112,0.503958279166,0.981984057091
1186938,0.197428143713,0.0124221899273,0.811212286585
1188341,0.197661510313,0.16953365444,0.926286695125
1189744,0.197894876913,0.218835616259,0.786201132411
1191147,0.198128243513,-0.222175099446,1.12475243939
1192550,0.198361610113,-0.415260314151,0.958391670511
1193953,0.198594976713,-0.377650471857,0.683767726994
1195356,0.198828343313,-0.233364775842,0.561115457243
1196759,0.199061709914,0.035046517669,0.608363675287
1198162,0.199295076514,0.11298309584,0.554088495884
1199565,0.199528443114,0.181644815311,0.502275325298
1200968,0.199761809714,-0.0340714278568,0.431772264345
1202371,0.199995176314,-0.0259566098094,0.380837121401
1203774,0.200228542914,0.0260123421242,0.411186967
1205177,0.200461909514,0.201645656324,0.507295010519
1206580,0.200695276114,0.409370234611,0.633447020036
1207983,0.200928642715,0.1318836599,0.422510833702
1209386,0.201162009315,0.0283955219019,0.398811679433
1210789,0.201395375915,0.0892036653691,0.423625151559
1212192,0.201628742515,0.184501992424,0.46675349368
1213595,0.201862109115,0.315417332646,0.508313768431
1214998,0.202095475715,0.0412888256841,0.379116944932
1216401,0.202328842315,0.0866545755636,0.449918513382
1217804,0.202562208916,0.0818305453212,0.460676388009
1219207,0.202795575516,0.122958788673,0.441035882875
1220610,0.203028942116,0.211586653873,0.52447160306
1222013,0.203262308716,0.211009076985,0.541121363993
1223416,0.203495675316,0.169361036863,0.484987692271
1224819,0.203729041916,0.144917578634,0.549849523207
1226222,0.203962408516,0.0395963598322,0.589589578034
1227625,0.204195775116,0.135237541339,0.558608300054
1229028,0.204429141717,0.147277037891,0.477299184536
1230431,0.204662508317,0.126660279482,0.543047414854
1231834,0.204895874917,0.203553484392,0.564790534067
1233237,0.205129241517,-0.0986976508186,0.491894450593
1234640,0.205362608117,0.0499595501412,0.539257989563
1236043,0.205595974717,0.00799649593742,0.485823963428
1237446,0.205829341317,0.0266440852031,0.48258287826
1238849,0.206062707917,0.0508831311997,0.529881943924
1240252,0.206296074518,0.0683928540918,0.480151589925
1241655,0.206529441118,0.0781104383482,0.447066731833
1243058,0.206762807718,0.203038594689,0.47920480129
1244461,0.206996174318,0.222132397992,0.490365776176
1245864,0.207229540918,0.150426385128,0.435364681073
1247267,0.207462907518,0.149787344655,0.470815467248
1248670,0.207696274118,0.117695512486,0.563154813815
1250073,0.207929640719,0.0144593050227,0.557336684232
1251476,0.208163007319,0.0194291230674,0.509690734764
1252879,0.208396373919,0.218968749605,0.599922924689
1254282,0.208629740519,0.101381407125,0.450102712295
1255685,0.208863107119,0.0705697656124,0.455722307821
1257088,0.209096473719,0.048789367547,0.332936504871
1258491,0.209329840319,0.193223905233,0.409856979404
1259894,0.209563206919,0.117129862097,0.328807206456
1261297,0.20979657352,0.0714240519179,0.302745172009
1262700,0.21002994012,0.0652046811879,0.288798250864
1264103,0.21026330672,0.0612352538029,0.307272660256
1265506,0.21049667332,0.103250487855,0.329454927996
1266909,0.21073003992,0.201129344053,0.353802614639
1268312,0.21096340652,0.173799808299,0.382607218658
1269715,0.21119677312,0.129372341046,0.289014653783
1271118,0.211430139721,0.175658933662,0.352172752995
1272521,0.211663506321,0.161676589022,0.324563749068
1273924,0.211896872921,0.175250219159,0.32149290376
1275327,0.212130239521,0.100893626379,0.307974540737
1276730,0.212363606121,0.14711193712,0.328119947042
1278133,0.212596972721,0.206538810271,0.435809739205
1279536,0.212830339321,0.203520923178,0.33296128428
1280939,0.213063705921,0.158009580709,0.326615369804
1282342,0.213297072522,0.085831958393,0.325884047341
1283745,0.213530439122,0.0658810716843,0.357044183135
1285148,0.213763805722,0.0418024155263,0.359868159139
1286551,0.213997172322,0.185719962126,0.477005320872
1287954,0.214230538922,0.105445914175,0.365629090029
1289357,0.214463905522,0.143105449507,0.354908381391
1290760,0.214697272122,0.142524372612,0.360598756742
1292163,0.214930638723,0.107413142592,0.348508412696
1293566,0.215164005323,0.0708969519475,0.337951974306
1294969,0.215397371923,0.158733182326,0.367669818183
1296372,0.215630738523,0.298606830501,0.542640961607
1297775,0.215864105123,0.147924170713,0.381204691965
1299178,0.216097471723,0.304368077449,0.517190186448
1300581,0.216330838323,0.277721519014,0.498861064855
1301984,0.216564204923,0.248957468302,0.494903814214
1303387,0.216797571524,0.29523330299,0.490395111482
1304790,0.217030938124,0.167355707249,0.497039351389
1306193,0.217264304724,0.104459415472,0.686156757162
1307596,0.217497671324,0.180555502909,0.82064252588
1308999,0.217731037924,0.207958260668,0.719180761054
1310402,0.217964404524,0.387051363443,0.997952950464
1311805,0.218197771124,-0.328329919069,1.24276830463
1313208,0.218431137725,-0.0870762854941,1.22167415287
1314611,0.218664504325,0.121660144602,0.85817288365
1316014,0.218897870925,0.109617892961,0.736560997984
1317417,0.219131237525,-0.145564913094,0.6455026288
1318820,0.219364604125,-0.175526747299,0.615985165686
1320223,0.219597970725,0.04486635318,0.652619152974
1321626,0.219831337325,0.201897373967,0.527020147753
1323029,0.220064703925,0.274298649996,0.595006444884
1324432,0.220298070526,0.36548544259,0.7730548521
1325835,0.220531437126,0.144937485749,0.594487799505
1327238,0.220764803726,0.0559778570072,0.542542255241
1328641,0.220998170326,0.143015044214,0.591411647187
1330044,0.221231536926,0.262528125045,0.828057069861
1331447,0.221464903526,0.435561960725,0.861980759295
1332850,0.221698270126,0.345239914089,1.00568299262
1334253,0.221931636727,0.186296913647,1.19257623454
1335656,0.222165003327,0.345277162268,1.10877976458
1337059,0.222398369927,0.0894294111975,1.00040984152
1338462,0.222631736527,-0.0633450200685,0.829622385259
1339865,0.222865103127,0.112391140538,1.32674049841
1341268,0.223098469727,-0.173787959701,0.827458379269
1342671,0.223331836327,-0.0843542435293,0.867115548446
1344074,0.223565202927,-0.0231829201804,0.546002332568
1345477,0.223798569528,0.284342581261,0.962332221139
1346880,0.224031936128,0.244395816953,0.711063745367
1348283,0.224265302728,0.155633300481,0.876018649752
1349686,0.224498669328,0.376366427156,0.869381509497
1351089,0.224732035928,0.303220556604,0.821617482334
1352492,0.224965402528,0.676716710301,1.00584384791
1353895,0.225198769128,0.358759118569,1.021074526
1355298,0.225432135729,0.450706790687,1.30209619237
1356701,0.225665502329,0.244166416091,1.52789667888
1358104,0.225898868929,0.234337348411,1.4534675188
1359507,0.226132235529,0.0406439523776,1.52239248278
1360910,0.226365602129,0.0350058061517,1.60505934357
1362313,0.226598968729,-0.0708045499457,1.14121944714
1363716,0.226832335329,0.459732760854,1.18042660503
1365119,0.227065701929,0.535332891006,1.14415050766
1366522,0.22729906853,1.1663205184,2.04437947712
1367925,0.22753243513,-0.356310222751,2.23238338495
1369328,0.22776580173,-0.130238602707,1.63342727443
1370731,0.22799916833,-0.604203495522,2.06972746672
1372134,0.22823253493,0.732432189276,1.66486418162
1373537,0.22846590153,0.232024449465,1.60279435406
1374940,0.22869926813,0.485429112634,2.50216307335
1376343,0.228932634731,-0.329704800985,2.04661541913
1377746,0.229166001331,0.539871102054,1.96277080829
1379149,0.229399367931,0.374276417137,1.54798890241
1380552,0.229632734531,0.75933725321,2.11953291482
1381955,0.229866101131,-0.192002615444,1.77977943932
1383358,0.230099467731,0.573484314483,1.85484227769
1384761,0.230332834331,0.615810658212,2.13738426275
1386164,0.230566200931,-0.137594510357,2.74454360987
1387567,0.230799567532,-0.343956772125,2.58421337766
1388970,0.231032934132,0.470104336506,1.41133930095
1390373,0.231266300732,0.596523896347,2.09755907423
1391776,0.231499667332,-0.130463664521,1.95314734395
1393179,0.231733033932,0.552267116247,1.8849163165
1394582,0.231966400532,-0.493800597765,2.63912658932
1395985,0.232199767132,-0.475186135126,1.45196919884
1397388,0.232433133733,-0.350063862706,1.22859649895
1398791,0.232666500333,0.16484885066,0.822206755152
1400194,0.232899866933,0.0189286821662,0.964337049456
1401597,0.233133233533,-0.0298312229834,0.832966622708
1403000,0.233366600133,0.230349853609,0.849091629924
1404403,0.233599966733,0.479319032301,0.938851534617
1405806,0.233833333333,0.290265074109,1.24183838518
1407209,0.234066699933,-0.0278111277726,0.905585047428
1408612,0.234300066534,0.224192678119,0.882590764486
1410015,0.234533433134,0.325179585872,0.88206000321
1411418,0.234766799734,0.0730205169367,0.934838556593
1412821,0.235000166334,0.30021612689,0.810452725424
1414224,0.235233532934,-0.0713201421473,0.830527812027
1415627,0.235466899534,-0.0333001838843,0.686723313338
1417030,0.235700266134,0.240545357414,0.753970297112
1418433,0.235933632735,-0.0797682202588,0.797703703923
1419836,0.236166999335,0.117979438469,0.779667048549
1421239,0.236400365935,-0.0291122582833,0.674541926018
1422642,0.236633732535,0.0469889978689,0.612933782509
1424045,0.236867099135,0.428415140639,0.685619886756
1425448,0.237100465735,0.168220693493,0.560437916172
1426851,0.237333832335,0.14605418494,0.776384555594
1428254,0.237567198935,0.27120646182,0.860105901912
1429657,0.237800565536,0.0381283493788,0.611233673673
1431060,0.238033932136,0.10385688919,0.626500720556
1432463,0.238267298736,0.3218490361,0.673231032212
1433866,0.238500665336,0.150371454259,0.557689742142
1435269,0.238734031936,0.196724724268,0.718252075605
1436672,0.238967398536,0.240487194996,1.09088362406
1438075,0.239200765136,-0.139201317745,0.739024843392
1439478,0.239434131737,-0.0351313127692,0.732053179525
1440881,0.239667498337,0.174104619259,0.838345687664
1442284,0.239900864937,0.0659023917325,1.03769611178
1443687,0.240134231537,-0.0401543910973,0.940291099937
1445090,0.240367598137,-0.0365722211543,1.1602627677
1446493,0.240600964737,0.213172794379,0.995511888438
1447896,0.240834331337,0.335818430859,0.873995518219
1449299,0.241067697937,-0.0819082187461,0.975987436634
1450702,0.241301064538,-0.0622119747315,0.91971887874
1452105,0.241534431138,0.276139534209,1.12253000386
1453508,0.241767797738,0.128749813825,0.879453367362
1454911,0.242001164338,0.128399102122,0.993179873963
1456314,0.242234530938,0.527973606899,1.24520120127
1457717,0.242467897538,0.848371219836,1.45678503573
1459120,0.242701264138,-0.0537112615141,1.05874428544
1460523,0.242934630739,0.584356088666,1.18263737785
1461926,0.243167997339,0.0175334786332,1.17208014877
1463329,0.243401363939,0.941854974178,1.32743127548
1464732,0.243634730539,0.212009518322,1.60176288419
1466135,0.243868097139,0.727313495654,1.44311427809
1467538,0.244101463739,-1.02941043294,2.69349979869
1468941,0.244334830339,-0.370859383064,1.94329039115
1470344,0.244568196939,0.31383854833,1.14768475159
1471747,0.24480156354,0.0227812002604,1.21947024797
1473150,0.24503493014,0.159810875202,1.25464067374
1474553,0.24526829674,-0.0990506234964,1.4812525919
1475956,0.24550166334,-0.360083237909,1.22104338595
1477359,0.24573502994,0.37353783106,1.00343411922
1478762,0.24596839654,0.179930783728,1.07697361587
1480165,0.24620176314,0.299415608819,1.04555250527
1481568,0.246435129741,0.0886887875433,1.03823659932
1482971,0.246668496341,0.0513262455125,0.892292300783
1484374,0.246901862941,-0.0128221026097,0.792156888427
1485777,0.247135229541,0.725426173606,1.15491952216
1487180,0.247368596141,0.400818624923,1.02219121399
1488583,0.247601962741,-0.220362225008,0.935958964471
1489986,0.247835329341,-0.0621830585532,0.980515726598
1491389,0.248068695941,0.380937154863,1.12156180004
1492792,0.248302062542,0.538774858957,1.00943909708
1494195,0.248535429142,0.097081002712,1.0634122625
1495598,0.248768795742,0.0432860923025,0.836858061719
1497001,0.249002162342,0.208162745878,1.10719345224
1498404,0.249235528942,0.273156929569,1.11783190489
1499807,0.249468895542,-0.0397577695145,1.1919946257
1501210,0.249702262142,0.0825652338693,0.849521616283
1502613,0.249935628743,-0.0540991434348,0.80448007298
1504016,0.250168995343,0.0575054710236,1.05426960886
1505419,0.250402361943,-0.00709235767944,0.843995640013
1506822,0.250635728543,0.29291529444,0.989328210882
1508225,0.250869095143,0.262037583129,0.879285197558
1509628,0.251102461743,0.0549448794928,1.01847454839
1511031,0.251335828343,0.0308733200351,0.916751739681
1512434,0.251569194943,0.0259589668791,1.02376412216
1513837,0.251802561544,0.216671137133,0.716753097134
1515240,0.252035928144,0.160458887892,0.922132685794
1516643,0.252269294744,0.422230848547,0.937141460008
1518046,0.252502661344,0.269065199431,1.05847064034
1519449,0.252736027944,-0.06532615953,0.797385356979
1520852,0.252969394544,0.430215292571,0.790759483498
1522255,0.253202761144,0.216507359594,0.811442631465
1523658,0.253436127745,-0.26625012587,0.964185275937
1525061,0.253669494345,0.361136376106,0.90106531357
1526464,0.253902860945,0.1205409799,1.06120927571
1527867,0.254136227545,0.152279124206,0.798372645733
1529270,0.254369594145,0.458823539564,0.925470788065
1530673,0.254602960745,0.0575112632075,0.933558946813
1532076,0.254836327345,-0.0629069896835,0.950929409109
1533479,0.255069693945,-0.0289723960712,0.932274542035
1534882,0.255303060546,0.0181653889425,0.924369464371
1536285,0.255536427146,0.176214632566,0.811622777473
