200,3.32667997339e-05,1.41988577227,0.819469316821
400,6.65335994677e-05,1.3751691721,0.787356109839
600,9.98003992016e-05,1.32361462795,0.74720106846
800,0.000133067198935,1.26323515086,0.701088237384
1000,0.000166333998669,1.18757897918,0.643729544405
1200,0.000199600798403,1.09711517484,0.582146416761
1400,0.000232867598137,1.0168418898,0.528765275564
1600,0.000266134397871,0.948039873867,0.482465901799
1800,0.000299401197605,0.88970358472,0.456372300552
2000,0.000332667997339,0.833723754391,0.431399120001
2200,0.000365934797073,0.773723525619,0.400244610381
2400,0.000399201596806,0.719346043131,0.378586606104
2600,0.00043246839654,0.674257037147,0.364310136059
2800,0.000465735196274,0.645333655992,0.358296036355
3000,0.000499001996008,0.623110531639,0.361336827953
3200,0.000532268795742,0.608968219683,0.374238811116
3400,0.000565535595476,0.605883360139,0.400867327366
3600,0.00059880239521,0.596368055304,0.417556657451
3800,0.000632069194943,0.579216190647,0.424988191934
4000,0.000665335994677,0.510451456122,0.367690167367
4200,0.000698602794411,0.432013083303,0.295640723461
4400,0.000731869594145,0.379074665092,0.26047233564
4600,0.000765136393879,0.346946344108,0.248193345131
4800,0.000798403193613,0.329756122867,0.249328224588
5000,0.000831669993347,0.315231440261,0.250442753166
5200,0.000864936793081,0.308249534359,0.253705357127
5400,0.000898203592814,0.303767396028,0.258020174861
5600,0.000931470392548,0.305168468136,0.264799800323
5800,0.000964737192282,0.309293725957,0.272256532851
6000,0.000998003992016,0.310683739927,0.279682040155
6200,0.00103127079175,0.311414524751,0.291963366655
6400,0.00106453759148,0.319643602337,0.306177540235
6600,0.00109780439122,0.331612358582,0.319121899356
6800,0.00113107119095,0.341707002122,0.3314681928
7000,0.00116433799069,0.351779820026,0.342498057987
7200,0.00119760479042,0.357260392175,0.350373554619
7400,0.00123087159015,0.35738103214,0.347535346324
7600,0.00126413838989,0.357400226688,0.340130225933
7800,0.00129740518962,0.354062410353,0.330874400784
8000,0.00133067198935,0.342965460818,0.312224480972
8200,0.00136393878909,0.335474731794,0.298670810041
8400,0.00139720558882,0.329725677368,0.291679870098
8600,0.00143047238856,0.324712351854,0.289946995018
8800,0.00146373918829,0.321657985627,0.292719773171
9000,0.00149700598802,0.33036934932,0.298811444287
9200,0.00153027278776,0.334461753062,0.305693316606
9400,0.00156353958749,0.334797708462,0.304861842226
9600,0.00159680638723,0.336210020391,0.298319179258
9800,0.00163007318696,0.335250948505,0.29247177329
10000,0.00166333998669,0.32707459968,0.290580046136
10200,0.00169660678643,0.332585967068,0.302793510409
10400,0.00172987358616,0.343084154628,0.318005777403
10600,0.00176314038589,0.353954192555,0.334232427685
10800,0.00179640718563,0.368223645294,0.354778360475
11000,0.00182967398536,0.37599463661,0.365055017945
11200,0.0018629407851,0.373558333373,0.364349518041
11400,0.00189620758483,0.372060439787,0.357894096799
11600,0.00192947438456,0.376146016358,0.361342898895
11800,0.0019627411843,0.380130863976,0.36839482757
12000,0.00199600798403,0.385987200502,0.375572213598
12200,0.00202927478377,0.395489156664,0.392008828441
12400,0.0020625415835,0.409154819773,0.412366716556
12600,0.00209580838323,0.422804705121,0.427334109643
12800,0.00212907518297,0.43974601744,0.436470237866
13000,0.0021623419827,0.442206253898,0.429957737425
13200,0.00219560878244,0.434665985524,0.42273900257
13400,0.00222887558217,0.426765226237,0.41621631568
13600,0.0022621423819,0.412812167955,0.40940828493
13800,0.00229540918164,0.401621483561,0.407108634866
14000,0.00232867598137,0.399032852676,0.408420675461
14200,0.0023619427811,0.396627436774,0.407433440931
14400,0.00239520958084,0.395211577924,0.406681704599
14600,0.00242847638057,0.397171126179,0.405779577679
14800,0.00246174318031,0.394106011993,0.402779544202
15000,0.00249500998004,0.399914257358,0.400115313942
15200,0.00252827677977,0.404983540867,0.405308674048
15400,0.00256154357951,0.415292240578,0.42312448399
15600,0.00259481037924,0.430796885557,0.44639052453
15800,0.00262807717898,0.447870931658,0.474463144584
16000,0.00266134397871,0.468850771721,0.506846000287
16200,0.00269461077844,0.489318046911,0.54473834521
16400,0.00272787757818,0.502683599954,0.558542134603
16600,0.00276114437791,0.434402339341,0.465867380661
16800,0.00279441117764,0.347944623553,0.366698654224
17000,0.00282767797738,0.294665895305,0.309276516971
17200,0.00286094477711,0.274844855771,0.302433318224
17400,0.00289421157685,0.268720873833,0.307972064331
17600,0.00292747837658,0.272134472916,0.313349435417
17800,0.00296074517631,0.284909364937,0.32041062895
18000,0.00299401197605,0.299442529669,0.339940562202
18200,0.00302727877578,0.321010027493,0.370809994119
18400,0.00306054557552,0.338993891478,0.39490641028
18600,0.00309381237525,0.355769560149,0.413771473848
18800,0.00312707917498,0.368009494624,0.426254947366
19000,0.00316034597472,0.384572140892,0.432704393655
19200,0.00319361277445,0.400206431667,0.442623042476
19400,0.00322687957418,0.413039817617,0.453634080159
19600,0.00326014637392,0.424993247707,0.466013026808
19800,0.00329341317365,0.436917832228,0.479525394302
20000,0.00332667997339,0.439584830294,0.480345233597
20200,0.00335994677312,0.438277030853,0.473347170684
20400,0.00339321357285,0.433439614531,0.462378064067
20600,0.00342648037259,0.425025204251,0.458216680202
20800,0.00345974717232,0.418559397269,0.46377824011
21000,0.00349301397206,0.416934516215,0.469242360146
21200,0.00352628077179,0.427579544974,0.480413875283
21400,0.00355954757152,0.404530267802,0.45199096028
21600,0.00359281437126,0.389650293702,0.433536023374
21800,0.00362608117099,0.375495009393,0.423128477544
22000,0.00365934797073,0.369760073474,0.421292904582
22200,0.00369261477046,0.363627373181,0.41283520775
22400,0.00372588157019,0.342757206114,0.385039396315
22600,0.00375914836993,0.315531656485,0.352132098685
22800,0.00379241516966,0.306651106297,0.335558410805
23000,0.00382568196939,0.307096503985,0.33050293679
23200,0.00385894876913,0.310549332984,0.333397421618
23400,0.00389221556886,0.321406432892,0.346791715834
23600,0.0039254823686,0.336756145842,0.368401874382
23800,0.00395874916833,0.340877078046,0.383655180043
24000,0.00399201596806,0.347634018511,0.39004454073
24200,0.0040252827678,0.361815601866,0.399676618699
24400,0.00405854956753,0.374789732031,0.412276931084
24600,0.00409181636727,0.392785955145,0.426855132976
24800,0.004125083167,0.410869858314,0.444229070376
25000,0.00415834996673,0.413640854469,0.454322168333
25200,0.00419161676647,0.411376360536,0.459020157897
25400,0.0042248835662,0.409850214026,0.461888958893
25600,0.00425815036593,0.399373906825,0.460091182442
25800,0.00429141716567,0.381596421616,0.450550692011
26000,0.0043246839654,0.365481055156,0.44103637979
26200,0.00435795076514,0.362447657629,0.436268084812
26400,0.00439121756487,0.353969632023,0.433110338812
26600,0.0044244843646,0.341627024759,0.42318207285
26800,0.00445775116434,0.332877755556,0.417571545741
27000,0.00449101796407,0.332054701796,0.420634373463
27200,0.00452428476381,0.330557433505,0.415948053926
27400,0.00455755156354,0.318258723124,0.393160755604
27600,0.00459081836327,0.306232098562,0.362088072875
27800,0.00462408516301,0.296756175596,0.340593180376
28000,0.00465735196274,0.297143364267,0.328297968688
28200,0.00469061876248,0.301134535575,0.324247411487
28400,0.00472388556221,0.305574197264,0.321712811148
28600,0.00475715236194,0.30459486039,0.322823618001
28800,0.00479041916168,0.301814259723,0.323913788349
29000,0.00482368596141,0.310074935052,0.32433068828
29200,0.00485695276114,0.32032531132,0.322503563537
29400,0.00489021956088,0.330841822566,0.326246786585
29600,0.00492348636061,0.349723001405,0.337996324076
29800,0.00495675316035,0.35597985101,0.329934857442
30000,0.00499001996008,0.32463271826,0.292171373104
30200,0.00502328675981,0.303097715826,0.270366995604
30400,0.00505655355955,0.282213339866,0.262125624842
30600,0.00508982035928,0.272199682561,0.269157297649
30800,0.00512308715902,0.271038681491,0.279504662085
31000,0.00515635395875,0.27274686787,0.289157981471
31200,0.00518962075848,0.272345136757,0.290787260947
31400,0.00522288755822,0.273663913392,0.288131206801
31600,0.00525615435795,0.27905683781,0.285024670323
31800,0.00528942115768,0.292714303475,0.290214769089
32000,0.00532268795742,0.312391004404,0.307920786008
32200,0.00535595475715,0.333675256655,0.32603212087
32400,0.00538922155689,0.352156542817,0.351657119767
32600,0.00542248835662,0.367464898105,0.377960654918
32800,0.00545575515635,0.391437138138,0.404516774039
33000,0.00548902195609,0.397624814562,0.416920834794
33200,0.00552228875582,0.400247412996,0.425958935565
33400,0.00555555555556,0.406922304577,0.442801551547
33600,0.00558882235529,0.416489005729,0.464645130421
33800,0.00562208915502,0.423529823345,0.481547309655
34000,0.00565535595476,0.425901292554,0.48683704213
34200,0.00568862275449,0.435828604104,0.491914048488
34400,0.00572188955422,0.427323601776,0.468260208179
34600,0.00575515635396,0.398266845844,0.435427394766
34800,0.00578842315369,0.373450614467,0.409095588679
35000,0.00582168995343,0.363855787509,0.404584915794
35200,0.00585495675316,0.361782545534,0.41276888273
35400,0.00588822355289,0.362491451265,0.420959012925
35600,0.00592149035263,0.35579599883,0.41290974162
35800,0.00595475715236,0.340022594922,0.398227879528
36000,0.0059880239521,0.322474214638,0.378172307226
36200,0.00602129075183,0.308079014839,0.35766895067
36400,0.00605455755156,0.2982381722,0.348320880668
36600,0.0060878243513,0.303299365958,0.347998342812
36800,0.00612109115103,0.303214137571,0.349018085033
37000,0.00615435795077,0.299772809522,0.344987527952
37200,0.0061876247505,0.28667650183,0.335489013119
37400,0.00622089155023,0.269460491279,0.323491538732
37600,0.00625415834997,0.2526466432,0.3115900861
37800,0.0062874251497,0.250067671859,0.305988544494
38000,0.00632069194943,0.251982876384,0.307530682762
38200,0.00635395874917,0.256679060654,0.319953916459
38400,0.0063872255489,0.255605024439,0.324812645358
38600,0.00642049234864,0.248312802964,0.316286177941
38800,0.00645375914837,0.234981526583,0.297996027331
39000,0.0064870259481,0.226639750053,0.273694499318
39200,0.00652029274784,0.216248838166,0.251606970678
39400,0.00655355954757,0.204854430179,0.237179008205
39600,0.00658682634731,0.194248512372,0.227022847112
39800,0.00662009314704,0.186990039969,0.222038436652
40000,0.00665335994677,0.186902302876,0.226110653054
40200,0.00668662674651,0.191661727133,0.231159940999
40400,0.00671989354624,0.200326300495,0.23339807718
40600,0.00675316034597,0.210326751626,0.233846325597
40800,0.00678642714571,0.216158178138,0.242491543589
41000,0.00681969394544,0.214974200724,0.244256116966
41200,0.00685296074518,0.216732468924,0.244263623467
41400,0.00688622754491,0.225679982705,0.24822692035
41600,0.00691949434464,0.238188095408,0.251529691044
41800,0.00695276114438,0.251065594316,0.257217156991
42000,0.00698602794411,0.261771694575,0.261387970229
42200,0.00701929474385,0.271002430811,0.265705947507
42400,0.00705256154358,0.277178065779,0.268055538527
42600,0.00708582834331,0.278412027972,0.269166419741
42800,0.00711909514305,0.281985350044,0.260656251292
43000,0.00715236194278,0.284482497192,0.252882443128
43200,0.00718562874251,0.285835497023,0.247991484048
43400,0.00721889554225,0.285996811973,0.245946278644
43600,0.00725216234198,0.284204146944,0.246496317716
43800,0.00728542914172,0.286941890499,0.24874973345
44000,0.00731869594145,0.296659722642,0.252864473261
44200,0.00735196274118,0.306408144049,0.25818421983
44400,0.00738522954092,0.313858995625,0.263149149441
44600,0.00741849634065,0.3178463681,0.266629061194
44800,0.00745176314039,0.318402903648,0.269712437371
45000,0.00748502994012,0.317803874281,0.270203253806
45200,0.00751829673985,0.321063208384,0.268242924643
45400,0.00755156353959,0.329899973055,0.269304569278
45600,0.00758483033932,0.334496098109,0.271461845774
45800,0.00761809713906,0.339395729369,0.273984989776
46000,0.00765136393879,0.342194478075,0.274815826441
46200,0.00768463073852,0.339092458694,0.27078421963
46400,0.00771789753826,0.331149503776,0.262767976345
46600,0.00775116433799,0.32796288775,0.255474590035
46800,0.00778443113772,0.323311592183,0.249406148314
47000,0.00781769793746,0.315932520656,0.240433823667
47200,0.00785096473719,0.310601523232,0.236055436337
47400,0.00788423153693,0.305580290495,0.233410687698
47600,0.00791749833666,0.301702476386,0.233206673768
47800,0.00795076513639,0.307710297969,0.237601689292
48000,0.00798403193613,0.314972909728,0.245995359739
48200,0.00801729873586,0.322539090591,0.256876096402
48400,0.0080505655356,0.329675565742,0.270890140123
48600,0.00808383233533,0.335746345265,0.284171275635
48800,0.00811709913506,0.337344352569,0.293120227545
49000,0.0081503659348,0.341313635418,0.297102979735
49200,0.00818363273453,0.346633737624,0.299719928225
49400,0.00821689953426,0.35068889547,0.300714726944
49600,0.008250166334,0.352929264921,0.299699446897
49800,0.00828343313373,0.354031149078,0.298342331164
50000,0.00831669993347,0.351492719645,0.298636432206
50200,0.0083499667332,0.352556966739,0.302074841556
50400,0.00838323353293,0.361984704356,0.309386022991
50600,0.00841650033267,0.370568089482,0.315450645108
50800,0.0084497671324,0.374165173386,0.317776890799
51000,0.00848303393214,0.373862944805,0.318205920008
51200,0.00851630073187,0.373118167129,0.325456287177
51400,0.0085495675316,0.377364150834,0.336893384666
51600,0.00858283433134,0.391922556555,0.351090564438
51800,0.00861610113107,0.405010775371,0.364499370485
52000,0.00864936793081,0.4155917844,0.378420772892
52200,0.00868263473054,0.425446563863,0.39191295513
52400,0.00871590153027,0.434727203799,0.405781735192
52600,0.00874916833001,0.440905912022,0.418030800551
52800,0.00878243512974,0.453772039211,0.431264555913
53000,0.00881570192947,0.459279794585,0.442078689688
53200,0.00884896872921,0.463831784419,0.451251161686
53400,0.00888223552894,0.459283189519,0.447050968983
53600,0.00891550232868,0.455917964523,0.439504288845
53800,0.00894876912841,0.451556693758,0.428865139474
54000,0.00898203592814,0.444055965085,0.415619939629
54200,0.00901530272788,0.446945166441,0.421135035104
54400,0.00904856952761,0.456341684647,0.442309969172
54600,0.00908183632735,0.470766705985,0.478998376918
54800,0.00911510312708,0.491140761966,0.513751612683
55000,0.00914836992681,0.514803542247,0.551369239446
55200,0.00918163672655,0.544573310316,0.6001003271
55400,0.00921490352628,0.565563608128,0.62841862332
55600,0.00924817032601,0.533593710468,0.581343162749
55800,0.00928143712575,0.457221048913,0.482797485616
56000,0.00931470392548,0.400483464903,0.426336578001
56200,0.00934797072522,0.370102076488,0.410032989112
56400,0.00938123752495,0.367314474531,0.430852835758
56600,0.00941450432468,0.383180914112,0.471313372073
56800,0.00944777112442,0.403246892534,0.503740182258
57000,0.00948103792415,0.405952028642,0.515095414755
57200,0.00951430472389,0.369269467429,0.463091371701
57400,0.00954757152362,0.319354784406,0.398194248722
57600,0.00958083832335,0.265412601552,0.34323108572
57800,0.00961410512309,0.225696759881,0.296295216592
58000,0.00964737192282,0.201768087527,0.270602547033
58200,0.00968063872255,0.195127400283,0.263610908313
58400,0.00971390552229,0.191157370409,0.263294773565
58600,0.00974717232202,0.199276131455,0.269802257453
58800,0.00978043912176,0.208490698243,0.283680284459
59000,0.00981370592149,0.222475635434,0.296599687878
59200,0.00984697272122,0.244591780547,0.309453668227
59400,0.00988023952096,0.249139656966,0.30574474946
59600,0.00991350632069,0.248326847637,0.297000679394
59800,0.00994677312043,0.259950742006,0.317132705829
60000,0.00998003992016,0.255937639871,0.307470529873
60200,0.0100133067199,0.254452026745,0.301179554767
60400,0.0100465735196,0.261585450368,0.301928038909
60600,0.0100798403194,0.265481718626,0.300530243355
60800,0.0101131071191,0.27907138087,0.311876105707
61000,0.0101463739188,0.278926297903,0.309129723853
61200,0.0101796407186,0.273643938672,0.301601467509
61400,0.0102129075183,0.27744963023,0.310227398508
61600,0.010246174318,0.29324204617,0.326387830439
61800,0.0102794411178,0.311149480837,0.341062471541
62000,0.0103127079175,0.325558725821,0.349844765023
62200,0.0103459747172,0.343426958489,0.358167917178
62400,0.010379241517,0.336297528967,0.356686087791
62600,0.0104125083167,0.335960928966,0.354792671678
62800,0.0104457751164,0.341849792512,0.364577678856
63000,0.0104790419162,0.348617512702,0.372562750405
63200,0.0105123087159,0.356850044157,0.37820824218
63400,0.0105455755156,0.358000855884,0.376041875181
63600,0.0105788423154,0.353234116871,0.369608976152
63800,0.0106121091151,0.35113490763,0.365476890984
64000,0.0106453759148,0.348573549034,0.360539469605
64200,0.0106786427146,0.346296687621,0.354346907657
64400,0.0107119095143,0.347324453417,0.356543009471
64600,0.010745176314,0.353148325081,0.358653331431
64800,0.0107784431138,0.356125990527,0.360058407574
65000,0.0108117099135,0.370729457892,0.361661407584
65200,0.0108449767132,0.39134039732,0.375607917335
65400,0.010878243513,0.408146192544,0.388098657455
65600,0.0109115103127,0.4222336217,0.397828190783
65800,0.0109447771124,0.431500020725,0.415736171509
66000,0.0109780439122,0.445461328322,0.437813167912
66200,0.0110113107119,0.457464897364,0.459629191095
66400,0.0110445775116,0.472413329199,0.48518549599
66600,0.0110778443114,0.486897540308,0.499653657641
66800,0.0111111111111,0.505099309619,0.513033362507
67000,0.0111443779108,0.525365165481,0.527822999347
67200,0.0111776447106,0.548897340059,0.541945285264
67400,0.0112109115103,0.570115233769,0.558641052644
67600,0.01124417831,0.594707166471,0.589833394841
67800,0.0112774451098,0.634474734488,0.633985145242
68000,0.0113107119095,0.60773926809,0.590859276991
68200,0.0113439787092,0.564482945996,0.534201059195
68400,0.011377245509,0.532253571493,0.502780669817
68600,0.0114105123087,0.502712586482,0.471674136379
68800,0.0114437791084,0.481649309827,0.448508897563
69000,0.0114770459082,0.473450802249,0.43254139619
69200,0.0115103127079,0.472251017014,0.428796796796
69400,0.0115435795077,0.472590696997,0.442067422711
69600,0.0115768463074,0.49681870007,0.480359413585
69800,0.0116101131071,0.497059068053,0.499112721889
70000,0.0116433799069,0.501272446088,0.526968169556
70200,0.0116766467066,0.468125430898,0.501438295875
70400,0.0117099135063,0.436605339807,0.460691425873
70600,0.0117431803061,0.391151317913,0.407620581855
70800,0.0117764471058,0.368771550097,0.389875798876
71000,0.0118097139055,0.367668723304,0.400427507376
71200,0.0118429807053,0.385608654608,0.431894676303
71400,0.011876247505,0.416535720534,0.475091261823
71600,0.0119095143047,0.453650522033,0.505266944787
71800,0.0119427811045,0.500999635787,0.545240317119
72000,0.0119760479042,0.542682574203,0.58102208673
72200,0.0120093147039,0.577534898885,0.603963981917
72400,0.0120425815037,0.602861105207,0.626662369079
72600,0.0120758483034,0.646567380096,0.678363687023
72800,0.0121091151031,0.611126431171,0.636549289131
73000,0.0121423819029,0.489927318621,0.484213593158
73200,0.0121756487026,0.411088289106,0.408856958614
73400,0.0122089155023,0.383077629658,0.398141795608
73600,0.0122421823021,0.376300080389,0.40911514101
73800,0.0122754491018,0.378720294427,0.417753302831
74000,0.0123087159015,0.378491551226,0.425143302612
74200,0.0123419827013,0.388818730608,0.43228511778
74400,0.012375249501,0.398354768256,0.459746847589
74600,0.0124085163007,0.413199632407,0.49561696701
74800,0.0124417831005,0.439124744802,0.527242068998
75000,0.0124750499002,0.444970682016,0.530612832667
75200,0.0125083166999,0.436589539596,0.498958802149
75400,0.0125415834997,0.377223753911,0.41636761793
75600,0.0125748502994,0.31730947316,0.347805326706
75800,0.0126081170991,0.272555619786,0.312274524474
76000,0.0126413838989,0.245019624494,0.297818914315
76200,0.0126746506986,0.229431861032,0.288215222554
76400,0.0127079174983,0.224377609133,0.281005620138
76600,0.0127411842981,0.23098986065,0.285385584371
76800,0.0127744510978,0.244217186138,0.300251034724
77000,0.0128077178975,0.241384376727,0.297077465001
77200,0.0128409846973,0.241548082344,0.295451226781
77400,0.012874251497,0.242992646473,0.292671945447
77600,0.0129075182967,0.256498479612,0.304521231615
77800,0.0129407850965,0.266453973513,0.306663706932
78000,0.0129740518962,0.279098747149,0.3025686566
78200,0.0130073186959,0.286032722717,0.296947764557
78400,0.0130405854957,0.296216707146,0.3001198003
78600,0.0130738522954,0.306178969718,0.309639839929
78800,0.0131071190951,0.3124221192,0.314038560539
79000,0.0131403858949,0.332490889923,0.32544526161
79200,0.0131736526946,0.357672836697,0.345069889946
79400,0.0132069194943,0.381941553214,0.363063881764
79600,0.0132401862941,0.400258424214,0.376549630003
79800,0.0132734530938,0.415485649983,0.389144192131
80000,0.0133067198935,0.426613749739,0.401384568604
80200,0.0133399866933,0.429275443149,0.404455961773
80400,0.013373253493,0.429491646531,0.40002791107
80600,0.0134065202927,0.407805257398,0.379528985097
80800,0.0134397870925,0.384316640956,0.357174475678
81000,0.0134730538922,0.363548251409,0.344634374166
81200,0.0135063206919,0.343204644048,0.33113923718
81400,0.0135395874917,0.326171304012,0.322068165731
81600,0.0135728542914,0.329123718189,0.320877543729
81800,0.0136061210912,0.333112628488,0.324291322738
82000,0.0136393878909,0.330500392272,0.321410664956
82200,0.0136726546906,0.326457476476,0.31685936635
82400,0.0137059214904,0.324360321676,0.31426680722
82600,0.0137391882901,0.321635515927,0.309893456769
82800,0.0137724550898,0.325773386744,0.305457453337
83000,0.0138057218896,0.331745211122,0.303887768383
83200,0.0138389886893,0.339493858539,0.300551213704
83400,0.013872255489,0.344616478622,0.308053397609
83600,0.0139055222888,0.345743165543,0.31715427875
83800,0.0139387890885,0.34076656098,0.32414225014
84000,0.0139720558882,0.334363928395,0.331618027187
84200,0.014005322688,0.340228060971,0.345154610191
84400,0.0140385894877,0.341351808924,0.359581087949
84600,0.0140718562874,0.339207420692,0.374371525277
84800,0.0141051230872,0.339863065856,0.385879139652
85000,0.0141383898869,0.337284701416,0.386842244894
85200,0.0141716566866,0.330588057015,0.382381466192
85400,0.0142049234864,0.318217239015,0.356873998456
85600,0.0142381902861,0.308022126692,0.328750041683
85800,0.0142714570858,0.288622643832,0.298406068621
86000,0.0143047238856,0.261191379771,0.266179362862
86200,0.0143379906853,0.244434586782,0.247049864098
86400,0.014371257485,0.231587764591,0.246164088565
86600,0.0144045242848,0.233305665582,0.254800214486
86800,0.0144377910845,0.248165396298,0.27068622427
87000,0.0144710578842,0.259804051832,0.283935951252
87200,0.014504324684,0.274561807209,0.298885346109
87400,0.0145375914837,0.288727148376,0.315138506035
87600,0.0145708582834,0.302191656571,0.330370868135
87800,0.0146041250832,0.323115890292,0.350625143488
88000,0.0146373918829,0.349757422162,0.376020109291
88200,0.0146706586826,0.36186419064,0.39493191562
88400,0.0147039254824,0.370345331655,0.411282453859
88600,0.0147371922821,0.378724060687,0.425556781741
88800,0.0147704590818,0.382667149639,0.431142718364
89000,0.0148037258816,0.379099005133,0.42989837486
89200,0.0148369926813,0.388372856905,0.436649331997
89400,0.014870259481,0.380890746645,0.423618023929
89600,0.0149035262808,0.357366179693,0.3821360429
89800,0.0149367930805,0.326947991382,0.339888788798
90000,0.0149700598802,0.300942255523,0.310440937883
90200,0.01500332668,0.283641008519,0.294167079526
90400,0.0150365934797,0.285018010812,0.293599721181
90600,0.0150698602794,0.292112957925,0.298903186139
90800,0.0151031270792,0.298838060046,0.306540044556
91000,0.0151363938789,0.302662095043,0.316651798398
91200,0.0151696606786,0.30382396158,0.323610755545
91400,0.0152029274784,0.308112827872,0.320290967334
91600,0.0152361942781,0.312152075044,0.31115436679
91800,0.0152694610778,0.298734008061,0.294489191909
92000,0.0153027278776,0.291404968518,0.282287215962
92200,0.0153359946773,0.287173995585,0.282054661903
92400,0.015369261477,0.28310999103,0.288664315372
92600,0.0154025282768,0.277148683198,0.28960173269
92800,0.0154357950765,0.272214493035,0.288542877551
93000,0.0154690618762,0.270866132535,0.284711518397
93200,0.015502328676,0.27037021965,0.283835278687
93400,0.0155355954757,0.267611810864,0.283072628197
93600,0.0155688622754,0.266550369329,0.284966993955
93800,0.0156021290752,0.266261728732,0.290191743055
94000,0.0156353958749,0.269200904761,0.295515804834
94200,0.0156686626747,0.281910013318,0.303943781682
94400,0.0157019294744,0.291252353102,0.309743637267
94600,0.0157351962741,0.300358818119,0.315943776872
94800,0.0157684630739,0.307021489808,0.323789005861
95000,0.0158017298736,0.313094220903,0.337926628823
95200,0.0158349966733,0.315119895376,0.350379816583
95400,0.0158682634731,0.349797896941,0.380753360202
95600,0.0159015302728,0.307043995955,0.321207223907
95800,0.0159347970725,0.277896687861,0.289126692185
96000,0.0159680638723,0.262149775089,0.277566606478
96200,0.016001330672,0.249400266367,0.27391103542
96400,0.0160345974717,0.23734822318,0.265875826256
96600,0.0160678642715,0.234527147249,0.257368445234
96800,0.0161011310712,0.236024647393,0.247852318974
97000,0.0161343978709,0.235291051134,0.239860935513
97200,0.0161676646707,0.232652565591,0.234655582775
97400,0.0162009314704,0.232962107286,0.235241040197
97600,0.0162341982701,0.236526855552,0.241524499961
97800,0.0162674650699,0.246072605349,0.250972308276
98000,0.0163007318696,0.261602684584,0.258392217954
98200,0.0163339986693,0.27255441847,0.266107195121
98400,0.0163672654691,0.282396519465,0.276731237931
98600,0.0164005322688,0.290811079492,0.290573472821
98800,0.0164337990685,0.305476992824,0.306585382558
99000,0.0164670658683,0.319786859889,0.316326297312
99200,0.016500332668,0.337071678203,0.325290168627
99400,0.0165335994677,0.355074533743,0.335428277742
99600,0.0165668662675,0.365818917003,0.340083587107
99800,0.0166001330672,0.361548299067,0.333620223484
100000,0.0166333998669,0.357164797108,0.324653389922
100200,0.0166666666667,0.352833830163,0.322110197149
100400,0.0166999334664,0.359986020143,0.326010197039
100600,0.0167332002661,0.368077554773,0.335183035563
100800,0.0167664670659,0.375534331785,0.346758091138
101000,0.0167997338656,0.383460368559,0.359299300782
101200,0.0168330006653,0.388984595051,0.372232292023
101400,0.0168662674651,0.391363517812,0.379374317308
101600,0.0168995342648,0.396921251188,0.388275338716
101800,0.0169328010645,0.395379550952,0.391244546279
102000,0.0169660678643,0.396249028621,0.396617870968
102200,0.016999334664,0.397915265345,0.401566076078
102400,0.0170326014637,0.395293124057,0.401029769662
102600,0.0170658682635,0.387153993025,0.390359141086
102800,0.0170991350632,0.382042155046,0.366638451463
103000,0.0171324018629,0.363550468375,0.337323921012
103200,0.0171656686627,0.337592593264,0.304822828187
103400,0.0171989354624,0.309871801655,0.277833669337
103600,0.0172322022621,0.288756669238,0.263819773738
103800,0.0172654690619,0.273351489064,0.258769721734
104000,0.0172987358616,0.269047575692,0.26219199711
104200,0.0173320026613,0.271280104234,0.268321718982
104400,0.0173652694611,0.269141481636,0.267435212029
104600,0.0173985362608,0.270346469461,0.27225616654
104800,0.0174318030605,0.270131697842,0.273442956316
105000,0.0174650698603,0.268587453977,0.269036569563
105200,0.01749833666,0.264159522374,0.261186130093
105400,0.0175316034597,0.282033213934,0.283447431856
105600,0.0175648702595,0.294224483188,0.300534728075
105800,0.0175981370592,0.282364711383,0.281376720096
106000,0.0176314038589,0.272203021459,0.262093543346
106200,0.0176646706587,0.27367254135,0.261645423958
106400,0.0176979374584,0.287496833586,0.275356930285
106600,0.0177312042582,0.315894987489,0.304255035433
106800,0.0177644710579,0.355783977789,0.347497335601
107000,0.0177977378576,0.401252013758,0.403272653383
107200,0.0178310046574,0.448568697026,0.469421112979
107400,0.0178642714571,0.495849249479,0.53606889772
107600,0.0178975382568,0.536368542728,0.584774549734
107800,0.0179308050566,0.56728229805,0.608496966349
108000,0.0179640718563,0.534123154789,0.560990231884
108200,0.017997338656,0.496239975281,0.513802708354
108400,0.0180306054558,0.477136234895,0.4922193502
108600,0.0180638722555,0.46764362782,0.482620748605
108800,0.0180971390552,0.454460568029,0.475059270098
109000,0.018130405855,0.440917235847,0.47665507894
109200,0.0181636726547,0.431421867115,0.476605545841
109400,0.0181969394544,0.414308373083,0.462541564445
109600,0.0182302062542,0.378616522152,0.435697470687
109800,0.0182634730539,0.341046565365,0.406868869512
110000,0.0182967398536,0.311150712849,0.37268670517
110200,0.0183300066534,0.2823258655,0.337734663273
110400,0.0183632734531,0.262618038433,0.306884366202
110600,0.0183965402528,0.253551418943,0.28912223883
110800,0.0184298070526,0.244582157071,0.279882791476
111000,0.0184630738523,0.23735283499,0.276341268673
111200,0.018496340652,0.237474279046,0.282269165108
111400,0.0185296074518,0.241121434412,0.296692748109
111600,0.0185628742515,0.249942157207,0.317598010864
111800,0.0185961410512,0.265513031351,0.34135135887
112000,0.018629407851,0.284597449227,0.365399091645
112200,0.0186626746507,0.301681727309,0.390192022497
112400,0.0186959414504,0.316454413045,0.409851950294
112600,0.0187292082502,0.327222639291,0.418760908629
112800,0.0187624750499,0.344971160151,0.430818567228
113000,0.0187957418496,0.308311719194,0.401475467574
113200,0.0188290086494,0.284789262541,0.379833153695
113400,0.0188622754491,0.27138160736,0.363276636897
113600,0.0188955422488,0.259288290905,0.348350662787
113800,0.0189288090486,0.248462511701,0.334187302995
114000,0.0189620758483,0.242052814978,0.317308004657
114200,0.018995342648,0.248526170557,0.313809712721
114400,0.0190286094478,0.247745478213,0.30219998633
114600,0.0190618762475,0.240899647779,0.290796842593
114800,0.0190951430472,0.235600967421,0.283053564942
115000,0.019128409847,0.232850311957,0.274335283913
115200,0.0191616766467,0.229681694507,0.268158769891
115400,0.0191949434464,0.230856592026,0.267418946753
115600,0.0192282102462,0.234221013614,0.267336592598
115800,0.0192614770459,0.240494207091,0.27252763022
116000,0.0192947438456,0.246074306524,0.277712604162
116200,0.0193280106454,0.253056800986,0.286438688115
116400,0.0193612774451,0.266500723393,0.299781100656
116600,0.0193945442448,0.286155273393,0.31409109638
116800,0.0194278110446,0.3186536378,0.335298239259
117000,0.0194610778443,0.350107991934,0.363258307879
117200,0.019494344644,0.37471187353,0.392521186681
117400,0.0195276114438,0.403996144522,0.425569211984
117600,0.0195608782435,0.435994019372,0.466029308695
117800,0.0195941450432,0.477702145564,0.515533582682
118000,0.019627411843,0.525515155843,0.562430209602
118200,0.0196606786427,0.54942304653,0.581030928677
118400,0.0196939454424,0.533171116316,0.570607092914
118600,0.0197272122422,0.516775313276,0.560674355275
118800,0.0197604790419,0.468740674384,0.500161579983
119000,0.0197937458417,0.436848253121,0.449204765346
119200,0.0198270126414,0.410321281259,0.404657228117
119400,0.0198602794411,0.375895729129,0.36453112633
119600,0.0198935462409,0.352127006681,0.342196096595
119800,0.0199268130406,0.322682227276,0.318995851355
120000,0.0199600798403,0.29807053323,0.310817704299
120200,0.0199933466401,0.277523117992,0.301810164038
120400,0.0200266134398,0.26932017503,0.294571899539
120600,0.0200598802395,0.272196791236,0.291349902663
120800,0.0200931470393,0.273066621054,0.297601887579
121000,0.020126413839,0.27872650555,0.307713787144
121200,0.0201596806387,0.292818916965,0.325707700662
121400,0.0201929474385,0.306165480305,0.343926535505
121600,0.0202262142382,0.316487738622,0.361683524568
121800,0.0202594810379,0.331307555825,0.375164099873
122000,0.0202927478377,0.340363648187,0.386140364999
122200,0.0203260146374,0.351893797937,0.39802878968
122400,0.0203592814371,0.363542346944,0.412434682884
122600,0.0203925482369,0.371821018364,0.426494982675
122800,0.0204258150366,0.38221350189,0.437660547452
123000,0.0204590818363,0.397629077587,0.448014970671
123200,0.0204923486361,0.405285988341,0.449131021755
123400,0.0205256154358,0.410525953717,0.442772962953
123600,0.0205588822355,0.402497297524,0.418087263089
123800,0.0205921490353,0.381536053516,0.384292973195
124000,0.020625415835,0.374791928703,0.37343398487
124200,0.0206586826347,0.388586888539,0.373912460343
124400,0.0206919494345,0.409718451573,0.389534940772
124600,0.0207252162342,0.425384671311,0.40583990151
124800,0.0207584830339,0.437118424057,0.425152818375
125000,0.0207917498337,0.451302996505,0.450635118342
125200,0.0208250166334,0.471760136588,0.485719045712
125400,0.0208582834331,0.503078046147,0.530749158805
125600,0.0208915502329,0.533628990151,0.57571928186
125800,0.0209248170326,0.492003963539,0.532618832489
126000,0.0209580838323,0.445482460194,0.486949021911
126200,0.0209913506321,0.391542567915,0.428482040989
126400,0.0210246174318,0.34957885397,0.380968793284
126600,0.0210578842315,0.316558474785,0.350475780603
126800,0.0210911510313,0.300960854531,0.335974350413
127000,0.021124417831,0.288662502878,0.327130399874
127200,0.0211576846307,0.279269136115,0.321062637317
127400,0.0211909514305,0.276307371017,0.314931245567
127600,0.0212242182302,0.279045341056,0.315931587332
127800,0.0212574850299,0.276122984267,0.321962208977
128000,0.0212907518297,0.290021685544,0.324308254497
128200,0.0213240186294,0.310301196426,0.332347359235
128400,0.0213572854291,0.331715516003,0.345800296649
128600,0.0213905522289,0.349181933903,0.360388418881
128800,0.0214238190286,0.362039507417,0.377009606672
129000,0.0214570858283,0.374752228465,0.38913920706
129200,0.0214903526281,0.390745539674,0.393186360336
129400,0.0215236194278,0.408873250151,0.393888865591
129600,0.0215568862275,0.420748956491,0.396208813883
129800,0.0215901530273,0.432757102199,0.412876771862
130000,0.021623419827,0.451090041736,0.446861304722
130200,0.0216566866267,0.47609563551,0.488464332241
130400,0.0216899534265,0.464460378652,0.477409677357
130600,0.0217232202262,0.455708229887,0.467803678998
130800,0.0217564870259,0.453370015808,0.472145385176
131000,0.0217897538257,0.457453086752,0.487639850296
131200,0.0218230206254,0.469602229326,0.510792304819
131400,0.0218562874251,0.483203802155,0.540071923835
131600,0.0218895542249,0.512905767755,0.583685893246
131800,0.0219228210246,0.49707105224,0.555330525678
132000,0.0219560878244,0.424571180009,0.440447030393
132200,0.0219893546241,0.366420867457,0.379939096206
132400,0.0220226214238,0.339931793503,0.363916046255
132600,0.0220558882236,0.337925409306,0.377961952415
132800,0.0220891550233,0.349684322554,0.396188123454
133000,0.022122421823,0.376456410928,0.421503521887
133200,0.0221556886228,0.410143693859,0.451491147331
133400,0.0221889554225,0.44261510049,0.480776706086
133600,0.0222222222222,0.42882386203,0.467834207322
133800,0.022255489022,0.423922427133,0.465524595048
134000,0.0222887558217,0.435787727882,0.483484706717
134200,0.0223220226214,0.461766880048,0.520096043674
134400,0.0223552894212,0.49296154181,0.552924699175
134600,0.0223885562209,0.518369426068,0.573768053513
134800,0.0224218230206,0.507456936157,0.549775381992
135000,0.0224550898204,0.474933616554,0.498274809967
135200,0.0224883566201,0.447111976881,0.465205563462
135400,0.0225216234198,0.431113359644,0.455564371334
135600,0.0225548902196,0.437216662564,0.467946553974
135800,0.0225881570193,0.434696979355,0.485402841458
136000,0.022621423819,0.411070333668,0.466943496897
136200,0.0226546906188,0.376317754891,0.434030920665
136400,0.0226879574185,0.333031579365,0.395321012761
136600,0.0227212242182,0.30479806885,0.37259152747
136800,0.022754491018,0.291377884356,0.350761151806
137000,0.0227877578177,0.28654939177,0.340351256183
137200,0.0228210246174,0.286179436731,0.346841891391
137400,0.0228542914172,0.288642484793,0.358749283398
137600,0.0228875582169,0.294401104414,0.360226401266
137800,0.0229208250166,0.305411887995,0.356717142063
138000,0.0229540918164,0.331759342928,0.380956052713
138200,0.0229873586161,0.3604067109,0.410035630122
138400,0.0230206254158,0.383869220475,0.435397303075
138600,0.0230538922156,0.42629413843,0.487991369591
138800,0.0230871590153,0.478067874987,0.562561772486
139000,0.023120425815,0.525658757643,0.625226824254
139200,0.0231536926148,0.508107400192,0.578799376422
139400,0.0231869594145,0.482310791197,0.539246773403
139600,0.0232202262142,0.494706276943,0.556095132041
139800,0.023253493014,0.517484679558,0.571428964565
140000,0.0232867598137,0.500815138859,0.550485487092
140200,0.0233200266134,0.489379433904,0.538546074368
140400,0.0233532934132,0.537638459608,0.574820723995
140600,0.0233865602129,0.641014622322,0.684585717929
140800,0.0234198270126,0.568917795743,0.578694775958
141000,0.0234530938124,0.543955319797,0.575176297128
141200,0.0234863606121,0.4789229251,0.524324163376
141400,0.0235196274118,0.447519010299,0.490939447453
141600,0.0235528942116,0.457391886282,0.507754603257
141800,0.0235861610113,0.486024734932,0.550772148734
142000,0.023619427811,0.54199637847,0.630947998768
142200,0.0236526946108,0.51255514505,0.606698962823
142400,0.0236859614105,0.459688991485,0.54621363741
142600,0.0237192282102,0.437710631104,0.545296287474
142800,0.02375249501,0.449692168554,0.580037946313
143000,0.0237857618097,0.321305057534,0.438230250309
143200,0.0238190286094,0.250297925273,0.406712500976
143400,0.0238522954092,0.230229833467,0.417643609955
143600,0.0238855622089,0.232140524489,0.436009935265
143800,0.0239188290086,0.237116413191,0.441406074419
144000,0.0239520958084,0.246085075572,0.435997114283
144200,0.0239853626081,0.249278654142,0.420119858339
144400,0.0240186294079,0.255157897686,0.411490552138
144600,0.0240518962076,0.261715033385,0.40627803658
144800,0.0240851630073,0.270146072758,0.403989836162
145000,0.0241184298071,0.274958662473,0.399983804368
145200,0.0241516966068,0.27756682366,0.397759999874
145400,0.0241849634065,0.291297552345,0.398567360947
145600,0.0242182302063,0.311118363852,0.404431278619
145800,0.024251497006,0.331969264031,0.418092573925
146000,0.0242847638057,0.33600881115,0.426165602646
146200,0.0243180306055,0.336191439302,0.424123396077
146400,0.0243512974052,0.332457799289,0.41325059137
146600,0.0243845642049,0.334385568482,0.41423743229
146800,0.0244178310047,0.331884470804,0.40945476936
147000,0.0244510978044,0.33575906894,0.410840325587
147200,0.0244843646041,0.342428506508,0.42768513146
147400,0.0245176314039,0.353746653319,0.443975708212
147600,0.0245508982036,0.365464008909,0.457789830262
147800,0.0245841650033,0.372355370143,0.454879654767
148000,0.0246174318031,0.383698729711,0.44365764159
148200,0.0246506986028,0.39475408045,0.432906803843
148400,0.0246839654025,0.405889652681,0.422669310235
148600,0.0247172322023,0.403411136537,0.403145152992
148800,0.024750499002,0.389644716377,0.395220035002
149000,0.0247837658017,0.373393273512,0.389087349972
149200,0.0248170326015,0.361269262983,0.380059910437
149400,0.0248502994012,0.359047982178,0.372392899041
149600,0.0248835662009,0.358788226671,0.369332995406
149800,0.0249168330007,0.364031648546,0.372820620189
150000,0.0249500998004,0.368282940043,0.375983471118
150200,0.0249833666001,0.379425077725,0.382623529061
150400,0.0250166333999,0.399357495653,0.392862031854
150600,0.0250499001996,0.418372279045,0.413024057605
150800,0.0250831669993,0.432022973971,0.442995029548
151000,0.0251164337991,0.431228833188,0.453604343672
151200,0.0251497005988,0.421540946195,0.452034853494
151400,0.0251829673985,0.422080913722,0.460034151872
151600,0.0252162341983,0.395967873332,0.436886083123
151800,0.025249500998,0.369682481542,0.402053956185
152000,0.0252827677977,0.322650809489,0.346275158851
152200,0.0253160345975,0.254612610989,0.291323745851
152400,0.0253493013972,0.216285451184,0.282239481868
152600,0.0253825681969,0.201496062966,0.275561155376
152800,0.0254158349967,0.194680522604,0.268507231231
153000,0.0254491017964,0.202800558727,0.266068845567
153200,0.0254823685961,0.215373218361,0.266823724934
153400,0.0255156353959,0.227865876025,0.267369433856
153600,0.0255489021956,0.2373240205,0.268967650796
153800,0.0255821689953,0.244336600259,0.273327804948
154000,0.0256154357951,0.248433308284,0.275799981009
154200,0.0256487025948,0.259382866916,0.276830221958
154400,0.0256819693945,0.276224684244,0.280145108587
154600,0.0257152361943,0.293642651175,0.290486071395
154800,0.025748502994,0.306093570521,0.307777429667
155000,0.0257817697937,0.32132389935,0.328262886449
155200,0.0258150365935,0.338737504223,0.345523689479
155400,0.0258483033932,0.347368423609,0.35221766559
155600,0.0258815701929,0.370558588208,0.375928758867
155800,0.0259148369927,0.391921534224,0.409735882744
156000,0.0259481037924,0.406925645674,0.433175977082
156200,0.0259813705921,0.392640661731,0.410081396045
156400,0.0260146373919,0.327514191365,0.331721589567
156600,0.0260479041916,0.278801488965,0.275709622969
156800,0.0260811709914,0.263531635545,0.251086825715
157000,0.0261144377911,0.264813441505,0.24136964105
157200,0.0261477045908,0.268726034314,0.246836267314
157400,0.0261809713906,0.270396866357,0.261322842379
157600,0.0262142381903,0.27221316282,0.276450979677
157800,0.02624750499,0.276787674388,0.290001033643
158000,0.0262807717898,0.293950451035,0.301783122295
158200,0.0263140385895,0.311956229102,0.316753311328
158400,0.0263473053892,0.330781187164,0.335080215956
158600,0.026380572189,0.349162543764,0.354158737351
158800,0.0264138389887,0.366566205186,0.371564170909
159000,0.0264471057884,0.379594028235,0.379641812823
159200,0.0264803725882,0.395397486636,0.391823786391
159400,0.0265136393879,0.38508886521,0.377948298823
159600,0.0265469061876,0.370866810511,0.366817415068
159800,0.0265801729874,0.368067915948,0.361786338881
160000,0.0266134397871,0.377664616126,0.371387107253
160200,0.0266467065868,0.388080369948,0.393053449894
160400,0.0266799733866,0.40222849281,0.416769377761
160600,0.0267132401863,0.409966618318,0.423311546365
160800,0.026746506986,0.402344658108,0.410814786501
161000,0.0267797737858,0.399158340781,0.399244493938
161200,0.0268130405855,0.398178284159,0.398104581059
161400,0.0268463073852,0.39870612077,0.404191473989
161600,0.026879574185,0.402094909037,0.406247071809
161800,0.0269128409847,0.416104604418,0.409296415404
162000,0.0269461077844,0.425030191346,0.412517987964
162200,0.0269793745842,0.437362619863,0.415388064872
162400,0.0270126413839,0.43707236348,0.408282420871
162600,0.0270459081836,0.429126665108,0.395726662539
162800,0.0270791749834,0.415370049441,0.386642602392
163000,0.0271124417831,0.406610056326,0.382683003884
163200,0.0271457085828,0.404765688605,0.38616996617
163400,0.0271789753826,0.403649338449,0.38763968587
163600,0.0272122421823,0.402565796733,0.386264023747
163800,0.027245508982,0.401048532477,0.387022284568
164000,0.0272787757818,0.399928049697,0.38888423003
164200,0.0273120425815,0.398875760651,0.391425456953
164400,0.0273453093812,0.396841246245,0.392710943222
164600,0.027378576181,0.398697305227,0.389315072882
164800,0.0274118429807,0.396872494709,0.386503636014
165000,0.0274451097804,0.370965069192,0.365042985928
165200,0.0274783765802,0.307260312075,0.295454631343
165400,0.0275116433799,0.25503155933,0.25143671175
165600,0.0275449101796,0.228699879447,0.23651240539
165800,0.0275781769794,0.212056272764,0.230395272433
166000,0.0276114437791,0.198791272316,0.228494264158
166200,0.0276447105788,0.18990136311,0.227654642959
166400,0.0276779773786,0.185502604337,0.227316663839
166600,0.0277112441783,0.182471948554,0.225612114657
166800,0.027744510978,0.186023354919,0.224314689664
167000,0.0277777777778,0.190407089116,0.221852319884
167200,0.0278110445775,0.190795558457,0.222857944403
167400,0.0278443113772,0.192753100739,0.225037545477
167600,0.027877578177,0.191423688493,0.22952329004
167800,0.0279108449767,0.19536034996,0.233501790542
168000,0.0279441117764,0.206827447076,0.24402461688
168200,0.0279773785762,0.215984252959,0.250143741383
168400,0.0280106453759,0.226744905173,0.260013795464
168600,0.0280439121756,0.244563612484,0.277035483145
168800,0.0280771789754,0.266840103379,0.299321373526
169000,0.0281104457751,0.289260675991,0.321837878415
169200,0.0281437125749,0.319516414128,0.34878953469
169400,0.0281769793746,0.355924218208,0.381191180682
169600,0.0282102461743,0.391502047027,0.414404161751
169800,0.0282435129741,0.42269252425,0.447620156292
170000,0.0282767797738,0.447951253418,0.475545907963
170200,0.0283100465735,0.468726209261,0.50505980509
170400,0.0283433133733,0.482606247817,0.516648285874
170600,0.028376580173,0.499235137698,0.520612177839
170800,0.0284098469727,0.501898562804,0.511606370578
171000,0.0284431137725,0.455190443083,0.442486289152
171200,0.0284763805722,0.418792801161,0.397828550553
171400,0.0285096473719,0.388177119046,0.363108808791
171600,0.0285429141717,0.388521619571,0.364063825324
171800,0.0285761809714,0.385346479725,0.357909079012
172000,0.0286094477711,0.372062259521,0.342353182561
172200,0.0286427145709,0.353799557611,0.327434062469
172400,0.0286759813706,0.328083014727,0.323268284754
172600,0.0287092481703,0.309081731312,0.324635532701
172800,0.0287425149701,0.297537828147,0.319298371298
173000,0.0287757817698,0.291708782835,0.315743392462
173200,0.0288090485695,0.28793953333,0.308178018944
173400,0.0288423153693,0.281162583358,0.29590377467
173600,0.028875582169,0.269927360428,0.278638380764
173800,0.0289088489687,0.254931205717,0.264790676944
174000,0.0289421157685,0.241743247568,0.252583299217
174200,0.0289753825682,0.235103357696,0.246129623827
174400,0.0290086493679,0.237387039963,0.246163040881
174600,0.0290419161677,0.241925032978,0.251399730878
174800,0.0290751829674,0.249382038198,0.265130181998
175000,0.0291084497671,0.258381686714,0.281246654465
175200,0.0291417165669,0.271266959145,0.299487287592
175400,0.0291749833666,0.283020792402,0.316704596286
175600,0.0292082501663,0.295970946737,0.32719176122
175800,0.0292415169661,0.302300893146,0.329393340475
176000,0.0292747837658,0.30241312031,0.329033678338
176200,0.0293080505655,0.295958794728,0.328910780444
176400,0.0293413173653,0.292721646844,0.336562837188
176600,0.029374584165,0.291197643586,0.346880926191
176800,0.0294078509647,0.300116041144,0.361970427035
177000,0.0294411177645,0.312648256614,0.374425867439
177200,0.0294743845642,0.320169730165,0.380762397034
177400,0.0295076513639,0.322135288984,0.380897693947
177600,0.0295409181637,0.319329508873,0.374515592259
177800,0.0295741849634,0.310443559276,0.360710965305
178000,0.0296074517631,0.300509808532,0.347906602582
178200,0.0296407185629,0.293400978336,0.329559956445
178400,0.0296739853626,0.284649977393,0.306911329481
178600,0.0297072521623,0.272281825858,0.28226280521
178800,0.0297405189621,0.265998878561,0.269429537611
179000,0.0297737857618,0.263618528164,0.268971276492
179200,0.0298070525615,0.27120437761,0.277814270521
179400,0.0298403193613,0.288053350331,0.296473306132
179600,0.029873586161,0.305980050805,0.318668974568
179800,0.0299068529607,0.324807558493,0.342991641846
180000,0.0299401197605,0.345574119159,0.367001552363
180200,0.0299733865602,0.359396364603,0.386269132607
180400,0.0300066533599,0.37746001625,0.399421289055
180600,0.0300399201597,0.399070465877,0.412905207203
180800,0.0300731869594,0.409023901668,0.418990384099
181000,0.0301064537591,0.419377037297,0.424539689617
181200,0.0301397205589,0.417263621001,0.42004231546
181400,0.0301729873586,0.400423744468,0.401924219786
181600,0.0302062541583,0.385788185147,0.38458577159
181800,0.0302395209581,0.386231850586,0.375510292888
182000,0.0302727877578,0.393506865068,0.372938554901
182200,0.0303060545576,0.398975139908,0.371817771863
182400,0.0303393213573,0.396521898023,0.368379846708
182600,0.030372588157,0.392281360306,0.36793031502
182800,0.0304058549568,0.39151786508,0.373777075273
183000,0.0304391217565,0.40119261079,0.386757549095
183200,0.0304723885562,0.422715600561,0.411719195657
183400,0.030505655356,0.442580600331,0.435945240202
183600,0.0305389221557,0.456591415446,0.448668065859
183800,0.0305721889554,0.468712652404,0.461416147116
184000,0.0306054557552,0.480136433416,0.480504142306
184200,0.0306387225549,0.474611312444,0.469435605376
184400,0.0306719893546,0.475428220582,0.469595328686
184600,0.0307052561544,0.478658390175,0.477081952795
184800,0.0307385229541,0.476376942906,0.472840253157
185000,0.0307717897538,0.442071581712,0.425372698404
185200,0.0308050565536,0.387816159315,0.364700544192
185400,0.0308383233533,0.350721620493,0.330257863556
185600,0.030871590153,0.345181773773,0.320605753961
185800,0.0309048569528,0.356182587317,0.329830825972
186000,0.0309381237525,0.374989877094,0.353019579073
186200,0.0309713905522,0.392907879472,0.376337631646
186400,0.031004657352,0.408149837332,0.395967413146
186600,0.0310379241517,0.418447912936,0.419569739027
186800,0.0310711909514,0.43511512092,0.446572930299
187000,0.0311044577512,0.43667679987,0.457257589037
187200,0.0311377245509,0.409087450884,0.440755374241
187400,0.0311709913506,0.368467366151,0.432183992614
187600,0.0312042581504,0.328794424041,0.408735067153
187800,0.0312375249501,0.301207257247,0.387765250361
188000,0.0312707917498,0.280983036306,0.365958883099
188200,0.0313040585496,0.272871712301,0.350139789073
188400,0.0313373253493,0.26139545939,0.335290930461
188600,0.031370592149,0.247579296783,0.323487832016
188800,0.0314038589488,0.234568459186,0.312717539051
189000,0.0314371257485,0.223907412756,0.302833732829
189200,0.0314703925482,0.219693038498,0.293482943922
189400,0.031503659348,0.228369951919,0.282861640429
189600,0.0315369261477,0.233363376408,0.277117281523
189800,0.0315701929474,0.23369093876,0.27011999806
190000,0.0316034597472,0.228825952372,0.261063355612
190200,0.0316367265469,0.221744420131,0.251717528901
190400,0.0316699933466,0.218968437573,0.243169146642
190600,0.0317032601464,0.224870750563,0.239228615236
190800,0.0317365269461,0.23372572343,0.239430836509
191000,0.0317697937458,0.239591155696,0.242136703987
191200,0.0318030605456,0.244164451044,0.247484701819
191400,0.0318363273453,0.248798918544,0.253611582429
191600,0.031869594145,0.254762137426,0.260427401228
191800,0.0319028609448,0.26695345804,0.270031746206
192000,0.0319361277445,0.283156336016,0.282662838223
192200,0.0319693945442,0.299001149733,0.297123207232
192400,0.032002661344,0.315749790269,0.313104963805
192600,0.0320359281437,0.330065563521,0.327655324748
192800,0.0320691949434,0.340456881951,0.337053056755
193000,0.0321024617432,0.352465118383,0.339281615448
193200,0.0321357285429,0.35868286865,0.336652353453
193400,0.0321689953426,0.349958607744,0.320999818924
193600,0.0322022621424,0.334949273951,0.301054069717
193800,0.0322355289421,0.329733125483,0.296609510091
194000,0.0322687957418,0.328174099214,0.300047854
194200,0.0323020625416,0.33156566849,0.306616957229
194400,0.0323353293413,0.340271868787,0.317098483325
194600,0.0323685961411,0.347150750913,0.327414482098
194800,0.0324018629408,0.354348166582,0.335717575079
195000,0.0324351297405,0.360633955183,0.343453379581
195200,0.0324683965403,0.367350907384,0.347513624468
195400,0.03250166334,0.369107774766,0.348844861394
195600,0.0325349301397,0.375092530613,0.35219347248
195800,0.0325681969395,0.389629950358,0.361389334191
196000,0.0326014637392,0.391050864245,0.363742651822
196200,0.0326347305389,0.390073795758,0.362245167167
196400,0.0326679973387,0.385451535541,0.360072545623
196600,0.0327012641384,0.371527179374,0.352471706966
196800,0.0327345309381,0.361795248803,0.346175730517
197000,0.0327677977379,0.358875434193,0.344654057875
197200,0.0328010645376,0.361186500578,0.341397452768
197400,0.0328343313373,0.356728036788,0.339837642342
197600,0.0328675981371,0.349812747813,0.344893052047
197800,0.0329008649368,0.341716310138,0.347451204733
198000,0.0329341317365,0.34409640323,0.351831691549
198200,0.0329673985363,0.35364676557,0.360026624461
198400,0.033000665336,0.344845968436,0.345169150893
198600,0.0330339321357,0.33815235353,0.331561624893
198800,0.0330671989355,0.331018355835,0.321011359071
199000,0.0331004657352,0.31909488332,0.315115761326
199200,0.0331337325349,0.309933511762,0.314738465849
199400,0.0331669993347,0.306678776083,0.316080214489
199600,0.0332002661344,0.300062660759,0.312440470602
199800,0.0332335329341,0.289749689381,0.30558949808
200000,0.0332667997339,0.281985449595,0.302330738901
200200,0.0333000665336,0.274045097046,0.298243657659
200400,0.0333333333333,0.26840250387,0.29291243892
200401,0.0333334996673,0.268318150011,0.292756430582
