3006,0.0005,0.0905454543262,0.0914890880648
6012,0.001,0.290572983973,0.2606008129
9018,0.0015,0.462143367617,0.396560910893
12024,0.002,0.561850467123,0.485489484431
15030,0.0025,0.622958300514,0.54261090622
18036,0.003,0.729619033651,0.667573812661
21042,0.0035,0.829924820662,0.781866492351
24048,0.004,0.917377968462,0.890050130069
27054,0.0045,0.948046501356,0.92963866346
30060,0.005,0.940392913109,0.924116951045
33066,0.0055,0.922062458731,0.905089605783
36072,0.006,0.903047650963,0.888970037467
39078,0.0065,0.873727903993,0.859041137729
42084,0.007,0.850101337682,0.813500186909
45090,0.0075,0.849048343197,0.796117718563
48096,0.008,0.877724140826,0.832323423669
51102,0.0085,0.922528151476,0.904229619719
54108,0.009,0.994522779947,1.00856148271
57114,0.0095,1.02473067372,1.04627414863
60120,0.01,1.01567431471,1.03880428708
63126,0.0105,1.01308081982,1.04012589063
66132,0.011,1.03175503323,1.03454323698
69138,0.0115,1.08484364466,1.07115573387
72144,0.012,1.19027886871,1.17810901405
75150,0.0125,1.28982592787,1.29713363864
78156,0.013,1.28737197344,1.30491264466
81162,0.0135,1.3210971216,1.34750251937
84168,0.014,1.41008870718,1.46317131486
87174,0.0145,1.43772033746,1.49233245052
90180,0.015,1.41958173899,1.45973205671
93186,0.0155,1.42390588134,1.45899681897
96192,0.016,1.42327125174,1.43462852522
99198,0.0165,1.46861284344,1.45136594525
102204,0.017,1.56861232907,1.5955261595
105210,0.0175,1.63141251676,1.71008897118
108216,0.018,1.7045453989,1.84886453143
111222,0.0185,1.69552029351,1.89119085161
114228,0.019,1.61206565914,1.84237198468
117234,0.0195,1.48585397117,1.71971594135
120240,0.02,1.37155304672,1.58154003208
123246,0.0205,1.27608633858,1.43171781964
126252,0.021,1.19892198658,1.30423595934
129258,0.0215,1.19776080187,1.25489343199
132264,0.022,1.21941760713,1.29416533012
135270,0.0225,1.14107875432,1.23019969715
138276,0.023,1.089372984,1.16330009033
141282,0.0235,1.03269442641,1.08399753158
144288,0.024,0.9738105338,1.00141549744
147294,0.0245,0.923702019117,0.942359641335
150300,0.025,0.890971151618,0.905556160494
153306,0.0255,0.95417298413,0.979592965655
156312,0.026,0.970025947124,1.01565315922
159318,0.0265,0.959267015279,1.02652728271
162324,0.027,0.930548731134,1.00453896876
165330,0.0275,0.909402666848,0.979579219921
168336,0.028,0.870228893505,0.933385175288
171342,0.0285,0.827840986787,0.874850134939
174348,0.029,0.788941939529,0.820437579088
177354,0.0295,0.775564099334,0.794954132571
180360,0.03,0.751876007278,0.768267305645
183366,0.0305,0.722426255792,0.728061387546
186372,0.031,0.6995342637,0.690127901429
189378,0.0315,0.705311687158,0.695373024562
192384,0.032,0.70769653629,0.694895503848
195390,0.0325,0.696953700757,0.673805098789
198396,0.033,0.669616830213,0.62697628905
201402,0.0335,0.636557970272,0.588546948177
204408,0.034,0.610985531364,0.560620994361
207414,0.0345,0.603371756126,0.548579297694
210420,0.035,0.597819997934,0.539975440835
213426,0.0355,0.611182710645,0.559474393545
216432,0.036,0.650227815695,0.601081078366
219438,0.0365,0.683684737677,0.64647346196
222444,0.037,0.808768861159,0.81497587922
225450,0.0375,0.892443213211,0.918085922707
228456,0.038,0.948145315831,0.974760532398
231462,0.0385,1.00427888512,1.04229977861
234468,0.039,1.05849125114,1.07953922879
237474,0.0395,1.1410628841,1.14177597953
240480,0.04,1.23964875641,1.2197581736
243486,0.0405,1.33064020131,1.31112758143
246492,0.041,1.4911033794,1.52095436221
249498,0.0415,1.54553782493,1.56411994147
252504,0.042,1.55444333756,1.535641888
255510,0.0425,1.53661503443,1.5015079606
258516,0.043,1.4737520159,1.41373636956
261522,0.0435,1.37608436062,1.27927826831
264528,0.044,1.28108571582,1.15572629178
267534,0.0445,1.20658391725,1.04972720789
270540,0.045,1.15764042652,0.981442730198
273546,0.0455,1.14756362121,0.933333211424
276552,0.046,1.16465978494,0.955073842271
279558,0.0465,1.32721260965,1.13915811942
282564,0.047,1.44368009709,1.28711796774
285570,0.0475,1.53513791617,1.3859850351
288576,0.048,1.6820474124,1.54528423298
291582,0.0485,1.87072785724,1.76829095598
294588,0.049,1.94046131942,1.8577064323
297594,0.0495,1.95941361059,1.8365781782
300600,0.05,1.94540632169,1.77826845691
303606,0.0505,1.94241174039,1.73773025695
306612,0.051,1.88463688672,1.68862329921
309618,0.0515,1.93137585231,1.68617467259
312624,0.052,2.04080535657,1.74141600199
315630,0.0525,2.11899758443,1.79302615337
318636,0.053,2.29912408501,2.00026027647
321642,0.0535,2.34902211729,2.08952480184
324648,0.054,2.32355303108,2.10038634575
327654,0.0545,2.40948210283,2.23778822515
330660,0.055,2.41903816488,2.29178483559
333666,0.0555,2.54336103555,2.45585813554
336672,0.056,2.59669267082,2.51272395627
339678,0.0565,2.60459879777,2.49737718448
342684,0.057,2.58241746424,2.49492404273
345690,0.0575,2.4698836017,2.39581040472
348696,0.058,2.32716861725,2.25128569629
351702,0.0585,2.25037342153,2.12861270807
354708,0.059,2.27236746951,2.14137987927
357714,0.0595,2.37126404207,2.21959362254
360720,0.06,2.45455175109,2.36405170565
363726,0.0605,2.39657611953,2.32404634904
366732,0.061,2.42066223508,2.36596840672
369738,0.0615,2.47795351876,2.40043963151
372744,0.062,2.58865293612,2.55410468998
375750,0.0625,2.74893822559,2.77301230426
378756,0.063,2.87597961338,2.93071217226
381762,0.0635,2.81576303004,2.90462816823
384768,0.064,2.75486305982,2.83652275954
387774,0.0645,2.71192007683,2.74803330396
390780,0.065,2.74129593938,2.74637256139
393786,0.0655,2.91704190197,2.76690509641
396792,0.066,3.21331099483,2.97005720686
399798,0.0665,3.81155920379,3.53661799284
402804,0.067,4.64942256592,4.32861858607
405810,0.0675,5.68706774876,5.36854170859
408816,0.068,6.91312406066,6.53291462453
411822,0.0685,7.62331675903,7.24849872557
414828,0.069,7.21869941565,7.07071416017
417834,0.0695,7.55952251772,7.50298910209
420840,0.07,8.31693087116,8.47084965863
423846,0.0705,9.48956975385,9.7521110255
426852,0.071,10.6388153417,10.9462045295
429858,0.0715,12.2259855024,12.1235488702
432864,0.072,12.6353629406,12.7427311206
435870,0.0725,12.7816223673,13.0546593192
438876,0.073,11.4704635388,11.7686386241
441882,0.0735,9.89145868606,10.1014025983
444888,0.074,8.40918523819,8.30215156056
447894,0.0745,7.10360214677,6.99905157116
450900,0.075,6.4878571153,6.35236748316
453906,0.0755,5.57972356072,5.59387936284
456912,0.076,5.26914742924,5.38679830506
459918,0.0765,4.90442795299,5.09195163254
462924,0.077,5.24008434937,5.38917621378
465930,0.0775,4.75019801282,4.72427739437
468936,0.078,4.08670394419,4.03666744967
471942,0.0785,4.04572561436,3.79773668113
474948,0.079,4.1129547588,3.86326374182
477954,0.0795,4.70229347136,4.57759955773
480960,0.08,4.53349026949,4.57583761621
483966,0.0805,4.94643517999,5.1957127019
486972,0.081,5.49834423747,6.29043902981
489978,0.0815,5.46483928057,6.24619473701
492984,0.082,5.11481718285,5.61005149853
495990,0.0825,4.83710276448,5.24278247733
498996,0.083,5.0989496212,5.47747045402
502002,0.0835,5.10598174754,5.47248791636
505008,0.084,4.88313521039,5.01231895966
508014,0.0845,4.41756117202,4.38012572584
511020,0.085,3.80849798429,3.77857331405
514026,0.0855,3.34121433364,3.43269762636
517032,0.086,2.88578145039,3.07219302235
520038,0.0865,2.51233928204,2.6940903991
523044,0.087,2.32396979538,2.41421297617
526050,0.0875,2.30489014199,2.3837394028
529056,0.088,2.42018465677,2.47750345283
532062,0.0885,2.45406883734,2.49356978451
535068,0.089,2.46447582459,2.48955945783
538074,0.0895,2.5297005316,2.58762959478
541080,0.09,2.55213334829,2.53840916657
544086,0.0905,2.57918069889,2.45099482379
547092,0.091,2.50236256576,2.39950597877
550098,0.0915,2.51153222752,2.39952545482
553104,0.092,2.71929604466,2.56906316792
556110,0.0925,2.889885938,2.78298027263
559116,0.093,2.67410802999,2.64949294792
562122,0.0935,2.58978785911,2.68572008433
565128,0.094,2.52653523474,2.67857771652
568134,0.0945,2.74604086612,2.94713317135
571140,0.095,2.85913737662,3.09414332679
574146,0.0955,3.07205617652,3.24693983646
577152,0.096,3.44876780752,3.63174849117
580158,0.0965,3.87020619955,4.25653435972
583164,0.097,4.21036923241,4.82651089744
586170,0.0975,5.73962152632,6.81203565873
589176,0.098,7.12279506542,8.69330616881
592182,0.0985,7.52031680176,9.23957648145
595188,0.099,7.44966758858,9.21862526339
598194,0.0995,7.1581628898,8.65337029265
601200,0.1,6.8615541755,8.2307264286
604206,0.1005,6.82077001895,8.27855284435
607212,0.101,6.99020670357,8.48223690913
610218,0.1015,6.59940076315,7.8559010794
613224,0.102,6.7805788498,8.10140412107
616230,0.1025,5.69974720925,7.0928277425
619236,0.103,4.72428179378,6.10671481181
622242,0.1035,4.4686817644,5.78300715166
625248,0.104,4.26342817504,5.51345125576
628254,0.1045,3.87559638906,4.86946932953
631260,0.105,3.70835325886,4.5615786821
634266,0.1055,3.46889571961,4.25157644053
637272,0.106,3.33119942903,4.03553014735
640278,0.1065,2.93642327441,3.47728702245
643284,0.107,2.59110043114,3.03245346092
646290,0.1075,2.38924929283,2.70432108605
649296,0.108,2.26365856132,2.53522522708
652302,0.1085,1.95791176798,2.23831557301
655308,0.109,1.71993439263,1.96741322693
658314,0.1095,1.53698025076,1.74404886387
661320,0.11,1.32760252644,1.48602729574
664326,0.1105,1.18767072183,1.27670925664
667332,0.111,1.12396953694,1.1663119701
670338,0.1115,1.11777920482,1.12210150148
673344,0.112,1.13067812616,1.1411043009
676350,0.1125,1.22837389201,1.27192524521
679356,0.113,1.25061646001,1.30648060621
682362,0.1135,1.23188407049,1.27371697356
685368,0.114,1.20011812486,1.23538222651
688374,0.1145,1.16829113067,1.20530906195
691380,0.115,1.1585626278,1.18327870206
694386,0.1155,1.14464802238,1.17015968551
697392,0.116,1.14992338576,1.15101239477
700398,0.1165,1.1147258331,1.10192024086
703404,0.117,1.05697542439,1.03875938905
706410,0.1175,1.02364022074,0.997293333464
709416,0.118,1.00484188561,0.99076259005
712422,0.1185,0.998541465207,0.990449131054
715428,0.119,1.00726232735,1.00760550274
718434,0.1195,1.00115955078,1.00961968484
721440,0.12,0.984138675117,0.98643808423
724446,0.1205,0.99847445011,0.992035847175
727452,0.121,1.04639387273,1.02021943577
730458,0.1215,1.05639104328,1.01398447961
733464,0.122,1.03176967151,0.993525599029
736470,0.1225,1.03560936306,1.00989720788
739476,0.123,1.04330363604,1.02228532414
742482,0.1235,1.05637799731,1.02258753834
745488,0.124,1.06925156696,1.04193732528
748494,0.1245,1.08452079159,1.06644246749
751500,0.125,1.10142757069,1.08386721651
754506,0.1255,1.11490990983,1.10470920397
757512,0.126,1.07777640452,1.07114639304
760518,0.1265,1.03266734684,1.01295388773
763524,0.127,1.03970015735,0.989132987293
766530,0.1275,1.04802338125,0.976396140555
769536,0.128,1.10001763852,1.05059321566
772542,0.1285,1.12175994496,1.09343778205
775548,0.129,1.12045018473,1.09096323956
778554,0.1295,1.1234235691,1.06795018294
781560,0.13,1.1223895554,1.05873420415
784566,0.1305,1.09534048531,1.02439719504
787572,0.131,1.03723834668,0.952279151622
790578,0.1315,1.01306972181,0.897918195462
793584,0.132,1.01268435652,0.864465629313
796590,0.1325,1.01618063764,0.848769512886
799596,0.133,1.00944194596,0.854399345479
802602,0.1335,0.987861879642,0.834437580538
805608,0.134,0.96937255964,0.841890893905
808614,0.1345,0.943315931127,0.829201540692
811620,0.135,0.913435340316,0.802471454636
814626,0.1355,0.879445713104,0.778400584184
817632,0.136,0.827270897272,0.741418887985
820638,0.1365,0.77706044836,0.699525800871
823644,0.137,0.711379234223,0.630384030552
826650,0.1375,0.636952813253,0.548250565824
829656,0.138,0.619789786437,0.526586513799
832662,0.1385,0.618983319399,0.524070352245
835668,0.139,0.643733202731,0.549447060359
838674,0.1395,0.668777086817,0.577313851316
841680,0.14,0.658815481198,0.565852523231
844686,0.1405,0.627400255491,0.536981859847
847692,0.141,0.600474649629,0.510535834098
850698,0.1415,0.578114193141,0.485014885658
853704,0.142,0.562311450787,0.463782774085
856710,0.1425,0.570036047459,0.468502622242
859716,0.143,0.613637769593,0.525352946905
862722,0.1435,0.657902146888,0.58235201324
865728,0.144,0.73019031886,0.655722215738
868734,0.1445,0.814077976416,0.759245034709
871740,0.145,0.853765185375,0.813586851463
874746,0.1455,0.918059391128,0.890019659997
877752,0.146,0.969061941075,0.962660866184
880758,0.1465,1.02273980094,1.03580595671
883764,0.147,1.03411492728,1.05568931232
886770,0.1475,1.00994431081,1.03388159797
889776,0.148,0.960246566023,0.976355779176
892782,0.1485,0.908975941767,0.909652598491
895788,0.149,0.866363043891,0.8462317266
898794,0.1495,0.826013877175,0.797655798021
901800,0.15,0.798276251687,0.740540154213
904806,0.1505,0.781588566706,0.703265326935
907812,0.151,0.758390822864,0.681797852271
910818,0.1515,0.731323624538,0.666889846662
913824,0.152,0.702519464743,0.640379918887
916830,0.1525,0.683687634791,0.614767284453
919836,0.153,0.677652056477,0.600996647535
922842,0.1535,0.679642512655,0.599988618684
925848,0.154,0.677743884686,0.585589239503
928854,0.1545,0.693117403733,0.592846870162
931860,0.155,0.687001390446,0.586443931921
934866,0.1555,0.677233389986,0.569464458897
937872,0.156,0.683128172397,0.576650782293
940878,0.1565,0.679624613531,0.581799755957
943884,0.157,0.664610588803,0.575543203748
946890,0.1575,0.663667099704,0.58048082743
949896,0.158,0.651985366058,0.571612081116
952902,0.1585,0.639076615852,0.552804133279
955908,0.159,0.635934121094,0.551099632835
958914,0.1595,0.639967965933,0.564180918936
961920,0.16,0.640269766641,0.567883143195
964926,0.1605,0.641684455427,0.572417605312
967932,0.161,0.622585698481,0.555767455534
970938,0.1615,0.599832177373,0.530670992605
973944,0.162,0.589851515075,0.516258453181
976950,0.1625,0.589012489527,0.507830899691
979956,0.163,0.589045991396,0.499132982486
982962,0.1635,0.582131133013,0.485305842167
985968,0.164,0.55716001717,0.465751350803
988974,0.1645,0.5343466451,0.443910385967
991980,0.165,0.519689527852,0.432141000596
994986,0.1655,0.50177698139,0.420145440706
997992,0.166,0.497954102548,0.41205368445
1000998,0.1665,0.488856796513,0.409095745939
1004004,0.167,0.493514209471,0.4209568648
1007010,0.1675,0.491815318918,0.425473576205
1010016,0.168,0.496838240238,0.428515403374
1013022,0.1685,0.50232217848,0.434089103096
1016028,0.169,0.494268764693,0.429246983466
1019034,0.1695,0.472882531066,0.409857757206
1022040,0.17,0.454281777184,0.390500904677
1025046,0.1705,0.44566152884,0.373034020946
1028052,0.171,0.436370255428,0.36075763958
1031058,0.1715,0.424850530414,0.349584259802
1034064,0.172,0.423167656115,0.342443424017
1037070,0.1725,0.427571601344,0.348448219921
1040076,0.173,0.430337698274,0.357601082495
1043082,0.1735,0.4288332591,0.362146737056
1046088,0.174,0.423651243582,0.359440308436
1049094,0.1745,0.418005264803,0.355159245444
1052100,0.175,0.409318863266,0.348926190802
1055106,0.1755,0.404363321673,0.344581735206
1058112,0.176,0.42449844522,0.36964756593
1061118,0.1765,0.44837663228,0.399810561783
1064124,0.177,0.460918679273,0.408794654871
1067130,0.1775,0.466485173811,0.410150546972
1070136,0.178,0.476470880942,0.417249140884
1073142,0.1785,0.483282909576,0.422465293788
1076148,0.179,0.490212731169,0.421761292979
1079154,0.1795,0.513095893201,0.438419494554
1082160,0.18,0.557472125509,0.466469504706
1085166,0.1805,0.585211986667,0.498842914045
1088172,0.181,0.582938763578,0.502939855778
1091178,0.1815,0.565618390419,0.487505968032
1094184,0.182,0.55402991709,0.475339395472
1097190,0.1825,0.539437919414,0.45806968696
1100196,0.183,0.523534304431,0.439333258796
1103202,0.1835,0.515957573316,0.429543617191
1106208,0.184,0.509878759088,0.426828993914
1109214,0.1845,0.519828238,0.441905750312
1112220,0.185,0.543830626689,0.475355707065
1115226,0.1855,0.557940560899,0.490865751984
1118232,0.186,0.558826729483,0.482561027591
1121238,0.1865,0.550951302738,0.470629129738
1124244,0.187,0.535674763026,0.451849870728
1127250,0.1875,0.512808030671,0.428771905002
1130256,0.188,0.497450828797,0.408729892557
1133262,0.1885,0.486702902663,0.396227143097
1136268,0.189,0.48812918166,0.397408464203
1139274,0.1895,0.4947271562,0.40480206478
1142280,0.19,0.490928869839,0.399997805459
1145286,0.1905,0.50038220413,0.414320813034
1148292,0.191,0.495128699792,0.412218530804
1151298,0.1915,0.4884622938,0.403374464609
1154304,0.192,0.492035471545,0.39904530865
1157310,0.1925,0.502095839752,0.411403016775
1160316,0.193,0.503448358391,0.41694736156
1163322,0.1935,0.494363449134,0.412688760605
1166328,0.194,0.476630000779,0.39221032515
1169334,0.1945,0.464839857847,0.376172159631
1172340,0.195,0.466292619632,0.379629426985
1175346,0.1955,0.477949292667,0.391585487401
1178352,0.196,0.503122935559,0.417608911068
1181358,0.1965,0.520267663704,0.443557819672
1184364,0.197,0.518535251978,0.447168180053
1187370,0.1975,0.508291068238,0.441744108417
1190376,0.198,0.498038745132,0.437847393365
1193382,0.1985,0.515889152533,0.463524791978
1196388,0.199,0.545392261425,0.498129571301
1199394,0.1995,0.558687666945,0.521554150339
1202400,0.2,0.554076348954,0.521152332897
1205406,0.2005,0.541408593632,0.506896718612
1208412,0.201,0.545344452282,0.506313894151
1211418,0.2015,0.549805359975,0.511884666355
1214424,0.202,0.543616703853,0.505619578829
1217430,0.2025,0.529079221435,0.487936129046
1220436,0.203,0.511634653488,0.467892108929
1223442,0.2035,0.505744764381,0.455522400211
1226448,0.204,0.527428550365,0.473926671609
1229454,0.2045,0.550464578391,0.504063619381
1232460,0.205,0.565505083299,0.528961735045
1235466,0.2055,0.66350190743,0.664012495441
1238472,0.206,0.88837161469,0.983511469544
1241478,0.2065,0.954311147961,1.06227593087
1244484,0.207,0.956631988188,1.05119189761
1247490,0.2075,0.940495620676,1.0195919167
1250496,0.208,0.925309472281,1.00096067711
1253502,0.2085,0.897167596112,0.95906430322
1256508,0.209,0.869236278191,0.920526760487
1259514,0.2095,0.853914602639,0.875797759987
1262520,0.21,0.858339358103,0.858654362739
1265526,0.2105,0.855645784866,0.845746639203
1268532,0.211,0.843864179209,0.816102207094
1271538,0.2115,0.838238015889,0.795806480503
1274544,0.212,0.840730776384,0.796127963885
1277550,0.2125,0.88157593221,0.820007597966
1280556,0.213,0.915979757578,0.844620033664
1283562,0.2135,0.933484414061,0.853810942658
1286568,0.214,0.91658888962,0.845850190882
1289574,0.2145,0.889601527325,0.818028874794
1292580,0.215,0.856350723699,0.77557472941
1295586,0.2155,0.834183673383,0.743426981596
1298592,0.216,0.804289968482,0.705947432619
1301598,0.2165,0.797039811214,0.703080979639
1304604,0.217,0.764832780769,0.67847632392
1307610,0.2175,0.727656917613,0.649415317285
1310616,0.218,0.699680803008,0.628230116044
1313622,0.2185,0.686424750688,0.609772822716
1316628,0.219,0.716083947376,0.634080373986
1319634,0.2195,0.761996631904,0.698825197658
1322640,0.22,0.764808574626,0.713167066278
1325646,0.2205,0.765770776891,0.711379600422
1328652,0.221,0.771156426035,0.713913911829
1331658,0.2215,0.771569924671,0.706177772223
1334664,0.222,0.77058191608,0.709958287815
1337670,0.2225,0.797057264405,0.730403834001
1340676,0.223,0.853956036871,0.776896955821
1343682,0.2235,0.88735948596,0.815074200537
1346688,0.224,0.902230895092,0.849925184536
1349694,0.2245,0.869547128213,0.823151212206
1352700,0.225,0.82992191921,0.779617930463
1355706,0.2255,0.786231258536,0.736265478423
1358712,0.226,0.75455117355,0.69963976523
1361718,0.2265,0.734128077426,0.691100226251
1364724,0.227,0.717171369831,0.685564190203
1367730,0.2275,0.73133710131,0.70563286184
1370736,0.228,0.740470454145,0.719685870827
1373742,0.2285,0.731132293595,0.712540586767
1376748,0.229,0.779096827922,0.766728266166
1379754,0.2295,0.839641505146,0.828939790937
1382760,0.23,0.895018948502,0.88451714187
1385766,0.2305,0.909626536497,0.9237488804
1388772,0.231,0.87923649129,0.90222330556
1391778,0.2315,0.846546332863,0.877316859947
1394784,0.232,0.800864973757,0.821995026206
1397790,0.2325,0.764065979474,0.770356554548
1400796,0.233,0.722496690668,0.725687730452
1403802,0.2335,0.706628145854,0.702134167679
1406808,0.234,0.759288949578,0.749949344212
1409814,0.2345,0.779230914428,0.763692978523
1412820,0.235,0.80792108718,0.801349668782
1415826,0.2355,0.889496572962,0.926575425066
1418832,0.236,0.903270963645,0.958004199377
1421838,0.2365,0.913253891153,0.959234787381
1424844,0.237,0.913228843861,0.934165993051
1427850,0.2375,0.925473872965,0.914947087131
1430856,0.238,0.918189459065,0.908631354622
1433862,0.2385,0.93303047806,0.929997229256
1436868,0.239,0.930311460561,0.934573913556
1439874,0.2395,0.893206451429,0.894468398669
1442880,0.24,0.847656650074,0.832663899353
1445886,0.2405,0.833488634419,0.817662783944
1448892,0.241,0.818427673818,0.791562516534
1451898,0.2415,0.835135401697,0.799393712031
1454904,0.242,0.850213556905,0.816100049864
1457910,0.2425,0.840165983152,0.812381362374
1460916,0.243,0.816475258952,0.787393029452
1463922,0.2435,0.770590907095,0.739265471925
1466928,0.244,0.729013987457,0.696233312393
1469934,0.2445,0.699913720909,0.655209323588
1472940,0.245,0.702042584975,0.649313353693
1475946,0.2455,0.702348381388,0.646732695336
1478952,0.246,0.687798940529,0.630254572153
1481958,0.2465,0.690718247983,0.632536992609
1484964,0.247,0.720105703481,0.662165044101
1487970,0.2475,0.733603206726,0.662521542154
1490976,0.248,0.745075117026,0.665396586433
1493982,0.2485,0.770693830497,0.686239748364
1496988,0.249,0.809303617151,0.715731730607
1499994,0.2495,0.827576306403,0.73230117158
1503000,0.25,0.837830454592,0.730332837148
1506006,0.2505,0.875037895479,0.768032300415
1509012,0.251,1.01095001234,0.905460406195
1512018,0.2515,1.12596355742,0.998711330978
1515024,0.252,1.2114082907,1.0763316821
1518030,0.2525,1.23949063315,1.10521255696
1521036,0.253,1.2698357561,1.13895535424
1524042,0.2535,1.28472416379,1.16058087691
1527048,0.254,1.30496398293,1.17094627602
1530054,0.2545,1.36426663542,1.23182034086
1533060,0.255,1.41621843217,1.29158445831
1536066,0.2555,1.44966615891,1.3052647695
1539072,0.256,1.43547998505,1.28119409646
1542078,0.2565,1.43966354159,1.27072831103
1545084,0.257,1.42327101984,1.26775111797
1548090,0.2575,1.37741382573,1.24344351956
1551096,0.258,1.33085549111,1.2017229323
1554102,0.2585,1.35257825833,1.25517883496
1557108,0.259,1.42977112779,1.42593201065
1560114,0.2595,1.48521375434,1.56688309889
1563120,0.26,1.48718422144,1.63031768051
1566126,0.2605,1.45735456355,1.63272796242
1569132,0.261,1.42718878204,1.6245004551
1572138,0.2615,1.3993340578,1.63232358497
1575144,0.262,1.34758816828,1.58546506557
1578150,0.2625,1.2457643401,1.44819394503
1581156,0.263,1.12005353374,1.27823438718
1584162,0.2635,1.03123431023,1.13797343635
1587168,0.264,0.966710064149,1.04614848643
1590174,0.2645,0.863334782984,0.91639209497
1593180,0.265,0.727000043398,0.753602142605
1596186,0.2655,0.601776132879,0.609211055116
1599192,0.266,0.510602373098,0.504014245903
1602198,0.2665,0.445923568895,0.422450028918
1605204,0.267,0.411821879696,0.370965952533
1608210,0.2675,0.391115289153,0.33821212051
1611216,0.268,0.38260983616,0.320814857525
1614222,0.2685,0.376384818472,0.311123251545
1617228,0.269,0.364737236524,0.30158257382
1620234,0.2695,0.359325730689,0.296247161181
1623240,0.27,0.374107913275,0.314157113821
1626246,0.2705,0.390583133102,0.334844566679
1629252,0.271,0.403962841539,0.351587974111
1632258,0.2715,0.407369360641,0.354378298174
1635264,0.272,0.402764995618,0.34934939173
1638270,0.2725,0.396791902251,0.341834183842
1641276,0.273,0.41260780254,0.35583255268
1644282,0.2735,0.474449152872,0.43431543871
1647288,0.274,0.515363230925,0.492937484642
1650294,0.2745,0.52473283917,0.503469112832
1653300,0.275,0.538941976053,0.522408739016
1656306,0.2755,0.55805879219,0.544839662964
1659312,0.276,0.575849109735,0.567460268126
1662318,0.2765,0.569659718036,0.561396994993
1665324,0.277,0.552356212841,0.543578690153
1668330,0.2775,0.53776729611,0.527245088277
1671336,0.278,0.528154792717,0.516132195605
1674342,0.2785,0.522495612835,0.500892749683
1677348,0.279,0.523710292088,0.486480942472
1680354,0.2795,0.556741185406,0.516556684303
1683360,0.28,0.584727839525,0.538642581876
1686366,0.2805,0.632505927341,0.584128952318
1689372,0.281,0.672122771346,0.632811322917
1692378,0.2815,0.67690624852,0.646914617502
1695384,0.282,0.697294107942,0.672806642243
1698390,0.2825,0.705903583086,0.6795475025
1701396,0.283,0.716310400914,0.680421199249
1704402,0.2835,0.727821875014,0.690999621523
1707408,0.284,0.742999906432,0.704237526328
1710414,0.2845,0.81070962834,0.789536947499
1713420,0.285,0.846732845008,0.837144664469
1716426,0.2855,0.8654685341,0.857620047526
1719432,0.286,0.914030841283,0.932020539089
1722438,0.2865,1.00996883742,1.06712829887
1725444,0.287,1.032557719,1.10038336933
1728450,0.2875,1.01638692506,1.07967325845
1731456,0.288,1.01846051122,1.06559842771
1734462,0.2885,1.04081701155,1.05678378269
1737468,0.289,1.1457548943,1.14856432929
1740474,0.2895,1.19995296533,1.19766292409
1743480,0.29,1.25889467278,1.24761774857
1746486,0.2905,1.31943222369,1.29991472987
1749492,0.291,1.43778428537,1.39845248654
1752498,0.2915,1.60125357907,1.53884670642
1755504,0.292,1.70331104824,1.61897557551
1758510,0.2925,1.85535662901,1.74040668283
1761516,0.293,2.21860173131,2.12792638496
1764522,0.2935,2.63614395086,2.62675605871
1767528,0.294,2.90331882794,2.94439335907
1770534,0.2945,3.01203311557,3.02424012674
1773540,0.295,3.0105844095,3.01019509867
1776546,0.2955,2.92166255187,2.90381957291
1779552,0.296,2.8207764128,2.7830563964
1782558,0.2965,2.76317291857,2.72188144629
1785564,0.297,2.79310313257,2.71572748168
1788570,0.2975,2.87962073066,2.72071634186
1791576,0.298,2.79911308303,2.57693919613
1794582,0.2985,2.71617960775,2.37173251298
1797588,0.299,2.7436845533,2.31980566935
1800594,0.2995,2.80307654583,2.38078344408
1803600,0.3,2.83747169204,2.44228546605
1806606,0.3005,2.84681804924,2.49708117086
1809612,0.301,2.97110103575,2.61438514044
1812618,0.3015,3.21731348154,2.83717949783
1815624,0.302,3.58713823933,3.14525366966
1818630,0.3025,4.04323621079,3.56484894125
1821636,0.303,4.65046138183,4.11812580805
1824642,0.3035,5.35490326916,4.92335827962
1827648,0.304,5.75562873366,5.43008183999
1830654,0.3045,5.84520505854,5.4881784129
1833660,0.305,6.21880806139,6.05639772383
1836666,0.3055,5.96525506245,5.84319871757
1839672,0.306,5.34217977938,5.13643611525
1842678,0.3065,5.09100782616,4.63713973795
1845684,0.307,5.0749573213,4.5991752555
1848690,0.3075,5.28428761118,4.91171969361
1851696,0.308,5.47620415567,5.36389851316
1854702,0.3085,5.43075471364,5.38725998345
1857708,0.309,6.33518625288,6.37339397813
1860714,0.3095,7.09114904982,7.30283751789
1863720,0.31,7.66613546633,8.00344910084
1866726,0.3105,7.62920599007,7.62534730645
1869732,0.311,6.77286983019,6.69947385039
1872738,0.3115,5.64194418727,5.54966425622
1875744,0.312,4.99878409654,5.05188894063
1878750,0.3125,4.28509676445,4.35970798261
1881756,0.313,4.29438182887,4.40891988322
1884762,0.3135,4.14882234703,4.41653835004
1887768,0.314,4.0135097172,4.35159365548
1890774,0.3145,3.9580600317,4.35500838097
1893780,0.315,3.54342775381,3.89986575796
1896786,0.3155,3.17426012603,3.45967466904
1899792,0.316,3.07221903731,3.34354284149
1902798,0.3165,3.2756041596,3.609177652
1905804,0.317,3.09337628963,3.43690789366
1908810,0.3175,3.03595931202,3.49167511024
1911816,0.318,2.86330225306,3.30752366824
1914822,0.3185,2.89706104865,3.2997410006
1917828,0.319,2.87170226795,3.21221897837
1920834,0.3195,2.78187164656,3.09607973314
1923840,0.32,2.5364902425,2.77460325689
1926846,0.3205,2.51560335075,2.69652095016
1929852,0.321,2.42372307474,2.50421225293
1932858,0.3215,2.3504452,2.3920003325
1935864,0.322,2.20149143209,2.23654553504
1938870,0.3225,2.32405198306,2.33540815264
1941876,0.323,2.3648358266,2.34777485403
1944882,0.3235,2.27575868198,2.20744349835
1947888,0.324,2.14074639756,2.07444314419
1950894,0.3245,1.95621990812,1.91446272589
1953900,0.325,1.74121513639,1.69980569935
1956906,0.3255,1.59472276446,1.54565584916
1959912,0.326,1.55126649005,1.48110305077
1962918,0.3265,1.52284983176,1.38980765767
1965924,0.327,1.47883049745,1.33328159396
1968930,0.3275,1.53098370557,1.42984646271
1971936,0.328,1.58744105703,1.53879061711
1974942,0.3285,1.66710765131,1.6591936918
1977948,0.329,1.7747044356,1.80106935698
1980954,0.3295,2.01341999345,2.1039763708
1983960,0.33,2.20170138693,2.27677633926
1986966,0.3305,2.43696652395,2.49415772863
1989972,0.331,2.50944977444,2.53052075285
1992978,0.3315,2.4339168291,2.40697536911
1995984,0.332,2.29491808261,2.2189163731
1998990,0.3325,2.28614628276,2.13970927275
2001996,0.333,2.35785127552,2.20443126085
2005002,0.3335,2.54787733694,2.39080023306
2008008,0.334,2.79631414564,2.64092009666
2011014,0.3345,3.02815217994,2.87213602508
2014020,0.335,3.46673530649,3.20710971355
2017026,0.3355,3.9027018702,3.59376130747
2020032,0.336,4.79649486081,4.52236615347
2023038,0.3365,5.30699015809,4.96328102931
2026044,0.337,5.96747368601,5.49706443114
2029050,0.3375,6.67254968161,6.33686035032
2032056,0.338,7.60997355947,7.17048375082
2035062,0.3385,8.0246312681,7.50326241721
2038068,0.339,8.38702864457,7.75442775664
2041074,0.3395,8.37588467218,7.80783784408
2044080,0.34,8.33146872393,7.88763719542
2047086,0.3405,7.89881303933,7.71805759022
2050092,0.341,7.02879135387,6.84082896863
2053098,0.3415,6.59224072196,6.4877879422
2056104,0.342,6.57632221867,6.62693959368
2059110,0.3425,6.54133856435,6.38764394401
2062116,0.343,6.25140359055,5.95336029869
2065122,0.3435,5.95993001827,5.88011849041
2068128,0.344,6.83415049105,6.92961119248
2071134,0.3445,6.13156804738,6.15145888372
2074140,0.345,7.41286942039,7.35012211583
2077146,0.3455,8.87872054819,8.98000852451
2080152,0.346,10.0304777328,10.2133374842
2083158,0.3465,11.6022066708,11.6512023341
2086164,0.347,12.4319760721,12.7119829293
2089170,0.3475,12.5979967268,13.0862047744
2092176,0.348,13.2088386615,13.4949531228
2095182,0.3485,12.138790603,12.4392501769
2098188,0.349,10.4779430468,10.7312740213
2101194,0.3495,8.52930439328,9.1145548645
2104200,0.35,6.38607209004,7.05894564046
2107206,0.3505,4.95877518965,5.46242031185
2110212,0.351,4.1120540699,4.38253776967
2113218,0.3515,4.02409196115,4.26797088395
2116224,0.352,4.08362271033,4.34870747971
2119230,0.3525,3.83846337927,3.89792014122
2122236,0.353,3.5716428533,3.55234481433
2125242,0.3535,3.54139615539,3.40734892271
2128248,0.354,3.79360572436,3.70417449053
2131254,0.3545,4.16318542215,4.06963527436
2134260,0.355,4.58709017947,4.63005619461
2137266,0.3555,5.07391534778,5.29294256294
2140272,0.356,4.8312954018,5.25622772647
2143278,0.3565,4.43691532701,4.70974925449
2146284,0.357,4.36936316529,4.53187222242
2149290,0.3575,4.26736569978,4.39651683576
2152296,0.358,4.08964778371,4.36174206427
2155302,0.3585,3.69247418003,3.98297969885
2158308,0.359,3.25724410898,3.5012148653
2161314,0.3595,2.90688651031,3.0469657386
2164320,0.36,2.54361294576,2.67518595493
2167326,0.3605,2.35207760623,2.46731251191
2170332,0.361,2.32468164813,2.37392381883
2173338,0.3615,2.35826521999,2.31612098401
2176344,0.362,2.58650457641,2.49552882736
2179350,0.3625,3.12235325236,3.11450897261
2182356,0.363,3.66655811426,3.77045728241
2185362,0.3635,3.80830512875,4.02298813878
2188368,0.364,3.73568882044,4.03170092422
2191374,0.3645,3.81888232956,4.12068772154
2194380,0.365,3.5063743683,3.73120194029
2197386,0.3655,3.10942149082,3.21765623246
2200392,0.366,2.8387752152,2.86163456241
2203398,0.3665,2.68675171335,2.65977046425
2206404,0.367,2.5364735021,2.51040806817
2209410,0.3675,2.44496939548,2.41100381654
2212416,0.368,2.47468016719,2.43941177426
2215422,0.3685,2.55739536602,2.55280982672
2218428,0.369,2.47252348202,2.50616019909
2221434,0.3695,2.32746875917,2.32954323154
2224440,0.37,2.21198220577,2.18671104412
2227446,0.3705,2.01738668217,1.98138705682
2230452,0.371,1.78961398031,1.77837041542
2233458,0.3715,1.66762236624,1.65582080932
2236464,0.372,1.64550622245,1.67956017083
2239470,0.3725,1.60503058575,1.65449363753
2242476,0.373,1.55467060339,1.59115997528
2245482,0.3735,1.47819100752,1.47753401271
2248488,0.374,1.34593974047,1.33254667122
2251494,0.3745,1.23730259983,1.21006775294
2254500,0.375,1.16639898377,1.13001202666
2257506,0.3755,1.14494658384,1.09062691935
2260512,0.376,1.13533067932,1.08339938831
2263518,0.3765,1.16787114513,1.11834361694
2266524,0.377,1.17469890259,1.11859731077
2269530,0.3775,1.14234463145,1.09119357499
2272536,0.378,1.08055451913,1.0283035969
2275542,0.3785,1.02294520583,0.967318558424
2278548,0.379,1.0057107343,0.943526867037
2281554,0.3795,1.06209967846,1.00365022551
2284560,0.38,1.12278487885,1.09345494444
2287566,0.3805,1.1112368389,1.10631722567
2290572,0.381,1.12226505984,1.14240842335
2293578,0.3815,1.10779568133,1.13495321991
2296584,0.382,1.09596201302,1.10675482344
2299590,0.3825,1.10095730577,1.09376591309
2302596,0.383,1.13897178023,1.12082289552
2305602,0.3835,1.2296820216,1.19955268522
2308608,0.384,1.35008940581,1.30626105211
2311614,0.3845,1.47330780446,1.44198429683
2314620,0.385,1.7387335163,1.76612684634
2317626,0.3855,1.89880148314,1.97131345125
2320632,0.386,1.95459418434,2.04497687842
2323638,0.3865,2.20809906375,2.35711005326
2326644,0.387,2.19965199848,2.34438493316
2329650,0.3875,2.01374371238,2.13392830265
2332656,0.388,1.76948682567,1.85973526548
2335662,0.3885,1.57162029056,1.62689111735
2338668,0.389,1.45562452665,1.51138199944
2341674,0.3895,1.41923516624,1.48175205501
2344680,0.39,1.3576480683,1.41614530725
2347686,0.3905,1.25303008576,1.28273689176
2350692,0.391,1.14697390714,1.12051637949
2353698,0.3915,1.08347821549,1.0263817307
2356704,0.392,1.06264847131,0.993032061597
2359710,0.3925,1.0769161452,1.01259516637
2362716,0.393,1.17598945016,1.1325683914
2365722,0.3935,1.2507854451,1.22028090459
2368728,0.394,1.31083428746,1.29075926099
2371734,0.3945,1.42630799353,1.43617917165
2374740,0.395,1.5322346064,1.57346391734
2377746,0.3955,1.54953329238,1.61336586008
2380752,0.396,1.5521406078,1.60676889807
2383758,0.3965,1.50148592588,1.5299077286
2386764,0.397,1.45180300055,1.44796674778
2389770,0.3975,1.39719809449,1.36900208166
2392776,0.398,1.41213281409,1.36387494145
2395782,0.3985,1.51352242059,1.43337599447
2398788,0.399,1.6572672269,1.61769767429
2401794,0.3995,1.81601840244,1.79843058318
2404800,0.4,2.02669219437,2.00869626301
2407806,0.4005,2.26378781427,2.25621455851
2410812,0.401,2.56711390508,2.58542039518
2413818,0.4015,2.74832977639,2.78322685304
2416824,0.402,2.8420959325,2.8049009801
2419830,0.4025,2.90526335144,2.79829005406
2422836,0.403,3.11200578824,2.97519459261
2425842,0.4035,3.24363001906,3.1520702259
2428848,0.404,3.17219402809,3.08073999341
2431854,0.4045,3.19292927947,3.02577756063
2434860,0.405,3.54976635369,3.31268922388
2437866,0.4055,3.96796124491,3.82543527074
2440872,0.406,4.07549688095,3.89996488643
2443878,0.4065,4.52591991241,4.4379952148
2446884,0.407,5.27820430483,5.31600824519
2449890,0.4075,5.5675811822,5.72858325216
2452896,0.408,5.42539056147,5.47820927083
2455902,0.4085,5.23821918948,5.25363497847
2458908,0.409,4.8058610212,4.8836624894
2461914,0.4095,4.50239993394,4.64143572563
2464920,0.41,4.01644181347,4.23511580682
2467926,0.4105,3.71915728537,3.83071063863
2470932,0.411,3.98750378024,4.1160547734
2473938,0.4115,4.07410444186,4.28490178044
2476944,0.412,3.86733522296,4.03496630195
2479950,0.4125,3.83457810292,3.95966866949
2482956,0.413,3.88012247724,4.08739121598
2485962,0.4135,3.49250625604,3.56277014763
2488968,0.414,3.16680098821,3.15412749336
2491974,0.4145,3.19375164263,3.06086127835
2494980,0.415,3.40580864264,3.200383659
2497986,0.4155,3.4012862403,3.1737905017
2500992,0.416,3.456763922,3.26434980987
2503998,0.4165,4.0413831869,3.91514156235
2507004,0.417,4.39744187666,4.35451082215
2510010,0.4175,4.56750208933,4.55452830381
2513016,0.418,4.63938154827,4.58044782062
2516022,0.4185,4.54493185537,4.51568470223
2519028,0.419,4.32921467336,4.29418234235
2522034,0.4195,4.27569555227,4.18615338361
2525040,0.42,4.26093377078,4.10622208043
2528046,0.4205,4.10471803871,3.98554597031
2531052,0.421,3.8035526642,3.63929222714
2534058,0.4215,3.4807786068,3.2947407932
2537064,0.422,3.25114925818,3.08885084173
2540070,0.4225,3.11433191284,3.03671887875
2543076,0.423,2.99876187063,2.92946334481
2546082,0.4235,2.90334724787,2.8266033573
2549088,0.424,2.8388067673,2.8203969976
2552094,0.4245,2.61046253258,2.62853047976
2555100,0.425,2.47205864295,2.51687099149
2558106,0.4255,2.29551600913,2.30997583863
2561112,0.426,2.34092926755,2.36712580823
2564118,0.4265,2.24761221126,2.32465696133
2567124,0.427,2.07888342875,2.17796983946
2570130,0.4275,1.89491753315,1.98346298343
2573136,0.428,1.82292680978,1.90619232889
2576142,0.4285,1.66376392983,1.7256509752
2579148,0.429,1.46639673024,1.4990064597
2582154,0.4295,1.31624390372,1.32201326296
2585160,0.43,1.20791326244,1.20713439044
2588166,0.4305,1.16192883253,1.1561993386
2591172,0.431,1.16336382193,1.17571448808
2594178,0.4315,1.21660712033,1.23428074288
2597184,0.432,1.21593102841,1.22471873119
2600190,0.4325,1.2009595769,1.21885982354
2603196,0.433,1.21312535124,1.23685880284
2606202,0.4335,1.20436990324,1.20917954639
2609208,0.434,1.16157203875,1.15901046648
2612214,0.4345,1.07950016022,1.07420971842
2615220,0.435,1.02484008849,1.0135550768
2618226,0.4355,1.00843803337,1.00731922337
2621232,0.436,0.963215170391,0.963284331494
2624238,0.4365,0.881033873024,0.872017644956
2627244,0.437,0.821499884359,0.800039461777
2630250,0.4375,0.807328200155,0.786765598994
2633256,0.438,0.784232928353,0.748654905646
2636262,0.4385,0.761324352092,0.720598809563
2639268,0.439,0.742933080737,0.694953822112
2642274,0.4395,0.732096166691,0.679660546494
2645280,0.44,0.770664822674,0.725949698257
2648286,0.4405,0.822711693544,0.802092786625
2651292,0.441,0.908101334907,0.915506962705
2654298,0.4415,0.964744402795,1.00450196413
2657304,0.442,0.960853877781,1.01882630675
2660310,0.4425,0.922481142269,0.980288635042
2663316,0.443,0.860610495677,0.910330723606
2666322,0.4435,0.795542836024,0.832258530797
2669328,0.444,0.741649162051,0.766227831241
2672334,0.4445,0.694837317133,0.706822287487
2675340,0.445,0.666481820166,0.665397787326
2678346,0.4455,0.667125366452,0.638716526811
2681352,0.446,0.699883454547,0.669081448248
2684358,0.4465,0.740501215305,0.703909653262
2687364,0.447,0.759306365022,0.710736575875
2690370,0.4475,0.760977845565,0.708796607669
2693376,0.448,0.762328517989,0.708260636566
2696382,0.4485,0.767598517645,0.706672865183
2699388,0.449,0.806014714376,0.741581698583
2702394,0.4495,0.890590615005,0.848379913808
2705400,0.45,0.921142515967,0.873927904924
2708406,0.4505,0.943673869561,0.871301634585
2711412,0.451,0.962107771221,0.868216938171
2714418,0.4515,0.933692417712,0.809245723508
2717424,0.452,0.958941658015,0.816028016262
2720430,0.4525,1.05732197353,0.925555438881
2723436,0.453,1.174074808,1.06106374353
2726442,0.4535,1.25280431361,1.13279239215
2729448,0.454,1.33427414906,1.21189558433
2732454,0.4545,1.35890104035,1.23839371006
2735460,0.455,1.36793239553,1.23132703664
2738466,0.4555,1.37822143208,1.23990449735
2741472,0.456,1.36873239824,1.23244554626
2744478,0.4565,1.3421987669,1.20424253124
2747484,0.457,1.27504845805,1.13631586619
2750490,0.4575,1.19709063552,1.03872298442
2753496,0.458,1.14443007445,0.993453953388
2756502,0.4585,1.10344612146,0.964026607878
2759508,0.459,1.11730617806,0.9981187326
2762514,0.4595,1.05373890766,0.932681900665
2765520,0.46,1.02850483078,0.906492252875
2768526,0.4605,1.00869473347,0.885512350993
2771532,0.461,0.952460581676,0.844335996508
2774538,0.4615,0.902116623933,0.807211924742
2777544,0.462,0.892180011525,0.804610172955
2780550,0.4625,0.929957849824,0.845119028762
2783556,0.463,0.934047146963,0.858352041134
2786562,0.4635,0.960370053178,0.910033395529
2789568,0.464,0.970225903417,0.9277580712
2792574,0.4645,0.949302059365,0.916497273075
2795580,0.465,0.92032137696,0.8968542741
2798586,0.4655,0.908834182002,0.888113189361
2801592,0.466,0.905508974784,0.891896551609
2804598,0.4665,0.924921377664,0.919696601393
2807604,0.467,0.931558493103,0.924267017278
2810610,0.4675,0.93402263726,0.915656916857
2813616,0.468,0.975931825192,0.935114240212
2816622,0.4685,1.12937084943,1.10873818135
2819628,0.469,1.29824408376,1.30110996019
2822634,0.4695,1.43010255662,1.43232107384
2825640,0.47,1.55485708876,1.54044110513
2828646,0.4705,1.66259646393,1.63095465519
2831652,0.471,1.75312948381,1.71328855341
2834658,0.4715,1.98782656036,1.96766210726
2837664,0.472,2.30330616614,2.29519380637
2840670,0.4725,2.45989444352,2.46656502967
2843676,0.473,2.48063969432,2.48386373733
2846682,0.4735,2.43427999783,2.39414014602
2849688,0.474,2.40385498517,2.35328049331
2852694,0.4745,2.36648676713,2.32289503681
2855700,0.475,2.37230435189,2.32583873655
2858706,0.4755,2.36910260077,2.35310148826
2861712,0.476,2.4091776554,2.38845062786
2864718,0.4765,2.45748677375,2.3848981614
2867724,0.477,2.47077656997,2.34675812023
2870730,0.4775,2.47927315005,2.34798408189
2873736,0.478,2.65191118321,2.4392001844
2876742,0.4785,2.76029377804,2.47130520145
2879748,0.479,2.92233136646,2.63733953513
2882754,0.4795,2.96475270302,2.71877296983
2885760,0.48,2.98537205304,2.76579526743
2888766,0.4805,2.94079769936,2.77374694921
2891772,0.481,3.03986963,3.01093759773
2894778,0.4815,3.0682912987,3.15916851896
2897784,0.482,3.19405824166,3.39565826472
2900790,0.4825,3.2151127845,3.53355865393
2903796,0.483,3.15913526822,3.51515199833
2906802,0.4835,3.4746384543,3.93768062835
2909808,0.484,3.4090464463,3.84825188778
2912814,0.4845,3.15865344459,3.56535488399
2915820,0.485,2.86901783289,3.23523057987
2918826,0.4855,2.86640334739,3.26523442064
2921832,0.486,2.74335042016,3.08755868043
2924838,0.4865,2.67670720524,3.0165305331
2927844,0.487,2.75030958364,3.1318210762
2930850,0.4875,2.82956384623,3.21849012231
2933856,0.488,3.13108223871,3.61243118263
2936862,0.4885,3.14545940376,3.64703930232
2939868,0.489,3.19000654009,3.68628362395
2942874,0.4895,3.23458541709,3.82179013984
2945880,0.49,2.96587652231,3.4119293066
2948886,0.4905,2.78970195178,3.11089477153
2951892,0.491,2.42310738127,2.64271991611
2954898,0.4915,2.25017592675,2.34692799565
2957904,0.492,2.21962105814,2.32976172883
2960910,0.4925,2.04917348905,2.15852115229
2963916,0.493,1.81212010059,1.94197374687
2966922,0.4935,1.65688437782,1.76810073634
2969928,0.494,1.51646839411,1.58565102749
2972934,0.4945,1.5063114847,1.51561247849
2975940,0.495,1.51628386682,1.50111976449
2978946,0.4955,1.64293968197,1.65753831994
2981952,0.496,1.64955839453,1.67430284874
2984958,0.4965,1.58981995071,1.61668004402
2987964,0.497,1.5999061582,1.62104554155
2990970,0.4975,1.71658273176,1.726033788
2993976,0.498,1.77068563567,1.80466528189
2996982,0.4985,1.76646200733,1.81992889435
2999988,0.499,1.72599925556,1.78573986083
3002994,0.4995,1.67139710586,1.74393623636
3006000,0.5,1.61985404701,1.68964010235
3006001,0.500000166334,1.61982635187,1.68961432628
