2004,0.000333333333333,0.15626131692,0.158861574029
4008,0.000666666666667,0.595476363631,0.573451070854
6012,0.001,1.10304724966,1.06981084218
8016,0.00133333333333,1.61429961601,1.60050253578
10020,0.00166666666667,2.04971411911,2.01680079699
12024,0.002,2.36834942121,2.29506235923
14028,0.00233333333333,2.63931503275,2.53890467462
16032,0.00266666666667,2.91405963526,2.82982043557
18036,0.003,3.06978237747,2.99834131338
20040,0.00333333333333,3.17042937364,3.10226434482
22044,0.00366666666667,3.26243635165,3.1450004168
24048,0.004,3.51089102639,3.38860561441
26052,0.00433333333333,3.70125718781,3.59312952839
28056,0.00466666666667,4.23265759948,4.0874254032
30060,0.005,4.97694726512,4.77484448955
32064,0.00533333333333,5.53688644416,5.2134650189
34068,0.00566666666667,6.41014554273,6.3553332442
36072,0.006,6.84989660937,6.8094237643
38076,0.00633333333333,7.42912585874,7.28609087358
40080,0.00666666666667,7.66468513534,7.5621529409
42084,0.007,7.75106584117,7.5986068635
44088,0.00733333333333,8.74536360425,8.57584874159
46092,0.00766666666667,9.48516751553,9.42299162074
48096,0.008,9.68786498799,9.82861995989
50100,0.00833333333333,10.3111933717,10.2904083403
52104,0.00866666666667,11.165129949,11.2346168852
54108,0.009,12.788095188,12.7170003748
56112,0.00933333333333,12.8333731598,12.7582859248
58116,0.00966666666667,13.3430115043,13.35740108
60120,0.01,16.2489151971,16.1770778922
62124,0.0103333333333,19.830653012,20.223325851
64128,0.0106666666667,27.3364363038,28.7468805721
66132,0.011,28.8130963851,30.5605490143
68136,0.0113333333333,27.2578807401,29.3210272812
70140,0.0116666666667,29.0272851674,30.7750725687
72144,0.012,25.2560790614,26.3804013935
74148,0.0123333333333,21.1881678983,22.2448504016
76152,0.0126666666667,17.1428913265,18.7529289534
78156,0.013,12.6676176588,14.0928191408
80160,0.0133333333333,11.0484011954,12.0891464492
82164,0.0136666666667,10.0459991298,10.9722096258
84168,0.014,10.6965886908,11.6428439512
86172,0.0143333333333,12.4454767995,13.4950475728
88176,0.0146666666667,13.6179731896,14.9548411053
90180,0.015,14.9111395507,16.2331881783
92184,0.0153333333333,14.5207741393,16.3279177172
94188,0.0156666666667,14.6342414756,16.7249545587
96192,0.016,16.3419865519,18.915018019
98196,0.0163333333333,15.3095168909,17.8870268471
100200,0.0166666666667,13.3248925314,15.3650301947
102204,0.017,16.3133566521,18.6161999453
104208,0.0173333333333,18.418042706,21.3122784758
106212,0.0176666666667,15.6301983364,18.0781132292
108216,0.018,11.3053799114,13.0755954253
110220,0.0183333333333,9.34350831685,10.576146981
112224,0.0186666666667,9.34470203778,9.84240143974
114228,0.019,10.2838528323,9.86442024774
116232,0.0193333333333,10.4250439917,9.66239255766
118236,0.0196666666667,10.9736498478,9.92139668508
120240,0.02,12.8341582879,11.7291213211
122244,0.0203333333333,13.718075424,12.4227658581
124248,0.0206666666667,14.6599925265,13.2180920787
126252,0.021,17.7450640498,16.0345768192
128256,0.0213333333333,19.3740922783,17.9875992415
130260,0.0216666666667,19.3555706707,18.0972843127
132264,0.022,20.1035450177,18.7745495892
134268,0.0223333333333,25.3377521756,23.6840598439
136272,0.0226666666667,27.4135313631,25.4947624866
138276,0.023,27.5442319701,25.3971725552
140280,0.0233333333333,27.4209785847,25.2525431999
142284,0.0236666666667,29.9249488753,26.6790883664
144288,0.024,42.5846564022,38.2000154305
146292,0.0243333333333,64.510424584,59.213309003
148296,0.0246666666667,65.0537793399,61.5478553433
150300,0.025,42.2131640327,39.081318615
152304,0.0253333333333,36.3485523179,37.243135523
154308,0.0256666666667,39.0807127001,39.7914830729
156312,0.026,40.6062748628,39.018442434
158316,0.0263333333333,30.2294614231,30.6943547646
160320,0.0266666666667,28.2993809124,28.5668590993
162324,0.027,28.5692975176,28.6081359854
164328,0.0273333333333,29.5657877877,29.728961158
166332,0.0276666666667,35.3991501995,31.8984089857
168336,0.028,32.659694179,29.9375757024
170340,0.0283333333333,34.5580885712,29.4496432643
172344,0.0286666666667,29.0355486739,26.5826602771
174348,0.029,32.7453102925,31.0534765811
176352,0.0293333333333,40.9548827861,39.774115447
178356,0.0296666666667,38.8856195705,39.1147664135
180360,0.03,44.2150179471,44.3113770255
182364,0.0303333333333,63.1773350412,61.1579060109
184368,0.0306666666667,74.4522901572,74.8007335329
186372,0.031,67.0987410172,68.5020417265
188376,0.0313333333333,68.7364911576,72.6424960935
190380,0.0316666666667,81.0078007647,88.096593342
192384,0.032,101.198827027,111.717142314
194388,0.0323333333333,148.869136755,159.893852385
196392,0.0326666666667,167.680510461,181.667516821
198396,0.033,142.736957187,151.120062494
200400,0.0333333333333,104.820364913,119.611163592
202404,0.0336666666667,71.3641693164,81.8213396918
204408,0.034,42.7405888485,52.5627585039
206412,0.0343333333333,22.1067343297,26.224024551
208416,0.0346666666667,18.5622064472,21.4428059996
210420,0.035,20.3624517745,24.3766152744
212424,0.0353333333333,17.8235455094,21.0541872285
214428,0.0356666666667,23.2491490358,27.4784343493
216432,0.036,28.5086596683,33.8231205238
218436,0.0363333333333,26.6173832246,27.5730612641
220440,0.0366666666667,30.7307456935,31.8268621112
222444,0.037,45.8549989665,50.0295000599
224448,0.0373333333333,55.1272268482,59.0655484451
226452,0.0376666666667,47.6634685295,53.2785294366
228456,0.038,40.7354680727,45.5555002209
230460,0.0383333333333,45.1313378734,48.6688803691
232464,0.0386666666667,69.2083380618,77.461331674
234468,0.039,77.501885672,88.4576435889
236472,0.0393333333333,68.0093582621,80.6290400738
238476,0.0396666666667,88.7050090088,101.278386239
240480,0.04,105.639710169,112.642365287
242484,0.0403333333333,118.604783477,135.089141986
244488,0.0406666666667,109.594756128,118.446990121
246492,0.041,76.4165791681,88.501023382
248496,0.0413333333333,54.766449674,68.7963261651
250500,0.0416666666667,53.9930557444,72.6292186553
252504,0.042,59.5068855031,80.0956200341
254508,0.0423333333333,55.2430907233,67.4302961348
256512,0.0426666666667,45.5294173912,55.4225062508
258516,0.043,41.9365846664,51.735675429
260520,0.0433333333333,44.3092612041,53.7367935097
262524,0.0436666666667,59.7305559737,72.2950916476
264528,0.044,61.8504715495,73.9647081983
266532,0.0443333333333,50.6299470109,61.8201420266
268536,0.0446666666667,44.1010704968,54.773620337
270540,0.045,43.9292192054,51.3795115414
272544,0.0453333333333,41.7425576173,48.9456866794
274548,0.0456666666667,48.9626287568,61.2187062896
276552,0.046,47.345455779,59.7406265322
278556,0.0463333333333,47.8026020877,58.0398050014
280560,0.0466666666667,51.5674704739,58.6732963582
282564,0.047,48.9838767599,54.3042506732
284568,0.0473333333333,45.2780426548,51.2081919948
286572,0.0476666666667,38.6187939849,45.3450728931
288576,0.048,34.8649377557,40.9751074001
290580,0.0483333333333,24.9899429311,28.9496325928
292584,0.0486666666667,21.7669872175,24.408649887
294588,0.049,21.1216289868,23.5791809955
296592,0.0493333333333,19.7763300295,21.4894927753
298596,0.0496666666667,18.774756758,20.0004820767
300600,0.05,18.6727348991,19.9798117386
302604,0.0503333333333,19.2012049238,19.4710298082
304608,0.0506666666667,16.1292525541,16.388050545
306612,0.051,16.1475585598,16.958465381
308616,0.0513333333333,13.9811316018,15.2635661178
310620,0.0516666666667,14.4148504085,16.2500146158
312624,0.052,15.0679151247,16.4489618751
314628,0.0523333333333,17.2757720248,18.4576997809
316632,0.0526666666667,18.4952136876,20.2222378295
318636,0.053,19.2846666845,21.0972052216
320640,0.0533333333333,22.6012902212,24.3496848457
322644,0.0536666666667,25.5777760233,27.8905773334
324648,0.054,24.6959943625,26.4577838056
326652,0.0543333333333,23.0071343409,24.7708010719
328656,0.0546666666667,23.4700940504,25.8453487222
330660,0.055,33.8609748777,37.5314328431
332664,0.0553333333333,44.1168607928,49.1930904198
334668,0.0556666666667,57.7114608108,61.4287568324
336672,0.056,52.9717387913,56.5535039007
338676,0.0563333333333,46.5678708962,51.1645783039
340680,0.0566666666667,47.660524983,50.4284775918
342684,0.057,56.1193238768,58.9414789899
344688,0.0573333333333,47.3598174658,51.2630522843
346692,0.0576666666667,34.7672227623,39.7194875106
348696,0.058,30.0744022334,33.7738432441
350700,0.0583333333333,24.7760342301,28.3787877099
352704,0.0586666666667,22.267609175,25.1636887077
354708,0.059,25.1557836167,27.7188033881
356712,0.0593333333333,26.5756003891,28.7645258072
358716,0.0596666666667,32.5633999325,32.4765417723
360720,0.06,41.5060083531,40.2058420291
362724,0.0603333333333,39.1961917278,39.3771735975
364728,0.0606666666667,28.3315444956,29.2862208606
366732,0.061,26.7077906633,29.9309865808
368736,0.0613333333333,25.7467795638,30.076344242
370740,0.0616666666667,25.185413819,30.0616544632
372744,0.062,22.2664403666,27.2790130928
374748,0.0623333333333,27.5461969841,32.9863091168
376752,0.0626666666667,28.93292817,34.0893998195
378756,0.063,26.9663404103,31.1784983746
380760,0.0633333333333,22.7460550386,26.0586956625
382764,0.0636666666667,17.7726375984,20.1621942189
384768,0.064,18.1811063522,20.4967659706
386772,0.0643333333333,18.1267024812,19.3651855522
388776,0.0646666666667,20.5733414675,22.2422424742
390780,0.065,19.4242351408,21.8663701333
392784,0.0653333333333,16.4959508329,18.7606318351
394788,0.0656666666667,13.3806619409,14.942475635
396792,0.066,11.7625751817,12.4630287235
398796,0.0663333333333,10.5615212323,10.943407763
400800,0.0666666666667,9.48706975826,9.47318290268
