4294,0.000714238190286,0.237878432019,0.109356531728
8588,0.00142847638057,0.161568513889,0.0717513461619
12882,0.00214271457086,0.10878627872,0.0535990697389
17176,0.00285695276114,0.0884191836402,0.0570902032592
21470,0.00357119095143,0.0766863920075,0.0578954631347
25764,0.00428542914172,0.0648100996111,0.0500455833175
30058,0.004999667332,0.0531745467091,0.0443140737046
34352,0.00571390552229,0.0444658151719,0.0475255714429
38646,0.00642814371257,0.0384499899364,0.0485697990311
42940,0.00714238190286,0.0323010783148,0.0433864863557
47234,0.00785662009315,0.0289578220092,0.0444385152801
51528,0.00857085828343,0.0178929339102,0.0457308900247
55822,0.00928509647372,0.0197190714064,0.0428182033543
60116,0.00999933466401,0.0196531877471,0.0389454669318
64410,0.0107135728543,0.0230806831524,0.0403274443386
68704,0.0114278110446,0.0339331877683,0.0471278552274
72998,0.0121420492349,0.0403130120794,0.0514186896186
77292,0.0128562874251,0.0454428784539,0.0543043825329
81586,0.0135705256154,0.0541194163133,0.0623209514656
85880,0.0142847638057,0.057794045195,0.0633982523058
90174,0.014999001996,0.0523740727709,0.0535427362332
94468,0.0157132401863,0.0469478306448,0.0485430494583
98762,0.0164274783766,0.0428861730339,0.0458051197683
103056,0.0171417165669,0.0427458728872,0.0488376066878
107350,0.0178559547572,0.043105777794,0.0473334629106
111644,0.0185701929474,0.0455158299518,0.048846411661
115938,0.0192844311377,0.0511843298849,0.0520110725105
120232,0.019998669328,0.054591676251,0.0590753510728
124526,0.0207129075183,0.0496303123265,0.0592694089109
128820,0.0214271457086,0.0561590531755,0.0740044065372
133114,0.0221413838989,0.0520705879823,0.0692821647284
137408,0.0228556220892,0.0501493209244,0.0713484190726
141702,0.0235698602794,0.0508409158689,0.0879373494164
145996,0.0242840984697,0.0596157967102,0.106561095162
150290,0.02499833666,0.0296002649259,0.0812193659241
154584,0.0257125748503,0.0224693265903,0.0772468704501
158878,0.0264268130406,0.0227970414615,0.105393269189
163172,0.0271410512309,0.0149693249449,0.125519513528
167466,0.0278552894212,0.0267733231733,0.145052069215
171760,0.0285695276114,0.0745312742694,0.173759016066
176054,0.0292837658017,0.0763450810522,0.138118966969
180348,0.029998003992,0.070190480669,0.143534724177
184642,0.0307122421823,0.0892986953468,0.170310820623
188936,0.0314264803726,0.126132181189,0.198392368931
193230,0.0321407185629,0.100439172117,0.237260686092
197524,0.0328549567532,0.0500917275517,0.250723608466
201818,0.0335691949434,0.239533443346,0.407494759929
206112,0.0342834331337,0.0667537698903,0.39761741344
210406,0.034997671324,0.23244059547,0.498208381242
214700,0.0357119095143,0.0667019664416,0.621760835077
218994,0.0364261477046,0.249350913389,0.611786376935
223288,0.0371403858949,0.0492470856443,0.522651906766
227582,0.0378546240852,-0.0472600767538,0.487163075012
231876,0.0385688622754,0.0659243068467,0.281213794956
236170,0.0392831004657,0.0808396853783,0.322882592927
240464,0.039997338656,0.019658003639,0.297536341442
244758,0.0407115768463,0.0918037777009,0.389652169841
249052,0.0414258150366,0.0906947063998,0.512589572384
253346,0.0421400532269,0.0241683401102,0.38382152151
257640,0.0428542914172,0.211088937737,0.507289621977
261934,0.0435685296075,0.0366611028345,0.372645153767
266228,0.0442827677977,-0.0452800890952,0.359487206628
270522,0.044997005988,0.0172299483022,0.315401518233
274816,0.0457112441783,-0.00904664851531,0.369256388563
279110,0.0464254823686,0.0205888567741,0.298107277076
283404,0.0471397205589,-0.0983067300264,0.30665688169
287698,0.0478539587492,0.065408654817,0.262164888199
291992,0.0485681969395,0.0286290192237,0.226123646061
296286,0.0492824351297,0.0386338966955,0.281470599578
300580,0.04999667332,0.0481828068432,0.196632835673
304874,0.0507109115103,0.0382954683306,0.222377041772
309168,0.0514251497006,0.118357014037,0.28397715882
313462,0.0521393878909,0.101952090874,0.308697467894
317756,0.0528536260812,0.0281279177134,0.313013688451
322050,0.0535678642715,0.177260791172,0.349525717941
326344,0.0542821024617,0.0279173019577,0.292264665882
330638,0.054996340652,-0.0864646076551,0.359602223803
334932,0.0557105788423,-0.0464146970631,0.280714533312
339226,0.0564248170326,0.204140863317,0.422157323745
343520,0.0571390552229,-0.0143605833316,0.309333870766
347814,0.0578532934132,-0.0356168285429,0.356159687185
352108,0.0585675316035,0.160156577726,0.425913692555
356402,0.0592817697937,0.0657722365921,0.46794815878
360696,0.059996007984,0.0243663808222,0.437354870277
364990,0.0607102461743,0.238171335664,0.398300668336
369284,0.0614244843646,-0.0288257762443,0.425332348308
373578,0.0621387225549,0.178577176708,0.686616574493
377872,0.0628529607452,0.109888646554,0.657483636359
382166,0.0635671989355,-0.14996675608,0.758003567572
386460,0.0642814371257,0.165825621226,0.625293895429
390754,0.064995675316,0.338161853937,0.784641077761
395048,0.0657099135063,0.196709298227,0.966061967974
399342,0.0664241516966,0.200011053065,1.34929091925
403636,0.0671383898869,-0.376891372839,1.86866913616
407930,0.0678526280772,0.335715417917,0.866379970699
412224,0.0685668662675,-0.179972099795,2.36244171902
416518,0.0692811044578,-0.077615692472,1.14136362531
420812,0.069995342648,-0.215182587716,0.975901402062
425106,0.0707095808383,0.0294803165815,0.710318432968
429400,0.0714238190286,0.0451643490623,0.563182905925
433694,0.0721380572189,-0.0288926787419,0.632832416019
437988,0.0728522954092,-0.0510659812109,0.468029491271
442282,0.0735665335995,0.0441480947376,0.387583737782
446576,0.0742807717898,0.0956699975469,0.375931128022
450870,0.07499500998,-0.0556932462694,0.451686132153
455164,0.0757092481703,0.104430726096,0.323293232373
459458,0.0764234863606,-0.127815266262,0.474293503062
463752,0.0771377245509,0.0448013398393,0.27820691196
468046,0.0778519627412,0.0806147373845,0.265593140908
472340,0.0785662009315,0.0520057597736,0.202775547595
476634,0.0792804391218,0.00328334160781,0.216687496464
480928,0.079994677312,0.014747987689,0.224350890649
485222,0.0807089155023,0.0211121704951,0.264140806762
489516,0.0814231536926,0.144718145177,0.309177953356
493810,0.0821373918829,0.0488423761553,0.349248975435
498104,0.0828516300732,0.0422855357157,0.265959249444
502398,0.0835658682635,-0.0493025908331,0.276796510559
506692,0.0842801064538,0.100364151639,0.273918676954
510986,0.084994344644,0.0220547791271,0.274598718861
515280,0.0857085828343,0.0605607259338,0.238384062661
519574,0.0864228210246,0.102228039034,0.260711606259
523868,0.0871370592149,0.11249031564,0.262822634083
528162,0.0878512974052,0.0754073004286,0.268176477679
532456,0.0885655355955,0.138625182196,0.262294967025
536750,0.0892797737858,0.142577594951,0.301590415908
541044,0.089994011976,0.0800883339664,0.323604737577
545338,0.0907082501663,0.0152373569031,0.305715312719
549632,0.0914224883566,0.149091140386,0.377323580195
553926,0.0921367265469,0.113763618156,0.336663179332
558220,0.0928509647372,0.0832766205959,0.583609806474
562514,0.0935652029275,-0.0249198958985,0.476636265988
566808,0.0942794411178,0.0216184536811,0.378903047032
571102,0.0949936793081,0.093699312074,0.401650012338
575396,0.0957079174983,-0.0306349662697,0.459600926302
579690,0.0964221556886,0.0493642851177,0.345146294781
583984,0.0971363938789,0.164558224352,0.381603006678
588278,0.0978506320692,-0.0325167072193,0.434199409188
592572,0.0985648702595,0.246847460482,0.502391747115
596866,0.0992791084498,-0.160331568549,0.455834084771
601160,0.0999933466401,0.0130961308995,0.363006246236
605454,0.10070758483,0.0803468543028,0.472880533265
609748,0.101421823021,0.133149095835,0.388381034421
614042,0.102136061211,0.135891380347,0.463308514562
618336,0.102850299401,-0.0222595733974,0.389340970408
622630,0.103564537591,0.0695945478438,0.425453754577
626924,0.104278775782,-0.142738046754,0.353033881565
631218,0.104993013972,0.0117065756286,0.345820806972
635512,0.105707252162,0.00641033651804,0.271141406469
639806,0.106421490353,-0.00384415655297,0.285573760247
644100,0.107135728543,-0.0328705340503,0.266175922631
648394,0.107849966733,0.153026958511,0.275244879973
652688,0.108564204923,0.0589649463112,0.303887498118
656982,0.109278443114,0.0541454764797,0.226777802567
661276,0.109992681304,0.110772396888,0.247177606454
665570,0.110706919494,0.143228626703,0.300716315375
669864,0.111421157685,0.137548461609,0.309062351417
674158,0.112135395875,0.206830938192,0.352309324388
678452,0.112849634065,0.257509159372,0.604591881009
682746,0.113563872255,-0.0254602640889,0.399284369691
687040,0.114278110446,0.206262984941,0.558979209804
691334,0.114992348636,-0.00685684951017,0.49735497866
695628,0.115706586826,-0.00110194201626,0.49788732869
699922,0.116420825017,0.0420058778127,0.50144251932
704216,0.117135063207,0.0627597965223,0.563539926892
708510,0.117849301397,0.471127173996,0.641299447501
712804,0.118563539587,0.313124229397,0.935263495261
717098,0.119277777778,0.200393634255,0.456529444074
721392,0.119992015968,0.105284487137,0.793292867636
725686,0.120706254158,0.030936106481,0.695984913824
729980,0.121420492349,-0.0635369912701,0.563480529901
734274,0.122134730539,-0.038136874022,0.491805074622
738568,0.122848968729,-0.0353615948938,0.400220231486
742862,0.123563206919,0.0857399837963,0.388046932369
747156,0.12427744511,-0.072340085899,0.545371184066
751450,0.1249916833,0.0352920493152,0.3452648228
755744,0.12570592149,-0.0198714813751,0.338793926721
760038,0.126420159681,0.0137518496481,0.322414577628
764332,0.127134397871,0.0570323537973,0.196650174813
768626,0.127848636061,0.0519120174068,0.142135459018
772920,0.128562874251,0.0694795776433,0.139604801127
777214,0.129277112442,0.0522312638216,0.130784512503
781508,0.129991350632,0.0684487389369,0.183259223392
785802,0.130705588822,0.057314844835,0.172777708535
790096,0.131419827013,0.0402284315789,0.151693467409
794390,0.132134065203,0.0284519728275,0.143231265188
798684,0.132848303393,0.0816786109819,0.138324233499
802978,0.133562541583,0.0171281674287,0.124955797346
807272,0.134276779774,0.0687556812391,0.158786311229
811566,0.134991017964,0.0693768691891,0.16799352003
815860,0.135705256154,0.0620951883537,0.148846130847
820154,0.136419494345,0.0512071645842,0.154472198198
824448,0.137133732535,0.0585964371723,0.152366550092
828742,0.137847970725,0.0191974380752,0.131902945998
833036,0.138562208916,0.0173768650039,0.149203240944
837330,0.139276447106,0.0222791532527,0.132838886955
841624,0.139990685296,0.0129423592491,0.13940120183
845918,0.140704923486,0.0675157650801,0.159548516735
850212,0.141419161677,0.0567506806283,0.129704126065
854506,0.142133399867,0.0453292982448,0.127385884235
858800,0.142847638057,0.0422550856747,0.105269143308
863094,0.143561876248,0.0829932901538,0.128747352251
867388,0.144276114438,0.0511532878915,0.141718663438
871682,0.144990352628,0.0733164402393,0.14791125149
875976,0.145704590818,0.0690992099936,0.16036642508
880270,0.146418829009,0.0915821580536,0.194498067608
884564,0.147133067199,-0.0169709532065,0.204053955391
888858,0.147847305389,0.020496116648,0.169257669465
893152,0.14856154358,-0.00829063171409,0.212696140489
897446,0.14927578177,0.0338935636396,0.223385670662
901740,0.14999001996,0.103234878463,0.267104627807
906034,0.15070425815,0.0446611886139,0.23882292339
910328,0.151418496341,0.0631514954253,0.220766301139
914622,0.152132734531,0.0465973381968,0.245584986194
918916,0.152846972721,0.0307775231204,0.269521325491
923210,0.153561210912,0.0843885975236,0.300679461994
927504,0.154275449102,0.112852902355,0.326876940808
931798,0.154989687292,-0.0158112559495,0.349334172272
936092,0.155703925482,0.0367323774105,0.289295425029
940386,0.156418163673,0.106731801597,0.329085490293
944680,0.157132401863,-0.0121953047076,0.313531484409
948974,0.157846640053,0.0964933754506,0.269127807333
953268,0.158560878244,0.0754981829339,0.333375152631
957562,0.159275116434,0.0610614809786,0.26713583134
961856,0.159989354624,0.0182380061118,0.283602366061
966150,0.160703592814,0.0038514590463,0.249138385153
970444,0.161417831005,0.0449496516588,0.207917967711
974738,0.162132069195,0.0447041030063,0.216829225258
979032,0.162846307385,0.0151137884505,0.177878819513
983326,0.163560545576,-0.019280446025,0.150056891902
987620,0.164274783766,0.00566040235376,0.131973786512
991914,0.164989021956,0.012394799478,0.110093590304
996208,0.165703260146,0.0364197120723,0.103715846976
1000502,0.166417498337,0.0154637970639,0.0900820022785
1004796,0.167131736527,0.0292855742944,0.0814317262237
1009090,0.167845974717,0.0351172167794,0.0764166831218
1013384,0.168560212908,0.042946001111,0.0800273167954
1017678,0.169274451098,0.0415431101671,0.0656342362277
1021972,0.169988689288,0.0615020533934,0.0828214664037
1026266,0.170702927478,0.0563280956747,0.0766157595207
1030560,0.171417165669,0.0386882754369,0.0613138585643
1034854,0.172131403859,0.0399343918725,0.0629161124752
1039148,0.172845642049,0.0419922270878,0.0717378193598
1043442,0.17355988024,0.0267755691517,0.072759339492
1047736,0.17427411843,0.0290912135343,0.0753154199599
1052030,0.17498835662,0.0331041965894,0.074941346533
1056324,0.17570259481,0.0288441513289,0.0676360960645
1060618,0.176416833001,0.0388127874589,0.0587553696005
1064912,0.177131071191,0.0400239945785,0.0548423532072
1069206,0.177845309381,0.0429631255933,0.0571338775795
1073500,0.178559547572,0.0634361575468,0.0743687065658
1077794,0.179273785762,0.065804403908,0.0700710558374
1082088,0.179988023952,0.0611153349554,0.0631707840039
1086382,0.180702262142,0.0734741355459,0.0789891015114
1090676,0.181416500333,0.0895320219425,0.100812716789
1094970,0.182130738523,0.0875699758701,0.101451323415
1099264,0.182844976713,0.0806189642353,0.121218597116
1103558,0.183559214904,0.118813917995,0.165204761999
1107852,0.184273453094,0.0962085564825,0.1650119325
1112146,0.184987691284,0.0607408690961,0.141333580834
1116440,0.185701929474,0.00429065849616,0.161550258594
1120734,0.186416167665,0.0709518836351,0.162281634665
1125028,0.187130405855,0.11433368877,0.182290178226
1129322,0.187844644045,0.184302530319,0.236067248379
1133616,0.188558882236,0.0773971504762,0.241570741726
1137910,0.189273120426,-0.00133801848542,0.296819316175
1142204,0.189987358616,-0.00868802204732,0.243964136399
1146498,0.190701596806,-0.081856360651,0.32831614854
1150792,0.191415834997,-0.0123253424247,0.279369848743
1155086,0.192130073187,0.0978174389001,0.287070159515
1159380,0.192844311377,-0.00718794054042,0.174244475461
1163674,0.193558549568,0.0550784162029,0.221915957596
1167968,0.194272787758,0.0290979784607,0.256112005012
1172262,0.194987025948,0.107839402968,0.297642186574
1176556,0.195701264138,0.0839841653783,0.315480821155
1180850,0.196415502329,0.172014304346,0.310060987855
1185144,0.197129740519,0.0485793961665,0.257767726454
1189438,0.197843978709,0.102987251017,0.272336191002
1193732,0.1985582169,0.0217058277467,0.306471511865
1198026,0.19927245509,0.0674180612744,0.26246912707
1202320,0.19998669328,0.0508817089374,0.258963120203
1206614,0.20070093147,0.0598923978894,0.300799407647
1210908,0.201415169661,0.200619159275,0.443465444422
1215202,0.202129407851,0.299154489171,0.501208564941
1219496,0.202843646041,0.0461927705994,0.476842631002
1223790,0.203557884232,0.00778509498308,0.459028402776
1228084,0.204272122422,-0.0244859950254,0.456865340023
1232378,0.204986360612,0.0138465748842,0.380592586599
1236672,0.205700598802,0.0707406028975,0.329768608714
1240966,0.206414836993,0.127966874004,0.371117737424
1245260,0.207129075183,0.253127994532,0.378896943027
1249554,0.207843313373,0.231758453489,0.367718031552
1253848,0.208557551564,-0.00655976505294,0.526133775245
1258142,0.209271789754,0.160098726379,0.489553344017
1262436,0.209986027944,0.200470688399,0.656383267336
1266730,0.210700266134,0.322549003997,0.933334848702
1271024,0.211414504325,0.284814826333,1.06476433271
1275318,0.212128742515,0.4553258309,0.716569365622
1279612,0.212842980705,0.394736519209,0.690281398123
1283906,0.213557218896,0.207256298796,0.701238367725
1288200,0.214271457086,0.471920884536,1.28586990772
1292494,0.214985695276,-0.28901795468,2.35421716746
1296788,0.215699933466,-0.00947618513194,1.49743475237
1301082,0.216414171657,-0.343814640581,1.41951576655
1305376,0.217128409847,0.575875113141,1.31148226325
1309670,0.217842648037,0.00126707146942,1.00947326571
1313964,0.218556886228,-0.266681543137,0.99460017679
1318258,0.219271124418,0.203125503391,0.697020135283
1322552,0.219985362608,0.116153436083,0.46212438549
1326846,0.220699600798,-0.00418696418558,0.485871484158
1331140,0.221413838989,0.0285216618208,0.366552804972
1335434,0.222128077179,0.137222830928,0.328377206069
1339728,0.222842315369,0.169942257012,0.343455352893
1344022,0.22355655356,0.0031665118717,0.31632829694
1348316,0.22427079175,0.058614253838,0.291808392384
1352610,0.22498502994,0.00167572394746,0.32843419829
1356904,0.22569926813,0.15259487687,0.320608188706
1361198,0.226413506321,0.0578679890843,0.349365676363
1365492,0.227127744511,0.0463476071844,0.428651745056
1369786,0.227841982701,0.146480279558,0.38538360628
1374080,0.228556220892,0.24478912804,0.497910167963
1378374,0.229270459082,0.056799696083,0.590790469748
1382668,0.229984697272,-0.0636308039877,0.636386429173
1386962,0.230698935462,0.118324725223,0.554145223716
1391256,0.231413173653,0.212594690185,0.427092537427
1395550,0.232127411843,-0.0260622590603,0.480826480206
1399844,0.232841650033,-0.261215180361,0.483923177814
1404138,0.233555888224,-0.0317061963205,0.273692803617
1408432,0.234270126414,0.0316984630615,0.247634523591
1412726,0.234984364604,0.10042799989,0.239331458817
1417020,0.235698602794,0.167839996217,0.313310807575
1421314,0.236412840985,0.165169117074,0.291648883993
1425608,0.237127079175,0.0352521940399,0.326076037059
1429902,0.237841317365,0.162558906045,0.334737577627
1434196,0.238555555556,0.106271073973,0.505906075448
1438490,0.239269793746,0.0375803527619,0.658309333654
1442784,0.239984031936,0.083497919766,0.555321478215
1447078,0.240698270126,-0.0996605074598,0.537624164038
1451372,0.241412508317,-0.0942678168638,0.652421928845
1455666,0.242126746507,0.208286885952,0.464584784933
1459960,0.242840984697,0.113902035946,0.476729124
1464254,0.243555222888,0.158085690925,0.482394766797
1468548,0.244269461078,-0.0633286775391,0.618541360789
1472842,0.244983699268,-0.0663232061705,0.52878798353
1477136,0.245697937458,-0.0426853444446,0.492165462273
1481430,0.246412175649,0.00905366844026,0.44633433902
1485724,0.247126413839,0.103249182728,0.384977119523
1490018,0.247840652029,0.0673201134011,0.373953073043
1494312,0.24855489022,0.0701678213965,0.327261618295
1498606,0.24926912841,0.00547155911417,0.390609387609
1502900,0.2499833666,0.0812470686582,0.392862249073
1507194,0.25069760479,0.148788212706,0.295490694513
1511488,0.251411842981,-0.00372761682914,0.436087791655
1515782,0.252126081171,0.0919044154752,0.393419918392
1520076,0.252840319361,0.00252711918054,0.447926112775
1524370,0.253554557552,0.184913193926,0.455839841117
1528664,0.254268795742,0.180534180515,0.573604744292
1532958,0.254983033932,0.0854302798082,0.544686002535
1537252,0.255697272122,-0.0634484765697,0.697968342035
1541546,0.256411510313,0.13763696995,0.61455208892
1545840,0.257125748503,0.0609536551164,0.80880137709
1550134,0.257839986693,-0.121965620501,0.623035744645
1554428,0.258554224884,0.201300510689,0.68671264626
1558722,0.259268463074,0.291017950729,0.761473147041
1563016,0.259982701264,-0.133750540106,0.544188894013
1567310,0.260696939454,0.0364744316894,0.502124539231
1571604,0.261411177645,-0.0104036452189,0.345354174201
1575898,0.262125415835,0.0798163920182,0.356305346256
1580192,0.262839654025,-0.0768268279607,0.398322528589
1584486,0.263553892216,0.0689880694887,0.289998522922
1588780,0.264268130406,-0.000528852942936,0.235961032433
1593074,0.264982368596,-0.00752471236337,0.236840609939
1597368,0.265696606786,0.0572103964936,0.227838780496
1601662,0.266410844977,0.0133676023907,0.206249042949
1605956,0.267125083167,0.00950058836288,0.188934981299
1610250,0.267839321357,-0.0342374085552,0.173896020292
1614544,0.268553559548,0.030456286935,0.160140123872
1618838,0.269267797738,0.0272278029427,0.139318359568
1623132,0.269982035928,0.0934076201344,0.175134627568
1627426,0.270696274118,0.0875039398572,0.157391018561
1631720,0.271410512309,0.0914656368788,0.16874766284
1636014,0.272124750499,0.0938334407591,0.172962134762
1640308,0.272838988689,0.147288062689,0.143601365319
1644602,0.27355322688,0.0843484369488,0.159784602091
1648896,0.27426746507,0.111830760449,0.221510810674
1653190,0.27498170326,0.219905560278,0.335390821893
1657484,0.27569594145,0.131619191862,0.381715023184
1661778,0.276410179641,0.215828617664,0.458237146231
1666072,0.277124417831,0.328882381834,0.695368100818
1670366,0.277838656021,0.0501806125138,0.839139599335
1674660,0.278552894212,0.0163447199332,0.62387782774
1678954,0.279267132402,-0.0908020725499,0.342302627695
1683248,0.279981370592,0.0656996656306,0.385110113954
1687542,0.280695608782,0.0560351808289,0.395915913193
1691836,0.281409846973,0.102187562371,0.447333300251
1696130,0.282124085163,-0.0598604620637,0.397390326407
1700424,0.282838323353,-0.0128079822628,0.336148064181
1704718,0.283552561544,0.0217873782704,0.238204751227
1709012,0.284266799734,0.0700886958537,0.293535423637
1713306,0.284981037924,0.15547433086,0.224141839565
1717600,0.285695276114,0.0830973166415,0.289296164766
1721894,0.286409514305,0.216074410018,0.270482483776
1726188,0.287123752495,0.0944949037121,0.351701308721
1730482,0.287837990685,0.0669945329673,0.377959250753
1734776,0.288552228876,-0.148762521444,0.400726149964
1739070,0.289266467066,0.0509278916744,0.371049274546
1743364,0.289980705256,0.0801154230121,0.391522280896
1747658,0.290694943446,0.0142839469952,0.344355955603
1751952,0.291409181637,0.178345122269,0.415429824013
1756246,0.292123419827,0.0159804494901,0.47001437346
1760540,0.292837658017,-0.0920042228284,0.52305957051
1764834,0.293551896208,-0.0750448256663,0.533486260343
1769128,0.294266134398,0.162749232074,0.537451780764
1773422,0.294980372588,0.12573312698,0.617056261834
1777716,0.295694610778,0.228514744841,0.812303966065
1782010,0.296408848969,0.531616612526,0.791588043904
1786304,0.297123087159,0.123829962197,0.820389432976
1790598,0.297837325349,0.079759846853,1.20480331303
1794892,0.29855156354,-0.165248132814,0.659736537399
1799186,0.29926580173,0.198477840512,0.589236960831
1803480,0.29998003992,0.141776483955,0.644136896965
1807774,0.30069427811,-0.409180674656,1.33765273132
1812068,0.301408516301,0.225489306829,0.939573006952
1816362,0.302122754491,-0.317636793924,1.02226377614
1820656,0.302836992681,-0.135515277004,0.567649381355
1824950,0.303551230872,0.201235416147,0.688572524583
1829244,0.304265469062,0.143847198341,0.616931390416
1833538,0.304979707252,0.0262629936009,0.59163528454
1837832,0.305693945442,-0.204204331272,0.819909188021
1842126,0.306408183633,0.149533447746,0.462675518932
1846420,0.307122421823,-0.180177979921,0.555020314349
1850714,0.307836660013,0.150571811979,0.472800829266
1855008,0.308550898204,0.197789870304,0.528633069019
1859302,0.309265136394,0.212381443845,0.745730655816
1863596,0.309979374584,0.283948924829,0.818211639275
1867890,0.310693612774,0.267359833026,0.638568498122
1872184,0.311407850965,-0.325855279356,1.05560816559
1876478,0.312122089155,0.112519175893,0.728317225006
1880772,0.312836327345,0.16690709187,0.770094440986
1885066,0.313550565536,-0.184996575595,1.00971342889
1889360,0.314264803726,0.275721783642,0.831281726797
1893654,0.314979041916,0.407632510553,1.06663168373
1897948,0.315693280106,-0.712851195292,2.30493227004
1902242,0.316407518297,-0.939528452936,5.20023807757
1906536,0.317121756487,-1.92494334847,4.49064423336
1910830,0.317835994677,0.314598323861,0.984776191704
1915124,0.318550232868,0.461535171259,1.57057790537
1919418,0.319264471058,-0.801643452804,2.0592929863
1923712,0.319978709248,0.368262076853,0.958089907966
1928006,0.320692947438,0.0515058703194,0.962895352096
1932300,0.321407185629,-0.0400960454069,1.22801156544
1936594,0.322121423819,-0.299650540411,0.760155231637
1940888,0.322835662009,0.0243678622376,0.440080802933
1945182,0.3235499002,0.206702763692,0.405552838723
1949476,0.32426413839,0.0779056128454,0.336765948637
1953770,0.32497837658,0.0368948577528,0.361057383361
1958064,0.32569261477,0.0438913155962,0.335925389592
1962358,0.326406852961,0.0471136427993,0.305572783453
1966652,0.327121091151,0.00429693399643,0.380124710851
1970946,0.327835329341,0.0842550431129,0.386199056908
1975240,0.328549567532,0.0305035787076,0.29896709887
1979534,0.329263805722,0.0547909333926,0.379740512469
1983828,0.329978043912,0.0808205554166,0.465226122052
1988122,0.330692282102,0.303510179314,0.51417585978
1992416,0.331406520293,0.0184639934362,0.522112535451
1996710,0.332120758483,0.0176161491892,0.41645506176
2001004,0.332834996673,0.247353559344,0.490542414531
2005298,0.333549234864,0.043276730273,0.535613070431
2009592,0.334263473054,0.0348529523136,0.459260463411
2013886,0.334977711244,0.0779420587885,0.366078572323
2018180,0.335691949434,0.0479128304342,0.466990917934
2022474,0.336406187625,0.231608238084,0.5404965176
2026768,0.337120425815,0.177704009915,0.64959614807
2031062,0.337834664005,0.104871259716,0.750105764876
2035356,0.338548902196,0.0121571887154,0.880127368414
2039650,0.339263140386,0.316196184372,0.807067648463
2043944,0.339977378576,0.647242538717,1.06705653423
2048238,0.340691616766,0.0150077123789,1.30275114525
2052532,0.341405854957,-0.0770309280639,1.09377538985
2056826,0.342120093147,-0.0418900262676,1.02959568435
2061120,0.342834331337,0.268136527032,1.04907956399
2065414,0.343548569528,0.215798660532,1.16003437101
2069708,0.344262807718,0.146120548314,1.35941575344
2074002,0.344977045908,-0.82668324259,3.24260927263
2078296,0.345691284098,-0.305647029294,1.04557161445
2082590,0.346405522289,0.143439349708,0.727176681266
2086884,0.347119760479,0.0938911707878,0.848444732353
2091178,0.347833998669,-0.0639202187375,0.876160325012
2095472,0.34854823686,-0.482161584738,1.20486548592
2099766,0.34926247505,0.0434949086555,0.94866822489
2104060,0.34997671324,0.220612111119,1.39363307692
2108354,0.35069095143,0.217800602431,1.20362223353
2112648,0.351405189621,0.222439419363,1.01363639917
2116942,0.352119427811,0.208079473664,1.25441575733
2121236,0.352833666001,0.487595326589,1.51363610568
2125530,0.353547904192,-0.776532559385,2.47327259762
2129824,0.354262142382,-0.21152711397,0.904609500937
2134118,0.354976380572,-0.160153657034,0.550069921956
2138412,0.355690618762,-0.0190569413028,0.377900416159
2142706,0.356404856953,0.101901804652,0.325847526256
2147000,0.357119095143,0.0466394494569,0.40542183273
2151294,0.357833333333,0.0171993068562,0.358964915335
2155588,0.358547571524,-0.0250726739049,0.253315515947
2159882,0.359261809714,0.0802826546151,0.289798240958
2164176,0.359976047904,-0.0240420375644,0.260373814191
2168470,0.360690286094,0.0102731477909,0.232522943933
2172764,0.361404524285,0.0131048243574,0.242641664205
2177058,0.362118762475,0.034824824441,0.209369375486
2181352,0.362833000665,0.0507844796022,0.162499457746
2185646,0.363547238856,0.0524057094244,0.185473004025
2189940,0.364261477046,0.0533747219952,0.15120284266
2194234,0.364975715236,0.0529698422065,0.149774056511
2198528,0.365689953426,0.0311899871028,0.159203999333
2202822,0.366404191617,0.053043468467,0.164663334213
2207116,0.367118429807,0.0554923685083,0.161952930911
2211410,0.367832667997,0.000272470054592,0.142742022937
2215704,0.368546906188,0.0269886134199,0.150480491234
2219998,0.369261144378,0.0611811563706,0.181716095109
2224292,0.369975382568,0.0542211838891,0.140050779765
2228586,0.370689620758,0.0265612958471,0.146247736598
2232880,0.371403858949,0.034984106818,0.128420927022
2237174,0.372118097139,0.0476146209131,0.134853873136
2241468,0.372832335329,0.0670562905637,0.175790382413
2245762,0.37354657352,0.0363265101324,0.144328839785
2250056,0.37426081171,0.0851741288977,0.18336764382
2254350,0.3749750499,-0.0480623010442,0.137579301097
2258644,0.37568928809,-0.00327347492493,0.130014066637
2262938,0.376403526281,0.067184454745,0.150694944945
2267232,0.377117764471,0.0716321700507,0.133971827482
2271526,0.377832002661,0.0515885544172,0.107757408808
2275820,0.378546240852,0.0552870986895,0.136246141757
2280114,0.379260479042,0.0558111319417,0.12261544238
2284408,0.379974717232,0.0750298790295,0.122430644089
2288702,0.380688955422,0.0432012081067,0.107776569055
2292996,0.381403193613,0.0920402237603,0.139456594779
2297290,0.382117431803,0.0892310475044,0.150348868282
2301584,0.382831669993,0.127533187974,0.205346967877
2305878,0.383545908184,0.0830657728113,0.214274896357
2310172,0.384260146374,0.0571791216766,0.2220149926
2314466,0.384974384564,0.0938082452114,0.22319412967
2318760,0.385688622754,-0.0354995414063,0.256641853446
2323054,0.386402860945,-0.0262991850183,0.235375239675
2327348,0.387117099135,0.0211635107282,0.192713794992
2331642,0.387831337325,0.118100494573,0.295428721019
2335936,0.388545575516,0.0347444162425,0.308375612747
2340230,0.389259813706,0.0914072746771,0.219420172143
2344524,0.389974051896,0.0801418172308,0.174167750793
2348818,0.390688290086,0.014066155597,0.173419121929
2353112,0.391402528277,0.0459449160141,0.158797750497
2357406,0.392116766467,0.079538269098,0.218233567818
2361700,0.392831004657,0.0358539265485,0.188454492728
2365994,0.393545242848,0.0844422390584,0.169067928898
2370288,0.394259481038,0.0429486880344,0.205166086962
2374582,0.394973719228,0.100855843329,0.235937419815
2378876,0.395687957418,0.170215681063,0.303696571282
2383170,0.396402195609,-0.0172310235127,0.254707597317
2387464,0.397116433799,0.152168184363,0.317034202349
2391758,0.397830671989,0.0989428040707,0.32365171737
2396052,0.39854491018,-0.0179961913576,0.346720191703
2400346,0.39925914837,-0.0358852238002,0.35150499121
2404640,0.39997338656,0.0973795117886,0.28763440982
2408934,0.40068762475,0.0956308256104,0.267728868778
2413228,0.401401862941,0.0868794331831,0.230411478313
2417522,0.402116101131,0.17197347272,0.269840332934
2421816,0.402830339321,0.152264704548,0.33351731614
2426110,0.403544577512,0.103134825858,0.297725445106
2430404,0.404258815702,0.074823736011,0.51813691537
2434698,0.404973053892,-0.0893279572582,0.564430435846
2438992,0.405687292083,0.114768860293,0.582131640534
2443286,0.406401530273,0.161760054406,0.766087428442
2447580,0.407115768463,0.121965135479,0.64561413349
2451874,0.407830006653,0.354811330409,0.977032770724
2456168,0.408544244844,0.150544650017,1.0596934931
2460462,0.409258483034,0.118914519436,1.16149589526
2464756,0.409972721224,-0.422734445979,1.1190466691
2469050,0.410686959415,-0.0289660541151,0.796292225982
2473344,0.411401197605,-0.0171071814712,0.533139217915
2477638,0.412115435795,0.102218309963,0.444525368004
2481932,0.412829673985,0.00907025291716,0.412815615962
2486226,0.413543912176,0.0878677997331,0.477719012606
2490520,0.414258150366,0.0045849750869,0.469621743928
2494814,0.414972388556,0.177091974741,0.471963866528
2499108,0.415686626747,0.172102710666,0.546969040026
2503402,0.416400864937,-0.0450926139249,0.756678614373
2507696,0.417115103127,0.0789490250305,0.586397356794
2511990,0.417829341317,0.18685139377,0.665071280007
2516284,0.418543579508,0.263277005044,0.686002658474
2520578,0.419257817698,0.0569007311434,0.712370619961
2524872,0.419972055888,-0.0465878396943,0.688955569218
2529166,0.420686294079,0.119942624964,0.629091202917
2533460,0.421400532269,0.0577985803872,0.507771185898
2537754,0.422114770459,0.0014754896686,0.638787088411
