4294,0.000714238190286,0.0413741432451,0.0656195908944,0.0653006424165,0.139243138689,0.093103982537,0.156584809427
8588,0.00142847638057,0.0365274882021,0.0737230173788,0.048098812187,0.11505091788,0.0972797961454,0.129771350728
12882,0.00214271457086,0.0307532703858,0.0579352433516,0.0383140937378,0.102949210611,0.0868206807967,0.107416855698
17176,0.00285695276114,0.0336136230347,0.0461731399214,0.0449454787548,0.104324059308,0.0774581336181,0.108218182481
21470,0.00357119095143,0.0378243949493,0.0381449405275,0.0411498107202,0.106246543143,0.0761871715519,0.100471493123
25764,0.00428542914172,0.0356656051996,0.0275104253695,0.0411385943773,0.101920661211,0.0790259203026,0.0993524751839
30058,0.004999667332,0.0207633136099,0.00889726574518,0.0330062150541,0.0884967629964,0.0731625484774,0.0836109135828
34352,0.00571390552229,0.0139562017664,-0.00277271913861,0.0206656826071,0.0839213493981,0.0674540745472,0.0768141698905
38646,0.00642814371257,0.00841492930499,-0.00834423415846,0.0145945978245,0.0828557290779,0.0637081659641,0.0753534715296
42940,0.00714238190286,0.00450343158419,-0.00897089425079,0.00327166943218,0.0894321048385,0.0677759201306,0.074499010854
47234,0.00785662009315,0.0142732729748,-0.00391382243561,-0.00527031519199,0.0986232707535,0.0738951161596,0.0647432143818
51528,0.00857085828343,0.0117263294511,-0.00571921024268,-0.00939170204957,0.0938409017007,0.0808227270793,0.069112335228
55822,0.00928509647372,-0.00222236297629,-0.0156027363462,-0.0182572432311,0.0793219870711,0.0701912754958,0.0757294749323
60116,0.00999933466401,-0.00995967643435,-0.0183082886349,-0.0234543284732,0.075466767279,0.0665222371665,0.0727992786911
64410,0.0107135728543,-0.017716062095,-0.0257359222372,-0.0262992369212,0.073773501199,0.0662174849576,0.0780612993024
68704,0.0114278110446,-0.0171195131219,-0.023966567813,-0.0123543427191,0.070661020154,0.0638710642984,0.0890830134051
72998,0.0121420492349,-0.0125641289463,-0.00971958989552,-0.00337329040521,0.0735818471206,0.0716401513191,0.0936159633745
77292,0.0128562874251,-0.0081934718757,-0.00575932116908,0.00200972341454,0.0724551508424,0.0693386333099,0.0945200475659
81586,0.0135705256154,0.00820442934582,0.00383543714044,0.0122308948757,0.0807922401614,0.0735276611107,0.103756305708
85880,0.0142847638057,0.0327373557309,0.0113271868577,0.014221252518,0.0985066744777,0.0780406884987,0.0880152198088
90174,0.014999001996,0.0275612895539,0.0126470003573,0.00917913033492,0.079733761347,0.0835961510485,0.0793701521579
94468,0.0157132401863,0.0192950161932,0.0120304763662,0.00259189203571,0.0726345471893,0.0922600635066,0.0755712800935
98762,0.0164274783766,0.016068437498,0.0103643683435,-0.00199278895685,0.0669868008412,0.0914089360109,0.070116245457
103056,0.0171417165669,0.0240987855601,0.00185804227779,6.04706831069e-05,0.0730198817304,0.0755276693366,0.0804218242005
107350,0.0178559547572,0.0316563324111,0.00878200440127,0.000836661024314,0.0848092300851,0.0748076756791,0.0816471867539
111644,0.0185701929474,0.042413408429,0.0210978620007,0.0209429805591,0.0931656376228,0.0894935884451,0.0900679881597
115938,0.0192844311377,0.0491169702259,0.0434856025575,0.0261653215302,0.0962585333497,0.112905452262,0.0906141657077
120232,0.019998669328,0.0701576183871,0.0550105633904,0.0264995422963,0.113932891063,0.113110825037,0.0932416010719
124526,0.0207129075183,0.0815324751871,0.055395807003,0.0340172543551,0.13093598571,0.106767977423,0.0915524498512
128820,0.0214271457086,0.0783585349465,0.0621040087113,0.0648362518983,0.133550107873,0.121357065855,0.118175424473
133114,0.0221413838989,0.0790264667087,0.0745971808855,0.0826290380651,0.116050858445,0.115321907541,0.124344001922
137408,0.0228556220892,0.086893212456,0.0974009320438,0.0801557111889,0.122222608286,0.139089675685,0.133820328093
141702,0.0235698602794,0.0947988838712,0.128811229415,0.0719728958499,0.150181148226,0.184795754225,0.144478127683
145996,0.0242840984697,0.0988033081613,0.117540812953,0.100957250647,0.163192133367,0.191061834596,0.17760516939
150290,0.02499833666,0.0925292903582,0.10005818934,0.110146561873,0.136129731253,0.144009465757,0.152641651902
154584,0.0257125748503,0.107809214126,0.0931828003279,0.100778184864,0.163765752933,0.154392968948,0.156881802382
158878,0.0264268130406,0.123669664454,0.0593724216962,0.121054006965,0.237428421382,0.171709932358,0.210417534838
163172,0.0271410512309,0.125432525524,0.0397726023381,0.090100983828,0.235639013425,0.18826811887,0.218487066199
167466,0.0278552894212,0.128638021663,0.0896320365695,0.0974753900977,0.265201202123,0.26944168581,0.299112563147
171760,0.0285695276114,0.161140552803,0.0879843856991,0.190257124286,0.295663095884,0.220675655106,0.306512918063
176054,0.0292837658017,0.10517580717,0.0316301318985,0.0543982821589,0.274105569726,0.255312977609,0.270385170584
180348,0.029998003992,0.137131246701,0.0597306860153,0.0995918745439,0.318035927162,0.304724728834,0.345072567348
184642,0.0307122421823,0.21531726467,0.161518395773,0.169401816209,0.409131017756,0.35708458789,0.41868855411
188936,0.0314264803726,0.275518768054,0.252678925661,0.236451441003,0.421321408762,0.48920228217,0.407255791534
193230,0.0321407185629,0.381035514813,0.478083362515,0.51353841777,0.538591379663,0.562719725513,0.568086249259
197524,0.0328549567532,0.116728310972,0.159103692442,0.144377363574,0.49532876153,0.53200787744,0.52940210694
201818,0.0335691949434,0.667479159785,0.811495742148,0.796620564326,0.745470600115,0.851183691787,0.903896151054
206112,0.0342834331337,0.419265209749,0.356382933085,0.306991055931,0.837785151769,1.00474871467,0.869050240052
210406,0.034997671324,0.642690135952,0.756369179109,0.550978826974,0.789059743282,0.828053415173,0.936645855149
214700,0.0357119095143,-0.364437704845,-0.399921725026,-0.396574137534,1.19859339899,1.3387555859,1.34380209645
218994,0.0364261477046,0.582029507818,0.599379794679,0.686802026576,1.19450671849,1.11306966527,1.22647815032
223288,0.0371403858949,-0.113532127463,-0.0355486751074,-0.314378503631,1.08447709664,1.1031704192,1.22509547266
227582,0.0378546240852,-0.374172615132,-0.407243131839,-0.380590746043,0.904822002212,0.929119546089,0.978737686012
231876,0.0385688622754,0.103717986073,0.116680597144,0.192347693694,0.565183223382,0.600986874676,0.668224533327
236170,0.0392831004657,0.178706210751,0.0666480829495,0.13013238258,0.594150115381,0.594189672317,0.72258711899
240464,0.039997338656,0.0500844385534,0.069092647395,-0.0884971702854,0.730979866443,0.61568580387,0.706408873187
244758,0.0407115768463,0.335420023354,0.418653805093,0.30302724631,0.671682837724,0.773817485204,0.801042498385
249052,0.0414258150366,-0.0892461187842,-0.111122079564,0.0968414100185,0.86482543316,0.93797972008,1.05261338427
253346,0.0421400532269,-0.0633731960112,-0.230402384637,-0.0060890382268,0.837892208809,0.698252631448,0.766191988875
257640,0.0428542914172,0.187040521051,0.0793980108589,0.20059780593,1.01377400301,0.996435402673,1.17472544361
261934,0.0435685296075,-0.26641785328,-0.432725693007,-0.165627645755,0.769718485725,0.751327375512,0.856869225654
266228,0.0442827677977,-0.058420341472,-0.251266690916,-0.244880619706,0.714087744945,0.704007445205,0.77370971337
270522,0.044997005988,-0.118048158409,-0.251256585773,-0.222142920659,0.569528924969,0.650071554313,0.65952648639
274816,0.0457112441783,-0.417873551182,-0.344352682203,-0.361326606287,0.637630854712,0.717869007758,0.666911192216
279110,0.0464254823686,-0.102203835447,-0.238826291123,-0.231840894759,0.619518046632,0.538598600719,0.695058904492
283404,0.0471397205589,-0.43189467996,-0.34984351481,-0.436089103466,0.536286570042,0.586227651422,0.619728233425
287698,0.0478539587492,-0.0519971879325,-0.0984758303277,-0.177288250655,0.523026555151,0.546577297643,0.553851544912
291992,0.0485681969395,-0.0144445040448,0.069419296969,-0.0116219503504,0.451871333436,0.545269464969,0.481112844127
296286,0.0492824351297,-0.0176294091068,-0.12546706943,0.0428297623714,0.461196789011,0.475523774853,0.526175676809
300580,0.04999667332,0.0589038425678,0.0252443509307,-0.00805035700868,0.415377792754,0.442648631302,0.429290377702
304874,0.0507109115103,0.161162108662,-0.042707867243,0.13994271518,0.458015639514,0.372872330091,0.435418615432
309168,0.0514251497006,0.178419249936,0.0208557213655,0.133997199111,0.509425884407,0.486960414822,0.537203095732
313462,0.0521393878909,0.172388598319,0.079412421851,0.174044656584,0.497822999214,0.551422651253,0.558780800228
317756,0.0528536260812,-0.0571629363151,-0.0991688882935,-0.0247218863977,0.587445405588,0.490641936482,0.607902587872
322050,0.0535678642715,0.21109340888,0.139032948397,0.160033673039,0.495576076245,0.476159499107,0.611247931024
326344,0.0542821024617,0.182623436486,0.135144824715,0.231551541067,0.522721096609,0.491394526389,0.571655956359
330638,0.054996340652,-0.21856458336,-0.0916166562385,-0.125069162446,0.653857015314,0.63488945709,0.654614852444
334932,0.0557105788423,-0.239409965466,-0.113334828552,-0.415957345291,0.546188396771,0.610447757061,0.592741114894
339226,0.0564248170326,0.281969643841,0.0697498679368,0.198538214985,0.767953004814,0.649746400421,0.666017945917
343520,0.0571390552229,-0.287049360909,-0.207720307674,-0.171801155777,0.617335297346,0.642402335112,0.55361083584
347814,0.0578532934132,0.0706475914169,0.00326573183973,-0.0616489566144,0.619966480453,0.569009122798,0.767134169199
352108,0.0585675316035,0.324734110338,0.292130987333,0.332058846158,0.744020429656,0.718010382132,0.73973818802
356402,0.0592817697937,0.263201311642,0.380070682732,0.356116147003,0.747197717836,0.777440975001,0.772613650296
360696,0.059996007984,0.26203514387,0.129346039425,0.0931782314563,1.0252045069,1.08997354449,0.87289635193
364990,0.0607102461743,0.713529419603,0.55127981076,0.452033372767,0.757291910924,0.729327180863,0.83746585348
369284,0.0614244843646,0.0161159927215,-0.0355095584618,0.0139421727658,0.948103348001,0.869553111988,0.857357486409
373578,0.0621387225549,0.302504186068,0.465947895849,0.298584534552,1.22313841775,1.55235916915,1.30820921664
377872,0.0628529607452,0.864550854533,0.667099097685,0.877978248813,1.31257492264,1.38982241866,1.256768412
382166,0.0635671989355,-0.809122195019,-0.669129388266,-0.9644417781,1.41765204583,1.68432991589,1.5984807105
386460,0.0642814371257,0.645032858256,0.432241544238,0.518931821043,1.10715837821,1.15756462409,1.17102480824
390754,0.064995675316,0.463833904356,0.282523326466,0.674564415981,1.37224760897,1.35048409794,1.52874718083
395048,0.0657099135063,1.09710165557,0.893534265761,1.37410667954,1.84600269171,1.78703557558,1.97502474243
399342,0.0664241516966,0.137799182983,-0.195317902295,-0.333527760902,2.75617706608,2.72961535266,2.6565942008
403636,0.0671383898869,-0.505765303918,0.407455895973,-0.167383049243,3.33868520075,3.21642007346,3.43526443585
407930,0.0678526280772,1.26394740957,1.30257651866,0.920630985115,1.69523734699,1.63009714847,1.6079377189
412224,0.0685668662675,-0.287664680798,-1.40317823117,-1.14967425026,4.37791120021,4.04131132514,4.64043108662
416518,0.0692811044578,-0.317645929022,-0.402422987965,0.038756765658,2.29927741252,2.31221324684,2.87836327875
420812,0.069995342648,-0.767537246761,-1.58734555451,-0.849667892433,1.95322349143,1.95475642198,2.0591483946
425106,0.0707095808383,-0.64069315911,-0.304276089403,-0.0556082909303,1.4243519141,1.30422407621,1.44192622431
429400,0.0714238190286,-0.631059311059,-0.506772912928,-0.63604547819,1.04684283292,0.960611178474,1.25829947228
433694,0.0721380572189,-0.728106485021,-0.56175725395,-0.514770042086,1.31980047712,1.34533378681,1.33877644937
437988,0.0728522954092,-0.60258227634,-0.627488574671,-0.582683219073,0.841259279733,0.796910247756,0.931470460621
442282,0.0735665335995,-0.000380061548462,0.107506665463,-0.0867489385504,0.770229226054,0.666459127471,0.763691424048
446576,0.0742807717898,0.168353814563,0.0843288717044,0.146182698292,0.784155662207,0.713408628351,0.838722524723
450870,0.07499500998,-0.41310499368,-0.470153808094,-0.478843206033,0.785389558199,0.861530918772,0.896983124548
455164,0.0757092481703,0.221113343031,0.185489181332,0.173873500885,0.668932947072,0.661759181653,0.638878315147
459458,0.0764234863606,-0.742565339485,-0.575814212304,-0.595712438495,0.866493162549,0.894846890657,0.84386274625
463752,0.0771377245509,-0.188564725516,-0.150515627313,-0.14787192171,0.450335830795,0.490822028469,0.537626005059
468046,0.0778519627412,0.0987759035767,-0.08958782269,0.0756285096958,0.507346995197,0.496934727117,0.594268888987
472340,0.0785662009315,0.0757706659532,0.0396386975856,0.165318342042,0.386406119513,0.433224211461,0.378420409817
476634,0.0792804391218,-0.118553697906,-0.0628174830473,0.0315727385606,0.384935440395,0.423808482637,0.487797829416
480928,0.079994677312,0.0273366147704,-0.00949346815293,-0.0715034477317,0.434537607908,0.510658753354,0.441795022898
485222,0.0807089155023,0.0514107303049,-0.0482054469611,0.00657638808988,0.479716196475,0.510065076099,0.538066642092
489516,0.0814231536926,0.212423358877,0.182355094843,0.0840286976243,0.597953066436,0.545609529152,0.589503699038
493810,0.0821373918829,0.0401825278486,0.103512394767,-0.0094731767642,0.566797706102,0.601909464784,0.680529342687
498104,0.0828516300732,0.00675468179784,-0.1294335896,-0.10061261492,0.46824009139,0.503822278014,0.467470391834
502398,0.0835658682635,-0.136226013704,-0.136432639425,-0.211549007372,0.57518801527,0.449955584655,0.56026426412
506692,0.0842801064538,0.155162632306,0.0369693700882,-0.0405338743392,0.593213022143,0.478315590795,0.492520199501
510986,0.084994344644,0.127346598283,0.0809783986603,0.115724517756,0.461001018323,0.447644642909,0.484426162477
515280,0.0857085828343,0.0899873853693,-0.0804984075392,-0.162007559249,0.44518610099,0.419379224515,0.473352912169
519574,0.0864228210246,-0.0175686965679,0.0756930038594,-0.00950315683152,0.464396570868,0.468845584167,0.454235271528
523868,0.0871370592149,0.0445253657967,0.0309552119724,0.0024587806337,0.545586821006,0.486011884035,0.43593412839
528162,0.0878512974052,0.0995296843388,0.0206539014847,0.0758454018325,0.485542998111,0.518632676843,0.434903850664
532456,0.0885655355955,0.320375209561,0.154035367091,0.194294419749,0.540745489996,0.503885682844,0.444104199754
536750,0.0892797737858,0.392678049958,0.225743763251,0.336927493365,0.580239139629,0.475941470693,0.523989971899
541044,0.089994011976,0.0244431404416,0.212180378599,0.0616525968342,0.646418529476,0.710992758721,0.584869332712
545338,0.0907082501663,0.128666473879,0.105268310639,0.153983944594,0.59545656363,0.548124468693,0.653413564202
549632,0.0914224883566,0.411799510943,0.181135013984,0.281123247266,0.737366159848,0.763866617192,0.677469581904
553926,0.0921367265469,0.636661240149,0.402213846882,0.706978266202,0.681668623736,0.837333057742,0.827741432063
558220,0.0928509647372,0.141162636017,0.207274931547,0.143117242846,1.27142641588,1.34513574368,1.22544293923
562514,0.0935652029275,-0.543346114829,-0.609261730079,-0.662096687103,1.04842558414,0.965138371668,0.922191605
566808,0.0942794411178,-0.284184447144,-0.239967726752,-0.294538811263,0.82215481829,0.719732516036,0.765763706693
571102,0.0949936793081,-0.0800329861241,-0.0280351147502,-0.0127129931508,0.736412422686,0.792178347505,0.723948379781
575396,0.0957079174983,0.0225991401527,0.0535439881545,-0.0373730486024,0.737881363286,0.757995607113,0.812879465849
579690,0.0964221556886,-0.115304618567,-0.093166167017,0.0115180474522,0.636716213071,0.735680840308,0.780280691912
583984,0.0971363938789,0.369482566824,0.365374288541,0.48528556223,0.746966624018,0.748620590852,0.738223094923
588278,0.0978506320692,0.0733081923437,-0.161699293947,-0.111378145042,0.784189876047,0.853531947091,0.932503032506
592572,0.0985648702595,0.387920174107,0.290343912941,0.565290367833,0.926785804002,0.88247263117,0.964065284785
596866,0.0992791084498,-0.627899965713,-0.397923979156,-0.241835039877,0.923163338479,0.939868502115,0.930763485709
601160,0.0999933466401,-0.212673031553,-0.170193942723,-0.154681547797,0.584766472303,0.63886335277,0.723651643785
605454,0.10070758483,0.00719231320244,-0.0144970469757,-0.191041035464,0.794161689921,0.742752587193,0.821832334377
609748,0.101421823021,0.16296440607,0.131973162374,0.0813668580855,0.791592840489,0.869757282726,0.667560236034
614042,0.102136061211,0.230339113115,0.294306167292,0.234455583597,0.868790006192,0.902089453067,0.860576219406
618336,0.102850299401,-0.415120722662,-0.380191797448,-0.578246056811,0.814264326666,0.859974549588,0.721446546898
622630,0.103564537591,-0.0614723141021,-0.300336828753,-0.0340295726355,0.835482338809,0.667129498375,0.714041680704
626924,0.104278775782,-0.281049902089,-0.173449360264,-0.0877658281023,0.780235691683,0.726380458083,0.69918866035
631218,0.104993013972,-0.254671136049,-0.180847434046,-0.0494517852471,0.701674281766,0.635264785325,0.735029016278
635512,0.105707252162,-0.00823502112,-0.0213844615543,-0.0249172910852,0.581425352998,0.483842708508,0.483051761257
639806,0.106421490353,-0.259030229454,-0.223369606624,-0.164397229628,0.524457779952,0.513180404339,0.49323756748
644100,0.107135728543,-0.280557188071,-0.331291038443,-0.375218541834,0.500026417308,0.56660698984,0.580504774296
648394,0.107849966733,0.108194727972,0.0592408715562,0.256791841246,0.469293406303,0.525523732908,0.568111857686
652688,0.108564204923,-0.0390321215607,0.0232233855215,0.0759147862444,0.562741791711,0.61336888737,0.604103091141
656982,0.109278443114,0.070513988,0.0370792556974,0.0808624534185,0.410847633993,0.411350743234,0.399179624802
661276,0.109992681304,0.171792787547,0.109506880247,0.196247005899,0.415952887355,0.456119055025,0.515189304878
665570,0.110706919494,0.208785185724,0.045038673457,-0.0673470652253,0.686265685334,0.567686008836,0.561657546302
669864,0.111421157685,0.106067944966,0.114283681131,0.183974203326,0.549142560558,0.602599909194,0.564047776831
674158,0.112135395875,0.57943187774,0.409085919234,0.476928783039,0.615518041352,0.694437226148,0.65265146237
678452,0.112849634065,0.238858179601,0.285515678228,0.201468625535,1.01580579285,1.01123201899,1.10671318016
682746,0.113563872255,0.0742528954843,0.0400515952304,0.033958636737,0.882172600511,0.815498040005,0.781545640507
687040,0.114278110446,0.409218190161,0.638296858882,0.392371311389,1.08074558607,0.966522687468,1.05200292276
691334,0.114992348636,0.00465449754527,0.0896788868084,0.0445582897898,0.845011470825,1.04650184426,1.22322609802
695628,0.115706586826,0.0768182216607,0.137901701172,-0.102644430971,0.959896046898,1.15185546279,0.985002763009
699922,0.116420825017,0.50050190262,0.539881162874,0.216659871472,1.11541576385,1.17637057377,1.05074257371
704216,0.117135063207,0.480690841989,0.456922666576,0.448427536142,1.28138841834,1.29600509534,1.34906804475
708510,0.117849301397,1.10913077996,0.967941446381,0.836251911037,1.40149557112,1.42776446034,1.35982229758
712804,0.118563539587,-0.335159600531,0.270992483193,0.112412003026,1.51200158181,1.74019223531,1.8833225888
717098,0.119277777778,0.585787226527,0.514231432578,0.808093592803,1.08424201432,1.11657734574,1.26968214884
721392,0.119992015968,0.428782139962,0.637932697199,0.351257278202,1.81436697679,1.71625459984,1.53981369054
725686,0.120706254158,-0.69951546109,-0.758788525631,-0.796856588213,1.24026176393,1.66502037212,1.40003272586
729980,0.121420492349,-0.576580516597,-0.58004225786,-0.389293126937,1.26225651218,1.16576949675,1.19738978434
734274,0.122134730539,-0.159455843317,-0.0189847615224,0.0318797723864,0.921826179507,0.942411509988,1.02890790715
738568,0.122848968729,-0.0190853481736,-0.00170065839523,-0.0314505367792,0.653404811174,0.684184327938,0.746065871206
742862,0.123563206919,0.217818651564,0.231916137352,0.133155136742,0.752898300147,0.84154895211,0.793852504376
747156,0.12427744511,-0.80992969449,-0.887320232324,-0.71321218727,0.987202139164,1.22390021362,1.10342888099
751450,0.1249916833,-0.105686486148,-0.142402942732,-0.227675707059,0.75253230914,0.718414933657,0.74687403589
755744,0.12570592149,-0.590233589154,-0.574723649323,-0.561079292087,0.714554370686,0.773799678043,0.72700389594
760038,0.126420159681,-0.506990710292,-0.519101093748,-0.656035454326,0.609264295052,0.601980531202,0.64040026782
764332,0.127134397871,-0.0502073110526,-0.0923350805869,-0.174647669033,0.357943700353,0.310770048906,0.366184869277
768626,0.127848636061,-0.0284283031335,0.00487423760134,-0.0697935673758,0.283250888074,0.318983631353,0.249232952074
772920,0.128562874251,-0.0109864859154,-0.0428050750194,-0.056040699186,0.270211940416,0.312620709115,0.30285173696
777214,0.129277112442,-0.00993745691648,-0.055333682962,0.000124556672091,0.226296998023,0.210761946316,0.25819611526
781508,0.129991350632,-0.00376811171801,-0.0875480266891,-0.0532627071451,0.293259004859,0.241251400795,0.313922167444
785802,0.130705588822,0.00343444420529,-0.104589398963,-0.0010934984443,0.368474487173,0.345048562961,0.351669587007
790096,0.131419827013,-0.00353696902947,-0.0261013680187,0.0523732230925,0.261356170456,0.269996136749,0.289477053653
794390,0.132134065203,0.026978225713,-0.0591281672732,0.0673303416923,0.261387728523,0.2475681184,0.29465695392
798684,0.132848303393,0.0421670808306,0.000403790499246,0.0337523647902,0.27346307816,0.243707528577,0.264817079455
802978,0.133562541583,-0.0247124466517,-0.100210382873,-0.0342073316246,0.25793611806,0.244677646305,0.271491577099
807272,0.134276779774,0.0715600201038,-0.07416525316,-0.0364929265198,0.332864764353,0.261519355609,0.273969780973
811566,0.134991017964,0.0916682103685,0.034468670777,-0.0429783063896,0.32339939764,0.304682192152,0.333622832935
815860,0.135705256154,0.0275695588087,0.00657874769982,-0.0597661998274,0.318191719616,0.309394318631,0.280293034561
820154,0.136419494345,-0.0220960124444,-0.091102084094,-0.0588724261656,0.297540938886,0.248869048588,0.306262195057
824448,0.137133732535,-0.0350067322459,-0.0642019322427,-0.0699667692822,0.290444791516,0.249391936981,0.30124528883
828742,0.137847970725,-0.0652730981466,-0.114550344281,-0.130449160456,0.327166847984,0.238971229198,0.246090754202
833036,0.138562208916,-0.0518738042164,-0.0527014365781,-0.0436925334031,0.281948082772,0.239618352041,0.245428275131
837330,0.139276447106,-0.0164085094322,-0.00829869096023,-0.0138446969378,0.304149657402,0.258176303812,0.267670513991
841624,0.139990685296,0.000466136610197,-0.0394209983237,-0.00861593528258,0.265982432994,0.243354899186,0.292973462232
845918,0.140704923486,0.0466324045501,-0.0181653002338,0.0378944474544,0.262813531877,0.204978605867,0.291706892941
850212,0.141419161677,0.0711979674442,0.0151437130642,0.0617428020792,0.244177131138,0.242799988191,0.262729419013
854506,0.142133399867,0.0178331263086,-0.0086037689583,0.063017647024,0.21503218717,0.21943893764,0.225129051392
858800,0.142847638057,0.00420612754774,0.0361301715701,0.0387152160496,0.22517173384,0.222458650298,0.244278067937
863094,0.143561876248,0.0953813384595,0.0277120567469,0.0563688743604,0.252739948361,0.225891395381,0.277601607866
867388,0.144276114438,0.097505241125,-0.00616096786132,0.00737699257857,0.282302562653,0.256925441045,0.318360885428
871682,0.144990352628,0.131519290391,0.0778593216329,0.0903375538836,0.321210873047,0.260951181826,0.284650623248
875976,0.145704590818,0.227630735994,0.180629567609,0.221009852084,0.362198710621,0.348645615792,0.346364540229
880270,0.146418829009,0.277080261172,0.266527315917,0.271128154244,0.385803587225,0.471863356736,0.490208446591
884564,0.147133067199,0.0453065541549,0.0557904855038,0.0155765861202,0.363464833379,0.335261414644,0.397812729382
888858,0.147847305389,0.0208658343589,0.074364643652,0.153216627844,0.359648869825,0.359589033238,0.425234153589
893152,0.14856154358,-0.154198291059,-0.0165952649972,-0.010302215497,0.402335505731,0.422161168662,0.432191756273
897446,0.14927578177,-0.00848716459774,0.0389980236009,0.0138476691486,0.480610360801,0.488321152759,0.517208454988
901740,0.14999001996,0.222285656256,0.207025601316,0.237541961772,0.520032991582,0.502070063369,0.53862789617
906034,0.15070425815,0.171418865114,0.114291427105,0.0466322034657,0.548853935429,0.528437655406,0.492003934743
910328,0.151418496341,0.18267553103,0.212411729157,0.102325256991,0.489268199403,0.489750330611,0.401638341571
914622,0.152132734531,0.163814623129,0.0770843441597,0.123799256209,0.469182263869,0.435483966272,0.448418283141
918916,0.152846972721,0.124812284469,0.084761626884,0.144449368705,0.509307095192,0.566650661919,0.534223239837
923210,0.153561210912,0.146107663494,0.112882939841,0.0939276877121,0.581912049248,0.591972117579,0.655702463571
927504,0.154275449102,-0.03102793759,0.228776976585,-0.0696340779393,0.705656288596,0.758561250222,0.66436836124
931798,0.154989687292,-0.238944772717,-0.0992930962519,-0.186505074299,0.731875047931,0.68267169007,0.776142815592
936092,0.155703925482,-0.0570127209298,-0.0605711759791,-0.0345278737669,0.60528074578,0.623507181381,0.748786464978
940386,0.156418163673,-0.120298919826,-0.107513196877,-0.220672552133,0.539285548398,0.623996120635,0.670423745937
944680,0.157132401863,-0.104159310932,-0.0252117583734,0.0887129996618,0.591836597257,0.710326635004,0.874718456863
948974,0.157846640053,-0.0185875540471,-0.0163074161731,0.0549026120599,0.470569968187,0.576328004267,0.634489086668
953268,0.158560878244,-0.0833566857454,-0.105793752795,-0.107614225818,0.622307609511,0.654769893891,0.700718203553
957562,0.159275116434,-0.174895879702,-0.184651965892,-0.145912943978,0.511663705024,0.573427534563,0.541306370573
961856,0.159989354624,-0.260481589287,-0.232913603532,-0.213869215943,0.49616617484,0.483182992058,0.584171568184
966150,0.160703592814,-0.20354001256,-0.331167263941,-0.31685200629,0.478087027693,0.482138733562,0.496343789717
970444,0.161417831005,-0.200393889318,-0.202627668617,-0.189061822862,0.394787711145,0.396106138652,0.39208558288
974738,0.162132069195,-0.171602961134,-0.214597855923,-0.273261973404,0.414604910802,0.421228287364,0.450129763632
979032,0.162846307385,-0.177167612892,-0.203824176995,-0.315802524428,0.335608546018,0.372015553372,0.340151777923
983326,0.163560545576,-0.205652017798,-0.230908709629,-0.290934007348,0.281615685304,0.307445812977,0.259902149712
987620,0.164274783766,-0.154609348907,-0.204679767562,-0.216213811802,0.26836864493,0.215955661836,0.198614396819
991914,0.164989021956,-0.106811474724,-0.188744050355,-0.178515135495,0.240712754821,0.204575266154,0.182293793403
996208,0.165703260146,-0.0670717703746,-0.122628779956,-0.100455929276,0.159720601312,0.167315331734,0.186745135453
1000502,0.166417498337,-0.0695879643207,-0.0890183271692,-0.0843258429513,0.168308460581,0.152526089623,0.173986579146
1004796,0.167131736527,-0.0196656790116,-0.0193113695369,-0.0231171721325,0.147193600532,0.147834833146,0.156989207912
1009090,0.167845974717,-0.0227973646874,-0.00984845559049,-0.0242238853115,0.111676822077,0.143615004401,0.144420111288
1013384,0.168560212908,-0.0365335161109,-0.0182602318109,-0.00024694524583,0.122649822347,0.125376004956,0.133411577086
1017678,0.169274451098,-0.0131647902853,-0.016377977565,-0.00871843435946,0.100394066326,0.103685608212,0.124350425393
1021972,0.169988689288,0.0218069524856,-0.0126335684506,0.0102782317273,0.121382346748,0.110048931167,0.142134544963
1026266,0.170702927478,0.0189391252963,-0.00385982215558,0.0183982576012,0.130458450238,0.120389695368,0.135002419524
1030560,0.171417165669,0.0105273370506,0.00160692242031,0.000787388188775,0.101909497362,0.120365507392,0.115878327403
1034854,0.172131403859,0.00910838888836,0.0134131305738,0.00856770649217,0.109323193467,0.1305105441,0.123779325992
1039148,0.172845642049,0.0273452945618,0.0192844759333,0.0264525740487,0.128547072246,0.117147178999,0.137819824371
1043442,0.17355988024,0.0121267746971,-0.00327121796974,-0.00145835673632,0.134873876022,0.126502246497,0.146135905534
1047736,0.17427411843,-0.00301617679126,-0.0105318042095,-0.0155086258786,0.137196862543,0.123317154444,0.144997890534
1052030,0.17498835662,-0.0038123307678,-0.0251779196903,-0.0105649863379,0.130595180901,0.10744871533,0.127456408387
1056324,0.17570259481,-0.000203364463492,-0.0157072100549,-0.00197008655028,0.104261406676,0.108716391616,0.124962914348
1060618,0.176416833001,0.0101576441905,-0.00837766922977,-0.00478738976206,0.110708258233,0.106790771979,0.111167982951
1064912,0.177131071191,0.0299318272334,-0.0102345472936,0.00235343496387,0.105152564389,0.0927536631664,0.10746106944
1069206,0.177845309381,0.0412729969853,-0.00580041520427,0.000881145779879,0.112190780883,0.0870546463624,0.0988175422476
1073500,0.178559547572,0.0715342908337,0.0158794464109,0.0331066921529,0.124302532879,0.0937863778675,0.113504118376
1077794,0.179273785762,0.0737959259347,0.0463271453395,0.0594466430738,0.121270768569,0.115065784487,0.123698001603
1082088,0.179988023952,0.0728733281529,0.0526120005791,0.0705879022594,0.104199361497,0.11169995425,0.130868432687
1086382,0.180702262142,0.0898142328405,0.0650641301693,0.0797912749212,0.120905855835,0.129550518196,0.141718840925
1090676,0.181416500333,0.108131191168,0.0716558202992,0.0862184820929,0.163403263003,0.148204132197,0.155624439537
1094970,0.182130738523,0.151455621992,0.113869568065,0.0997032224155,0.202768210336,0.158496892455,0.169093668436
1099264,0.182844976713,0.160749781066,0.151292588287,0.129418103178,0.244271482073,0.217940162877,0.197650488169
1103558,0.183559214904,0.205860792316,0.148049318363,0.166005172829,0.315326713128,0.276766491927,0.262264642692
1107852,0.184273453094,0.187302087709,0.155629984245,0.155240198103,0.287845146497,0.299757765749,0.264685337083
1112146,0.184987691284,0.148584953496,0.129505441966,0.105590387709,0.289590031934,0.24415609102,0.235145231354
1116440,0.185701929474,0.116116310146,0.0662116275049,0.0751327158105,0.315369704276,0.271999162472,0.297237849099
1120734,0.186416167665,0.151708768422,0.108840819639,0.164023174875,0.269471580562,0.271987143437,0.317444679971
1125028,0.187130405855,0.257807212785,0.220477780642,0.226737363925,0.323842063408,0.360755864244,0.332948554355
1129322,0.187844644045,0.357729991124,0.363001665354,0.425411974742,0.464186564312,0.41912809002,0.504984869083
1133616,0.188558882236,0.289168088557,0.14505471976,0.268953527893,0.532713227448,0.481117413037,0.610830638511
1137910,0.189273120426,0.111762377873,0.0275323394525,0.160041876191,0.64263457101,0.651828458048,0.650250128798
1142204,0.189987358616,0.00478630116244,0.032916197374,0.162327859429,0.500447836776,0.542384992344,0.539786799387
1146498,0.190701596806,-0.309763148885,-0.217614132037,-0.25769497251,0.755453797914,0.571828058454,0.670368897327
1150792,0.191415834997,-0.15859577774,-0.254077897619,-0.270917970738,0.602346634483,0.466242269859,0.584987057573
1155086,0.192130073187,0.143129804921,-0.0620422014667,-0.0416323267975,0.573867791436,0.555956217441,0.486934007019
1159380,0.192844311377,-0.146732530001,-0.135865964381,-0.305037607931,0.406180809316,0.406616643868,0.431741325349
1163674,0.193558549568,0.0649410535785,0.198034286456,-0.0115424423019,0.443445081617,0.486527884694,0.494842023288
1167968,0.194272787758,0.150381548986,0.0870383892713,0.130194352407,0.465945169105,0.456964418185,0.503962444657
1172262,0.194987025948,0.287172210331,0.127038826602,0.179257342849,0.577561297392,0.500123159474,0.510671267195
1176556,0.195701264138,-0.0321484553696,-0.0588743360323,-0.194308056971,0.680640985566,0.544830285737,0.65475649747
1180850,0.196415502329,0.248866077106,0.0437231223226,0.221596295978,0.661330967812,0.606728876798,0.602500253104
1185144,0.197129740519,0.169067149125,0.00543509664622,0.134734339384,0.430878247993,0.425689464739,0.502286964284
1189438,0.197843978709,0.220999490532,0.0614955868549,0.174953460236,0.662716316743,0.580911602532,0.567386831748
1193732,0.1985582169,-0.119620746983,-0.101186107319,-0.147985235795,0.746685746133,0.560883513966,0.61586457632
1198026,0.19927245509,0.366946241922,0.235126717262,0.327486783654,0.610949414446,0.49838090278,0.645504398537
1202320,0.19998669328,0.227056911169,0.163448900956,0.188710116142,0.652378471702,0.540262030934,0.565633801802
1206614,0.20070093147,0.15366009918,0.119484662663,0.161548926315,0.709096795518,0.668245955712,0.71244985548
1210908,0.201415169661,0.40914750764,0.18418146114,0.278157753032,0.966862502994,0.833726132083,0.878489104668
1215202,0.202129407851,0.535515885865,0.771109812763,0.626369605973,0.949322754525,1.01950338774,1.07117581045
1219496,0.202843646041,0.160319787361,0.2408057944,0.0334948763814,1.03573243873,1.04254370556,0.988123109004
1223790,0.203557884232,-0.568806721336,-0.414356571331,-0.634153073862,0.835951864443,0.809590598914,0.847941391657
1228084,0.204272122422,-0.243815202856,-0.356603691141,-0.175862933251,0.827799558595,0.943734811602,0.84578998159
1232378,0.204986360612,-0.0611461519295,-0.21888841073,-0.134579803987,0.826015421098,0.763716146746,0.800185253953
1236672,0.205700598802,-0.0752596199063,-0.175195881939,-0.0374047418247,0.753286361255,0.678118189107,0.671207605688
1240966,0.206414836993,0.0778357503201,0.00106004183065,0.0477605961686,0.813625578569,0.743690824748,0.751517567633
1245260,0.207129075183,0.420297452208,0.421810098058,0.647804883766,0.875065397366,0.723469977099,0.783621239696
1249554,0.207843313373,0.809131863593,0.610229043469,0.690747515648,0.982474381625,0.904235503941,0.798401241554
1253848,0.208557551564,-0.126189203891,0.16989661205,-0.227107818801,0.992039402252,1.05363435327,1.18466133777
1258142,0.209271789754,0.456240487944,0.596541710982,0.474534316503,0.994992530673,0.926785113733,1.01951677376
1262436,0.209986027944,0.90734862139,0.545102379105,0.647729032411,1.38029028619,1.09791686995,1.50350441999
1266730,0.210700266134,1.65069259904,1.30168938838,0.988100974731,2.18360491275,1.87507413298,1.96224147299
1271024,0.211414504325,1.21091608536,0.619720546408,0.108875736838,2.52732427764,1.95646511499,2.20082433447
1275318,0.212128742515,1.52818867607,1.94769615876,1.61799618267,1.37769135083,1.93888071678,1.72954879141
1279612,0.212842980705,1.47519213343,1.04188406395,1.57226070152,1.30239147252,1.04418044891,1.68136854729
1283906,0.213557218896,0.581424953819,0.122520305445,0.516729529673,1.3178859181,1.50794553717,1.41917786089
1288200,0.214271457086,0.391434843605,0.585151372001,1.03952432758,2.20896439329,2.32668192105,2.85269333184
1292494,0.214985695276,-0.153723970433,0.176346006875,0.141084902712,4.00299725809,4.66386936617,4.83722061478
1296788,0.215699933466,-0.914823753777,-0.711691424006,-0.708850768189,2.63410949297,2.56982528302,2.77696852306
1301082,0.216414171657,-1.77412112766,-0.938915342411,-1.74521204538,2.88707971132,2.62925264724,2.53514118796
1305376,0.217128409847,0.930518498752,0.135311114121,1.24507106892,2.23893728349,2.20574701045,2.83442663263
1309670,0.217842648037,0.0803240413523,0.0957139931276,-0.14383076879,1.78762078637,1.77025122062,1.87114477345
1313964,0.218556886228,-1.52877522408,-1.49154055602,-1.56556778148,2.2440900412,2.03178400391,1.8801395196
1318258,0.219271124418,-0.229316780364,-0.103939401818,-0.290156972886,1.37541180258,1.32228524395,1.44442772889
1322552,0.219985362608,-0.318293040987,-0.142739013765,-0.199243207133,1.03385864017,0.930490189349,0.926108342362
1326846,0.220699600798,-0.253578100587,-0.386806600397,-0.588199392052,1.00108153724,0.882558842188,0.884724572493
1331140,0.221413838989,-0.326462768596,-0.374294214785,-0.400414094078,0.645475161984,0.796588802203,0.705034819146
1335434,0.222128077179,0.0614506912953,0.0719833168789,0.0371207113503,0.731473963336,0.580955248424,0.606731470857
1339728,0.222842315369,0.42679249074,0.291422624933,0.282152522961,0.597699531608,0.588232642894,0.626049401744
1344022,0.22355655356,0.0830175052535,0.0770287339845,-0.000277346092399,0.604451484698,0.690395043823,0.667163915954
1348316,0.22427079175,0.115816620232,-0.0077802386427,0.144017689262,0.503486370233,0.550352641332,0.650136752416
1352610,0.22498502994,-0.183030765805,-0.219418172408,-0.208467371017,0.6108353113,0.555258185263,0.606875296437
1356904,0.22569926813,0.362555314967,0.196095822805,0.518490336556,0.61243815787,0.54225689538,0.662312907736
1361198,0.226413506321,0.220296146317,0.260044987687,0.308131384631,0.65412838189,0.735780276634,0.723510893726
1365492,0.227127744511,-0.240397847142,0.0102451510088,-0.278323376145,0.857902388843,0.848920932575,0.746145796504
1369786,0.227841982701,0.673589086536,0.515097348627,0.665963056999,0.66596725074,0.683741852603,0.774028016162
1374080,0.228556220892,0.876563023315,0.685284423192,0.725214740845,0.824840625751,0.932052682893,1.04991888659
1378374,0.229270459082,-0.70008076711,-0.429352935668,-0.59812910382,1.17896698041,1.01242334144,1.3632248654
1382668,0.229984697272,-0.517437376061,-0.397640554299,-0.519420172122,1.12815682982,1.06067707456,1.18329689434
1386962,0.230698935462,-0.0897273777132,-0.23071713864,-0.379896390766,1.07577758282,1.03023641848,1.09755458768
1391256,0.231413173653,0.325783893633,0.23027404629,0.0716791134578,0.978970288657,0.897282384463,0.894407542018
1395550,0.232127411843,-0.274845825696,-0.232665800113,-0.132344450465,0.91927748011,0.945519405887,0.956367343929
1399844,0.232841650033,-0.968995494459,-0.983003938669,-0.993398264843,0.918635179764,0.917318335443,1.02473106977
1404138,0.233555888224,-0.176835157844,-0.279732609851,-0.316999094854,0.502334433126,0.43547227668,0.468933403925
1408432,0.234270126414,0.181057191253,0.0184015342971,0.00344108013872,0.48498069157,0.428352664873,0.505335984289
1412726,0.234984364604,0.14297508416,0.0737092022254,-0.00155071697574,0.410410848546,0.472096997067,0.406777089158
1417020,0.235698602794,0.257721291022,0.30774909249,0.158133687514,0.604168491581,0.719455328556,0.526282491144
1421314,0.236412840985,0.430732456263,0.332138941344,0.314741803452,0.543477682845,0.581598621224,0.606127187824
1425608,0.237127079175,0.117154958192,0.216208443317,0.254356165897,0.717215666153,0.750845015593,0.660416105591
1429902,0.237841317365,0.256275361333,0.550895078672,0.499452123258,0.819529081001,0.716462680828,0.782114040343
1434196,0.238555555556,0.578169515242,0.616457380229,0.615147624451,0.970952481083,0.855029372637,0.955322309326
1438490,0.239269793746,0.0633676014788,0.129324560246,0.0552643436783,1.30029256596,1.16117475938,1.3163937269
1442784,0.239984031936,0.460136571618,-0.00784096894727,0.0300057776659,1.34490353882,1.25548413374,1.03843297833
1447078,0.240698270126,0.034533202678,0.0278088314614,-0.30291967107,1.16435863681,1.19277206968,1.11637330998
1451372,0.241412508317,-0.782552112294,-0.750117234642,-0.666662122662,1.48460474399,1.28466709043,1.31254539597
1455666,0.242126746507,0.410371996783,0.454956977199,0.554412631662,1.14283709302,0.981363139656,1.18556793718
1459960,0.242840984697,-0.12043845766,-0.0325091800364,0.0119273125493,1.0465880729,0.978407894039,0.84727523884
1464254,0.243555222888,0.5630321898,0.272744086347,0.481701822597,1.09496934081,0.964798684586,0.991703151078
1468548,0.244269461078,-0.108306753034,-0.520701086471,-0.103840682482,1.58571510255,1.36270656082,1.2364926793
1472842,0.244983699268,-0.247993121909,-0.187675592998,0.0116780763039,1.06868838759,1.12599320163,1.01107030858
1477136,0.245697937458,-0.483328275845,-0.334604781304,-0.379474277648,1.1127503077,1.10268301788,1.01530991827
1481430,0.246412175649,-0.365086664804,-0.541665562863,-0.322987763048,0.900304726686,0.949958259152,0.919148173109
1485724,0.247126413839,0.131429909516,0.0806360415466,0.101831944735,0.756468655065,0.726496225287,0.787859885517
1490018,0.247840652029,-0.150290497679,-0.24227667979,-0.155127134493,0.915510573605,0.901118940639,0.71393396011
1494312,0.24855489022,-0.0803759028533,-0.167971868781,-0.361235964818,0.729542126252,0.680411724794,0.691949246776
1498606,0.24926912841,-0.271397193431,-0.123396798016,-0.21756488654,0.782054816584,0.87095966912,0.758288597312
1502900,0.2499833666,0.117295604295,0.0373142901999,0.125744547533,0.820001081854,0.756634325784,0.743442564072
1507194,0.25069760479,0.388417456006,0.184526527381,0.242525775088,0.705487829977,0.714656206753,0.629792953867
1511488,0.251411842981,-0.0259367873573,-0.28725783655,-0.0664136528115,0.776627637716,0.87179232271,0.862418271086
1515782,0.252126081171,0.319994037921,0.277402670432,0.35850607688,0.905189986616,0.741177981376,0.638822582859
1520076,0.252840319361,-0.330030384452,-0.213990122232,-0.123186246625,0.876506182142,1.03230235951,0.977496345261
1524370,0.253554557552,0.500311288823,0.617621770968,0.467270490563,1.02689432062,1.04559735303,0.932906028546
1528664,0.254268795742,0.500106203077,0.343943002493,0.0725606548229,1.2840774561,1.24750081894,1.08408045891
1532958,0.254983033932,0.0580093563433,0.100782588859,0.292623146102,1.06802087155,0.888993998733,1.12623284881
1537252,0.255697272122,-0.0900450759028,-0.410841388887,-0.148497388529,1.34571175656,1.30274069562,1.44214656234
1541546,0.256411510313,0.257728624143,0.426839867618,0.171855707905,1.67038430056,1.37953420871,1.37714162564
1545840,0.257125748503,-0.140415430371,0.0474672086041,-0.504893978579,1.87488429726,1.77685330829,1.9591174329
1550134,0.257839986693,0.0513066788804,-0.101885724905,-0.298725567866,1.42847039654,1.52599195876,1.61160612077
1554428,0.258554224884,-0.0968867017664,-0.0842985992452,0.145699559326,1.49770245381,1.53682965483,1.3253497557
1558722,0.259268463074,0.713095462683,0.356159068412,0.394192908188,1.57288543532,1.46207207042,1.57982664371
1563016,0.259982701264,-0.630241234831,-0.966909314585,-0.742261262968,1.16844687491,1.26859523094,1.1462628966
1567310,0.260696939454,-0.396633040256,-0.618924818042,-0.507741523652,0.90250488258,0.863477507764,1.00752493435
1571604,0.261411177645,-0.291504631487,-0.174596650874,-0.297190101287,0.88341336522,0.757951170606,0.677689412075
1575898,0.262125415835,-0.0529117746053,-0.0125087744354,0.175271313765,0.741538444538,0.715450161465,0.768502787728
1580192,0.262839654025,-0.566660835407,-0.673113583716,-0.617792304032,0.802593595991,0.927742825387,0.87135172059
1584486,0.263553892216,-0.199596231524,-0.239658419956,-0.114000329001,0.74297153952,0.5012656342,0.538055806132
1588780,0.264268130406,-0.243129327634,-0.171911141305,-0.138515443469,0.391627522648,0.357289992679,0.403920560372
1593074,0.264982368596,-0.220299737756,-0.177489502572,-0.183104820741,0.479299669738,0.530937582725,0.432673042155
1597368,0.265696606786,-0.111148923913,-0.108596457116,-0.0514866034409,0.403082126143,0.402770534042,0.496445678587
1601662,0.266410844977,-0.130491096517,-0.0932016874658,-0.120018337344,0.406161737562,0.35853538411,0.377516671881
1605956,0.267125083167,-0.06952659107,-0.136253295061,-0.118075297335,0.327196399417,0.360684789018,0.371770371606
1610250,0.267839321357,-0.0647057607757,-0.157558090762,-0.079011482095,0.319349567097,0.334539614624,0.334102173424
1614544,0.268553559548,0.0330842840345,-0.0400962267238,-0.00550809854413,0.331039831213,0.356339956608,0.322753010509
1618838,0.269267797738,-0.0440473555499,-0.0307058200966,-0.0748996338591,0.306560117218,0.289973656038,0.30603217797
1623132,0.269982035928,-0.0826950427875,-0.0406846755821,-0.0146807665116,0.338186704984,0.301067191236,0.35914574894
1627426,0.270696274118,-0.00651618971167,-0.00640798143651,-0.0346770583162,0.259587111314,0.262366065772,0.311597251982
1631720,0.271410512309,0.0262747315726,0.0805092899611,0.0780849572054,0.277516411238,0.287033379383,0.328910145814
1636014,0.272124750499,0.0329047872695,0.148485876721,0.150971481659,0.296526246968,0.310118892879,0.311931921778
1640308,0.272838988689,0.206154048194,0.226545831014,0.246512144897,0.340693222124,0.307227606172,0.325672624007
1644602,0.27355322688,0.16569899081,0.160990187889,0.160808601803,0.315897969214,0.348926407945,0.358918669025
1648896,0.27426746507,0.252038748874,0.235091714794,0.270883943089,0.403630277422,0.452624893096,0.482167474239
1653190,0.27498170326,0.609555908987,0.525617758128,0.378017032561,0.712689813583,0.67374648724,0.659302752107
1657484,0.27569594145,0.416660815152,0.282851002991,0.436496238021,0.882533457018,0.908106238542,0.869001084332
1661778,0.276410179641,0.865259521014,0.75811934401,0.768746570883,0.896960010795,0.96390437971,0.967400612242
1666072,0.277124417831,0.989084653211,1.01945142877,0.899431034674,1.42354441563,1.56027401639,1.52962375214
1670366,0.277838656021,-0.0590115580401,0.344861626222,0.235945954232,1.84303997445,1.76155618184,1.97297887305
1674660,0.278552894212,-0.910110009066,-0.909623682294,-0.750022807596,1.07599947776,1.2052655628,1.23229547343
1678954,0.279267132402,-0.0853558351459,-0.0284278942214,0.023264877696,0.676731863614,0.692338130976,0.643070773786
1683248,0.279981370592,0.181599700013,-0.0325519676675,0.111176747509,0.81388911579,0.761380850395,0.775014156711
1687542,0.280695608782,0.252140236586,0.148826207985,0.192558773901,0.744749147232,0.832520465657,0.728647678701
1691836,0.281409846973,0.0918072891333,0.217166656713,0.171608941773,1.00776895709,0.969833384581,1.05125602051
1696130,0.282124085163,-0.332133839753,-0.34185275904,-0.287996385593,0.921688843122,0.801717008815,0.771427687846
1700424,0.282838323353,-0.476153826908,-0.478275554009,-0.69734786106,0.79395508751,0.676805615949,0.694082009287
1704718,0.283552561544,-0.289462659491,-0.203959989336,-0.246325266431,0.506115711065,0.56383620554,0.511795825729
1709012,0.284266799734,-0.108182009977,-0.0532412796477,-0.113205050281,0.470115936288,0.485261498297,0.530296435762
1713306,0.284981037924,0.209308345519,0.111485951423,0.147987874324,0.459127992391,0.454037677815,0.400027363287
1717600,0.285695276114,0.28093167399,0.284780950884,0.191763276089,0.565700333312,0.566157447241,0.475233770472
1721894,0.286409514305,0.435946493806,0.403942115792,0.373032531528,0.650059151068,0.692405428508,0.569323037953
1726188,0.287123752495,0.0386199809695,0.171964402804,0.244073781227,0.667225656492,0.698421326053,0.74823659466
1730482,0.287837990685,-0.0132407786863,-0.00675024015207,0.208795103263,0.728405602712,0.790642950024,0.751495512414
1734776,0.288552228876,-0.528983710423,-0.590547151004,-0.616695831439,0.901719959366,0.940280390853,0.878527862575
1739070,0.289266467066,0.0693660970447,-0.0647271978016,-0.156896042917,0.744514518944,0.753384363083,0.76330834025
1743364,0.289980705256,0.156004913568,0.212482722564,0.257372269707,0.842537704245,0.838909666914,0.78902620703
1747658,0.290694943446,-0.232318908404,-0.233366297918,-0.144302774428,0.777377284146,0.756627374444,0.654271019471
1751952,0.291409181637,0.244756544891,0.325255147225,0.225682003148,0.721950716484,0.872230167092,0.84376987169
1756246,0.292123419827,0.31082799821,0.345851979664,0.432652426043,0.814257499755,0.997780214905,0.977254070331
1760540,0.292837658017,0.137560192345,0.135848733744,0.0899199676834,1.01771576021,1.46217848911,1.05294470153
1764834,0.293551896208,-0.477841756321,-0.402402686964,-0.293688130183,0.97745015539,1.19789533081,1.0408987936
1769128,0.294266134398,0.404681626136,0.50491014429,0.710377792414,1.11939055916,1.18894118239,1.28981861695
1773422,0.294980372588,0.102276218876,0.0809670420259,0.0703696839741,1.08896826122,1.0780048951,1.26331506478
1777716,0.295694610778,0.39941282915,0.155152690484,0.396931087843,1.48622167228,1.44930184161,1.59961407087
1782010,0.296408848969,1.30549809581,1.5187695202,1.26649551892,1.55357932828,1.64189709321,1.78320792212
1786304,0.297123087159,0.182450436445,-0.940353108545,-0.013024326865,2.11130471291,1.74020165864,1.7462481083
1790598,0.297837325349,-1.35364146059,-1.76278533266,-1.23666987422,1.98334982284,2.1757285363,2.42541774492
1794892,0.29855156354,-0.744749531144,-0.839897929129,-0.837151493307,1.39476748543,1.14989888271,1.39531025984
1799186,0.29926580173,0.586070414509,0.331900881925,0.913431681872,1.33169094149,1.24958640679,1.55305663811
1803480,0.29998003992,0.456815245519,0.526735324055,0.563842441552,1.20144197686,1.33282449977,1.44678969738
1807774,0.30069427811,-1.23626048674,-1.49220372588,-1.56365580192,2.62035122995,2.54705331603,3.01508008696
1812068,0.301408516301,-0.236055229733,-0.15821134677,0.106153350754,1.70193955056,1.46267270787,1.67013959531
1816362,0.302122754491,-0.989633441762,-1.16696513752,-0.85181310668,1.99420434192,2.03552867077,2.31778436593
1820656,0.302836992681,-0.27287422933,-0.057499721744,-0.405181488267,0.9685609523,0.997425585081,1.02588509433
