3340,0.000555555555556,0.0581844598022,0.0115864546793
6680,0.00111111111111,0.0572415143316,0.0164067380855
10020,0.00166666666667,0.0562223357376,0.0205935213109
13360,0.00222222222222,0.0553617477087,0.0222073235694
16700,0.00277777777778,0.0539128510324,0.0223609210112
20040,0.00333333333333,0.0519113357653,0.0225534030104
23380,0.00388888888889,0.0515438604503,0.023998743249
26720,0.00444444444444,0.0511371097772,0.024074408388
30060,0.005,0.0507582625525,0.0245867019559
33400,0.00555555555556,0.0500926326997,0.0240470250831
36740,0.00611111111111,0.0491803249501,0.0247036989812
40080,0.00666666666667,0.0484771499459,0.025019784258
43420,0.00722222222222,0.0481943791398,0.0259990198215
46760,0.00777777777778,0.0489701546805,0.0267626377718
50100,0.00833333333333,0.049411850769,0.0275824776566
53440,0.00888888888889,0.0496671767649,0.0277724664106
56780,0.00944444444444,0.0498098965458,0.0266062687298
60120,0.01,0.0494441366546,0.024803137033
63460,0.0105555555556,0.0490353511134,0.0235547887741
66800,0.0111111111111,0.0502439524355,0.0240083164145
70140,0.0116666666667,0.0514894841412,0.025026638816
73480,0.0122222222222,0.0513610770085,0.0258930859809
76820,0.0127777777778,0.0500973750168,0.0262508755504
80160,0.0133333333333,0.0481359462999,0.0259712807291
83500,0.0138888888889,0.0475584006413,0.0245934459605
86840,0.0144444444444,0.0491744174834,0.0260063368574
90180,0.015,0.0502607876377,0.0263911802154
93520,0.0155555555556,0.0499384439758,0.0274825927355
96860,0.0161111111111,0.0487308655986,0.0283593702141
100200,0.0166666666667,0.0474611724444,0.0284198695573
103540,0.0172222222222,0.0455552349718,0.0300260131802
106880,0.0177777777778,0.0467576724681,0.0345529051998
110220,0.0183333333333,0.0438718414574,0.0411236233625
113560,0.0188888888889,0.0427524750671,0.0444310782265
116900,0.0194444444444,0.0424351906443,0.0422323670509
120240,0.02,0.0396414506256,0.0418849621997
123580,0.0205555555556,0.0395252697785,0.0402208422404
126920,0.0211111111111,0.0405308830072,0.0418768454
130260,0.0216666666667,0.0423018759026,0.0409532192887
133600,0.0222222222222,0.0444332812044,0.0452359925772
136940,0.0227777777778,0.0408818036233,0.0535191174803
140280,0.0233333333333,0.0433431343402,0.0462780294997
143620,0.0238888888889,0.0410382303912,0.062977832815
146960,0.0244444444444,0.0450836383976,0.0529553700266
150300,0.025,0.0396044402843,0.062867538076
153640,0.0255555555556,0.0323859481461,0.0837074006987
156980,0.0261111111111,0.0346166093178,0.0698891576912
160320,0.0266666666667,0.038200516076,0.0683600217826
163660,0.0272222222222,0.0377107093735,0.0744385300366
167000,0.0277777777778,0.0377754263921,0.0691023048109
170340,0.0283333333333,0.0405391209329,0.0756320240037
173680,0.0288888888889,0.0403992130659,0.0702882568647
177020,0.0294444444444,0.0448627384787,0.0731442630973
180360,0.03,0.0495467800642,0.0826902192503
183700,0.0305555555556,0.0430440557187,0.0680385783982
187040,0.0311111111111,0.0400933158626,0.0583176873784
190380,0.0316666666667,0.0423891522361,0.0511795811298
193720,0.0322222222222,0.0369715565967,0.0684623633233
197060,0.0327777777778,0.0397082825368,0.0645992541587
200400,0.0333333333333,0.0424797408457,0.068179162952
203740,0.0338888888889,0.0387801383939,0.109759851216
207080,0.0344444444444,0.0414616016353,0.0623876986356
210420,0.035,0.0454906646118,0.0522170311521
213760,0.0355555555556,0.0427026232611,0.0576844500412
217100,0.0361111111111,0.043638563276,0.0550887867011
220440,0.0366666666667,0.0469721799882,0.0609113855755
223780,0.0372222222222,0.0433746757627,0.0498582508706
227120,0.0377777777778,0.0444409727663,0.0445197482915
230460,0.0383333333333,0.0432392188352,0.0515446831401
233800,0.0388888888889,0.0457685117671,0.0546424436432
237140,0.0394444444444,0.0472140271623,0.0486901514743
240480,0.04,0.0450939571005,0.0534645677903
243820,0.0405555555556,0.0442454841299,0.0528343962478
247160,0.0411111111111,0.0432968349644,0.0510618863905
250500,0.0416666666667,0.0390576242599,0.0509464194692
253840,0.0422222222222,0.0436302289099,0.0525414922029
257180,0.0427777777778,0.0435468565094,0.0527032457853
260520,0.0433333333333,0.045827809955,0.0552751545641
263860,0.0438888888889,0.0453789223483,0.0482130369302
267200,0.0444444444444,0.0442239449239,0.0588440878544
270540,0.045,0.0412548949589,0.0561450594052
273880,0.0455555555556,0.0427941292787,0.053777959087
277220,0.0461111111111,0.0495245154388,0.0523298735426
280560,0.0466666666667,0.0496860203251,0.0564174323123
283900,0.0472222222222,0.0466966480387,0.0534397084612
287240,0.0477777777778,0.0446295142708,0.0565859334224
290580,0.0483333333333,0.0465351580302,0.0589570005549
293920,0.0488888888889,0.0416793861392,0.0792688307662
297260,0.0494444444444,0.0460210351469,0.086357534812
300600,0.05,0.0355658732179,0.107703798905
303940,0.0505555555556,0.0401271719688,0.0912826605304
307280,0.0511111111111,0.0358964480052,0.080974170789
310620,0.0516666666667,0.0385402074302,0.0721924520801
313960,0.0522222222222,0.0376279687764,0.0749206263718
317300,0.0527777777778,0.0412936491911,0.0762746500277
320640,0.0533333333333,0.0441782409103,0.0905983142141
323980,0.0538888888889,0.0471811794512,0.0718583937014
327320,0.0544444444444,0.0474953972499,0.0623028979257
330660,0.055,0.0428564468125,0.0606641331076
334000,0.0555555555556,0.0394964756753,0.0584992001772
337340,0.0561111111111,0.046906694418,0.0633269493287
340680,0.0566666666667,0.0390752767815,0.0703175921372
344020,0.0572222222222,0.0417457273945,0.0652541857534
347360,0.0577777777778,0.0464745183488,0.0626368082557
350700,0.0583333333333,0.0352869755213,0.0704658244517
354040,0.0588888888889,0.0343117061431,0.0844534228593
357380,0.0594444444444,0.0439812726398,0.0885009859837
360720,0.06,0.0442135508954,0.0881467437418
364060,0.0605555555556,0.0474220415815,0.0787946111095
367400,0.0611111111111,0.0450264547806,0.0888191331172
370740,0.0616666666667,0.0458218423463,0.0913996119643
374080,0.0622222222222,0.0473024838958,0.0661216577212
377420,0.0627777777778,0.0404873715252,0.0716115639899
380760,0.0633333333333,0.0323056620559,0.0708663188714
384100,0.0638888888889,0.0438400740558,0.0701181985871
387440,0.0644444444444,0.0443591421104,0.0559824990997
390780,0.065,0.0413942963534,0.0530600415909
394120,0.0655555555556,0.0411741247688,0.0497351218438
397460,0.0661111111111,0.0427957648541,0.0592051729407
400800,0.0666666666667,0.0451541324691,0.0653733764488
404140,0.0672222222222,0.0331346863908,0.0728873022274
407480,0.0677777777778,0.0453199172429,0.0751080347457
410820,0.0683333333333,0.0432400795281,0.0621952024488
414160,0.0688888888889,0.0428778023308,0.0685069101641
417500,0.0694444444444,0.0433354790123,0.0709374320437
420840,0.07,0.0469068698314,0.0661927638256
424180,0.0705555555556,0.0397039242964,0.0741041111827
427520,0.0711111111111,0.040716885371,0.0654019048845
430860,0.0716666666667,0.0454939110038,0.0670553743948
434200,0.0722222222222,0.0446948087287,0.0674608625349
437540,0.0727777777778,0.037401886079,0.0687258821532
440880,0.0733333333333,0.035525163655,0.0762187713643
444220,0.0738888888889,0.0379452317961,0.0700901340813
447560,0.0744444444444,0.0442555071279,0.0619939716605
450900,0.075,0.0408050653803,0.0743595738152
454240,0.0755555555556,0.0407810133112,0.0679608702085
457580,0.0761111111111,0.0442597699338,0.0606813343549
460920,0.0766666666667,0.0443694926236,0.0654399176162
464260,0.0772222222222,0.0405438637834,0.060100038155
467600,0.0777777777778,0.0452889353666,0.0457483174382
470940,0.0783333333333,0.0472560449579,0.0498374446952
474280,0.0788888888889,0.0456009868404,0.0588857349903
477620,0.0794444444444,0.041877549069,0.0553707193236
480960,0.08,0.0398205191545,0.0509564530414
484300,0.0805555555556,0.0430916582375,0.0454336052707
487640,0.0811111111111,0.0442384802057,0.0538304316517
490980,0.0816666666667,0.0448737248098,0.065375157458
494320,0.0822222222222,0.0427560733837,0.0562737175663
497660,0.0827777777778,0.0472667497263,0.0527987182183
501000,0.0833333333333,0.045206055365,0.0626539992892
504340,0.0838888888889,0.0427557433868,0.0597912860136
507680,0.0844444444444,0.0449195402349,0.0654977802728
511020,0.085,0.0436008928269,0.0575276549212
514360,0.0855555555556,0.0480900407236,0.0477137171608
517700,0.0861111111111,0.0470847374839,0.0656938014097
521040,0.0866666666667,0.0418120909277,0.0511072192273
524380,0.0872222222222,0.0404741938235,0.0755688121182
527720,0.0877777777778,0.0416210955331,0.0729653920294
531060,0.0883333333333,0.0434425403122,0.0667059857573
534400,0.0888888888889,0.0420325348523,0.0668673949587
537740,0.0894444444444,0.051651340887,0.0901308006441
541080,0.09,0.0411775876957,0.0760844491821
544420,0.0905555555556,0.0385183346507,0.0761953426495
547760,0.0911111111111,0.0433755851112,0.0819794772751
551100,0.0916666666667,0.0438342634587,0.0793164760338
554440,0.0922222222222,0.0387325342996,0.0967961509189
557780,0.0927777777778,0.0433311347418,0.0626645170382
561120,0.0933333333333,0.0382279312011,0.0692462606184
564460,0.0938888888889,0.043105102178,0.0602132467868
567800,0.0944444444444,0.0429266966029,0.0618562892379
571140,0.095,0.0413139210253,0.0721717124447
574480,0.0955555555556,0.0387109215794,0.0661110579585
577820,0.0961111111111,0.0449831881144,0.0576217404553
581160,0.0966666666667,0.0465036348958,0.0599543179687
584500,0.0972222222222,0.0450678465705,0.0580626305311
587840,0.0977777777778,0.0502355669512,0.0567732826335
591180,0.0983333333333,0.0478650684298,0.0589811963685
594520,0.0988888888889,0.0483592861667,0.0761186348913
597860,0.0994444444444,0.0532312154273,0.0704267806409
601200,0.1,0.0428555969809,0.0588895855991
604540,0.100555555556,0.0379139045601,0.051342987137
607880,0.101111111111,0.0463664739118,0.0600931418627
611220,0.101666666667,0.0433101503153,0.0646846010275
614560,0.102222222222,0.0418169326259,0.0791983092802
617900,0.102777777778,0.0437501210656,0.078527102829
621240,0.103333333333,0.0421696659844,0.0768494253311
624580,0.103888888889,0.0427420596556,0.0674942138007
627920,0.104444444444,0.0404547950086,0.0568852321317
631260,0.105,0.0393317679093,0.0829042488821
634600,0.105555555556,0.0430137862575,0.0744055493642
637940,0.106111111111,0.0439149225233,0.0808539123877
641280,0.106666666667,0.0519307784605,0.0653359392048
644620,0.107222222222,0.0205203022025,0.129436210183
647960,0.107777777778,0.0437332823467,0.12376789102
651300,0.108333333333,0.0355365829537,0.136534754214
654640,0.108888888889,0.0500345273069,0.0777805211515
657980,0.109444444444,0.0467942035312,0.0684462181285
661320,0.11,0.0554355477138,0.138163019752
664660,0.110555555556,0.0413753644846,0.0782832772529
668000,0.111111111111,0.0374351759571,0.0636648947781
671340,0.111666666667,0.0338897740679,0.0802555755667
674680,0.112222222222,0.0477504667572,0.0654684007741
678020,0.112777777778,0.0402280977032,0.0835780772848
681360,0.113333333333,0.04330333539,0.0650797998676
684700,0.113888888889,0.0405079486972,0.0624686093643
688040,0.114444444444,0.0402579181897,0.0762414567017
691380,0.115,0.041019800924,0.0814154497808
694720,0.115555555556,0.0425995290261,0.0907468337594
698060,0.116111111111,0.0359523412986,0.0862997060855
701400,0.116666666667,0.043789921352,0.0716776294988
704740,0.117222222222,0.0389598152957,0.0636667852667
708080,0.117777777778,0.0387695256572,0.0511789523872
711420,0.118333333333,0.0443414076371,0.0509221431362
714760,0.118888888889,0.0441089452359,0.0620466365421
718100,0.119444444444,0.0420485358603,0.0701323832978
721440,0.12,0.0486983796309,0.0626157553107
724780,0.120555555556,0.0463946175218,0.0607836406983
728120,0.121111111111,0.0473118264063,0.0616614700162
731460,0.121666666667,0.0423186659147,0.0576261391094
734800,0.122222222222,0.0417834184497,0.0618510021996
738140,0.122777777778,0.039240522838,0.0823150682935
741480,0.123333333333,0.0468936209891,0.0633414754169
744820,0.123888888889,0.042469781297,0.0722092759955
748160,0.124444444444,0.0396498978394,0.0888636169411
751500,0.125,0.0430575311152,0.0638469034395
754840,0.125555555556,0.0458275268419,0.0726673630297
758180,0.126111111111,0.043730237698,0.0648429712179
761520,0.126666666667,0.0490303929735,0.0723203717419
764860,0.127222222222,0.0473434820445,0.0627814115468
768200,0.127777777778,0.0418390963651,0.0590249564761
771540,0.128333333333,0.0367137316678,0.0570073018133
774880,0.128888888889,0.0410814150114,0.0547336312924
778220,0.129444444444,0.042704450538,0.0560561295366
781560,0.13,0.0454351008398,0.0574923676
784900,0.130555555556,0.0371919845129,0.0644073656077
788240,0.131111111111,0.0428185414096,0.0630382854446
791580,0.131666666667,0.0391509950589,0.0636415492289
794920,0.132222222222,0.0461317588706,0.0722041300431
798260,0.132777777778,0.0455149475505,0.0623052327803
801600,0.133333333333,0.0440591615458,0.0673407855592
804940,0.133888888889,0.048713309184,0.0599212207642
808280,0.134444444444,0.0472432641112,0.0617780759853
811620,0.135,0.0397346967945,0.0603373824827
814960,0.135555555556,0.041235093345,0.0498796205269
818300,0.136111111111,0.0418303010172,0.0615561808216
821640,0.136666666667,0.0437259891277,0.062369165293
824980,0.137222222222,0.0405594355103,0.0520175571856
828320,0.137777777778,0.041591788817,0.05312350302
831660,0.138333333333,0.0432519467711,0.0477224782383
835000,0.138888888889,0.0415662501313,0.0478843012483
838340,0.139444444444,0.0425798953728,0.0421710682494
841680,0.14,0.0439467602491,0.0409438791906
845020,0.140555555556,0.0412297612992,0.0492544278796
848360,0.141111111111,0.0416426179173,0.0495452719733
851700,0.141666666667,0.0452368441264,0.052774183306
855040,0.142222222222,0.0427477214642,0.0464763312966
858380,0.142777777778,0.0422340006717,0.0619250988046
861720,0.143333333333,0.0426563257366,0.0635097930279
865060,0.143888888889,0.0423120363519,0.0607817740803
868400,0.144444444444,0.0350583114276,0.0755459671666
871740,0.145,0.0371898033671,0.0807241227739
875080,0.145555555556,0.0415388935072,0.06268948821
878420,0.146111111111,0.0410329892869,0.0556610298684
881760,0.146666666667,0.0403416437424,0.0685626724539
885100,0.147222222222,0.0427055098922,0.060469067719
888440,0.147777777778,0.0388820848099,0.0720184412909
891780,0.148333333333,0.0343455273999,0.0775141486864
895120,0.148888888889,0.0367126932749,0.0607052247709
898460,0.149444444444,0.0426151779331,0.0581384492384
901800,0.15,0.0310662385682,0.0708191082504
905140,0.150555555556,0.0388141170739,0.0607060215178
908480,0.151111111111,0.0405951877189,0.0495726381215
911820,0.151666666667,0.0426923110133,0.0453429107366
915160,0.152222222222,0.0428747306495,0.0480415418949
918500,0.152777777778,0.0391269324815,0.0444991764008
921840,0.153333333333,0.0434752961252,0.0411452491754
925180,0.153888888889,0.0444666154401,0.0408655360533
928520,0.154444444444,0.0451493787622,0.0404757242707
931860,0.155,0.0458176427059,0.0369178739584
935200,0.155555555556,0.0441407549811,0.0360287271943
938540,0.156111111111,0.0447522851126,0.0383860162894
941880,0.156666666667,0.0456474584427,0.0412633821015
945220,0.157222222222,0.0448285349959,0.0456647726731
948560,0.157777777778,0.0441689958384,0.0460593561004
951900,0.158333333333,0.0421829995658,0.0408377425093
955240,0.158888888889,0.0423372432027,0.037987315485
958580,0.159444444444,0.0451954811713,0.0395376494769
961920,0.16,0.0473431824535,0.0366785305916
965260,0.160555555556,0.0467226027002,0.0368944396581
968600,0.161111111111,0.0460040198997,0.0391996276753
971940,0.161666666667,0.045755880993,0.0431686998532
975280,0.162222222222,0.0458561529081,0.0404667167287
978620,0.162777777778,0.0451392233714,0.0365137477093
981960,0.163333333333,0.0444893523915,0.0341972765496
985300,0.163888888889,0.0445129966186,0.0402118688621
988640,0.164444444444,0.0443145014743,0.0420344705357
991980,0.165,0.0448352992032,0.042917243822
995320,0.165555555556,0.0423191972855,0.0417681645448
998660,0.166111111111,0.0412545787764,0.0428481240441
1002000,0.166666666667,0.0406655735369,0.0420924906862
1005340,0.167222222222,0.0415975058832,0.0465643864409
1008680,0.167777777778,0.0396629881217,0.0442367819618
1012020,0.168333333333,0.0375356570366,0.0426298417184
1015360,0.168888888889,0.0388823159102,0.0432790098213
1018700,0.169444444444,0.0380859222974,0.0431082885644
1022040,0.17,0.0396271407935,0.040803357401
1025380,0.170555555556,0.0416293149844,0.03884010159
1028720,0.171111111111,0.0417274155431,0.0473656406567
1032060,0.171666666667,0.0411825303395,0.0487613583201
1035400,0.172222222222,0.0417238665591,0.0477118857328
1038740,0.172777777778,0.0430949716667,0.0490322580079
1042080,0.173333333333,0.0423815751348,0.0457010782912
1045420,0.173888888889,0.0420958065446,0.0433540174677
1048760,0.174444444444,0.0413079123218,0.0503591427319
1052100,0.175,0.0405487578175,0.0591238144796
1055440,0.175555555556,0.0405309099811,0.0532503672726
1058780,0.176111111111,0.0401020300596,0.0526313292359
1062120,0.176666666667,0.0398519268069,0.0721747701426
1065460,0.177222222222,0.0439321048331,0.0585287679253
1068800,0.177777777778,0.0417118397233,0.0781979380613
1072140,0.178333333333,0.0442425248739,0.0760612143445
1075480,0.178888888889,0.046401028564,0.0644602808623
1078820,0.179444444444,0.0467872014808,0.0560377116715
1082160,0.18,0.0474371728541,0.0611241559018
1085500,0.180555555556,0.044198225385,0.0661365158872
1088840,0.181111111111,0.0458156236009,0.0623637437672
1092180,0.181666666667,0.0475565483883,0.0626647654554
1095520,0.182222222222,0.0440654876343,0.0669982110745
1098860,0.182777777778,0.0434369326048,0.076480356299
1102200,0.183333333333,0.0466273766487,0.063252340986
1105540,0.183888888889,0.0442233222716,0.0682281868413
1108880,0.184444444444,0.04459331066,0.121706375833
1112220,0.185,0.0495458848827,0.0992052168014
1115560,0.185555555556,0.0469874765491,0.104582490064
1118900,0.186111111111,0.0317292282023,0.0665014900987
1122240,0.186666666667,0.0392568843929,0.0835119331116
1125580,0.187222222222,0.0399468201786,0.0697682527599
1128920,0.187777777778,0.0418242868559,0.0726015709369
1132260,0.188333333333,0.0411083655613,0.0729576215132
1135600,0.188888888889,0.0481584542524,0.0667488528621
1138940,0.189444444444,0.0465869789887,0.0678871086986
1142280,0.19,0.0455209887832,0.0663670247744
1145620,0.190555555556,0.0475018519958,0.0725043110163
1148960,0.191111111111,0.0482739696983,0.0732781205406
1152300,0.191666666667,0.0420917493207,0.07493839336
1155640,0.192222222222,0.0457752191638,0.0727330198012
1158980,0.192777777778,0.0380583767274,0.0876484116826
1162320,0.193333333333,0.048524453924,0.096509050523
1165660,0.193888888889,0.0521580244012,0.112780379738
1169000,0.194444444444,0.0468656538538,0.0562965188081
1172340,0.195,0.0404172460315,0.0760225376915
1175680,0.195555555556,0.0357416197977,0.0813299377905
1179020,0.196111111111,0.0409665520188,0.086594819116
1182360,0.196666666667,0.0343104895109,0.0833838900051
1185700,0.197222222222,0.0359248591015,0.0716087465667
1189040,0.197777777778,0.042253869109,0.0695221617925
1192380,0.198333333333,0.0406792378503,0.0702319298368
1195720,0.198888888889,0.0408883153678,0.0659501970037
1199060,0.199444444444,0.0418156706037,0.067998822494
1202400,0.2,0.0394382682342,0.0677741006395
1205740,0.200555555556,0.0319290444623,0.0753988850469
1209080,0.201111111111,0.0389818167611,0.0589427874727
1212420,0.201666666667,0.0379356768705,0.0822858047557
1215760,0.202222222222,0.0379736314159,0.0714639216176
1219100,0.202777777778,0.0415948596926,0.085510579961
1222440,0.203333333333,0.0402742629026,0.072490270568
1225780,0.203888888889,0.0467580952815,0.0886424082094
1229120,0.204444444444,0.0400733364145,0.0798772210398
1232460,0.205,0.0430828183575,0.192886105929
1235800,0.205555555556,0.0403573347896,0.0807896009429
1239140,0.206111111111,0.0432253262407,0.0871954455838
1242480,0.206666666667,0.0428872025652,0.0877346722101
1245820,0.207222222222,0.0356632142305,0.0888322987122
1249160,0.207777777778,0.0382131657846,0.0793671510267
1252500,0.208333333333,0.0448393048317,0.0602117239544
1255840,0.208888888889,0.0433519323889,0.0523193785648
1259180,0.209444444444,0.0429756394935,0.0588432228777
1262520,0.21,0.0444469583517,0.051072944578
1265860,0.210555555556,0.0420726699888,0.0559469853007
1269200,0.211111111111,0.0378469585698,0.0769710020044
1272540,0.211666666667,0.0375980635911,0.075726316835
1275880,0.212222222222,0.0385585577401,0.0752068225479
1279220,0.212777777778,0.0303246710672,0.0845921830924
1282560,0.213333333333,0.0396701362148,0.0752841973265
1285900,0.213888888889,0.0403852313469,0.0746532336555
1289240,0.214444444444,0.0442813955222,0.0616651673638
1292580,0.215,0.0306415828914,0.147498055892
1295920,0.215555555556,0.0273569537647,0.110572379671
1299260,0.216111111111,0.0381521153064,0.220030738788
1302600,0.216666666667,0.0412996765542,0.098644587077
1305940,0.217222222222,0.0364883709221,0.12048800017
1309280,0.217777777778,0.0425919208812,0.0802766469316
1312620,0.218333333333,0.0398459545876,0.0776949795711
1315960,0.218888888889,0.0450875931273,0.129396410688
1319300,0.219444444444,0.0346479546009,0.108660720342
1322640,0.22,0.0440917846236,0.101582091224
1325980,0.220555555556,0.0466160755562,0.0924288007644
1329320,0.221111111111,0.0385376019257,0.0775012263053
1332660,0.221666666667,0.0401822449435,0.0650110682903
1336000,0.222222222222,0.0447259636659,0.0639476821084
1339340,0.222777777778,0.047036175193,0.0679853903033
1342680,0.223333333333,0.0451369165001,0.0773974860194
1346020,0.223888888889,0.0434276095251,0.0867127902051
1349360,0.224444444444,0.0455661033142,0.0783506336315
1352700,0.225,0.0518157603633,0.078983894477
1356040,0.225555555556,0.0407182627077,0.0668355582776
1359380,0.226111111111,0.0456363600695,0.0811426747929
1362720,0.226666666667,0.0374344586317,0.0992755019324
1366060,0.227222222222,0.0407771054953,0.0810533861418
1369400,0.227777777778,0.0382266234705,0.0785347901467
1372740,0.228333333333,0.0398715950553,0.0673547085802
1376080,0.228888888889,0.0416365037023,0.0620214599815
1379420,0.229444444444,0.0406164767824,0.0548662098084
1382760,0.23,0.0402802592201,0.0646090265116
1386100,0.230555555556,0.0404507717857,0.062117051173
1389440,0.231111111111,0.0402614821655,0.0569890610539
1392780,0.231666666667,0.0385764407354,0.0653790851191
1396120,0.232222222222,0.0398364255042,0.0600598640186
1399460,0.232777777778,0.0406259199234,0.0505062861454
1402800,0.233333333333,0.0420686495958,0.0636763798326
1406140,0.233888888889,0.0446391850984,0.0586187441502
1409480,0.234444444444,0.0481796617925,0.0587427410653
1412820,0.235,0.0472087223103,0.0580861304446
1416160,0.235555555556,0.0478348444204,0.0576332457451
1419500,0.236111111111,0.0512905795804,0.0565544809352
1422840,0.236666666667,0.0506220819391,0.0455765810272
1426180,0.237222222222,0.0526050670787,0.0522730897284
1429520,0.237777777778,0.0480345614584,0.0572376783903
1432860,0.238333333333,0.0470638626495,0.0522130686013
1436200,0.238888888889,0.0445280260857,0.0524724256996
1439540,0.239444444444,0.0432129425532,0.0515239683315
1442880,0.24,0.0481069312233,0.0476168732736
1446220,0.240555555556,0.0505864522459,0.0464973575792
1449560,0.241111111111,0.0446182675163,0.0547257962245
1452900,0.241666666667,0.0462576129945,0.0599438765368
1456240,0.242222222222,0.0460599688851,0.0530043205191
1459580,0.242777777778,0.0474013413281,0.0500817484303
1462920,0.243333333333,0.0457871666387,0.0594832260432
1466260,0.243888888889,0.0489599450123,0.0530482625342
1469600,0.244444444444,0.0491053965156,0.0576204975742
1472940,0.245,0.0455844218461,0.0626210376634
1476280,0.245555555556,0.0461764238731,0.0566733176398
1479620,0.246111111111,0.0427897004406,0.0602998838241
1482960,0.246666666667,0.0429864603954,0.0631937465737
1486300,0.247222222222,0.0444638695386,0.0511781674792
1489640,0.247777777778,0.0480227110077,0.0582656271395
1492980,0.248333333333,0.0487243985238,0.0587892360693
1496320,0.248888888889,0.0517561195065,0.0638902695587
1499660,0.249444444444,0.0502584366327,0.0692759660686
1503000,0.25,0.0479249577464,0.0583126258548
1506340,0.250555555556,0.0467656929054,0.0635727790001
1509680,0.251111111111,0.0514324855298,0.0604590400484
1513020,0.251666666667,0.0431875532639,0.0616505420096
1516360,0.252222222222,0.0469368934954,0.0558572482378
1519700,0.252777777778,0.0402682475379,0.0774529921544
1523040,0.253333333333,0.0374343105939,0.0913954140728
1526380,0.253888888889,0.0360504777218,0.095150588366
1529720,0.254444444444,0.046535773473,0.0643805056062
1533060,0.255,0.0471303523132,0.0772554482888
1536400,0.255555555556,0.041936630924,0.0898328704752
1539740,0.256111111111,0.044079454708,0.0874900450454
1543080,0.256666666667,0.041799130307,0.0760945627496
1546420,0.257222222222,0.0383404257538,0.0918215702887
1549760,0.257777777778,0.039240217198,0.0743683986105
1553100,0.258333333333,0.0413386485894,0.0756682292219
1556440,0.258888888889,0.0403834996004,0.0805079428887
1559780,0.259444444444,0.034242349988,0.0744022235671
1563120,0.26,0.0360551985198,0.0625817114907
1566460,0.260555555556,0.0386931594408,0.0653507744425
