60120,0.01,0.00762716874806,0.00389956117741
120240,0.02,0.00818721792646,0.00436804539004
180360,0.03,0.00829597231446,0.00447719776693
240480,0.04,0.00817269162184,0.00437738195987
300600,0.05,0.00803438377525,0.00425690502322
360720,0.06,0.00796078512808,0.00431789125357
420840,0.07,0.00792425872816,0.00434971055334
480960,0.08,0.00791813750351,0.00439460244972
541080,0.09,0.00782250812604,0.00432076329593
601200,0.1,0.00772944426101,0.00427850514411
661320,0.11,0.00761949919527,0.00422176297409
721440,0.12,0.00748270873982,0.00417814858885
781560,0.13,0.00737432893519,0.00414923939113
841680,0.14,0.00737380460704,0.00419935038201
901800,0.15,0.00746046222985,0.00440820015088
961920,0.16,0.00736430814672,0.00438695528132
1022040,0.17,0.00722472549155,0.00430680208238
1082160,0.18,0.00708547336318,0.00422041135592
1142280,0.19,0.00701599612901,0.00421828664713
1202400,0.2,0.00697274232437,0.00414571216305
1262520,0.21,0.00693631285246,0.00413277263509
1322640,0.22,0.0068627406554,0.00407169252627
1382760,0.23,0.00678561229673,0.00397846786996
1442880,0.24,0.00673377920219,0.00392580605334
1503000,0.25,0.00660397765444,0.00383131447302
1563120,0.26,0.00659497680212,0.00374818341593
1623240,0.27,0.00657877709287,0.00367387552454
1683360,0.28,0.00654707928354,0.00363930240363
1743480,0.29,0.00651466276318,0.00357034077268
1803600,0.3,0.00643260674905,0.00349647702297
1863720,0.31,0.00634312466786,0.00344630153519
1923840,0.32,0.0063540868635,0.00342155732701
1983960,0.33,0.00639013256262,0.00341791226314
2044080,0.34,0.00636554931612,0.00337642346991
2104200,0.35,0.00636357988438,0.00336451186687
2164320,0.36,0.0063283425643,0.00332831787637
2224440,0.37,0.00627728303083,0.00329485454894
2284560,0.38,0.00626704871566,0.00326905921829
2344680,0.39,0.00630108906012,0.00324669184361
2404800,0.4,0.00637244141017,0.00327847451598
2464920,0.41,0.00641949643035,0.00332105852897
2525040,0.42,0.0064093289122,0.00331559685954
2585160,0.43,0.00638591717774,0.0033599478308
2645280,0.44,0.00646511545432,0.00345325353169
2705400,0.45,0.00654553943694,0.00350870718197
2765520,0.46,0.00658027471951,0.00353174697649
2825640,0.47,0.00665703995718,0.00358404790892
2885760,0.48,0.00672123488335,0.00367040312353
2945880,0.49,0.00668701875186,0.00366073848884
3006000,0.5,0.00665584959062,0.00364344340346
3066120,0.51,0.00673448996731,0.00368387511691
3126240,0.52,0.00674603551229,0.00368176751965
3186360,0.53,0.00683004931606,0.00377819842106
3246480,0.54,0.00680286284688,0.0037622562238
3306600,0.55,0.00680752572289,0.00379937614584
3366720,0.56,0.00680655538917,0.00384473635831
3426840,0.57,0.00675486817389,0.00378331294889
3486960,0.58,0.00677258153596,0.0038137956317
3547080,0.59,0.00683178288916,0.00382976572383
3607200,0.6,0.00685910016195,0.00388026382091
3667320,0.61,0.00686115457337,0.0039103587181
3727440,0.62,0.00699249473469,0.00410286841463
3787560,0.63,0.00701600424146,0.00414277347783
3847680,0.64,0.00703980649501,0.00412663283034
3907800,0.65,0.0070485327511,0.00412416617225
3967920,0.66,0.00709668270416,0.00418399727508
4028040,0.67,0.00733093948814,0.00447341609985
4088160,0.68,0.00729881559024,0.00447170315073
4148280,0.69,0.0072542196584,0.00445226868852
4208400,0.7,0.00727520988977,0.0044271369768
4268520,0.71,0.00727674871554,0.00438494144325
4328640,0.72,0.00728598808822,0.00441452903075
4388760,0.73,0.00726307206746,0.00440107441777
4448880,0.74,0.00730613346905,0.00445618448859
4509000,0.75,0.00727774874789,0.00447211491274
4569120,0.76,0.00736584828484,0.00452625828061
4629240,0.77,0.00756040052158,0.00474678567035
4689360,0.78,0.00755372851856,0.0047101084209
4749480,0.79,0.00752289621537,0.00465052309096
4809600,0.8,0.00752924526257,0.00465061024792
4869720,0.81,0.00753370226812,0.00465556979702
4929840,0.82,0.00757881915523,0.00466129313866
4989960,0.83,0.00764383383802,0.00470241119425
5050080,0.84,0.00778052009172,0.00484975956668
5110200,0.85,0.00787674143874,0.00498108958603
5170320,0.86,0.00785626912004,0.00499451523684
5230440,0.87,0.00785333499508,0.005002093632
5290560,0.88,0.00786648912317,0.00497607390611
5350680,0.89,0.00817900485713,0.00537046567111
5410800,0.9,0.00828424117071,0.00544049767634
5470920,0.91,0.00822212450262,0.00532032941364
5531040,0.92,0.00821522170817,0.00528669430836
5591160,0.93,0.00818984893254,0.00526225962407
5651280,0.94,0.00813719625152,0.00519320965113
5711400,0.95,0.0081864237162,0.00516679372689
5771520,0.96,0.0081906433318,0.00510378945819
5831640,0.97,0.00819228578529,0.00504057181535
5891760,0.98,0.00815953106983,0.00496114874196
5951880,0.99,0.00810522258263,0.00487159449472
6012000,1.0,0.00806399168733,0.00483015943898
6072120,1.01,0.00811512972326,0.00478919741988
6132240,1.02,0.00819820916514,0.0048213218861
6192360,1.03,0.00835874570686,0.00495364021446
6252480,1.04,0.00843510379216,0.00514097804369
6312600,1.05,0.00859717481911,0.00530888599176
6372720,1.06,0.0086714496901,0.00540330130996
6432840,1.07,0.00875818876563,0.00543045043746
6492960,1.08,0.00919166049389,0.00590553011103
6553080,1.09,0.00913251383878,0.00579773425133
6613200,1.1,0.0092471272909,0.00590191811223
6673320,1.11,0.00908204232184,0.00569992188886
6733440,1.12,0.00889349557348,0.00548788974842
6793560,1.13,0.00873512249152,0.00528189047619
6853680,1.14,0.00871086646885,0.00517126037821
6913800,1.15,0.00868020359872,0.00510587957268
6973920,1.16,0.00857447682095,0.00497173146179
7034040,1.17,0.00847289846347,0.00488522353377
7094160,1.18,0.00839644009035,0.00479040847693
7154280,1.19,0.0082295341411,0.00457228566045
7214400,1.2,0.00813430892214,0.00443020071965
7274520,1.21,0.0080048093329,0.0043534517053
7334640,1.22,0.00792298448024,0.00428247579335
7394760,1.23,0.00796372820612,0.00434311613046
7454880,1.24,0.00781605966488,0.0041700159294
7515000,1.25,0.00757753248385,0.00397932659669
7575120,1.26,0.00759279226991,0.00396186475343
7635240,1.27,0.00749162572405,0.00386982240199
7695360,1.28,0.00739948330662,0.00378970172393
7755480,1.29,0.0073727253272,0.0037867169945
7815600,1.3,0.00732674395858,0.00379639958073
7875720,1.31,0.00725427061355,0.00379650132204
7935840,1.32,0.0071500158394,0.00376967701061
7995960,1.33,0.00709252616538,0.00371791136465
8056080,1.34,0.00708691397688,0.00368525171112
8116200,1.35,0.00701561371444,0.00358978963146
8176320,1.36,0.00693298444576,0.00352763646614
8236440,1.37,0.00686611984099,0.00351061623138
8296560,1.38,0.00690505458391,0.00356108203628
8356680,1.39,0.00692984575165,0.00357062404957
8416800,1.4,0.00691008580653,0.00353206793797
8476920,1.41,0.00686318831603,0.00350563485632
8537040,1.42,0.0068700310288,0.00355247602292
8597160,1.43,0.00678942838491,0.00354949913827
8657280,1.44,0.00673184274078,0.00355048012908
8717400,1.45,0.00688110930008,0.0036785561559
8777520,1.46,0.00686755985146,0.00363055921869
8837640,1.47,0.00684923175073,0.00362289786796
8897760,1.48,0.00681145360466,0.00360797090822
8957880,1.49,0.00671586659498,0.0035376258242
9018000,1.5,0.00661149075246,0.00349582022541
9078120,1.51,0.0066491397458,0.00351066620518
9138240,1.52,0.00666499307587,0.00351751648727
9198360,1.53,0.00670220467701,0.00356119840142
9258480,1.54,0.00666029066477,0.00353030259113
9318600,1.55,0.00659781050623,0.00349681006803
9378720,1.56,0.00651302979752,0.00345536866764
9438840,1.57,0.00651123213387,0.00344638576305
9498960,1.58,0.0065830738782,0.00350118407367
9559080,1.59,0.0065872853965,0.00348864406915
9619200,1.6,0.00654571137147,0.0034534506723
9679320,1.61,0.00649202815334,0.00339607229727
9739440,1.62,0.00641277696421,0.00336858777885
9799560,1.63,0.00652392428227,0.00351972836357
9859680,1.64,0.00661108868174,0.00356359110183
9919800,1.65,0.00670084967447,0.00364488587166
9979920,1.66,0.00666735072623,0.00361846439815
10040040,1.67,0.00662417931802,0.00362371274136
10100160,1.68,0.00657426971929,0.00359300242654
10160280,1.69,0.00662797099984,0.00367886504119
10220400,1.7,0.00665354466939,0.00367802638255
10280520,1.71,0.00665448554511,0.00366651586476
10340640,1.72,0.00668742733669,0.00370859152553
10400760,1.73,0.00664937855122,0.00368468211464
10460880,1.74,0.00658843443355,0.00364244183777
10521000,1.75,0.00673039272616,0.00386131605128
10581120,1.76,0.00673526122316,0.00381571638993
10641240,1.77,0.006715865956,0.00376639460378
10701360,1.78,0.00676931630034,0.00379893162619
10761480,1.79,0.00673630226347,0.00374861875762
10821600,1.8,0.0067072875139,0.00369542775416
10881720,1.81,0.00667110700933,0.00367089049534
10941840,1.82,0.00665447166118,0.00362902888167
11001960,1.83,0.00665395662021,0.0035829027165
11062080,1.84,0.00672342331547,0.00362800950219
11122200,1.85,0.00673244992697,0.003642475377
11182320,1.86,0.0068041284924,0.00373624906755
11242440,1.87,0.0068139079333,0.00375927647822
11302560,1.88,0.00686178093628,0.00379619044364
11362680,1.89,0.00721317932381,0.00412740651561
11422800,1.9,0.00730812582076,0.00419754301104
11482920,1.91,0.00730313282719,0.00425332323269
11543040,1.92,0.00738337558279,0.00424858378017
11603160,1.93,0.00746422228784,0.00430735696935
11663280,1.94,0.00770684057774,0.00458857928016
11723400,1.95,0.00777318661233,0.00459795397632
11783520,1.96,0.00783337006315,0.00461113713635
11843640,1.97,0.00786824031907,0.00465643319402
11903760,1.98,0.00794173457326,0.00481407683571
11963880,1.99,0.0081467020843,0.00511732258063
12024000,2.0,0.00829884770577,0.00520239473985
12084120,2.01,0.00834266437733,0.00523055599454
12144240,2.02,0.00826207194655,0.00521059635916
12204360,2.03,0.00835660392859,0.0051955642165
12264480,2.04,0.00835465182592,0.00521586322877
12324600,2.05,0.00834579319671,0.00532322334892
12384720,2.06,0.00822456956667,0.00529354294763
12444840,2.07,0.00825127318212,0.00530328407019
12504960,2.08,0.00827958981875,0.00521833498514
12565080,2.09,0.00816466406654,0.0051041635038
12625200,2.1,0.00805456294683,0.00501411748854
12685320,2.11,0.00791866611292,0.00489838592891
12745440,2.12,0.00784228438672,0.00484913304555
12805560,2.13,0.00775777612418,0.00477044945159
12865680,2.14,0.00768629425191,0.00468786012024
12925800,2.15,0.00760908972334,0.00461861972082
12985920,2.16,0.00752103334379,0.00453458870258
13046040,2.17,0.00738679004456,0.00435923737564
13106160,2.18,0.00738171896226,0.00441619119795
13166280,2.19,0.00740514287758,0.00446865177922
13226400,2.2,0.00741390699196,0.00444959093096
13286520,2.21,0.00742038438792,0.00444542738905
13346640,2.22,0.00739211781919,0.00447246274917
13406760,2.23,0.00736332532483,0.004479896464
13466880,2.24,0.00732110765912,0.00451006550596
13527000,2.25,0.00757779912516,0.00493371264025
13587120,2.26,0.00768252534127,0.00497560121386
13647240,2.27,0.0079561943069,0.00530383486208
13707360,2.28,0.00795247225309,0.00529439675283
13767480,2.29,0.00787468204675,0.00516691054542
13827600,2.3,0.00778692272698,0.00508655692746
13887720,2.31,0.00764411550641,0.00497165955718
13947840,2.32,0.00771065398713,0.00501265394112
14007960,2.33,0.00784852484647,0.00514082651431
14068080,2.34,0.00780416197285,0.00503610561425
14128200,2.35,0.00775944984683,0.00499716042228
14188320,2.36,0.00766253829843,0.00492311356532
14248440,2.37,0.0076573140144,0.00487335793598
14308560,2.38,0.00775407404773,0.00501101392102
14368680,2.39,0.00779389077757,0.00503249756988
14428800,2.4,0.00775983992712,0.00497067330134
14488920,2.41,0.0077061396842,0.00491381060595
14549040,2.42,0.00764014145829,0.00486268878373
14609160,2.43,0.00758574220108,0.00479961840066
14669280,2.44,0.00756506366494,0.00481207091813
14729400,2.45,0.00768756400837,0.00488618660321
14789520,2.46,0.00772644895497,0.0049345007378
14849640,2.47,0.00765108413988,0.00485033988196
14909760,2.48,0.00756764479523,0.00473480870384
14969880,2.49,0.00768822958985,0.00488051298842
15030000,2.5,0.00759947279589,0.00483430800472
15090120,2.51,0.00761534104091,0.00478417806354
15150240,2.52,0.00755457811093,0.00469490718776
15210360,2.53,0.00757160624908,0.00476460992704
15270480,2.54,0.00754336795883,0.00477565161847
15330600,2.55,0.00771614433729,0.00495372002488
15390720,2.56,0.00800883054091,0.00539869027989
15450840,2.57,0.00818344309572,0.00562021821735
15510960,2.58,0.00905886261232,0.00686539346973
15571080,2.59,0.0103844458801,0.00883300350121
15631200,2.6,0.0102078014799,0.0085821342084
15691320,2.61,0.00988944255178,0.00816135623082
15751440,2.62,0.00957938441439,0.00780462741872
15811560,2.63,0.00954118124672,0.00772617158758
15871680,2.64,0.00936404467444,0.00743472360608
15931800,2.65,0.00927295346483,0.00724183002612
15991920,2.66,0.00903910989762,0.0069299609812
16052040,2.67,0.00878359933322,0.00658260279898
16112160,2.68,0.0085129894896,0.00626262112813
16172280,2.69,0.00826264151624,0.0059668105593
16232400,2.7,0.00820878291418,0.00584212082339
16292520,2.71,0.00805720418115,0.00563174402609
16352640,2.72,0.00788644382551,0.00540741955216
16412760,2.73,0.00773119438653,0.00522246880179
16472880,2.74,0.00757295863448,0.00505920894193
16533000,2.75,0.00760511111197,0.00515787235655
16593120,2.76,0.00762650021187,0.00511031094507
16653240,2.77,0.00761706818905,0.00505651637494
16713360,2.78,0.00791397254074,0.00541764950298
16773480,2.79,0.00787626651951,0.00537059103183
16833600,2.8,0.00777686702603,0.0052540435588
16893720,2.81,0.00765438214787,0.00511396974599
16953840,2.82,0.00755740555286,0.00496814393859
17013960,2.83,0.00751280734009,0.00486508489586
17074080,2.84,0.00747784116796,0.00476357092018
17134200,2.85,0.00740067100967,0.0046556220876
17194320,2.86,0.00733532058566,0.00459742167118
17254440,2.87,0.00722441593635,0.00451590110617
17314560,2.88,0.00715662133373,0.00445403441209
17374680,2.89,0.00710678309191,0.00438825936217
17434800,2.9,0.00706625901898,0.00435458977766
17494920,2.91,0.00701807748475,0.00434365248763
17555040,2.92,0.00696566276165,0.0043427814002
17615160,2.93,0.00695348553206,0.00440818185252
17675280,2.94,0.00690704971875,0.00441948124385
17735400,2.95,0.00689477385536,0.0044261765577
17795520,2.96,0.00686818633451,0.00443435183187
17855640,2.97,0.00704359905821,0.00470349924786
17915760,2.98,0.00696720795015,0.00466725863739
17975880,2.99,0.00686892898352,0.00462595164397
18036000,3.0,0.00676415578722,0.00459269647802
18096120,3.01,0.00674904840337,0.00455574472291
18156240,3.02,0.0067393823582,0.00457822897564
18216360,3.03,0.00669884663336,0.00456845026986
18276480,3.04,0.0066892845021,0.00457265254055
18336600,3.05,0.00689580182376,0.00488715253308
18396720,3.06,0.00676249105392,0.00478061814649
18456840,3.07,0.00670742118806,0.00466000165807
18516960,3.08,0.00667093538115,0.00459105344195
18577080,3.09,0.00660877404066,0.00451963678634
18637200,3.1,0.00653563693121,0.00446216971833
18697320,3.11,0.00646360623528,0.00442221283482
18757440,3.12,0.00637441222199,0.00437449860575
18817560,3.13,0.00636084016334,0.00433249616495
18877680,3.14,0.00637149146492,0.00430477979098
18937800,3.15,0.00631312038993,0.00428988342595
18997920,3.16,0.00631927994223,0.00431439392618
19058040,3.17,0.0063271018252,0.00433284960471
19118160,3.18,0.00635698603182,0.00433151214543
19178280,3.19,0.00637158811242,0.00438220647969
19238400,3.2,0.00665451199984,0.00471978498369
19298520,3.21,0.00672436291113,0.00477152792616
19358640,3.22,0.00684710769701,0.00492081217406
19418760,3.23,0.00692243558337,0.00502536580333
19478880,3.24,0.00695645761276,0.00514927261246
19539000,3.25,0.00690372281154,0.00513545513392
19599120,3.26,0.00714593956888,0.00529263926065
19659240,3.27,0.00710575315684,0.00520829424217
19719360,3.28,0.00702297550077,0.00509435443416
19779480,3.29,0.0069116395522,0.00495356948783
19839600,3.3,0.00674404359692,0.00476868961373
19899720,3.31,0.00662042265371,0.00466033278183
19959840,3.32,0.00655433112502,0.0045592379994
20019960,3.33,0.00658956218274,0.00456867309485
20080080,3.34,0.00654288956594,0.00447928934325
20140200,3.35,0.00644500888406,0.00438121814498
20200320,3.36,0.00635543985342,0.00433947006405
20260440,3.37,0.00624209773702,0.00425333480619
20320560,3.38,0.00615319038739,0.00415137397596
20380680,3.39,0.00613295987698,0.00408203217769
20440800,3.4,0.00605995078367,0.00396706013292
20500920,3.41,0.00596044365959,0.00383762885125
20561040,3.42,0.00586944453886,0.00373342715984
20621160,3.43,0.00576828226906,0.00363583945907
20681280,3.44,0.00566727529066,0.00352599511011
20741400,3.45,0.00564326615765,0.00343427539322
20801520,3.46,0.00558194390485,0.00333791125646
20861640,3.47,0.00551501735354,0.00326323100064
20921760,3.48,0.00544225630974,0.00319508828906
20981880,3.49,0.00536085396964,0.00312470912073
21042000,3.5,0.00525915042768,0.00305518895845
21102120,3.51,0.00524649678417,0.00297886463748
21162240,3.52,0.00524473539838,0.00295596380292
21222360,3.53,0.0052245509237,0.00290453792823
21282480,3.54,0.0052187943679,0.00287448063567
21342600,3.55,0.00518358066701,0.00285110434381
21402720,3.56,0.00510312645894,0.00281707808639
21462840,3.57,0.00509565722934,0.00278010421162
21522960,3.58,0.00510625338077,0.00275903006049
21583080,3.59,0.00508550668569,0.0027184642712
21643200,3.6,0.00506424880472,0.0026875561732
21703320,3.61,0.00503072266794,0.00265749735165
21763440,3.62,0.00500328905863,0.00265535444286
21823560,3.63,0.00499383483278,0.00262404194276
21883680,3.64,0.00501483144492,0.00260487509242
21943800,3.65,0.00501683976796,0.00258378601032
22003920,3.66,0.00501461325879,0.00257896491834
22064040,3.67,0.00498313828833,0.00255459020598
22124160,3.68,0.00490759388565,0.00251715340026
22184280,3.69,0.00484995115438,0.00251859880612
22244400,3.7,0.00489894313587,0.0025344242467
22304520,3.71,0.0049504103544,0.0025195333913
22364640,3.72,0.00497482844643,0.00252310381708
22424760,3.73,0.00499907340343,0.00255928530502
22484880,3.74,0.00501259262419,0.00259549378074
22545000,3.75,0.00491521131996,0.00254548195678
22605120,3.76,0.00505392929456,0.00262847636307
22665240,3.77,0.00508113968292,0.002688502525
22725360,3.78,0.0051085319861,0.00270775368695
22785480,3.79,0.0051108689553,0.00270927078749
22845600,3.8,0.00510744140394,0.00267581599401
22905720,3.81,0.00510708065964,0.00272022354818
22965840,3.82,0.00518609590992,0.00278135366933
23025960,3.83,0.00531546982328,0.00289390448827
23086080,3.84,0.00529807977169,0.0028977357794
23146200,3.85,0.00531208995104,0.00290995652412
23206320,3.86,0.00530175716315,0.00290498044526
23266440,3.87,0.00531137928765,0.00286730627952
23326560,3.88,0.00532665605006,0.00286776722861
23386680,3.89,0.00544018098305,0.00293059429105
23446800,3.9,0.00547187021538,0.00294102717492
23506920,3.91,0.00550144318465,0.0029678913226
23567040,3.92,0.00552563973056,0.00301274359082
23627160,3.93,0.00557246549957,0.00310014982823
23687280,3.94,0.00561183604785,0.00317847767301
23747400,3.95,0.00567781393956,0.00321122281143
23807520,3.96,0.00571282009009,0.00322210832687
23867640,3.97,0.00579390002886,0.00329570026773
23927760,3.98,0.00581937187693,0.00333945260729
23987880,3.99,0.00587626398021,0.00344408631056
24048000,4.0,0.00581051646531,0.00342274842822
24108120,4.01,0.0058692719075,0.00342614179081
24168240,4.02,0.00596233819415,0.00350867702304
24228360,4.03,0.00596700892724,0.00348853890992
24288480,4.04,0.00597554417292,0.00346475591333
24348600,4.05,0.00592029925975,0.0034096780832
24408720,4.06,0.00584904172668,0.00336318008144
24468840,4.07,0.00592506432458,0.00341310740107
24528960,4.08,0.00600279175979,0.00344687123666
24589080,4.09,0.00597065162823,0.00336570239434
24649200,4.1,0.005956481851,0.00334677775773
24709320,4.11,0.00593216419045,0.00331430829855
24769440,4.12,0.0059000149912,0.00328845063848
24829560,4.13,0.00594119330179,0.00330528787638
24889680,4.14,0.00598721107662,0.00331318624042
24949800,4.15,0.00599457748062,0.0032948352573
25009920,4.16,0.00604172544444,0.00334036599412
25070040,4.17,0.00605307516826,0.0033593267745
25130160,4.18,0.006037904275,0.00335734588878
25190280,4.19,0.00613310405722,0.00350005187358
25250400,4.2,0.00624344746707,0.00358847603929
25310520,4.21,0.0062407939936,0.00356553903065
25370640,4.22,0.00624674453877,0.0035499157456
25430760,4.23,0.00630234190734,0.00361641123584
25490880,4.24,0.0062825670807,0.00360903865758
25551000,4.25,0.00617574530305,0.00358095427739
25611120,4.26,0.0062751510662,0.00354293696329
25671240,4.27,0.00631174323061,0.00353386888951
25731360,4.28,0.00637192258427,0.00359361060323
25791480,4.29,0.00636385055971,0.00359345180006
25851600,4.3,0.00634147692461,0.00355629454752
25911720,4.31,0.00633313119408,0.00355751021323
25971840,4.32,0.00639100939915,0.00359887654683
26031960,4.33,0.00643680315283,0.00359435542478
26092080,4.34,0.00651966505053,0.00364524315584
26152200,4.35,0.00668239482204,0.00386819686352
26212320,4.36,0.00669232588781,0.00391228321227
26272440,4.37,0.00662228903098,0.0038687204162
26332560,4.38,0.00668367372373,0.00395915185059
26392680,4.39,0.0067815115383,0.00406664313487
26452800,4.4,0.00678659017395,0.00411511419006
26512920,4.41,0.00674582511798,0.00406479397415
26573040,4.42,0.00668744346236,0.00400831228124
26633160,4.43,0.00662676198828,0.00397144079449
26693280,4.44,0.00665391858185,0.00391182067977
26753400,4.45,0.00665711305488,0.00387148657194
26813520,4.46,0.00666907206559,0.00388529844365
26873640,4.47,0.00664321214252,0.00387775280091
26933760,4.48,0.00659169430175,0.00382135335898
26993880,4.49,0.00654833911992,0.00378194162405
27054000,4.5,0.00653107468149,0.00376027275253
27114120,4.51,0.00658314444662,0.00376031171737
27174240,4.52,0.00662589702005,0.00377502671392
27234360,4.53,0.00669685094511,0.00386973540022
27294480,4.54,0.00670035787902,0.00386761148912
27354600,4.55,0.0066966158374,0.00382811753666
27414720,4.56,0.00664614118743,0.00380866035899
27474840,4.57,0.00676808270541,0.00390686749269
27534960,4.58,0.00679501262508,0.00388753767179
27595080,4.59,0.00691199508351,0.00400572449321
27655200,4.6,0.00695533415649,0.00407101516233
27715320,4.61,0.00692984349662,0.004055133729
27775440,4.62,0.0068951793309,0.00403932108659
27835560,4.63,0.00690244415652,0.00404016651925
27895680,4.64,0.00701336995183,0.00412219414407
27955800,4.65,0.0070265607285,0.00408449618847
28015920,4.66,0.00722232163376,0.00429590090839
28076040,4.67,0.00721195539834,0.00428796863826
28136160,4.68,0.00711548917223,0.00419152799382
28196280,4.69,0.00701157531821,0.0041017201517
28256400,4.7,0.00698583739975,0.00400817142795
28316520,4.71,0.00703157737539,0.00394961274247
28376640,4.72,0.00716686296451,0.0040594425355
28436760,4.73,0.00719756791004,0.00405778140793
28496880,4.74,0.00723594700401,0.00407874430749
28557000,4.75,0.00730361219188,0.00412611602333
28617120,4.76,0.00737887121257,0.00411928202953
28677240,4.77,0.00736591774691,0.00405212894736
28737360,4.78,0.00737006491148,0.0040124928364
28797480,4.79,0.00735474789134,0.00396629513994
28857600,4.8,0.00731587376331,0.00392246865955
28917720,4.81,0.00727612906007,0.0039192611432
28977840,4.82,0.00741294187099,0.0040576860835
29037960,4.83,0.00747940430747,0.00413385244819
29098080,4.84,0.00757042063883,0.00424201848786
29158200,4.85,0.0076886728248,0.00437555459061
29218320,4.86,0.0077443873241,0.00446730230002
29278440,4.87,0.00779185924115,0.00457808499281
29338560,4.88,0.0078231165748,0.00458021587377
29398680,4.89,0.00786617377345,0.00454287236794
29458800,4.9,0.00783431504677,0.0044849782693
29518920,4.91,0.00782815950212,0.00446819080791
29579040,4.92,0.00776686760933,0.00441742523644
29639160,4.93,0.00771814319761,0.00443573927371
29699280,4.94,0.00761761750257,0.00430731385614
29759400,4.95,0.00771957513917,0.00432254381032
29819520,4.96,0.00774860507851,0.0043237104809
29879640,4.97,0.00770774535554,0.00427278733227
29939760,4.98,0.00768845832938,0.00423377783101
29999880,4.99,0.00766416361313,0.00423539153612
30060000,5.0,0.00760939800943,0.00420401744349
30120120,5.01,0.00780616414888,0.00438403617122
30180240,5.02,0.00779639870785,0.00437458943593
30240360,5.03,0.00775795168671,0.0043441050505
30300480,5.04,0.00770675844407,0.00430944847187
30360600,5.05,0.00768287268892,0.00431145327552
30420720,5.06,0.00776258017146,0.00438265278802
30480840,5.07,0.00776680609403,0.00434710580522
30540960,5.08,0.00775746669111,0.00428972676185
30601080,5.09,0.00774035122064,0.00425376303113
30661200,5.1,0.00785813862893,0.00436480076625
30721320,5.11,0.00778209711314,0.00429181599805
30781440,5.12,0.00761835193675,0.00415340296842
30841560,5.13,0.00750975629638,0.00404131762787
30901680,5.14,0.00752087834597,0.00400404241877
30961800,5.15,0.00750503938805,0.00397025147596
31021920,5.16,0.0074249540668,0.00388113654639
31082040,5.17,0.00737734676693,0.00383476653249
31142160,5.18,0.0072698604979,0.00375224246327
31202280,5.19,0.0072312236416,0.00375207153799
31262400,5.2,0.00735751765572,0.00385098643035
31322520,5.21,0.007378030963,0.0038570223702
31382640,5.22,0.00732706630011,0.00379335911233
31442760,5.23,0.00726447805106,0.00374646553544
31502880,5.24,0.00728608932351,0.00379609741436
31563000,5.25,0.00719884281271,0.00377251101996
31623120,5.26,0.00715076928194,0.00370665303708
31683240,5.27,0.00716418281242,0.00372127306373
31743360,5.28,0.00716127573976,0.00372667469568
31803480,5.29,0.00708135754216,0.00366857377171
31863600,5.3,0.00697060339211,0.00365465783672
31923720,5.31,0.00680958046174,0.00355445489033
31983840,5.32,0.00677749931401,0.00342044639316
32043960,5.33,0.00684302145785,0.00346177033158
32104080,5.34,0.00693800303123,0.00358151977627
32164200,5.35,0.00685898543697,0.00351264509395
32224320,5.36,0.006793308622,0.00344258436154
32284440,5.37,0.00672446111867,0.00341536595407
32344560,5.38,0.00666418419072,0.00336479173437
32404680,5.39,0.00667205038416,0.00333441133837
32464800,5.4,0.00665065205668,0.00330325493377
32524920,5.41,0.00665120307025,0.00331811028911
32585040,5.42,0.00673618706815,0.00345329960441
32645160,5.43,0.00669891943383,0.00345861992822
32705280,5.44,0.00667814086548,0.00346946780077
32765400,5.45,0.00676558847195,0.0034892826683
32825520,5.46,0.00689710944229,0.00363826558971
32885640,5.47,0.00696079909058,0.00374768953949
32945760,5.48,0.00705623561431,0.00387934974786
33005880,5.49,0.00716165404071,0.00404494808854
33066000,5.5,0.00716633176793,0.00413440279577
33126120,5.51,0.00729532227801,0.0042480891716
33186240,5.52,0.00757099005513,0.00455277378454
33246360,5.53,0.00763945930461,0.00464205083672
33306480,5.54,0.00767769248922,0.00472523780513
33366600,5.55,0.00771506764395,0.00482196823691
33426720,5.56,0.00773261559638,0.00491785398419
33486840,5.57,0.00769465794532,0.0048573468314
33546960,5.58,0.00776529424832,0.00489247047619
33607080,5.59,0.00780290640513,0.0048602319038
33667200,5.6,0.00787021440715,0.00487683769576
33727320,5.61,0.00787700147572,0.00490366442148
33787440,5.62,0.00791969079565,0.00489801942922
33847560,5.63,0.00806058674975,0.00505496144353
33907680,5.64,0.00832177437836,0.00529789771738
33967800,5.65,0.00820001192172,0.00516280225112
34027920,5.66,0.00809300799185,0.00502721013245
34088040,5.67,0.00797537574741,0.00490332792821
34148160,5.68,0.00783241237053,0.00480344690573
34208280,5.69,0.00775774169843,0.00473358591656
34268400,5.7,0.00775141620533,0.00469169002704
34328520,5.71,0.00767071043142,0.00459053940312
34388640,5.72,0.00761112241151,0.0045115659124
34448760,5.73,0.00749810854536,0.00439512338872
34508880,5.74,0.00740044314334,0.00431936261495
34569000,5.75,0.00732586658979,0.00432066315786
34629120,5.76,0.00738052748728,0.0042908703684
34689240,5.77,0.00740114775133,0.00426617586607
34749360,5.78,0.00740269789998,0.00423115546507
34809480,5.79,0.00733284061829,0.00416586888704
34869600,5.8,0.00726097952942,0.00410040484821
34929720,5.81,0.00717726498511,0.00407216466715
34989840,5.82,0.00715512742083,0.00402418512023
35049960,5.83,0.00720069111552,0.00401679621713
35110080,5.84,0.00725507325513,0.00407234270843
35170200,5.85,0.00723520398849,0.00408610508465
35230320,5.86,0.00713454994153,0.00403565027578
35290440,5.87,0.00706866586576,0.00404289874818
35350560,5.88,0.00705845161536,0.00407820411529
35410680,5.89,0.00713171216424,0.00416804436471
35470800,5.9,0.007192542217,0.00425703637629
35530920,5.91,0.00714895258694,0.00424132157042
35591040,5.92,0.00724807629533,0.00449042025802
35651160,5.93,0.0071970297248,0.0045488574079
35711280,5.94,0.0071254478233,0.00452341885248
35771400,5.95,0.00719443319161,0.00445339954601
35831520,5.96,0.00721522310744,0.0044615591098
35891640,5.97,0.00720988645907,0.0044580071274
35951760,5.98,0.00716208501213,0.00442114584818
36011880,5.99,0.0070820160251,0.00434585220681
36072000,6.0,0.00704908894476,0.00440554508666
36132120,6.01,0.00725279481381,0.00457471117448
36192240,6.02,0.00728078424793,0.00456264074962
36252360,6.03,0.0073234499061,0.00460894384601
36312480,6.04,0.00733631886747,0.00464277279933
36372600,6.05,0.00735982736182,0.00465899822653
36432720,6.06,0.00727484947503,0.0046172745276
36492840,6.07,0.00725425695826,0.00453868276437
36552960,6.08,0.00723773246524,0.00448724886475
36613080,6.09,0.00720317654026,0.00443970405795
36673200,6.1,0.00721241590304,0.00446208918379
36733320,6.11,0.00734609962393,0.00466895742208
36793440,6.12,0.00730846520284,0.00471401400332
36853560,6.13,0.00727829114237,0.00469785510829
36913680,6.14,0.00726493107629,0.0047293461256
36973800,6.15,0.00728895606944,0.00475548238873
37033920,6.16,0.00737750608691,0.00480739146461
37094040,6.17,0.00760894696251,0.00507861929226
37154160,6.18,0.00764855462054,0.00517752772703
37214280,6.19,0.00751721585635,0.00501356675925
37274400,6.2,0.00787167779506,0.00544405229034
37334520,6.21,0.00835516869521,0.00608839511731
37394640,6.22,0.0083749123757,0.0061107533163
37454760,6.23,0.00833133122558,0.00610274002753
37514880,6.24,0.00825697471415,0.00606995333334
37575000,6.25,0.00819777952696,0.00609577708889
37635120,6.26,0.00848014178872,0.00641457695709
37695240,6.27,0.00847920240303,0.00638183734627
37755360,6.28,0.00847023530542,0.00638339745493
37815480,6.29,0.00847618726991,0.0064267737074
37875600,6.3,0.0083057317831,0.0062468249723
37935720,6.31,0.0081294846152,0.00604687004988
37995840,6.32,0.00808679374888,0.00595462712784
38055960,6.33,0.00807127788972,0.00587658321132
38116080,6.34,0.00801567207411,0.00576939377815
38176200,6.35,0.00798028469924,0.00564036292927
38236320,6.36,0.00801119618185,0.00565810551855
38296440,6.37,0.00796638908038,0.0056379297653
38356560,6.38,0.00794628846628,0.00561893284582
38416680,6.39,0.00799554583639,0.00563820208503
38476800,6.4,0.00824538595552,0.00597900455261
38536920,6.41,0.00828468692962,0.00607165065514
38597040,6.42,0.00820226136643,0.00601259881643
38657160,6.43,0.0081106847067,0.00595113771914
38717280,6.44,0.00830456351523,0.0062324916831
38777400,6.45,0.00827915056169,0.00612850788332
38837520,6.46,0.00816769543976,0.006006461659
38897640,6.47,0.0080836762856,0.00588738236547
38957760,6.48,0.00796791415387,0.00576061505168
39017880,6.49,0.00785026672125,0.00565176094495
39078000,6.5,0.0076994988842,0.00555356369894
39138120,6.51,0.00768114208772,0.00543496985797
39198240,6.52,0.00761843091893,0.00527534889865
39258360,6.53,0.00764915748672,0.00526406669605
39318480,6.54,0.00760475118384,0.00516244987756
39378600,6.55,0.00753483415904,0.00505313287581
39438720,6.56,0.00748431468066,0.00503433316982
39498840,6.57,0.00744685128956,0.0049499942118
39558960,6.58,0.00743742377639,0.00484716785089
39619080,6.59,0.00736285183273,0.00473251800586
39679200,6.6,0.00741632079686,0.00479157078243
39739320,6.61,0.00730454983592,0.00471722445503
39799440,6.62,0.00723236892899,0.00471286039523
39859560,6.63,0.00717577271344,0.00466609632951
39919680,6.64,0.00722313931081,0.00461652259024
39979800,6.65,0.00718506122804,0.00453868069456
40039920,6.66,0.00715887302473,0.00447439309884
40100040,6.67,0.00714861467487,0.00446959537722
40160160,6.68,0.00719243343927,0.00456278530897
40220280,6.69,0.00716603603846,0.00456997671321
40280400,6.7,0.00719507186539,0.00454206259
40340520,6.71,0.0071522224731,0.00453485692763
40400640,6.72,0.00714101416493,0.00455071355926
40460760,6.73,0.00722080205818,0.00463287812374
40520880,6.74,0.00715467950042,0.00458968910074
40581000,6.75,0.00704296007808,0.00453510267483
40641120,6.76,0.00712074224764,0.00459509146031
40701240,6.77,0.00705721804816,0.00454653861519
40761360,6.78,0.00697489307714,0.0045133592964
40821480,6.79,0.00692014838144,0.0044745190323
40881600,6.8,0.00696995489193,0.00458596205433
40941720,6.81,0.00696534663465,0.00463069715325
41001840,6.82,0.00701124356815,0.00466370240862
41061960,6.83,0.00708254299057,0.00475008594496
41122080,6.84,0.00722787132907,0.00492220570827
41182200,6.85,0.00724696454335,0.00502578137022
41242320,6.86,0.00738383107489,0.00522211977314
41302440,6.87,0.00737527038866,0.005250232378
41362560,6.88,0.00771078088896,0.00575024626894
41422680,6.89,0.00767139683534,0.00569719395467
41482800,6.9,0.0077252905443,0.00575988951359
41542920,6.91,0.00760606172463,0.00560146628198
41603040,6.92,0.00744472983044,0.00539530361701
41663160,6.93,0.00725686066198,0.00519336467328
41723280,6.94,0.00711481980417,0.00505299181757
41783400,6.95,0.00707382802809,0.00493476457695
41843520,6.96,0.00702301428158,0.00482595172248
41903640,6.97,0.00698410904913,0.0047206005063
41963760,6.98,0.0069503377844,0.00463201229448
42023880,6.99,0.00688624476169,0.00455977462815
42084000,7.0,0.00678590304655,0.00448815563007
42144120,7.01,0.00684045447787,0.00445535066896
42204240,7.02,0.00681559950275,0.00437065227741
42264360,7.03,0.00673704947043,0.004254145953
42324480,7.04,0.0066799489806,0.00415513147641
42384600,7.05,0.00663202096223,0.00410758183689
42444720,7.06,0.00657229750012,0.0040556338782
42504840,7.07,0.00658826704272,0.00402142768083
42564960,7.08,0.00656951438583,0.00394145622966
42625080,7.09,0.00659981454289,0.00395344536759
42685200,7.1,0.00664154751558,0.00397652842207
42745320,7.11,0.0065887112978,0.00391205519594
42805440,7.12,0.00654415815877,0.00389246383873
42865560,7.13,0.00654462282566,0.00387783042111
42925680,7.14,0.00653563816767,0.00380394273564
42985800,7.15,0.00652362190392,0.00371482288786
43045920,7.16,0.00649780897117,0.00365140592873
43106040,7.17,0.00641427728875,0.00353656643819
43166160,7.18,0.00629390045883,0.00341942398201
43226280,7.19,0.0062045760917,0.00332282769787
43286400,7.2,0.00621757617471,0.00325625177241
43346520,7.21,0.00621109391867,0.00322227584775
43406640,7.22,0.00621299688122,0.00314065446487
43466760,7.23,0.0061772393095,0.00306971617066
43526880,7.24,0.00612170761142,0.00301947657735
43587000,7.25,0.00611903088534,0.00307915833378
43647120,7.26,0.00616843356177,0.00305946114528
43707240,7.27,0.0061707936817,0.00301489894995
43767360,7.28,0.00615270906178,0.00294646873398
43827480,7.29,0.00611836163568,0.00288744030955
43887600,7.3,0.0060545794053,0.00283624389796
43947720,7.31,0.00594432759045,0.00275982372608
44007840,7.32,0.00597439135549,0.00276770986297
44067960,7.33,0.00597345261633,0.00274428802136
44128080,7.34,0.00603272312817,0.00280658633026
44188200,7.35,0.00605997270683,0.00284092016057
44248320,7.36,0.00599216940154,0.00278812320253
44308440,7.37,0.00592996669883,0.00277074253789
44368560,7.38,0.00591842440597,0.00272624741369
44428680,7.39,0.00593061281697,0.00271232460819
44488800,7.4,0.00599184798558,0.00275808049305
44548920,7.41,0.0059991858109,0.00279316661637
44609040,7.42,0.00597332141903,0.00280129489221
44669160,7.43,0.00594112953791,0.00279879323062
44729280,7.44,0.005908833218,0.00280522014099
44789400,7.45,0.00593370045452,0.00276871987342
44849520,7.46,0.00594221870473,0.00274941907984
44909640,7.47,0.00590874774501,0.00270740163393
44969760,7.48,0.0059779187536,0.00279479899093
45029880,7.49,0.00592722372937,0.00278415285127
45090000,7.5,0.00583010273452,0.00275828510949
45150120,7.51,0.00588013445721,0.00280122483866
45210240,7.52,0.00592447838197,0.0028550316872
45270360,7.53,0.005935610027,0.00289218467577
45330480,7.54,0.00592722949446,0.00288976353215
45390600,7.55,0.00587751683531,0.00287622928534
45450720,7.56,0.00585707508812,0.00290349605686
45510840,7.57,0.00590883585404,0.00294721863825
45570960,7.58,0.00605923852946,0.00310246750116
45631080,7.59,0.00626187880669,0.0033496745717
45691200,7.6,0.00627620431208,0.0033702635449
45751320,7.61,0.00626394349095,0.0033639695267
45811440,7.62,0.00619061754567,0.00332352322385
45871560,7.63,0.00616247528599,0.00330542328318
45931680,7.64,0.00619446049891,0.00332135766997
45991800,7.65,0.0062344701204,0.00334619305616
46051920,7.66,0.00630076989184,0.00338867888207
46112040,7.67,0.0063263200548,0.00343086247464
46172160,7.68,0.00637672900575,0.00352326492142
46232280,7.69,0.0063662152848,0.00353375539646
46292400,7.7,0.00644205493678,0.00357479344903
46352520,7.71,0.00661585439003,0.00377152847354
46412640,7.72,0.00665890898724,0.0038298534162
46472760,7.73,0.00668931127159,0.00387908464549
46532880,7.74,0.00678352152823,0.00404798362804
46593000,7.75,0.00672811489111,0.00407966237842
46653120,7.76,0.0067661509997,0.00411934815371
46713240,7.77,0.00671502203103,0.00403779042773
46773360,7.78,0.00678307243571,0.00411931012693
46833480,7.79,0.00666706244865,0.00401200622687
46893600,7.8,0.00659948303984,0.00393341478067
46953720,7.81,0.0064783983227,0.00382604724603
47013840,7.82,0.00642131366713,0.00375687701269
47073960,7.83,0.00644116099971,0.00379023473736
47134080,7.84,0.00644048219485,0.00380253380095
47194200,7.85,0.00639887774278,0.00377764908342
47254320,7.86,0.0062716829966,0.00376648968048
47314440,7.87,0.00613547725083,0.00371456564489
47374560,7.88,0.00602232297638,0.00362187026777
47434680,7.89,0.00604658198843,0.00348653283201
47494800,7.9,0.00596692965252,0.00340730754742
47554920,7.91,0.00598367666529,0.00347256982415
47615040,7.92,0.00590121806689,0.00338425669453
47675160,7.93,0.00588438518308,0.00341511684368
47735280,7.94,0.00593943313125,0.00349928647682
47795400,7.95,0.00592497065958,0.00342513517098
47855520,7.96,0.0058786824528,0.00338279843646
47915640,7.97,0.00577644271383,0.00330416551482
47975760,7.98,0.00571516107426,0.00321136988242
48035880,7.99,0.00559150555888,0.00306036349824
48096000,8.0,0.00543724636662,0.00301132446221
48156120,8.01,0.00546895785696,0.00303881388752
48216240,8.02,0.00549697126642,0.00299854346538
48276360,8.03,0.00550184892081,0.00294784452284
48336480,8.04,0.00546215002326,0.00291145907061
48396600,8.05,0.00539215456649,0.0028617712282
48456720,8.06,0.00533082792848,0.00283172664962
48516840,8.07,0.0053360689402,0.00283317746277
48576960,8.08,0.0053598302033,0.00287658717382
48637080,8.09,0.00534718542514,0.00286367708857
48697200,8.1,0.0053734552137,0.00290531956
48757320,8.11,0.00535537710813,0.00290034587584
48817440,8.12,0.00523318875989,0.00279970685428
48877560,8.13,0.00522509429216,0.00279187749341
48937680,8.14,0.00524043404617,0.00278057849538
48997800,8.15,0.00524624423056,0.00278254532064
49057920,8.16,0.00519025878087,0.00274715787389
49118040,8.17,0.00521542443016,0.00277935904199
49178160,8.18,0.00521148634279,0.00276984218283
49238280,8.19,0.00524607629447,0.00280577551039
49298400,8.2,0.00530052621994,0.00279541333968
49358520,8.21,0.00535626206083,0.00280384597689
49418640,8.22,0.00536513527295,0.00279450983711
49478760,8.23,0.0053541952112,0.00277202339362
49538880,8.24,0.00537076118908,0.00277585159533
49599000,8.25,0.00531692025048,0.00275554913388
49659120,8.26,0.00536144247351,0.00271607343511
49719240,8.27,0.00537528141607,0.00268908923748
49779360,8.28,0.00532122730954,0.00261000161342
49839480,8.29,0.00539090656562,0.00268410656162
49899600,8.3,0.00536196277627,0.00266351938656
49959720,8.31,0.00535515688559,0.0026807266746
50019840,8.32,0.00542078963522,0.00272003729148
50079960,8.33,0.00544263822645,0.00270453291828
50140080,8.34,0.00560735029222,0.00290943594445
50200200,8.35,0.00566365549086,0.00295190798109
50260320,8.36,0.00565127176887,0.00295273152449
50320440,8.37,0.00561211274207,0.002951390648
50380560,8.38,0.00563918138661,0.00298506323811
50440680,8.39,0.00578165191859,0.0030930528748
50500800,8.4,0.0058366810274,0.00311113444112
50560920,8.41,0.00585471409962,0.00312008722654
50621040,8.42,0.00586463340768,0.00311692567743
50681160,8.43,0.00583798205792,0.0031312056776
50741280,8.44,0.00584059083213,0.00318031607751
50801400,8.45,0.00600233566313,0.00332698734687
50861520,8.46,0.00610059573774,0.00345462170667
50921640,8.47,0.00615784761678,0.0035382095292
50981760,8.48,0.0061510038059,0.00355864026474
51041880,8.49,0.00612365668083,0.00357624964414
51102000,8.5,0.00604500280127,0.00355865539243
51162120,8.51,0.00630901313924,0.00385650941407
51222240,8.52,0.00632640348911,0.00386541290354
51282360,8.53,0.00638760359667,0.00393334685814
51342480,8.54,0.00638643094962,0.00395675991995
51402600,8.55,0.00634382760885,0.00395618583161
51462720,8.56,0.00626400254709,0.00392298470824
51522840,8.57,0.00628040762477,0.00390433597504
51582960,8.58,0.00631439958034,0.00390972348854
51643080,8.59,0.00636311853362,0.00396170186423
51703200,8.6,0.00657440276214,0.00424669345086
51763320,8.61,0.00648869283866,0.00416431972906
51823440,8.62,0.00638489766151,0.00408563956444
51883560,8.63,0.00634224846551,0.00402373935166
51943680,8.64,0.00635358201733,0.00400818938575
52003800,8.65,0.00634013195875,0.00397811475643
52063920,8.66,0.00630657165363,0.00391568333765
52124040,8.67,0.00630816228989,0.00390970181771
52184160,8.68,0.0062625637307,0.00389724032141
52244280,8.69,0.00615592710822,0.00379794688512
52304400,8.7,0.00612217016215,0.00373036962239
52364520,8.71,0.00608402861053,0.00365942683827
52424640,8.72,0.00605763465415,0.00362622856058
52484760,8.73,0.00606489981232,0.00363965144626
52544880,8.74,0.00598488648713,0.00357651757707
52605000,8.75,0.00588718017718,0.00352740485366
52665120,8.76,0.00588677569847,0.00351611533452
52725240,8.77,0.00589015963421,0.00347002854246
52785360,8.78,0.00587772767414,0.00342540222243
52845480,8.79,0.00582722507718,0.00337269334414
52905600,8.8,0.00578284137344,0.00332594241413
52965720,8.81,0.00571065477964,0.00327761545965
53025840,8.82,0.00570656455422,0.00323794658801
53085960,8.83,0.00580331610663,0.00331679701804
53146080,8.84,0.00580251407689,0.00329285991865
53206200,8.85,0.00580810879708,0.00330435692524
53266320,8.86,0.00575829420967,0.00326486067996
53326440,8.87,0.00572378488354,0.00322630999025
53386560,8.88,0.00568319413541,0.00317011347293
53446680,8.89,0.00578217594581,0.00323876792269
53506800,8.9,0.0057751351085,0.00320184457941
53566920,8.91,0.00574685242569,0.00315827257158
53627040,8.92,0.00570081882753,0.00311705869248
53687160,8.93,0.00562669805123,0.00307798609168
53747280,8.94,0.00557664131766,0.00303894099303
53807400,8.95,0.00563170897691,0.00303793200766
53867520,8.96,0.00563341637799,0.00301741240276
53927640,8.97,0.00562580040082,0.00300553866981
53987760,8.98,0.00561579257395,0.00300114325685
54047880,8.99,0.00558972191572,0.00300423898055
54108000,9.0,0.00554482085123,0.00302793388468
54168120,9.01,0.00564492847362,0.00308221420752
54228240,9.02,0.0057234249046,0.00317657065522
54288360,9.03,0.00580795073929,0.00329087646577
54348480,9.04,0.00593720630453,0.00345946255419
54408600,9.05,0.00603082351977,0.00362295826231
54468720,9.06,0.00609289893378,0.00377634631025
54528840,9.07,0.00655582515967,0.00434434740402
54588960,9.08,0.00677509998958,0.00461891035293
54649080,9.09,0.00676585232702,0.00459933386828
54709200,9.1,0.00677587718015,0.00464023681241
54769320,9.11,0.00667757615144,0.0045516939475
54829440,9.12,0.00662443345935,0.00448314779094
54889560,9.13,0.0065886689861,0.00443755372312
54949680,9.14,0.00662790912698,0.0044328143264
55009800,9.15,0.0066505062118,0.00439716679283
55069920,9.16,0.00658188182937,0.0042646769135
55130040,9.17,0.00649494976216,0.00415015048848
55190160,9.18,0.00640888131736,0.00406887102798
55250280,9.19,0.00633919390316,0.00397567315633
55310400,9.2,0.00634256330093,0.00389817158128
55370520,9.21,0.006318216437,0.00380536511164
55430640,9.22,0.00627173689427,0.00373079514039
55490760,9.23,0.00619769131079,0.00365521417238
55550880,9.24,0.00620129154238,0.00366951748661
55611000,9.25,0.00612606157768,0.00362542786294
55671120,9.26,0.00617354823037,0.00359314074556
55731240,9.27,0.00619363759227,0.00356579198982
55791360,9.28,0.0062050738477,0.0035326328423
55851480,9.29,0.00619760604981,0.00351872454663
55911600,9.3,0.00620174375953,0.00353355219511
55971720,9.31,0.00617809248622,0.00354921585961
56031840,9.32,0.00616669357954,0.00350394908126
56091960,9.33,0.00618177313193,0.00346713992934
56152080,9.34,0.00619044102503,0.00345470672833
56212200,9.35,0.00619203094132,0.00345163264533
56272320,9.36,0.00617680300689,0.00345325409958
56332440,9.37,0.00612453020489,0.00342428104795
56392560,9.38,0.00612447969129,0.00340373882667
56452680,9.39,0.00615478906424,0.00339021756687
56512800,9.4,0.00623621767563,0.00345821375295
56572920,9.41,0.00630974156397,0.00355453539673
56633040,9.42,0.00634636275852,0.00357127045097
56693160,9.43,0.00629919950869,0.00354080814154
56753280,9.44,0.00624419840326,0.00349758935773
56813400,9.45,0.00633212380173,0.00352498235416
56873520,9.46,0.00632452409381,0.00347127846127
56933640,9.47,0.0063120451154,0.00344072402802
56993760,9.48,0.00632728420319,0.00344331280173
57053880,9.49,0.00639062930811,0.00352746954084
57114000,9.5,0.00634117965788,0.00352540789184
57174120,9.51,0.0063772122485,0.00348880958756
57234240,9.52,0.00638402923716,0.00345725303143
57294360,9.53,0.0064040033392,0.00344221107044
57354480,9.54,0.00642439104912,0.00347867239056
57414600,9.55,0.00641662077392,0.00345398830242
57474720,9.56,0.00636219585798,0.00342403993629
57534840,9.57,0.0063891791163,0.00340520528071
57594960,9.58,0.00652010106964,0.00351462801147
57655080,9.59,0.00658345233688,0.00356894799866
57715200,9.6,0.00655860772801,0.00354757128499
57775320,9.61,0.00652009633871,0.00352506749227
57835440,9.62,0.00653810953601,0.00359655296526
57895560,9.63,0.00653571589112,0.00357167164601
57955680,9.64,0.00658603193678,0.00358665607678
58015800,9.65,0.00665811573035,0.00363238952391
58075920,9.66,0.00667851170665,0.00363913166718
58136040,9.67,0.00664071336725,0.00360606790966
58196160,9.68,0.00658704614812,0.003570019779
58256280,9.69,0.00662662677611,0.00362676873561
58316400,9.7,0.0067074454155,0.00364841162259
58376520,9.71,0.00677315834556,0.00371894263734
58436640,9.72,0.00679928147405,0.0037499573313
58496760,9.73,0.00679904565277,0.00375946887755
58556880,9.74,0.00691071754704,0.00389771776907
58617000,9.75,0.00687791228305,0.0038965318068
58677120,9.76,0.00694395670679,0.00389775299959
58737240,9.77,0.00702031830476,0.00392194608717
58797360,9.78,0.00712073048636,0.00400745391928
58857480,9.79,0.0071415749571,0.00403306200586
58917600,9.8,0.00713468817279,0.00405642228051
58977720,9.81,0.0072040657141,0.00419744625526
59037840,9.82,0.00726794485858,0.00426026242848
59097960,9.83,0.00734008178666,0.00427876864963
59158080,9.84,0.00753388162796,0.00444540293727
59218200,9.85,0.00756958826468,0.00449457555428
59278320,9.86,0.00753762659716,0.00446403158699
59338440,9.87,0.0074785928426,0.00441373237581
59398560,9.88,0.00757666996281,0.00452288962611
59458680,9.89,0.00764788482004,0.00457358591547
59518800,9.9,0.00762847642648,0.0045269714876
59578920,9.91,0.00764340719629,0.00451936546072
59639040,9.92,0.00766118083069,0.00457159676796
59699160,9.93,0.00766708237313,0.00456510393121
59759280,9.94,0.00768836859729,0.0045426730748
59819400,9.95,0.00774606394575,0.00456618384
59879520,9.96,0.00775550587586,0.00457240081158
59939640,9.97,0.00778777652294,0.00463303179765
59999760,9.98,0.00778983512558,0.00466270347929
60059880,9.99,0.00789661294743,0.00483131992248
60120000,10.0,0.00787432314934,0.00486620694569
60120001,10.0000001663,0.00787432160559,0.00486620653642
