200,3.32667997339e-05,5.52881147556,2.08640210281
400,6.65335994677e-05,6.06812726033,2.62745555184
600,9.98003992016e-05,7.33441152491,3.93702236098
800,0.000133067198935,9.43595950201,6.04111910665
1000,0.000166333998669,11.978527626,8.64601072024
1200,0.000199600798403,14.9303470185,11.761386791
1400,0.000232867598137,18.0943445598,15.0059715266
1600,0.000266134397871,21.4808703459,18.3304991689
1800,0.000299401197605,24.4514231495,21.2387844176
2000,0.000332667997339,27.6930884959,24.5941491668
2200,0.000365934797073,30.6815609492,27.9282027361
2400,0.000399201596806,33.858852857,31.115155818
2600,0.00043246839654,36.6739583195,32.998452111
2800,0.000465735196274,40.2367480076,35.5189192898
3000,0.000499001996008,46.0371098465,39.9491564515
3200,0.000532268795742,52.8691004972,45.9521872884
3400,0.000565535595476,58.8520748003,50.1428356946
3600,0.00059880239521,68.1846503953,58.4627095958
3800,0.000632069194943,73.3852338571,62.6151063773
4000,0.000665335994677,80.3311303018,69.0632843843
4200,0.000698602794411,86.0933026713,74.0733291849
4400,0.000731869594145,87.6663275113,75.5041297572
4600,0.000765136393879,99.7849411278,88.9506403662
4800,0.000798403193613,99.9380441872,89.7058151376
5000,0.000831669993347,96.0883800579,84.1211421187
5200,0.000864936793081,106.018963402,94.6793927621
5400,0.000898203592814,116.419643357,107.386450958
5600,0.000931470392548,121.469264011,120.115820471
5800,0.000964737192282,126.880316649,120.688794883
6000,0.000998003992016,120.410083466,112.200126582
6200,0.00103127079175,119.289143303,114.538975532
6400,0.00106453759148,123.654139018,119.365978675
6600,0.00109780439122,124.506010259,118.644163043
6800,0.00113107119095,125.836961141,121.020545258
7000,0.00116433799069,118.347951438,114.322314233
7200,0.00119760479042,113.524399085,108.613972407
7400,0.00123087159015,104.842055126,100.152872091
7600,0.00126413838989,98.7313406992,94.1251354099
7800,0.00129740518962,101.562328662,96.5980788053
8000,0.00133067198935,105.656156059,95.8299219742
8200,0.00136393878909,113.943111214,104.483212568
8400,0.00139720558882,121.845965125,112.095059431
8600,0.00143047238856,123.576912072,113.891559113
8800,0.00146373918829,115.930601817,99.3813605009
9000,0.00149700598802,115.50451479,96.5862815092
9200,0.00153027278776,115.501174804,100.406841603
9400,0.00156353958749,110.050916308,100.600273428
9600,0.00159680638723,115.296318963,107.822588556
9800,0.00163007318696,123.875304336,112.404972826
10000,0.00166333998669,136.864770855,123.589333377
10200,0.00169660678643,146.036287584,132.702954227
10400,0.00172987358616,161.942992618,146.32321483
10600,0.00176314038589,157.965797581,141.519645488
10800,0.00179640718563,159.181877423,146.024535943
11000,0.00182967398536,157.859574879,150.595742286
11200,0.0018629407851,144.198638921,140.970631683
11400,0.00189620758483,123.937557677,125.52778065
11600,0.00192947438456,112.606918671,109.696577973
11800,0.0019627411843,112.681799359,103.50502165
12000,0.00199600798403,113.608024471,101.61304864
12200,0.00202927478377,121.604565272,105.357506875
12400,0.0020625415835,115.41850328,102.199358671
12600,0.00209580838323,116.504782083,112.16087855
12800,0.00212907518297,109.780412291,105.845622066
13000,0.0021623419827,102.424115244,95.097842834
13200,0.00219560878244,97.3088006969,83.6813229476
13400,0.00222887558217,94.1580487332,78.4558214165
13600,0.0022621423819,97.9119423475,85.2505914846
13800,0.00229540918164,87.9259116017,76.9584977476
14000,0.00232867598137,79.6675428924,68.5233500463
14200,0.0023619427811,84.8772738541,74.5688558968
14400,0.00239520958084,95.4286670148,81.2907553405
14600,0.00242847638057,109.334010318,92.7702315294
14800,0.00246174318031,119.5777686,102.388376207
15000,0.00249500998004,115.699332112,103.708166915
15200,0.00252827677977,110.629510543,100.474310003
15400,0.00256154357951,102.325498477,91.2315208548
15600,0.00259481037924,101.075906883,90.6188551154
15800,0.00262807717898,104.377171856,95.4094347406
16000,0.00266134397871,108.321818572,99.0805262422
16200,0.00269461077844,111.921541194,103.457379276
16400,0.00272787757818,116.304393663,105.120689823
16600,0.00276114437791,114.299748872,102.930036817
16800,0.00279441117764,122.601516031,107.760421339
17000,0.00282767797738,133.35076209,117.203881116
17200,0.00286094477711,124.601205331,108.482107342
17400,0.00289421157685,127.280113329,111.962839586
17600,0.00292747837658,133.075055559,116.79870114
17800,0.00296074517631,150.605450562,132.336848039
18000,0.00299401197605,180.601078182,158.993973499
18200,0.00302727877578,226.40081766,202.478629372
18400,0.00306054557552,263.969215706,232.625258312
18600,0.00309381237525,256.334618977,229.626464554
18800,0.00312707917498,258.422042996,239.040344983
19000,0.00316034597472,234.838632146,237.004895258
19200,0.00319361277445,201.624417451,204.485393601
19400,0.00322687957418,160.380395712,153.633790667
19600,0.00326014637392,142.105681971,141.486348872
19800,0.00329341317365,109.231495342,107.044857699
20000,0.00332667997339,90.1084541947,86.0650483309
20200,0.00335994677312,84.4415742195,80.5606852824
20400,0.00339321357285,77.3824936552,71.6512079168
20600,0.00342648037259,73.1178334443,67.4995756646
20800,0.00345974717232,66.64145197,60.7002178258
21000,0.00349301397206,64.9885953814,56.585911029
21200,0.00352628077179,67.5961241498,56.5376346794
21400,0.00355954757152,75.3626860825,66.3160679118
21600,0.00359281437126,76.4680037196,69.6683469542
21800,0.00362608117099,70.9871820083,63.4824925844
22000,0.00365934797073,72.4514038774,64.1719183852
22200,0.00369261477046,74.3009093833,66.0939573254
22400,0.00372588157019,80.1020900937,73.0056413675
22600,0.00375914836993,89.5086149428,82.7097268296
22800,0.00379241516966,101.745297447,97.2304341555
23000,0.00382568196939,111.669912405,110.175097253
23200,0.00385894876913,123.487916304,128.672617802
23400,0.00389221556886,123.896388781,134.395920486
23600,0.0039254823686,117.392732167,124.449704468
23800,0.00395874916833,112.441741173,113.833970162
24000,0.00399201596806,105.311409535,102.403875615
24200,0.0040252827678,113.891781734,105.136532161
24400,0.00405854956753,125.298196579,117.008157108
24600,0.00409181636727,126.141324383,122.482336505
24800,0.004125083167,125.065401334,123.074981863
25000,0.00415834996673,116.663737008,115.932649546
25200,0.00419161676647,121.319038545,114.698758756
25400,0.0042248835662,121.445766257,112.277809255
25600,0.00425815036593,134.419646561,122.314280905
25800,0.00429141716567,166.096904881,157.263147091
26000,0.0043246839654,184.164070962,172.239608471
26200,0.00435795076514,190.460942329,175.234628486
26400,0.00439121756487,207.06482648,203.606661413
26600,0.0044244843646,196.146106249,185.126362561
26800,0.00445775116434,240.001471876,219.746404645
27000,0.00449101796407,244.999536283,224.011989332
27200,0.00452428476381,224.931777204,201.540189505
27400,0.00455755156354,271.183229337,240.383209411
27600,0.00459081836327,289.934838506,263.585196542
27800,0.00462408516301,259.3856631,230.430352732
28000,0.00465735196274,239.346288865,210.362458809
28200,0.00469061876248,306.582872484,263.019809709
28400,0.00472388556221,281.723553069,238.468803413
28600,0.00475715236194,296.549723469,248.023298664
28800,0.00479041916168,385.391551018,331.187714543
29000,0.00482368596141,352.412195335,307.398131947
29200,0.00485695276114,426.350035366,372.364977443
29400,0.00489021956088,450.409458568,408.457705887
29600,0.00492348636061,413.589743722,403.797691077
29800,0.00495675316035,390.809553306,379.516269844
30000,0.00499001996008,376.993350371,366.562978077
30200,0.00502328675981,349.580809519,352.508438322
30400,0.00505655355955,352.013303696,375.795181424
30600,0.00508982035928,289.105343246,306.899110992
30800,0.00512308715902,264.893506107,268.373018644
31000,0.00515635395875,213.345984368,210.58685072
31200,0.00518962075848,224.868404574,215.108015834
31400,0.00522288755822,215.178106764,206.974949883
31600,0.00525615435795,172.936418437,164.544822658
31800,0.00528942115768,153.25209431,141.299714771
32000,0.00532268795742,162.18652458,149.960424047
32200,0.00535595475715,184.129602664,169.467751975
32400,0.00538922155689,201.198651896,178.523584204
32600,0.00542248835662,218.684933572,200.932421083
32800,0.00545575515635,235.396581573,233.855241396
33000,0.00548902195609,239.486709256,240.372980266
33200,0.00552228875582,232.967989197,236.357065876
33400,0.00555555555556,205.401696982,206.140312114
33600,0.00558882235529,194.940382716,187.36296297
33800,0.00562208915502,189.151744834,190.386516926
34000,0.00565535595476,197.893103145,197.805840554
34200,0.00568862275449,200.473624747,196.697125693
34400,0.00572188955422,188.378086764,186.312241957
34600,0.00575515635396,163.011753368,163.08160384
34800,0.00578842315369,166.784717525,162.642093972
35000,0.00582168995343,210.609605279,197.813421986
35200,0.00585495675316,245.247433559,229.324737879
35400,0.00588822355289,273.980040076,255.438751476
35600,0.00592149035263,278.724484254,264.757700974
35800,0.00595475715236,285.206516006,275.24450147
36000,0.0059880239521,246.416071721,231.937488704
36200,0.00602129075183,231.992018527,225.9922768
36400,0.00605455755156,175.24137071,171.509902028
36600,0.0060878243513,157.190837499,147.96877264
36800,0.00612109115103,153.194319828,145.029180363
37000,0.00615435795077,173.464788271,162.895309193
37200,0.0061876247505,186.751838221,177.18652098
37400,0.00622089155023,217.327302211,207.585254254
37600,0.00625415834997,215.552363471,208.309649869
37800,0.0062874251497,200.397043338,191.308646283
38000,0.00632069194943,184.428814766,175.845938945
38200,0.00635395874917,212.460720684,194.56284563
38400,0.0063872255489,216.725603939,197.593569202
38600,0.00642049234864,198.073344068,181.200535242
38800,0.00645375914837,211.523616283,183.657142395
39000,0.0064870259481,265.61649551,234.586725157
39200,0.00652029274784,282.489960396,265.499532921
39400,0.00655355954757,282.62513649,265.904954079
39600,0.00658682634731,267.96845101,236.054196637
39800,0.00662009314704,236.802845132,194.108604473
40000,0.00665335994677,204.598623977,169.698646232
40081,0.00666683300067,201.696580096,167.386113183
