3006,0.0005,1.01250065217,0.513086973675
6012,0.001,0.80791784192,0.6424468897
9018,0.0015,0.528246669638,0.768403025516
12024,0.002,0.724505762053,1.54402373408
15030,0.0025,-0.195564941669,1.26345915612
18036,0.003,0.0529999350956,1.98909436236
21042,0.0035,0.560410199187,1.77705847169
24048,0.004,0.574483538691,2.77692802289
27054,0.0045,0.980721398886,2.02004780571
30060,0.005,0.203973598988,2.83660187427
33066,0.0055,1.95083152567,3.50006320112
36072,0.006,0.30374348121,2.79674294607
39078,0.0065,-0.111900077593,3.50970900433
42084,0.007,1.19241081499,2.7917064322
45090,0.0075,-0.511160399757,3.03777071541
48096,0.008,1.24673741055,2.85847503055
51102,0.0085,0.0305069355023,2.85321083043
54108,0.009,0.333345427503,3.66929631519
57114,0.0095,0.447390282137,2.2937427035
60120,0.01,1.05503911237,2.84051217913
63126,0.0105,1.60052689993,3.52424770257
66132,0.011,0.638325122087,2.78818043192
69138,0.0115,0.577346218989,2.63604886421
72144,0.012,0.307956555596,1.53359219287
75150,0.0125,0.746438470448,1.95309154913
78156,0.013,1.11518311936,2.6854880518
81162,0.0135,0.740412311189,2.5098587789
84168,0.014,1.10620948584,3.0253422882
87174,0.0145,1.08972874795,3.84838789352
90180,0.015,-0.113488834963,2.58116177023
93186,0.0155,-0.375916121912,3.55594013523
96192,0.016,0.0930292430684,1.80888672701
99198,0.0165,0.644278261635,1.77379584009
102204,0.017,0.225192787817,1.90067623991
105210,0.0175,1.16078433823,1.91107909732
108216,0.018,1.96041000214,3.41825601941
111222,0.0185,0.148335691845,3.16785692255
114228,0.019,0.157082132813,2.05580381185
117234,0.0195,1.52728898592,3.48248561414
120240,0.02,0.347698777572,4.21209597271
123246,0.0205,1.55041423954,4.64917507658
126252,0.021,-0.294180329294,2.84821984683
129258,0.0215,0.832882949249,3.15286933819
132264,0.022,0.393277148824,2.03056307983
135270,0.0225,1.42167947909,3.64392914987
138276,0.023,0.30598160693,2.69234110603
141282,0.0235,-1.20310646618,5.66239304085
144288,0.024,0.859296657514,2.31747548028
147294,0.0245,-0.0995414569493,2.99756674354
150300,0.025,-0.0966709900177,1.97676515407
153306,0.0255,0.429991623044,1.74778691497
156312,0.026,0.575652037785,1.26758146859
159318,0.0265,0.657456470997,1.64469002093
162324,0.027,0.204721498592,1.62580829522
165330,0.0275,0.245060549793,1.53316347335
168336,0.028,0.117550166552,1.7051634242
171342,0.0285,-0.0426102282711,1.29613910687
174348,0.029,0.0311618043697,0.959887345968
177354,0.0295,1.12068761744,1.15988162631
180360,0.03,0.378893345193,0.787661794938
183366,0.0305,0.26110670861,1.17338493105
186372,0.031,0.9747609799,1.57458280139
189378,0.0315,0.441891443684,1.46877575607
192384,0.032,0.270744567436,1.76372523382
195390,0.0325,-0.0783197210829,1.4563536988
198396,0.033,0.236895177301,1.64090561969
201402,0.0335,0.0794286755614,2.04591424318
204408,0.034,0.310863042726,1.57803513866
207414,0.0345,0.769352512858,2.09004183229
210420,0.035,0.012054984585,1.97184431436
213426,0.0355,0.792299881119,2.77434391823
216432,0.036,-0.0138914384924,4.31802278367
219438,0.0365,0.16226918508,3.44193941674
222444,0.037,0.647163114517,4.00216541317
225450,0.0375,1.66059182902,2.87978733586
228456,0.038,0.560224549086,2.83553630586
231462,0.0385,1.69786427371,3.94723990986
234468,0.039,-0.317585322109,2.76234515634
237474,0.0395,1.64271688466,3.46672265696
240480,0.04,0.908271732802,2.02524427369
243486,0.0405,0.538817747742,1.40844287422
246492,0.041,0.700377442031,1.60678426173
249498,0.0415,0.669887052166,1.21451381191
252504,0.042,-0.193517269188,1.37091553108
255510,0.0425,1.03209260996,2.43524794692
258516,0.043,-0.240181013911,2.53957398372
261522,0.0435,0.440394257271,2.67821820344
264528,0.044,0.13686658694,2.3281726126
267534,0.0445,0.26493390215,2.64319114497
270540,0.045,0.13918783226,2.73170482954
273546,0.0455,-0.133222904854,2.84939603975
276552,0.046,0.806743942877,3.14728555089
279558,0.0465,0.783722378768,2.4752003779
282564,0.047,0.739157517178,2.53219478501
285570,0.0475,2.3090241109,3.639228208
288576,0.048,0.305378895129,3.18804208629
291582,0.0485,-0.152653660774,3.59368696484
294588,0.049,0.0462440181786,3.83514150255
297594,0.0495,0.903696577221,3.60101076002
300600,0.05,-0.786644651505,3.38394601876
303606,0.0505,0.75220526942,3.49765727369
306612,0.051,0.581727412992,4.67454080098
309618,0.0515,-0.0518239762496,4.10075474858
312624,0.052,0.869550693508,2.44268781822
315630,0.0525,-0.684821087616,3.66066609613
318636,0.053,0.891928772971,3.27913841893
321642,0.0535,1.06391637837,2.98356515342
324648,0.054,0.492665884201,4.25100726462
327654,0.0545,0.0455587117506,2.39708645568
330660,0.055,0.137342767252,2.08921860079
333666,0.0555,0.432664552273,2.22651984676
336672,0.056,0.28976993211,1.78670763745
339678,0.0565,0.419901446333,1.46435406378
342684,0.057,0.379575930579,1.04877530362
345690,0.0575,0.0726454010166,1.2523707437
348696,0.058,0.559196450985,1.29278524522
351702,0.0585,-0.0659510068782,1.59886436708
354708,0.059,0.394773701495,2.0193578948
357714,0.0595,0.668336103398,2.08904440925
360720,0.06,0.662736264147,2.55827498624
363726,0.0605,0.25328036711,3.89735003023
366732,0.061,0.364989452107,3.60409331225
369738,0.0615,-0.637501427569,3.87913738013
372744,0.062,-0.843362897172,3.80842366116
375750,0.0625,-0.339634070636,4.14121789696
378756,0.063,1.05836125571,2.70754114142
381762,0.0635,0.77940077715,3.65905645494
384768,0.064,-1.58584189874,6.12502671785
387774,0.0645,0.526015975726,4.47952132898
390780,0.065,0.691588028751,2.25792447996
393786,0.0655,1.1324895221,4.20211748004
396792,0.066,0.723864629575,3.03428152544
399798,0.0665,1.01644575719,3.93798626449
402804,0.067,-0.315649580964,4.01976807173
405810,0.0675,-0.184115643677,2.36751332105
408816,0.068,0.694021735838,2.09270054431
411822,0.0685,1.39224858064,2.44240308616
414828,0.069,0.163736539266,1.94015010445
417834,0.0695,-0.33970967935,1.93519594468
420840,0.07,0.432587412836,1.92812051683
423846,0.0705,0.116340017684,2.52176631079
426852,0.071,0.0303581983198,2.28743711522
429858,0.0715,0.305706008277,1.89886899446
432864,0.072,0.220040610822,2.37549884032
435870,0.0725,-0.876723795593,2.6126638563
438876,0.073,0.387839904737,2.01659451735
441882,0.0735,0.489824721422,2.54960608428
444888,0.074,0.111277927874,1.7322539613
447894,0.0745,0.0953125846205,1.09070487835
450900,0.075,0.796485200108,1.94055070314
453906,0.0755,0.574202492397,1.75617529001
456912,0.076,1.12493652468,3.37738147216
459918,0.0765,0.940379006456,2.15014586787
462924,0.077,-0.440664826958,4.09859670192
465930,0.0775,1.73817654192,2.75407669718
468936,0.078,1.54869761944,3.37533587197
471942,0.0785,1.5060544339,2.57242452394
474948,0.079,2.27906781359,3.10594157541
477954,0.0795,-0.751629632609,3.14455024453
480960,0.08,-1.50645759324,4.75402000054
483966,0.0805,-0.0607710878151,3.17300480288
486972,0.081,-0.233906477188,2.88895328859
489978,0.0815,0.151709575436,1.58995452957
492984,0.082,0.858271357101,1.80146616213
495990,0.0825,0.663385249777,1.60967378691
498996,0.083,-0.148256307988,1.53670602565
502002,0.0835,0.399144061017,2.20993989275
505008,0.084,0.0773632800768,1.98823123955
508014,0.0845,0.0185875070618,1.57563577318
511020,0.085,1.42755187145,3.33688081811
514026,0.0855,-1.02598275761,3.3721764656
517032,0.086,-0.369986192722,1.92739251818
520038,0.0865,1.08353170398,2.35296380095
523044,0.087,0.450723162955,3.83288381162
526050,0.0875,-0.0527852428245,4.55424126455
529056,0.088,0.453799001574,2.66911332305
532062,0.0885,-0.863641637173,3.56845581548
535068,0.089,0.758869557279,3.79683300691
538074,0.0895,0.0571677855907,4.93322869825
541080,0.09,0.837275805085,3.28874342215
544086,0.0905,0.102137613567,4.16591112892
547092,0.091,-0.150225820802,4.10927936592
550098,0.0915,1.73423030111,3.28845750744
553104,0.092,0.230555457871,2.97196165196
556110,0.0925,1.67814033227,2.91926028766
559116,0.093,0.170116471399,3.32899443362
562122,0.0935,-0.00766560143619,2.49465841618
565128,0.094,0.907528584464,3.09167666803
568134,0.0945,-0.306796812108,4.98108148951
571140,0.095,0.324029079801,6.25558279499
574146,0.0955,0.710207877428,4.45861771971
577152,0.096,1.72189572952,3.50042778557
580158,0.0965,1.35484138762,3.44302736948
583164,0.097,1.71357128274,3.16298866804
586170,0.0975,0.292001132242,4.44096313518
589176,0.098,0.789245639011,3.10530688362
592182,0.0985,1.03615206897,5.90785848742
595188,0.099,-1.4410502082,10.3366287931
598194,0.0995,2.01078246362,3.83018595127
601200,0.1,-0.0290891595221,4.55833643235
604206,0.1005,1.3069241028,4.95875696002
607212,0.101,0.588942133823,4.32492271471
610218,0.1015,1.30620831674,6.73157552345
613224,0.102,0.244407606346,4.9358564041
616230,0.1025,0.616606409771,4.16451605047
619236,0.103,2.86154121506,3.95006988061
622242,0.1035,-2.00935183139,5.26367212048
625248,0.104,1.31889271396,3.55138009581
628254,0.1045,-0.608356779406,7.82141748622
631260,0.105,0.360280201408,3.38767540546
634266,0.1055,1.26241949049,4.46476413425
637272,0.106,0.2511465687,5.00987171985
640278,0.1065,0.735275001519,6.55460295154
643284,0.107,-1.39077725284,7.51067616303
646290,0.1075,0.581880251137,4.09406423475
649296,0.108,0.458486735508,1.73831202504
652302,0.1085,0.0860993686635,1.59298090003
655308,0.109,0.798371791538,1.65672002503
658314,0.1095,0.543720489225,1.71629347834
661320,0.11,-0.56288306377,2.79269605653
664326,0.1105,0.416391179359,2.29509558599
667332,0.111,0.782586109014,2.51627985589
670338,0.1115,-0.0139366055291,3.25718912385
673344,0.112,1.34468490438,3.70635384328
676350,0.1125,-0.542141182236,5.59356282486
679356,0.113,1.20381453681,3.3670208966
682362,0.1135,0.049375779457,3.84658910796
685368,0.114,-0.641257012922,3.21955421982
688374,0.1145,-0.932013783881,3.46096576215
691380,0.115,-0.154348201502,1.73380581849
694386,0.1155,0.408076805689,1.76136111757
697392,0.116,0.278136280345,1.69890036207
700398,0.1165,0.418259435357,2.02954313643
703404,0.117,0.863653202848,2.53180990097
706410,0.1175,0.201549860568,1.34781544149
709416,0.118,-0.531567057149,1.17010624632
712422,0.1185,0.980926238724,2.32951756258
715428,0.119,0.22466676629,2.91830115788
718434,0.1195,1.72641914765,3.62493504235
721440,0.12,-0.69275185669,4.81609137185
724446,0.1205,0.382903047063,4.70083998817
727452,0.121,-0.366988088749,2.41114318179
730458,0.1215,0.384060045546,2.57673725785
733464,0.122,0.392956765557,3.26142371175
736470,0.1225,-0.29648026552,2.34053826891
739476,0.123,0.130077082462,2.86563260771
742482,0.1235,0.655068701912,2.81790617612
745488,0.124,-1.91345025865,4.55561628724
748494,0.1245,0.929843050284,3.09283256664
751500,0.125,0.397960858928,4.54021611072
754506,0.1255,1.98648563582,2.9304752854
757512,0.126,2.37841834858,4.17922689181
760518,0.1265,0.341585352839,4.85757568597
763524,0.127,0.827963728799,3.60566757078
766530,0.1275,1.07097184248,3.30632322526
769536,0.128,0.325662699279,3.23929499871
772542,0.1285,-2.44995577144,6.5954236157
775548,0.129,1.21917724012,2.57358601777
778554,0.1295,1.16779968904,3.53319826461
781560,0.13,0.806062596421,3.35437756996
784566,0.1305,0.229090806575,2.83653991212
787572,0.131,0.679961439947,2.12883813959
790578,0.1315,0.414263662758,1.65463621269
793584,0.132,1.4889864348,2.43220637008
796590,0.1325,2.41183917867,3.51912141374
799596,0.133,-2.21052109524,5.1436663224
802602,0.1335,0.507382771196,2.20074964276
805608,0.134,0.48656484666,1.56731599155
808614,0.1345,0.770926110491,1.71369270243
811620,0.135,0.561183916898,2.4056221664
814626,0.1355,0.91593175779,4.50725178645
817632,0.136,-0.203386612198,2.87101677335
820638,0.1365,-0.295013479835,2.56831606598
823644,0.137,0.36184665305,1.81047898587
826650,0.1375,1.18578443472,3.27316811561
829656,0.138,1.018566989,2.18762812024
832662,0.1385,0.429286039825,2.24139619207
835668,0.139,0.720348482169,1.88133485278
838674,0.1395,0.383319989853,1.42829328857
841680,0.14,0.312772090733,1.80098639266
844686,0.1405,-0.0208777955672,1.80629236543
847692,0.141,0.333164242056,1.64103086501
850698,0.1415,0.316896610943,1.88509493368
853704,0.142,0.796334544427,3.01682781106
856710,0.1425,0.101212036222,2.38268016245
859716,0.143,-0.193063360051,2.85184446036
862722,0.1435,1.71076311887,2.97276356366
865728,0.144,1.51230068907,2.96495734654
868734,0.1445,-0.277139792603,3.79548376039
871740,0.145,-0.365751496883,4.69669343897
874746,0.1455,-0.150063983111,2.9728355279
877752,0.146,0.610239333269,1.99526923407
880758,0.1465,1.25241266711,2.9380594057
883764,0.147,-0.208962341979,2.06051582391
886770,0.1475,0.37788886599,1.95384911263
889776,0.148,0.139827384582,2.2735410503
892782,0.1485,0.317278194579,1.64922900909
895788,0.149,1.28992780155,2.97684656959
898794,0.1495,0.309454739272,1.66409176136
901800,0.15,1.11311787437,1.85783831104
904806,0.1505,-0.224808756417,1.99790584331
907812,0.151,-0.107996840735,2.47044731626
910818,0.1515,0.588159377627,3.92557949387
913824,0.152,1.49912356028,4.27172841206
916830,0.1525,0.0565671501913,3.93187796855
919836,0.153,0.981258553042,3.81422271353
922842,0.1535,1.59868060825,3.56128443308
925848,0.154,1.50992419549,5.78598408533
928854,0.1545,-1.7848164571,4.46095189298
931860,0.155,-1.15437292422,8.24292822726
934866,0.1555,-0.563094501195,6.87411402875
937872,0.156,0.491086537435,3.52658225687
940878,0.1565,0.35534544481,3.12924413213
943884,0.157,1.22569021765,2.3469514342
946890,0.1575,-0.154304127068,3.69919916806
949896,0.158,0.75782931731,3.47590858325
952902,0.1585,0.42114278022,2.95939292137
955908,0.159,-1.23187040037,5.49159252834
958914,0.1595,0.508491824171,3.28390941999
961920,0.16,0.296981479227,4.18911490037
964926,0.1605,0.613146474849,2.63242285564
967932,0.161,1.21479423331,3.3841532141
970938,0.1615,0.662277956961,2.84926138748
973944,0.162,0.376474244729,2.45433441425
976950,0.1625,0.499217735325,2.99731291211
979956,0.163,-0.352602423285,3.58276026843
982962,0.1635,1.04223726194,2.61910201088
985968,0.164,-0.448906353483,3.68497328472
988974,0.1645,2.06269144028,4.00307582107
991980,0.165,0.868915239366,2.85060103098
994986,0.1655,-1.14215135177,2.4042643615
997992,0.166,1.30716406142,1.99676940281
1000998,0.1665,0.548125696183,2.04053557294
1004004,0.167,0.279989343564,2.07711231392
1007010,0.1675,0.0958306460374,1.92418581854
1010016,0.168,-0.323452984676,1.68737830402
1013022,0.1685,0.799344137763,2.67058310155
1016028,0.169,1.58680770345,3.26794692378
1019034,0.1695,-0.270347039714,3.15685718025
1022040,0.17,-0.185019054077,2.91737339094
1025046,0.1705,-0.570371980876,5.66417196425
1028052,0.171,0.210327476028,2.92172433907
1031058,0.1715,0.631800732419,3.84572913525
1034064,0.172,0.0343465462131,3.92650328488
1037070,0.1725,0.593851190857,4.23618434948
1040076,0.173,0.166876130229,3.21636890214
1043082,0.1735,2.8963524376,6.91189651985
1046088,0.174,1.63501160605,4.96295079855
1049094,0.1745,0.15888165713,3.95502695716
1052100,0.175,0.489855984841,3.51330937684
1055106,0.1755,0.0498958559511,3.50334478471
1058112,0.176,-0.88846965587,2.64561876277
1061118,0.1765,0.0179641007206,1.59172050493
1064124,0.177,0.888920325149,1.80219616914
1067130,0.1775,-0.178786856825,1.91127115305
1070136,0.178,1.13452126544,2.00188265023
1073142,0.1785,-0.183785411083,2.19019566183
1076148,0.179,1.02928634711,3.09777433112
1079154,0.1795,0.0217379114753,2.17235337961
1082160,0.18,1.13953392652,2.02210910931
1085166,0.1805,0.488546550778,2.82269397892
1088172,0.181,0.178451939143,2.97177815756
1091178,0.1815,0.650712793212,2.52964624982
1094184,0.182,-0.37001366686,2.50709314793
1097190,0.1825,0.30931808869,2.6735785033
1100196,0.183,0.979240556857,3.14750714098
1103202,0.1835,-0.276960880702,3.1068878313
1106208,0.184,1.11435161183,4.10562236275
1109214,0.1845,-0.320032431393,4.14266909678
1112220,0.185,-0.72307328907,4.04266022735
1115226,0.1855,1.8528519386,4.00814728365
1118232,0.186,0.0776447724729,5.52339666612
1121238,0.1865,1.42013699054,5.51780408939
1124244,0.187,-0.444990195744,4.92035529081
1127250,0.1875,0.110370517206,2.54959307847
1130256,0.188,0.132036594645,2.6862172554
1133262,0.1885,0.721348913769,1.52876191832
1136268,0.189,0.854196627126,1.90316139329
1139274,0.1895,0.928714831381,2.76977769444
1142280,0.19,0.803926744102,3.50725117916
1145286,0.1905,-0.298046334795,3.06669211503
1148292,0.191,0.883127103703,2.91663950876
1151298,0.1915,-2.50853498457,6.31676624854
1154304,0.192,0.0788904695007,2.42294677207
1157310,0.1925,0.900464695173,3.3642772602
1160316,0.193,0.179579641485,3.07186446962
1163322,0.1935,1.28245583666,3.8163436617
1166328,0.194,0.651108388106,3.08786728133
1169334,0.1945,0.151542146743,2.93641444755
1172340,0.195,1.59141448126,3.39702367162
1175346,0.1955,2.23354216494,4.24385163363
1178352,0.196,0.678326925483,5.62618717511
1181358,0.1965,1.27828057789,7.96599223219
1184364,0.197,1.01223472796,7.50157160832
1187370,0.1975,0.918271855945,6.69301664746
1190376,0.198,1.13292857637,5.2061814974
1193382,0.1985,1.01555575586,3.96082039977
1196388,0.199,-0.406568722619,6.77351299367
1199394,0.1995,0.54496514133,6.06731776057
1202400,0.2,1.17822894754,3.55145355219
1205406,0.2005,1.43958390377,3.42894470712
1208412,0.201,1.30619083239,2.72705127538
1211418,0.2015,1.84591824753,3.64878969799
1214424,0.202,-0.369527639229,3.43955650149
1217430,0.2025,-0.239289450043,2.19848076977
1220436,0.203,-0.314849946812,2.02213029242
1223442,0.2035,0.575382959716,2.20194869658
1226448,0.204,1.03206987683,2.17248220963
1229454,0.2045,-0.334874149997,2.99324737514
1232460,0.205,1.38877430237,3.7728678281
1235466,0.2055,-1.66668655613,4.75926740488
1238472,0.206,0.958927558159,3.69497001591
1241478,0.2065,-3.06138985695,7.98543650356
1244484,0.207,-3.20831060207,10.147146741
1247490,0.2075,-0.0952375516139,3.96875586691
1250496,0.208,-0.100183376464,7.37573474609
1253502,0.2085,-0.362608831963,2.20041456313
1256508,0.209,0.766974626871,3.13928511614
1259514,0.2095,0.406157770883,4.55628070206
1262520,0.21,0.0356629633432,3.78700003774
1265526,0.2105,-0.0654630468749,3.02693603786
1268532,0.211,-0.384680233041,2.96968528006
1271538,0.2115,0.782031420086,3.34922436449
1274544,0.212,-0.388871700163,6.46819174535
1277550,0.2125,0.0404409344954,6.79348365647
1280556,0.213,0.637366636663,6.36344310172
1283562,0.2135,0.101777129841,3.79733492198
1286568,0.214,1.78709239738,3.85889269981
1289574,0.2145,0.80510812033,2.59299275503
1292580,0.215,0.963086885767,3.59876519579
1295586,0.2155,-1.59321429369,4.9208386911
1298592,0.216,-0.880063606235,6.63653331122
1301598,0.2165,1.33622630477,3.56938227324
1304604,0.217,1.25886536094,4.54050660963
1307610,0.2175,-0.502610485739,4.15446939357
1310616,0.218,-0.768334675198,8.87346083132
1313622,0.2185,0.295078519428,6.41809586843
1316628,0.219,-0.810618731448,6.84622511503
1319634,0.2195,-0.379673920971,6.35788840783
1322640,0.22,1.34406358136,2.82361555514
1325646,0.2205,-1.44680098392,4.85062234872
1328652,0.221,0.370655187389,2.39065355939
1331658,0.2215,-0.57347254297,2.35870244973
