6012,0.001,0.0,0.0
12024,0.002,0.000662035662133,0.00129937542945
18036,0.003,0.00337501846356,0.00658564612437
24048,0.004,0.0064253104007,0.0115064469335
30060,0.005,0.00863674926132,0.0144112157698
36072,0.006,0.0124705414544,0.0209964757368
42084,0.007,0.0183245872971,0.0295208586266
48096,0.008,0.0216412804591,0.0349995283051
54108,0.009,0.0228222834934,0.037830665291
60120,0.01,0.0221657760961,0.0369198917135
66132,0.011,0.0192484929964,0.0329856750136
72144,0.012,0.0192725535847,0.0327204800408
78156,0.013,0.019257179547,0.0333978366733
84168,0.014,0.0157015272164,0.0279150693287
90180,0.015,0.0119162223286,0.021035995129
96192,0.016,0.00850612267395,0.0155035170929
102204,0.017,0.00507573423535,0.00953822450136
108216,0.018,0.00369426954382,0.00731473634204
114228,0.019,0.00305688440511,0.00582958411271
120240,0.02,0.00242913556669,0.00460653011893
126252,0.021,0.00315952584312,0.00614244035379
132264,0.022,0.00345443081794,0.00652788319063
138276,0.023,0.00353693755461,0.00699427842031
144288,0.024,0.00360956310348,0.00724742854567
150300,0.025,0.00376642975529,0.0077819446849
156312,0.026,0.00469113481754,0.009361438743
162324,0.027,0.00468172289403,0.00884769441923
168336,0.028,0.00443193454829,0.0082533215256
174348,0.029,0.0049600751295,0.00944180613674
180360,0.03,0.00444685471707,0.00848859388448
186372,0.031,0.00446979421331,0.00841530332623
192384,0.032,0.0118130783057,0.0215459556939
198396,0.033,0.0141715084448,0.0251778712028
204408,0.034,0.0161294037659,0.0284815174299
210420,0.035,0.0148510867925,0.0271312415077
216432,0.036,0.0116402937007,0.0210931315051
222444,0.037,0.00633160768217,0.0116457674712
228456,0.038,0.00290919669267,0.00587348485078
234468,0.039,0.00175986204575,0.00402334966832
240480,0.04,0.000619089025761,0.0018670181406
246492,0.041,0.00055426447418,0.00183976009074
252504,0.042,0.000656095904723,0.00175902652374
258516,0.043,0.000629596395691,0.00135857413252
264528,0.044,0.000629014854571,0.00134444308732
270540,0.045,0.000874785174522,0.00214808170863
276552,0.046,0.00320338750007,0.00650614495371
282564,0.047,0.00532842888378,0.0101685082075
288576,0.048,0.00660569735374,0.0121611448859
294588,0.049,0.00862143373265,0.0155103520351
300600,0.05,0.0155188780556,0.027213168762
306612,0.051,0.0212177788789,0.0368974076396
312624,0.052,0.0255268596625,0.044655758298
318636,0.053,0.026855227753,0.0469753282203
324648,0.054,0.0285864097295,0.0485021375953
330660,0.055,0.0310259873088,0.0517499367209
336672,0.056,0.0267556449251,0.0454340917018
342684,0.057,0.0204695061899,0.0359425960923
348696,0.058,0.0191892308499,0.0328561705213
354708,0.059,0.0168784567783,0.0295341023699
360720,0.06,0.0134386459616,0.0235121636471
366732,0.061,0.0130074739154,0.0240634159371
372744,0.062,0.0134814599701,0.0249951982477
378756,0.063,0.0126898790167,0.0237038116183
384768,0.064,0.0167365336546,0.0300572112397
390780,0.065,0.0153254096661,0.0282988704358
396792,0.066,0.0152739986193,0.0290346328258
402804,0.067,0.0196500675945,0.0359686909844
408816,0.068,0.0251752084014,0.0460914163959
414828,0.069,0.0263177455005,0.0521906249867
420840,0.07,0.0375059234138,0.0670378256202
426852,0.071,0.0418753119451,0.0754380720901
432864,0.072,0.0514320929785,0.0898020318481
438876,0.073,0.0843149576757,0.1336283335
444888,0.074,0.119181266244,0.186497500233
450900,0.075,0.128575928779,0.201451543954
456912,0.076,0.132546862971,0.206567536885
462924,0.077,0.111950893002,0.174164455123
468936,0.078,0.075997678401,0.118716310703
474948,0.079,0.0415837054394,0.0740396648258
480960,0.08,0.0229570894412,0.0423088982858
486972,0.081,0.0219446127159,0.0407978483462
492984,0.082,0.025196694892,0.0423113403264
498996,0.083,0.0295864684531,0.0502189077629
505008,0.084,0.0319111013962,0.05506923194
511020,0.085,0.0309032630101,0.0534286882532
517032,0.086,0.0336538083061,0.0571346202084
523044,0.087,0.03285184061,0.0567901756618
529056,0.088,0.0315921198172,0.0554179994912
535068,0.089,0.0196875107977,0.0352502232134
541080,0.09,0.0135708620298,0.02565763133
547092,0.091,0.0148494838614,0.0263329796117
553104,0.092,0.0137462611401,0.0250287033082
559116,0.093,0.0121060684544,0.0222672682157
565128,0.094,0.0135574676775,0.0245198634819
571140,0.095,0.0145020162541,0.0259417801147
577152,0.096,0.0174897838474,0.0294598754322
583164,0.097,0.0186597599479,0.0311992863139
589176,0.098,0.0176270032108,0.0293104877407
595188,0.099,0.0184739127258,0.0305029603185
601200,0.1,0.0183481191096,0.0301421532483
607212,0.101,0.0222874548032,0.0373849818101
613224,0.102,0.0249785883884,0.0414079176403
619236,0.103,0.033213463348,0.0534585707454
625248,0.104,0.0491940298672,0.0729856734131
631260,0.105,0.0619184270663,0.092877929708
637272,0.106,0.0615368670274,0.0924685275778
643284,0.107,0.0556517554947,0.0863598342721
649296,0.108,0.0502893122915,0.078050231556
655308,0.109,0.046281260084,0.0719062925545
661320,0.11,0.0463956966792,0.0730427648836
667332,0.111,0.0541030368943,0.0856536315133
673344,0.112,0.064363138143,0.0921019403405
679356,0.113,0.0886069792007,0.118272905729
685368,0.114,0.102512826321,0.137782180109
691380,0.115,0.111639471174,0.159338809842
697392,0.116,0.111283052602,0.163484920973
703404,0.117,0.122600146309,0.170874315035
709416,0.118,0.135799575556,0.189029903218
715428,0.119,0.145337584056,0.197493121691
721440,0.12,0.133914852508,0.184373578252
727452,0.121,0.111662420655,0.156742269226
733464,0.122,0.0985577387531,0.139114504966
739476,0.123,0.0815700688572,0.118923224421
745488,0.124,0.0833233821787,0.12205698898
751500,0.125,0.0764203013265,0.11401506796
757512,0.126,0.0635339598291,0.104310409189
763524,0.127,0.0571406358268,0.101304744394
769536,0.128,0.0558243683603,0.0973740692842
775548,0.129,0.0472384194195,0.0853798120029
781560,0.13,0.0430489048756,0.0780085210339
787572,0.131,0.0385323630082,0.0686144242137
793584,0.132,0.0353142276675,0.0629001371245
799596,0.133,0.0331065279541,0.0604933880642
805608,0.134,0.0291113633855,0.0534650770619
811620,0.135,0.0223772133819,0.0418430570517
817632,0.136,0.0163095333307,0.0322249182954
823644,0.137,0.0149116578252,0.0292826589757
829656,0.138,0.0133964649984,0.0253249195155
835668,0.139,0.0121866614117,0.0237617346236
841680,0.14,0.0158817794155,0.0288743631741
847692,0.141,0.017285972187,0.0310227883815
853704,0.142,0.0190085859226,0.0321365533711
859716,0.143,0.0230495280236,0.0391189992544
865728,0.144,0.0271702098862,0.045431669962
871740,0.145,0.0278417920893,0.0474984399086
877752,0.146,0.0270957342332,0.046329074602
883764,0.147,0.0261960258842,0.0440942808062
889776,0.148,0.0207022460208,0.0345354269258
895788,0.149,0.0153956583878,0.027132419133
901800,0.15,0.0126720866982,0.022996390582
907812,0.151,0.0105053073411,0.0197058293505
913824,0.152,0.00967048688429,0.0177489453697
919836,0.153,0.00831623931845,0.014510605701
925848,0.154,0.00822696574994,0.0144646439565
931860,0.155,0.00841748664988,0.0151774499045
937872,0.156,0.00831094817706,0.0151293452227
943884,0.157,0.0084670552212,0.014877682862
949896,0.158,0.00805382825308,0.0137747841134
955908,0.159,0.00638751986129,0.0116093720686
961920,0.16,0.00610546470747,0.0113293658109
967932,0.161,0.00715749909068,0.0128912228882
973944,0.162,0.00720604134619,0.012934904222
979956,0.163,0.0070902401402,0.012617777244
985968,0.164,0.00748295990046,0.0132604986608
991980,0.165,0.00735762256684,0.0130087069562
997992,0.166,0.00548702858013,0.00983392488549
1004004,0.167,0.00364328361357,0.00665926890936
1010016,0.168,0.00165429481673,0.00316799278909
1016028,0.169,0.00132386980913,0.00258970205139
1022040,0.17,0.00212621997381,0.00396283576165
1028052,0.171,0.00192265239456,0.00358342775452
1034064,0.172,0.000998394889731,0.0019019843627
1040076,0.173,0.00121099845106,0.00240243883543
1046088,0.174,0.00121975445047,0.00228954981867
1052100,0.175,0.00429560234043,0.00758194906381
1058112,0.176,0.0082995494975,0.0140609167212
1064124,0.177,0.0124974890902,0.0207290239397
1070136,0.178,0.0170226657909,0.0277037646866
1076148,0.179,0.0190685072238,0.0292946740462
1082160,0.18,0.0257866788455,0.0379910356114
1088172,0.181,0.0313741400192,0.0452311497471
1094184,0.182,0.033232492549,0.0481763147091
1100196,0.183,0.0358567669273,0.0537347194439
1106208,0.184,0.0360010696566,0.0553228837087
1112220,0.185,0.0345413111362,0.0551518058326
1118232,0.186,0.0274792719092,0.0455717902699
1124244,0.187,0.0191241357767,0.0340891991016
1130256,0.188,0.0123922113922,0.0221339781455
1136268,0.189,0.0109476735671,0.019926512304
1142280,0.19,0.00993958659802,0.0179889656953
1148292,0.191,0.00721328375259,0.0129445822946
1154304,0.192,0.00731452316971,0.0126397204993
1160316,0.193,0.00593681671819,0.0101935106558
1166328,0.194,0.00500109555969,0.00867827239384
1172340,0.195,0.00353096131198,0.00649168253124
1178352,0.196,0.00286294735798,0.0052746044779
1184364,0.197,0.00225135600623,0.00416184490253
1190376,0.198,0.00133337136545,0.00256063731104
1196388,0.199,0.00153923979199,0.00292591954054
1202400,0.2,0.00182014382926,0.0034552919536
1208412,0.201,0.00191730945784,0.00368571576303
1214424,0.202,0.00176997969363,0.00340249824065
1220436,0.203,0.00109557111719,0.00212059080675
1226448,0.204,0.000786739687663,0.00153719297163
1232460,0.205,0.000718967630639,0.00140477467449
1238472,0.206,0.00038593812919,0.000757865260912
1244484,0.207,0.0,0.0
1250496,0.208,0.0,0.0
1256508,0.209,0.0,0.0
1262520,0.21,0.0,0.0
1268532,0.211,0.0,0.0
1274544,0.212,0.0,0.0
1280556,0.213,0.0,0.0
1286568,0.214,0.0,0.0
1292580,0.215,0.0,0.0
1298592,0.216,0.0,0.0
1304604,0.217,0.0,0.0
1310616,0.218,9.28064662831e-05,0.00018389942942
1316628,0.219,2.04002577882e-05,3.98755955205e-05
1322640,0.22,0.000113191536778,0.000221819367198
1328652,0.221,0.000187728245994,0.000382548745899
1334664,0.222,0.000803750374914,0.00152825139822
1340676,0.223,0.00067800137525,0.0012801308267
1346688,0.224,0.000212586271806,0.000415587579514
1352700,0.225,0.000304730169501,0.000590236693721
1358712,0.226,0.000212809602994,0.000416024172466
1364724,0.227,0.000228868778702,0.000447418457265
1370736,0.228,0.00026918469966,0.000526232558779
1376748,0.229,0.000263996677072,0.000516090428098
1382760,0.23,0.000852188199877,0.00165440062915
1388772,0.231,0.00194157457438,0.00368050984498
1394784,0.232,0.00273262609822,0.00523538265537
1400796,0.233,0.00293964080053,0.00562474121451
1406808,0.234,0.00445956140472,0.00850192610521
1412820,0.235,0.00566605333176,0.0108107861534
1418832,0.236,0.00674203768256,0.0125057668394
1424844,0.237,0.00769985992842,0.0146811432118
1430856,0.238,0.0104891425736,0.0199704954652
1436868,0.239,0.0150632816333,0.0280778441622
1442880,0.24,0.0215792078711,0.0389707997613
1448892,0.241,0.0295248149713,0.0527712188062
1454904,0.242,0.0399437259553,0.0702970272772
1460916,0.243,0.0499830586428,0.0875815642503
1466928,0.244,0.0553513964308,0.0965521043366
1472940,0.245,0.0517723642795,0.0894478989392
1478952,0.246,0.0509222961225,0.0854848655982
1484964,0.247,0.0519156382862,0.0821714682424
1490976,0.248,0.050247270312,0.0755192048738
1496988,0.249,0.0305349345215,0.0452373930621
1503000,0.25,0.0256533666056,0.0414802906199
1509012,0.251,0.0236429022165,0.0400417043879
1515024,0.252,0.0223333662737,0.0365858191009
1521036,0.253,0.0228503019521,0.0389937975889
1527048,0.254,0.0218284598304,0.0385001001767
1533060,0.255,0.0195050277729,0.0358895297804
1539072,0.256,0.0179548714314,0.0321938448309
1545084,0.257,0.0177151932047,0.0316575043523
1551096,0.258,0.0146426406866,0.0267731273881
1557108,0.259,0.0125634870873,0.0245191810225
1563120,0.26,0.0120033689968,0.0233432348683
1569132,0.261,0.0102179246553,0.0198844417604
1575144,0.262,0.0111241434597,0.020729007512
1581156,0.263,0.0111608540497,0.0212120812438
1587168,0.264,0.0118828687599,0.0223503678623
1593180,0.265,0.00851894234654,0.0158507626594
1599192,0.266,0.00538464809717,0.0102833993131
1605204,0.267,0.00385716781639,0.00749226263255
1611216,0.268,0.00328744740125,0.00678484932021
1617228,0.269,0.00305885310026,0.00676856245477
1623240,0.27,0.00258630779433,0.00578638715803
1629252,0.271,0.00308768764245,0.00676593128211
1635264,0.272,0.00842668819778,0.0162256946684
1641276,0.273,0.0133510207882,0.0259135866515
1647288,0.274,0.0181217035129,0.0338654788563
1653300,0.275,0.0177021019891,0.0327461216138
1659312,0.276,0.0155277389813,0.0285992245247
1665324,0.277,0.0162470886793,0.0292414019926
1671336,0.278,0.0146442999059,0.0279090325869
1677348,0.279,0.0134819433107,0.0256686216237
1683360,0.28,0.0119335646137,0.022777616271
1689372,0.281,0.0112972911514,0.0221616140637
1695384,0.282,0.0119943260078,0.0227090013579
1701396,0.283,0.0128417474726,0.0234913722198
1707408,0.284,0.013779204759,0.0258055054805
1713420,0.285,0.016883435621,0.0326948269541
1719432,0.286,0.0245544009735,0.046104029781
1725444,0.287,0.0354833942854,0.0597658072772
1731456,0.288,0.0419654579231,0.0685388505713
1737468,0.289,0.044817266014,0.0744774207079
1743480,0.29,0.0435006363201,0.072812739191
1749492,0.291,0.0411960547548,0.0694763671205
1755504,0.292,0.0321318355902,0.0554507239389
1761516,0.293,0.0270709870136,0.0475037582735
1767528,0.294,0.0251375432906,0.0444489054634
1773540,0.295,0.0261633967865,0.046089163798
1779552,0.296,0.0372702816794,0.0594119417329
1785564,0.297,0.0411798026498,0.0644965239072
1791576,0.298,0.0452711132848,0.070864747788
1797588,0.299,0.0481118933443,0.0740367289024
1803600,0.3,0.0537034467578,0.0795111422155
1809612,0.301,0.0552154813349,0.0827660035241
1815624,0.302,0.0549433266794,0.0823275831273
1821636,0.303,0.0548264785188,0.0839006093204
1827648,0.304,0.0519208476054,0.0798717946417
1833660,0.305,0.0435422260242,0.0680218148421
1839672,0.306,0.0386439520738,0.0620790409804
1845684,0.307,0.037353334664,0.0604898748579
1851696,0.308,0.0332009082333,0.05430971922
1857708,0.309,0.0299300981416,0.0500951120456
1863720,0.31,0.0206464681981,0.0360264843995
1869732,0.311,0.0120946002796,0.0208277152851
1875744,0.312,0.00810306947151,0.0146097532481
1881756,0.313,0.00610495332569,0.010897213757
1887768,0.314,0.00468795038637,0.00844678352587
1893780,0.315,0.00419821227712,0.00768209968117
1899792,0.316,0.00758345069335,0.0145743324345
1905804,0.317,0.00900679612935,0.0167768699405
1911816,0.318,0.0114005758977,0.0201434921957
1917828,0.319,0.0130168299163,0.024319182511
1923840,0.32,0.0148241730261,0.025988000269
1929852,0.321,0.0144767484362,0.0249951649765
1935864,0.322,0.0144598016044,0.0255316245368
1941876,0.323,0.0144284906571,0.0253550120654
1947888,0.324,0.0131230099526,0.0238033725783
1953900,0.325,0.0118252960046,0.0210985214153
1959912,0.326,0.00893765399206,0.0162972186391
1965924,0.327,0.00957305857578,0.0170622555327
1971936,0.328,0.00895667274389,0.0159634234998
1977948,0.329,0.00844766169051,0.0153030167566
1983960,0.33,0.00760906977377,0.0139836117284
1989972,0.331,0.0077245961468,0.0142827639787
1995984,0.332,0.00804430579442,0.0146064529805
2001996,0.333,0.00950133751569,0.0168358761537
2008008,0.334,0.00977352253778,0.0167998657142
2014020,0.335,0.0098313069151,0.0172378793928
2020032,0.336,0.0101713560015,0.017852840845
2026044,0.337,0.0103243547596,0.0180851907407
2032056,0.338,0.00885582745085,0.0156820228082
2038068,0.339,0.00733192960549,0.0131633587964
2044080,0.34,0.00568397282005,0.0103122759207
2050092,0.341,0.00448526782591,0.00869940811432
2056104,0.342,0.00390698168141,0.00769344804785
2062116,0.343,0.00245682819183,0.00528429538182
2068128,0.344,0.00441440117285,0.00924660035228
2074140,0.345,0.00411838479879,0.00867876927054
2080152,0.346,0.00390464547968,0.00756891130699
2086164,0.347,0.00326317507923,0.0066165374761
2092176,0.348,0.00186903299675,0.00422399173682
2098188,0.349,0.00197711204758,0.0038122692779
2104200,0.35,0.000921659951051,0.00180221038796
2110212,0.351,0.000164139260686,0.000352079317258
2116224,0.352,0.000892618037956,0.00173684593398
2122236,0.353,0.00100770365814,0.00197405631021
2128248,0.354,0.000720428840384,0.00141129496447
2134260,0.355,0.000308686428835,0.000608976635812
2140272,0.356,0.00026111652579,0.00050816551758
2146284,0.357,0.000887430450301,0.00173584578651
2152296,0.358,0.00227584581498,0.00435425229965
2158308,0.359,0.0048827591257,0.00911345293907
2164320,0.36,0.00677052004067,0.0122801310895
2170332,0.361,0.00800447851398,0.0151986174971
2176344,0.362,0.0105484564313,0.0201567884047
2182356,0.363,0.0110717294287,0.0212201897204
2188368,0.364,0.0101043655293,0.0189381770019
2194380,0.365,0.0141621193789,0.0251517038054
2200392,0.366,0.0168715112923,0.0295291356053
2206404,0.367,0.0217103501148,0.036466657726
2212416,0.368,0.0245499514714,0.0413430426271
2218428,0.369,0.0284928287519,0.0469347192207
2224440,0.37,0.0221770637851,0.0371939879088
2230452,0.371,0.0187665508974,0.0311095338635
2236464,0.372,0.0201236015762,0.0328427621864
2242476,0.373,0.0199081972627,0.032961022434
2248488,0.374,0.0183226323801,0.0297354870614
2254500,0.375,0.0158076869564,0.0266929164648
2260512,0.376,0.0131470728296,0.0223262983246
2266524,0.377,0.0122519373806,0.0204023777582
2272536,0.378,0.00985011040504,0.0175929861765
2278548,0.379,0.00910034009739,0.0164677557107
2284560,0.38,0.00853900304129,0.015708151466
2290572,0.381,0.00910818845113,0.0167559098542
2296584,0.382,0.0116487175968,0.021870235629
2302596,0.383,0.0187239836821,0.0351462427044
2308608,0.384,0.0177901495362,0.0340389008362
2314620,0.385,0.0129598027848,0.0253057930956
2320632,0.386,0.0113187564951,0.0218229243144
2326644,0.387,0.0106902761285,0.0200195239016
2332656,0.388,0.00748126168538,0.0144142336013
2338668,0.389,0.0068925308884,0.0136775809961
2344680,0.39,0.00682686664545,0.0132272780725
2350692,0.391,0.00835258534031,0.0156673600726
2356704,0.392,0.0044893833745,0.00930683591777
2362716,0.393,0.00407747694996,0.00894193147042
2368728,0.394,0.0074646126274,0.0139751920547
2374740,0.395,0.0111785958014,0.020618369093
2380752,0.396,0.0106523117967,0.0195459756807
2386764,0.397,0.0112312820972,0.0203791717001
2392776,0.398,0.0108659774991,0.0198646328404
2398788,0.399,0.00865271971522,0.0158508093959
2404800,0.4,0.00780786244571,0.0137598024204
2410812,0.401,0.0109659460701,0.0183688338015
2416824,0.402,0.0163163910263,0.028282062393
2422836,0.403,0.0203412299008,0.0359279374306
2428848,0.404,0.0205269651261,0.0367737173547
2434860,0.405,0.0365414256501,0.0626308395764
2440872,0.406,0.0479100219739,0.08048833971
2446884,0.407,0.0458874360551,0.0795106432165
2452896,0.408,0.04437358828,0.0785243360142
2458908,0.409,0.0455242371623,0.0835781257772
2464920,0.41,0.0487784772479,0.0868918839456
2470932,0.411,0.0489257354994,0.0867690995992
2476944,0.412,0.0474262074593,0.0819941862214
2482956,0.413,0.0439294753662,0.0743015211386
2488968,0.414,0.0396927016784,0.0678071242746
2494980,0.415,0.0423969286777,0.0694270689875
2500992,0.416,0.0451278590216,0.075365512148
2507004,0.417,0.0512986274911,0.0828489260172
2513016,0.418,0.0586216137298,0.0933521761185
2519028,0.419,0.0604087299852,0.0946981529194
2525040,0.42,0.0633821069038,0.0987020720665
2531052,0.421,0.0667340730294,0.103818238284
2537064,0.422,0.0740729699444,0.114642355782
2543076,0.423,0.0717818523634,0.110899642973
2549088,0.424,0.067807619066,0.104858678113
2555100,0.425,0.0563012221448,0.0907928478424
2561112,0.426,0.0486837436654,0.0787002459892
2567124,0.427,0.0513028988971,0.0822833833375
2573136,0.428,0.051682520683,0.0836810843657
2579148,0.429,0.0533801823301,0.0815261513459
2585160,0.43,0.0506139078456,0.0755278883081
2591172,0.431,0.048896395646,0.0783758070601
2597184,0.432,0.0472048176364,0.0761230156479
2603196,0.433,0.0413775553573,0.0675246960767
2609208,0.434,0.0386066745972,0.0638810174154
2615220,0.435,0.0407161660948,0.0667903975173
2621232,0.436,0.0420846261262,0.0695176495466
2627244,0.437,0.0410495704042,0.0689685979441
2633256,0.438,0.0409128117869,0.069829787821
2639268,0.439,0.0392754435554,0.0671442619535
2645280,0.44,0.0348851255066,0.060261878927
2651292,0.441,0.0320481748986,0.055158517245
2657304,0.442,0.0240217054177,0.0442678084153
2663316,0.443,0.0199495947866,0.037181469924
2669328,0.444,0.0162297154074,0.029228322653
2675340,0.445,0.00572054844876,0.0103930815165
2681352,0.446,0.00322969586858,0.00600373959142
2687364,0.447,0.00456769294078,0.00948691392114
2693376,0.448,0.00508849008812,0.0107194316649
2699388,0.449,0.00587739053984,0.0117176820984
2705400,0.45,0.00598647701496,0.0111942613549
2711412,0.451,0.00529045588664,0.0100131567773
2717424,0.452,0.00465050356469,0.00910925742749
2723436,0.453,0.00450240802346,0.00872099616764
2729448,0.454,0.00476898723607,0.00916860109428
2735460,0.455,0.0049093115958,0.00945314466532
2741472,0.456,0.00678472639118,0.0128810902836
2747484,0.457,0.00758094618702,0.0143497764409
2753496,0.458,0.00807720919397,0.0153117956784
2759508,0.459,0.00927270626096,0.0172494976
2765520,0.46,0.0131479434735,0.0234002721604
2771532,0.461,0.0185398245113,0.0341953864381
2777544,0.462,0.022610206307,0.0426613226047
2783556,0.463,0.0257172963753,0.0449230779187
2789568,0.464,0.02972301822,0.0480326044572
2795580,0.465,0.032492316444,0.0506189519177
2801592,0.466,0.0282671122424,0.0445968906725
2807604,0.467,0.0226864131275,0.0360206682653
2813616,0.468,0.0206630491079,0.0330516174318
2819628,0.469,0.01841683597,0.0308046661197
2825640,0.47,0.0219270952248,0.0363161751975
2831652,0.471,0.0248146469194,0.0404003794348
2837664,0.472,0.0428878815321,0.0657177313723
2843676,0.473,0.0622376363347,0.0943668729597
2849688,0.474,0.069832439787,0.106727660488
2855700,0.475,0.07162414622,0.108706362619
2861712,0.476,0.0729279475491,0.107633327278
2867724,0.477,0.0814499500775,0.109813641404
2873736,0.478,0.103121886041,0.128317562156
2879748,0.479,0.112646345477,0.140951698584
2885760,0.48,0.114229595322,0.146477432695
2891772,0.481,0.107001703739,0.141768607995
2897784,0.482,0.110295996619,0.147595953046
2903796,0.483,0.0958684991289,0.130354415783
2909808,0.484,0.0679482692979,0.0956267391813
2915820,0.485,0.0509206738753,0.076226785035
2921832,0.486,0.0452314937653,0.0690465278631
2927844,0.487,0.0522446529268,0.0770017299736
2933856,0.488,0.0667197821649,0.10038673344
2939868,0.489,0.0948156670824,0.1451189395
2945880,0.49,0.11572490098,0.167284263624
2951892,0.491,0.126723780761,0.189741008329
2957904,0.492,0.128601292903,0.193163518434
2963916,0.493,0.121150965279,0.183331054718
2969928,0.494,0.108647643113,0.166715938684
2975940,0.495,0.103041330252,0.159672108276
2981952,0.496,0.0835346348432,0.130632242441
2987964,0.497,0.0629115847677,0.0989664887556
2993976,0.498,0.0377259282815,0.0603960059046
2999988,0.499,0.0090767450878,0.0188843942767
3006000,0.5,0.00351126251771,0.00660577159043
3012012,0.501,0.00173745347408,0.00408970040977
3018024,0.502,0.00281856705352,0.00533861051085
3024036,0.503,0.00365577281166,0.00699518293851
3030048,0.504,0.00361826681092,0.00684518130838
3036060,0.505,0.00300332848156,0.00588496855968
3042072,0.506,0.00365271349226,0.00723050544417
3048084,0.507,0.00560967222591,0.0104423915032
3054096,0.508,0.00581928133966,0.0104693415093
3060108,0.509,0.00614176618706,0.010829572314
3066120,0.51,0.00670033914277,0.0123215906874
3072132,0.511,0.00867237040339,0.016405578541
3078144,0.512,0.0123622092923,0.0223103673826
3084156,0.513,0.0181518706671,0.0304191678564
3090168,0.514,0.0218920119509,0.0375631789568
3096180,0.515,0.0215291343351,0.037098691217
3102192,0.516,0.0186221019868,0.0311054158849
3108204,0.517,0.0170399332077,0.0293881876618
3114216,0.518,0.0170589223525,0.0302524034714
3120228,0.519,0.0147671493989,0.0274057622595
3126240,0.52,0.0129001309561,0.0245295835295
3132252,0.521,0.0101750346768,0.0196184535317
3138264,0.522,0.00831147577065,0.0160931163095
3144276,0.523,0.00640862032151,0.0120427700671
3150288,0.524,0.00387441623474,0.00764280031929
3156300,0.525,0.00369250090257,0.00722629681157
3162312,0.526,0.00357290594657,0.0070731100447
3168324,0.527,0.00323080762439,0.00642092460129
3174336,0.528,0.00300390305688,0.00568530871618
3180348,0.529,0.0029381732522,0.00568542756306
3186360,0.53,0.00360899292906,0.00663441906861
3192372,0.531,0.00238886996252,0.00443788453176
3198384,0.532,0.00116364434465,0.00224360081702
3204396,0.533,0.00128306210499,0.00243131653831
3210408,0.534,0.00156965379691,0.00293219705543
3216420,0.535,0.00477978445943,0.00876053801377
3222432,0.536,0.00649429825134,0.0119008806291
3228444,0.537,0.00744786236108,0.0137970201296
3234456,0.538,0.0130889680579,0.0243864898624
3240468,0.539,0.0178230451848,0.0344860230409
3246480,0.54,0.0184650660545,0.0359634230261
3252492,0.541,0.0188084910092,0.0356329630515
3258504,0.542,0.0192871566828,0.0366770713247
3264516,0.543,0.0207156045241,0.0392780657705
3270528,0.544,0.0232546743617,0.0431480602344
3276540,0.545,0.0201803425552,0.0369817069226
3282552,0.546,0.0162029260569,0.0299743367029
3288564,0.547,0.0138230743071,0.025909070261
3294576,0.548,0.0128229463992,0.0242102127714
3300588,0.549,0.0123145434925,0.0232187091788
3306600,0.55,0.0119636793416,0.0221729413155
3312612,0.551,0.012503670152,0.0218097889798
3318624,0.552,0.0103143621182,0.0180689798632
3324636,0.553,0.00804914456621,0.0140701257419
3330648,0.554,0.00637457376513,0.0115976075313
3336660,0.555,0.00554207091704,0.0101771286747
3342672,0.556,0.00434546091737,0.00802964471264
3348684,0.557,0.00282523375368,0.0052394673917
3354696,0.558,0.0023762896467,0.0044920828228
3360708,0.559,0.00226554675541,0.00434038804452
3366720,0.56,0.00170148784656,0.00319209188522
3372732,0.561,0.00117720167319,0.00234980590993
3378744,0.562,0.000973468414241,0.00196383174662
3384756,0.563,0.000793096149667,0.00160207263841
3390768,0.564,0.000172385788314,0.000393216157559
3396780,0.565,-8.33409893369e-06,6.42749917601e-05
3402792,0.566,-1.18705937204e-05,8.39702089095e-05
3408804,0.567,1.32888772813e-05,0.000122277565621
3414816,0.568,-4.00345688801e-05,8.19952818136e-05
3420828,0.569,-1.50223624183e-06,4.02711260769e-06
3426840,0.57,-8.36958107323e-05,0.000192491437196
3432852,0.571,-6.30758065639e-05,0.000192424420108
3438864,0.572,1.33680949889e-05,0.000259954737721
3444876,0.573,-6.20440259336e-05,0.000217189334826
3450888,0.574,-7.01095994125e-05,0.000238218223236
3456900,0.575,-4.2606438571e-05,0.000197491791966
3462912,0.576,5.20583591324e-05,0.000102738676189
3468924,0.577,0.0,0.0
3474936,0.578,0.0,0.0
3480948,0.579,0.0,0.0
3486960,0.58,0.0,0.0
3492972,0.581,0.0,0.0
3498984,0.582,0.0,0.0
3504996,0.583,0.0,0.0
3511008,0.584,0.0,0.0
3517020,0.585,0.0,0.0
3523032,0.586,0.0,0.0
3529044,0.587,0.0,0.0
3535056,0.588,0.000333833184409,0.000658797476247
3541068,0.589,0.000486733197372,0.000947239345138
3547080,0.59,0.00086732351841,0.00171897799846
3553092,0.591,0.00611866385149,0.0115621080494
3559104,0.592,0.00963466443692,0.0201434076565
3565116,0.593,0.0153764399162,0.0301512702056
3571128,0.594,0.0178471637692,0.0339122695184
3577140,0.595,0.0205529489413,0.0372445256827
3583152,0.596,0.022009855421,0.0420677711041
3589164,0.597,0.0237293860594,0.0455876941451
3595176,0.598,0.0222870589194,0.040976690387
3601188,0.599,0.0230877509884,0.0399579635995
3607200,0.6,0.0221988317623,0.0383062943674
3613212,0.601,0.021241343102,0.0373337565369
3619224,0.602,0.0187757781412,0.0335038613952
3625236,0.603,0.0168770836429,0.0305064184831
3631248,0.604,0.0149529451105,0.0269298931234
3637260,0.605,0.013062032942,0.0236577678153
3643272,0.606,0.00988435196418,0.0183988638426
3649284,0.607,0.0068411566568,0.013520599195
3655296,0.608,0.0053758362149,0.0109362229733
3661308,0.609,0.0057904207721,0.0114712415263
3667320,0.61,0.00635750982162,0.0126445305992
3673332,0.611,0.00546118657091,0.0109910902205
3679344,0.612,0.00820237346199,0.0159401549733
3685356,0.613,0.0148724642388,0.0272760993522
3691368,0.614,0.0211547825711,0.0372708435201
3697380,0.615,0.0241248053115,0.0431524072228
3703392,0.616,0.023256201465,0.0431725763179
3709404,0.617,0.022477614193,0.0413868412834
3715416,0.618,0.0189385858743,0.0363955280054
3721428,0.619,0.0180523296299,0.0333404952414
3727440,0.62,0.0152299190313,0.0272880681956
3733452,0.621,0.0139652666896,0.0251152637254
3739464,0.622,0.0132995350143,0.0241488710856
3745476,0.623,0.011903015062,0.0217455831654
3751488,0.624,0.00919770352827,0.0172505466613
3757500,0.625,0.00517428108716,0.010594468966
3763512,0.626,0.00435855476794,0.00901102565114
3769524,0.627,0.00282637225593,0.00544238212496
3775536,0.628,0.00131523113397,0.00263050096203
3781548,0.629,0.000643638674218,0.0013174212022
3787560,0.63,0.00046757460023,0.00109200948803
3793572,0.631,0.000821189283465,0.00163872632242
3799584,0.632,0.000916226740242,0.00179858722461
3805596,0.633,0.000994472049484,0.00194325885202
3811608,0.634,0.00104295579363,0.00207834106704
3817620,0.635,0.00255103798782,0.00492452060372
3823632,0.636,0.0034927999865,0.00654119665804
3829644,0.637,0.00382328306921,0.00707708305473
3835656,0.638,0.00430412394344,0.00795024676228
3841668,0.639,0.00433502420044,0.0080098021463
3847680,0.64,0.00338412120459,0.00637165501218
3853692,0.641,0.0029356490487,0.0056256190136
3859704,0.642,0.00297268525289,0.00585696438685
3865716,0.643,0.00336074850576,0.00675665743462
3871728,0.644,0.00311924362284,0.0064320345629
3877740,0.645,0.00332000005261,0.00675985743337
3883752,0.646,0.0048008531707,0.00971210665335
3889764,0.647,0.00765084260079,0.0141964233473
3895776,0.648,0.011727931517,0.0203816550766
3901788,0.649,0.0121465127531,0.0216842681736
3907800,0.65,0.0123181265442,0.0218555005937
3913812,0.651,0.013681862695,0.0233065133395
3919824,0.652,0.017316385446,0.0286322951034
3925836,0.653,0.0188001465964,0.0321018157962
3931848,0.654,0.0188336870139,0.032351003911
3937860,0.655,0.0149154885968,0.02595567627
3943872,0.656,0.0124470099034,0.0231014808416
3949884,0.657,0.00993119831712,0.0187898458473
3955896,0.658,0.00817953890194,0.0154231229288
3961908,0.659,0.00751377121716,0.0135323776853
3967920,0.66,0.00535301685761,0.0101074023998
3973932,0.661,0.00442906817313,0.00857326251781
3979944,0.662,0.00428535565469,0.00822178997687
3985956,0.663,0.00410650794205,0.00787865665265
3991968,0.664,0.00242047468965,0.00464386999496
3997980,0.665,0.000424479086825,0.000837243232551
4003992,0.666,0.000636130729077,0.00125470527163
4010004,0.667,0.000698157171954,0.00137704632717
4016016,0.668,0.00117125588468,0.00231018698793
4022028,0.669,0.000776888062178,0.00153233526149
4028040,0.67,0.0,0.0
4034052,0.671,0.0,0.0
4040064,0.672,0.000414081105818,0.00081305276773
4046076,0.673,0.00126313414736,0.00264611072225
4052088,0.674,0.000729604975352,0.00323687688947
4058100,0.675,0.000664063470069,0.00365275132355
4064112,0.676,0.000756150625818,0.00414865856025
4070124,0.677,0.000892216048801,0.004179409625
4076136,0.678,0.00139314596055,0.00405021955262
4082148,0.679,0.00249411034663,0.00571618097691
4088160,0.68,0.0048039642892,0.00966913286273
4094172,0.681,0.00651753924181,0.0127538045515
4100184,0.682,0.00737104036533,0.0139423531822
4106196,0.683,0.00811659443161,0.0149695184769
4112208,0.684,0.00928867578163,0.0173804572341
4118220,0.685,0.0100834462026,0.0188185510803
4124232,0.686,0.0124510841151,0.0225710061922
4130244,0.687,0.0125331308695,0.0222034487947
4136256,0.688,0.0143846888454,0.025171038128
4142268,0.689,0.0146556669365,0.025662009388
4148280,0.69,0.0131100853293,0.023905945098
4154292,0.691,0.0164340717006,0.0293674237586
4160304,0.692,0.0198501866191,0.0354042011311
4166316,0.693,0.0236948093547,0.0424509418883
4172328,0.694,0.0355605484281,0.0595719143696
4178340,0.695,0.0457517398415,0.0746333541109
4184352,0.696,0.0511617467796,0.082657395829
4190364,0.697,0.0519982348832,0.0821247534717
4196376,0.698,0.05345469811,0.0855127464315
4202388,0.699,0.0424652130632,0.0676550702839
4208400,0.7,0.0338535854412,0.0539075673485
4214412,0.701,0.0196186623207,0.0338651499776
4220424,0.702,0.0151362062348,0.0269208646639
4226436,0.703,0.0126620911116,0.0225980643666
4232448,0.704,0.012041091637,0.0218510398815
4238460,0.705,0.0100605828808,0.0183772337723
4244472,0.706,0.00898646860628,0.0173153874854
4250484,0.707,0.0104212436812,0.0196487029323
4256496,0.708,0.0105887746216,0.0208583670991
4262508,0.709,0.0114776291167,0.0218266335757
4268520,0.71,0.013954027695,0.0249283151812
4274532,0.711,0.0160710873529,0.0286560838991
4280544,0.712,0.0158061711736,0.0276203924994
4286556,0.713,0.0148482087632,0.0268045063146
4292568,0.714,0.0138534113321,0.0250752180358
4298580,0.715,0.0137472080944,0.0260245944194
4304592,0.716,0.0126382653429,0.0251057640597
4310604,0.717,0.0119768892911,0.0238533892693
4316616,0.718,0.0110217244565,0.0220436390594
4322628,0.719,0.0127097627038,0.0240335802592
4328640,0.72,0.0166881869567,0.0304389533436
4334652,0.721,0.0160546962474,0.0295442903071
4340664,0.722,0.0168471449479,0.0297042481968
4346676,0.723,0.0207835684929,0.0355653195957
4352688,0.724,0.0170270400483,0.0303226865488
4358700,0.725,0.0143262905268,0.0254285125705
4364712,0.726,0.0183532753193,0.0340869027946
4370724,0.727,0.0238253778639,0.0422517237313
4376736,0.728,0.0327404632751,0.0526755283226
4382748,0.729,0.046356647935,0.0692393114956
4388760,0.73,0.0571479051927,0.0815609535887
4394772,0.731,0.0746264464212,0.100420937063
4400784,0.732,0.0901958179059,0.117299568429
4406796,0.733,0.105472405034,0.136930101229
4412808,0.734,0.113561383325,0.147115017729
4418820,0.735,0.126171397782,0.163631376231
4424832,0.736,0.144741377377,0.19013423356
4430844,0.737,0.142883208705,0.189946353535
4436856,0.738,0.164704055493,0.208562572754
4442868,0.739,0.186596580765,0.239814078562
4448880,0.74,0.19772901977,0.261728181271
4454892,0.741,0.204160248353,0.266738549359
4460904,0.742,0.233514047517,0.316383335456
4466916,0.743,0.23507786287,0.333180212221
4472928,0.744,0.265378278022,0.350647923333
4478940,0.745,0.297407749479,0.372718380091
4484952,0.746,0.318072319489,0.405324673223
4490964,0.747,0.390267315126,0.498365606125
4496976,0.748,0.449156791367,0.584354064262
4502988,0.749,0.467789572026,0.587990121495
4509000,0.75,0.467528316618,0.607638630542
4515012,0.751,0.441984329217,0.596412950192
4521024,0.752,0.440005964096,0.587200018605
4527036,0.753,0.399288863836,0.559793431769
4533048,0.754,0.35635839307,0.504080721571
4539060,0.755,0.346302676585,0.47090427471
4545072,0.756,0.329501563577,0.476244274827
4551084,0.757,0.315649748511,0.445283695243
4557096,0.758,0.342882310099,0.47297315211
4563108,0.759,0.345545464703,0.454331521082
4569120,0.76,0.427608318782,0.555842076436
4575132,0.761,0.447874055572,0.591134227999
4581144,0.762,0.595748723883,0.748754556018
4587156,0.763,0.810850571472,0.960412170615
4593168,0.764,0.975259181052,1.22639526315
4599180,0.765,1.14540146055,1.49730691527
4605192,0.766,1.41792078284,1.96879642498
4611204,0.767,1.92880689811,2.31750747842
4617216,0.768,1.87819641677,2.48224152926
4623228,0.769,2.30791513988,2.96897675921
4629240,0.77,2.52801284128,3.08048024531
4635252,0.771,2.46139983117,3.16315050757
4641264,0.772,2.5124868168,3.20815342832
4647276,0.773,2.3001878632,2.89000523114
4653288,0.774,2.23231588476,2.68941001589
4659300,0.775,1.85434048906,2.21984054987
4665312,0.776,1.59440967326,1.85465295732
4671324,0.777,1.18083569787,1.46239177319
4677336,0.778,1.16970202127,1.39438953577
4683348,0.779,1.09244390292,1.32750734207
4689360,0.78,0.963775427923,1.21704677696
4695372,0.781,0.813368533172,1.19866196724
4701384,0.782,0.750453582892,1.01191288309
4707396,0.783,0.677337048473,0.873463875109
4713408,0.784,0.622867061809,0.730842106654
4719420,0.785,0.505151359937,0.617031937532
4725432,0.786,0.325772163524,0.459545971994
4731444,0.787,0.262422532964,0.356784062
4737456,0.788,0.139908263081,0.22549017902
4743468,0.789,0.0586138908366,0.128320955618
4749480,0.79,0.0429399060137,0.104248302404
4755492,0.791,0.0307952423698,0.0863975702729
4761504,0.792,0.0387531453681,0.100023167852
4767516,0.793,0.0457903343617,0.101642208301
4773528,0.794,0.0476602843943,0.100728850576
4779540,0.795,0.0494045733314,0.0953929832554
4785552,0.796,0.0501157998176,0.094104928364
4791564,0.797,0.0464589638942,0.0867054273431
4797576,0.798,0.0249678548856,0.0549994982782
4803588,0.799,0.017652425467,0.0435218733548
4809600,0.8,0.0114292022461,0.0322394949733
4815612,0.801,0.00635574728178,0.0209235362714
4821624,0.802,0.0016236265294,0.0101817310919
4827636,0.803,0.000219538422734,0.00482992936277
4833648,0.804,-0.00052272057503,0.00232643192328
4839660,0.805,-0.000780871683293,0.00219635393054
4845672,0.806,-0.000571367384897,0.00197609130418
4851684,0.807,-0.000550611194521,0.00194857457393
4857696,0.808,-0.000733793558701,0.00213579295328
4863708,0.809,-0.0012187701248,0.00261054722812
4869720,0.81,-0.000393934558408,0.00236949926395
4875732,0.811,-2.54163884744e-05,0.00190036181242
