6012,0.001,0.157256835341,0.0730231202282,0.186266674061,0.152803447535,0.0661889154346,0.171416962839
12024,0.002,0.465147775227,0.294316532755,0.543600531682,0.414670408927,0.239731600513,0.453149858469
18036,0.003,0.680625815055,0.508742332138,0.795961836862,0.577903120101,0.395085154032,0.636324681385
24048,0.004,0.798040788878,0.654011446243,0.950771506405,0.640542060538,0.486500926169,0.728448310892
30060,0.005,0.896843012533,0.749362779192,1.06870660951,0.690363854887,0.536648371542,0.78250605285
36072,0.006,1.02520150662,0.839873437303,1.21248537851,0.786698882702,0.583684267623,0.903572303644
42084,0.007,1.10361026063,0.911140044424,1.31299379209,0.859443231756,0.630753625979,0.981109970807
48096,0.008,1.12080542956,0.951085418806,1.35733707419,0.879855276035,0.659734166894,1.02551253963
54108,0.009,1.12583002109,0.962747570121,1.36866733821,0.885361805418,0.672317453992,1.02485655003
60120,0.01,1.13441958884,0.959869177736,1.36240152506,0.8994518612,0.674671360903,1.00818707491
66132,0.011,1.13135748733,0.960682999202,1.3079202272,0.913519713868,0.689313107189,0.966930434509
72144,0.012,1.13772656726,0.950088240999,1.25476074101,0.946464526901,0.698655588487,0.937546949139
78156,0.013,1.12076409805,0.917055934807,1.18737790472,0.96048801564,0.680619961176,0.888898859841
84168,0.014,1.0485738843,0.856925015394,1.10344113265,0.897676975566,0.636151360892,0.82280809609
90180,0.015,0.960347813295,0.789530738618,1.01711284549,0.80922241852,0.583364808717,0.746186661105
96192,0.016,0.857094728967,0.707044221543,0.939472726748,0.699273987218,0.512116773846,0.673662459433
102204,0.017,0.774431397623,0.640790278408,0.876811787438,0.617374340891,0.45577918008,0.6159570061
108216,0.018,0.731505231946,0.604750462115,0.840631121821,0.577601476978,0.422255557533,0.575926783267
114228,0.019,0.698828087726,0.57828359354,0.818444926147,0.548563329171,0.391365598025,0.548725490016
120240,0.02,0.692685936996,0.562769829116,0.814163360948,0.539128933386,0.380722502477,0.544563110351
126252,0.021,0.729845522712,0.575685938188,0.827459739974,0.587814320562,0.401915681096,0.547689956604
132264,0.022,0.746159682209,0.588533991675,0.842456446275,0.597508761491,0.421988668718,0.568904953071
138276,0.023,0.762119036296,0.610061116926,0.870295435517,0.606599363859,0.447197117417,0.595842876535
144288,0.024,0.767611727641,0.630005581807,0.885411064036,0.602398064379,0.460429634127,0.608661766423
150300,0.025,0.823350163602,0.699495266516,0.942032591272,0.631945615817,0.519527442561,0.66108315772
156312,0.026,0.866876664782,0.743028160742,0.970963282091,0.678152857421,0.548251950029,0.690609027205
162324,0.027,0.89062229406,0.760974182682,0.981437803228,0.685216589873,0.565217155889,0.686512261282
168336,0.028,0.908317226877,0.805083449355,0.998580140287,0.696266096286,0.596495794824,0.688570542996
174348,0.029,0.928257757221,0.867382631928,1.00864864907,0.708033639622,0.64094719788,0.679501154923
180360,0.03,0.959959197692,0.910121096162,1.02917662742,0.729252618916,0.671070699106,0.689724887252
186372,0.031,0.968659569648,0.9193335122,1.03191963017,0.731414089177,0.67202814707,0.688319134028
192384,0.032,1.00448802663,0.93574565477,1.10750920119,0.775984444952,0.681807034833,0.777721762107
198396,0.033,1.0506055067,0.978193846618,1.19358381562,0.811967855548,0.699899500164,0.848991389802
204408,0.034,1.02683653613,0.969313896746,1.186918764,0.793695885531,0.686256054746,0.835279528836
210420,0.035,0.974308583365,0.925813434289,1.12568436596,0.751487495526,0.639413761868,0.772971236499
216432,0.036,0.902712580811,0.873881770893,1.03959018061,0.687794640594,0.596182229643,0.6878764858
222444,0.037,0.82909134043,0.818933241599,0.95589714186,0.625600400569,0.562652286642,0.609277680258
228456,0.038,0.785304623574,0.772580000169,0.897732943002,0.5904764678,0.532145151425,0.55506966019
234468,0.039,0.774003338183,0.731295867148,0.852618296106,0.576998448749,0.501673575058,0.529214614146
240480,0.04,0.757943998966,0.710055347717,0.810779177647,0.562216950559,0.487964797474,0.508508896715
246492,0.041,0.74167879503,0.700233377749,0.78509071116,0.549205376503,0.491263118351,0.500245067449
252504,0.042,0.717409549186,0.686188089621,0.75601043006,0.524164134447,0.492526951957,0.487156172423
258516,0.043,0.722667062311,0.695473501812,0.757668574117,0.522465537999,0.491751291803,0.498072499967
264528,0.044,0.750831173449,0.710844955084,0.77120795819,0.542134266546,0.485813278035,0.515985615836
270540,0.045,0.791796075496,0.732600202567,0.798868794044,0.567378650365,0.4999949866,0.535290935866
276552,0.046,0.846628900075,0.770827977793,0.866915106678,0.609592331585,0.522374808535,0.585059528025
282564,0.047,0.900148204452,0.808913152159,0.932787924386,0.645838569646,0.547929426238,0.628054264958
288576,0.048,0.962279516763,0.880016173051,1.01796552067,0.686285799118,0.610466686481,0.689543192776
294588,0.049,1.03408290259,0.937008328843,1.09295792562,0.748550518415,0.649877975831,0.750417547527
300600,0.05,1.14925240293,1.00346733687,1.23565370134,0.854575308323,0.699935068316,0.892134457271
306612,0.051,1.24661223299,1.08288135612,1.37002826814,0.941475088581,0.749393922654,1.03035611995
312624,0.052,1.33979758977,1.1567607028,1.50052595962,0.997260347259,0.787631632426,1.14266193137
318636,0.053,1.41892952383,1.24121924543,1.63737507803,1.03441167821,0.85226132582,1.24039854159
324648,0.054,1.50225413331,1.30274654274,1.73420866114,1.09599726962,0.913669135482,1.34093157843
330660,0.055,1.48486179885,1.27661110467,1.70336302447,1.09094482335,0.888073935403,1.31562124268
336672,0.056,1.38432127899,1.18629078549,1.56581391203,0.983957042723,0.798048678455,1.18617233347
342684,0.057,1.20773385553,1.03852435269,1.36816021851,0.8186033458,0.667119395863,1.00899037214
348696,0.058,1.08883252071,0.921133332704,1.24446460235,0.740560242317,0.575775566531,0.938128325232
354708,0.059,1.00224904248,0.829971398408,1.13215778667,0.682220470563,0.514403516846,0.858961310792
360720,0.06,0.989859932714,0.78497064883,1.09121883098,0.712504391215,0.496229912103,0.851902886667
366732,0.061,0.963285332066,0.743325442298,1.03734675323,0.709973398535,0.483545094725,0.827583548371
372744,0.062,0.93247955893,0.703047063315,0.988891137175,0.692532909971,0.465854476605,0.791487960866
378756,0.063,0.926532412314,0.67830118401,0.954909960355,0.704922806737,0.450350778317,0.76187131976
384768,0.064,0.993956885664,0.695216166956,0.990061243796,0.806328587533,0.472458389554,0.793935589797
390780,0.065,1.0683237268,0.741524133516,1.03127229179,0.902916357677,0.53404617395,0.829076546131
396792,0.066,1.11612915052,0.772598146125,1.04168488661,0.954197018395,0.57612012758,0.826117078349
402804,0.067,1.25199071222,0.860366182616,1.11726390375,1.10798049505,0.683427454821,0.890815145868
408816,0.068,1.38179241525,0.955898553936,1.21435456462,1.23817368825,0.76013017464,0.971718459459
414828,0.069,1.57245353095,1.0897970197,1.3857677966,1.35828682166,0.864777027745,1.10158714305
420840,0.07,1.75271611561,1.22647727275,1.53122640365,1.50535870122,0.98289788858,1.22850503885
426852,0.071,1.87837644188,1.35152207613,1.62943397892,1.58716131874,1.09921479091,1.31505546283
432864,0.072,1.98809384953,1.43973442195,1.78107726388,1.64589553673,1.17187041962,1.44480389603
438876,0.073,2.16269047395,1.58274392085,1.98146809606,1.78406205661,1.29758117707,1.64106322967
444888,0.074,2.40425113979,1.78183662293,2.22221702148,2.05685531663,1.50122060558,1.92663766083
450900,0.075,2.50803247954,1.91965263063,2.37259660837,2.16642784887,1.64175798747,2.09972040529
456912,0.076,2.49911758745,1.94119458546,2.37728572962,2.11231247067,1.62219384302,2.09591298077
462924,0.077,2.27715721532,1.79736811893,2.20535810625,1.83760160532,1.45969505918,1.87988439075
468936,0.078,1.97027926583,1.59206405015,1.89627734505,1.51600587368,1.26206468476,1.55084952357
474948,0.079,1.68799637989,1.40186381494,1.61588037393,1.25974715673,1.09872253667,1.27860851323
480960,0.08,1.45905895618,1.26100697878,1.45127048431,1.02541243638,0.9662424238,1.11838829555
486972,0.081,1.33914794819,1.16139847945,1.37634923984,0.941966555058,0.884194148047,1.08207828417
492984,0.082,1.33092561623,1.12355469793,1.40109866397,0.953972564102,0.879240931075,1.16214004437
498996,0.083,1.30026639879,1.12624213341,1.43907500567,0.965790426633,0.906263071298,1.24133146796
505008,0.084,1.26443063932,1.12012668318,1.47749246222,0.960881602436,0.912933179237,1.30806984848
511020,0.085,1.21917783418,1.10403201575,1.44393641092,0.926408009031,0.889817952751,1.28896588165
517032,0.086,1.19922221526,1.08222905684,1.38947723429,0.914593287209,0.863050750764,1.22896015997
523044,0.087,1.19502402226,1.0383115906,1.32031408351,0.929886164124,0.811412700672,1.14830538348
529056,0.088,1.16122782627,0.984620003589,1.28422781097,0.892598907252,0.756648349956,1.07927268942
535068,0.089,1.10320210184,0.927620852287,1.21776703075,0.814241765336,0.705821940423,0.973529042639
541080,0.09,1.05191872611,0.883984842004,1.16582385817,0.778622448399,0.657108116293,0.918409697578
547092,0.091,1.02324779193,0.859412998887,1.12542890201,0.760528037153,0.628970921383,0.887577232414
553104,0.092,0.994310574267,0.860526572371,1.08434484348,0.738074759955,0.626129509785,0.845423502506
559116,0.093,0.985246980326,0.861099935039,1.07417152421,0.716990186847,0.632924022866,0.83137068025
565128,0.094,0.976170803617,0.858679486361,1.08175643276,0.699599893171,0.627384552289,0.843034619797
571140,0.095,0.989782283942,0.884045228299,1.09353535466,0.712780892034,0.634462081841,0.844263652881
577152,0.096,1.03725024827,0.919001188168,1.13867515712,0.740806690595,0.650721535105,0.869420780714
583164,0.097,1.0847608424,0.970354132479,1.21990461624,0.776343470186,0.680704127171,0.920172784214
589176,0.098,1.12593154871,1.05517420199,1.27882596034,0.794766532045,0.735046611685,0.952876064172
595188,0.099,1.17277403285,1.12270000457,1.31870775949,0.811201270167,0.783729573655,0.977452418933
601200,0.1,1.26653166509,1.17811817442,1.37206514759,0.91087984744,0.82812657141,1.00470208079
607212,0.101,1.38084784545,1.25487341529,1.46338294253,1.04269274322,0.901423699393,1.05881483149
613224,0.102,1.48668002311,1.31902284429,1.53283765825,1.12337342686,0.952347631803,1.08366723253
619236,0.103,1.5598748658,1.37595005397,1.62131215457,1.16440009044,0.991037738143,1.12247678274
625248,0.104,1.55326301539,1.374952557,1.65595574356,1.15887707824,0.973351300178,1.1453971129
631260,0.105,1.51925628305,1.35567385442,1.63096488687,1.12526891823,0.9521205867,1.11134522527
637272,0.106,1.46096075216,1.32759743527,1.55470164954,1.07415485122,0.94364806596,1.05089757401
643284,0.107,1.36289209835,1.26952488373,1.45569869415,0.982231065493,0.913834643871,0.958134771974
649296,0.108,1.26966538379,1.21090129948,1.34105098098,0.897368314782,0.869846438086,0.868777676709
655308,0.109,1.24779393968,1.1911005507,1.33792226876,0.885597856233,0.868153081426,0.895930802876
661320,0.11,1.28931560543,1.21186148612,1.43561447623,0.933269811533,0.897863436227,1.00616517389
667332,0.111,1.39980704283,1.29895297064,1.6213114407,1.05286686748,0.969638893279,1.19272571767
673344,0.112,1.58173509297,1.44186168518,1.79084794158,1.21795450673,1.03948127141,1.31773471189
679356,0.113,1.82230285785,1.62292811669,2.01341500403,1.42512664577,1.16189435883,1.47701027068
685368,0.114,2.00907965487,1.75937687294,2.13139252245,1.62779965575,1.25539854292,1.56462440784
691380,0.115,2.24768641556,1.9194844629,2.2600825683,1.89537933337,1.38055868052,1.65018149414
697392,0.116,2.49728209697,2.12658472788,2.42856708863,2.13035893942,1.5619804686,1.83711169852
703404,0.117,2.59341626413,2.23975591582,2.46349386999,2.21697912929,1.67484548634,1.90129620409
709416,0.118,2.53255768964,2.2053321653,2.36087762742,2.14044467962,1.62858103832,1.80521918479
715428,0.119,2.55769484719,2.28792541971,2.40447689054,2.14157643693,1.67897945424,1.88106884319
721440,0.12,2.54005006915,2.36226574141,2.4740753383,2.10989428344,1.75707029896,1.93621121281
727452,0.121,2.38043340396,2.26554092225,2.38835276987,1.96391519086,1.70358753766,1.83652519817
733464,0.122,2.2042442098,2.13158270731,2.29476373018,1.79950190365,1.58628872069,1.7646036957
739476,0.123,2.17119501324,2.11299939768,2.20696924066,1.79546576211,1.58695417236,1.75589048599
745488,0.124,2.14315502842,2.0702578987,2.17328652499,1.8233658656,1.57771728778,1.81283532038
751500,0.125,2.14868470602,2.06914243608,2.15073224327,1.86020879014,1.63170652804,1.85037283654
757512,0.126,2.09090917083,2.0356104678,2.08491439386,1.82002190676,1.65245947072,1.83005877664
763524,0.127,1.96930580102,1.91659571243,1.95424892811,1.71231738293,1.58703511139,1.7159630745
769536,0.128,1.92238197148,1.7670253211,1.94979626531,1.66484333117,1.44508601905,1.79735987193
775548,0.129,1.83787359006,1.61843811715,1.89308726943,1.59793318841,1.31676945883,1.79297058331
781560,0.13,1.75172902886,1.52321574772,1.81354288615,1.53100417253,1.21955837544,1.72091854331
787572,0.131,1.6901621361,1.47519733281,1.74443392332,1.45792777608,1.1694822795,1.64430898926
793584,0.132,1.63652750234,1.42202163208,1.64847238817,1.39070682336,1.13198368991,1.54514668593
799596,0.133,1.54544616283,1.35314425947,1.52851300854,1.29822794177,1.06657190363,1.41617111522
805608,0.134,1.39539764238,1.24789202003,1.39190809768,1.14933471238,0.957863320045,1.27446042046
811620,0.135,1.22773250686,1.10787095604,1.2380932001,0.984056448323,0.836996948288,1.12511841092
817632,0.136,1.08221788054,1.00067344647,1.09022413307,0.834986703192,0.754187280192,0.971293958928
823644,0.137,1.05275175089,0.958009045965,1.04296626515,0.772121150575,0.715267078945,0.914871909417
829656,0.138,1.06726341375,0.95408144442,1.07178269847,0.782877708049,0.703919893208,0.939593911831
835668,0.139,1.09267935357,0.970125173691,1.11319988501,0.804878579502,0.715665352504,0.967423875672
841680,0.14,1.14541183649,1.03143698209,1.18801071779,0.851470515985,0.780284987776,1.03254722954
847692,0.141,1.20747470875,1.11124320152,1.25247880467,0.89657583024,0.880939449974,1.0713552243
853704,0.142,1.29798426809,1.18610560091,1.33696323874,0.97874976108,0.954090778267,1.1304925954
859716,0.143,1.34313155926,1.23770976273,1.38020289662,1.00560930288,0.99490173395,1.15547872005
865728,0.144,1.33082539277,1.24807420115,1.36945343594,0.979517081284,1.00598743514,1.12831119095
871740,0.145,1.31670333841,1.24103160118,1.35002528339,0.956602575122,0.999646295277,1.10518025093
877752,0.146,1.30012283447,1.21034733575,1.33056569522,0.931813303416,0.974898014815,1.08682195824
883764,0.147,1.26553968073,1.1945908549,1.32908239126,0.904353077807,0.945453483764,1.0779087498
889776,0.148,1.19735798008,1.13631974664,1.29868089824,0.838588979897,0.879751540819,1.04476174908
895788,0.149,1.13116305836,1.0761667363,1.24911918458,0.768661412079,0.808292073558,1.00869617589
901800,0.15,1.08525579818,1.03174830753,1.21376142626,0.718287199589,0.754579998874,0.975347711601
907812,0.151,1.06508187937,0.995491241608,1.23648778672,0.695722564039,0.710159830324,0.999532195274
913824,0.152,1.10617627665,1.00787611674,1.26641223059,0.734140732923,0.71028376838,1.0220632771
919836,0.153,1.11086416932,1.00886138667,1.27938606234,0.768506215211,0.715067846909,1.00903124643
925848,0.154,1.09279733011,0.992414650141,1.27651227038,0.772978978067,0.704465427459,0.977011493648
931860,0.155,1.04315681336,0.954324774526,1.23877183916,0.76048894934,0.675175145955,0.936708676712
937872,0.156,1.01880935468,0.942150955709,1.2293962878,0.735121641938,0.666357120659,0.929221654472
943884,0.157,1.03582732503,0.97220827209,1.26259397388,0.741884322395,0.706296982363,0.954415914936
949896,0.158,1.00456858426,0.962463101869,1.21020011838,0.723455241725,0.704738051792,0.91439092088
955908,0.159,0.954965541424,0.926695400592,1.14131430337,0.686211010727,0.671188623334,0.852019564037
961920,0.16,0.932823782069,0.913728723213,1.10007654936,0.671748390581,0.651390379258,0.81224932262
967932,0.161,0.932579346497,0.900807171688,1.07134282183,0.669609656302,0.639526360441,0.775457439392
973944,0.162,0.875217654702,0.842576744315,0.988406103773,0.611963640437,0.593122730539,0.705066151296
979956,0.163,0.804653633564,0.766816331491,0.900366587307,0.541881154658,0.533693148484,0.631934965922
985968,0.164,0.763836237715,0.721591196434,0.860632860491,0.501714245323,0.490968229368,0.590741041478
991980,0.165,0.791111069444,0.703618430783,0.866445230807,0.522801251111,0.460520631657,0.585233039833
997992,0.166,0.851293698601,0.714531344969,0.916766492625,0.560378009078,0.449931402855,0.622697534452
1004004,0.167,0.874066047604,0.722273975952,0.928198779275,0.587428362042,0.441350397977,0.642721762204
1010016,0.168,0.878511416383,0.742147376282,0.922793699475,0.600728528833,0.455244672907,0.651691586454
1016028,0.169,0.893378873692,0.777004277227,0.926141494621,0.619798389259,0.500519798973,0.662364746016
1022040,0.17,0.970076281293,0.814312701447,0.96745277682,0.692039033846,0.547548045462,0.707874716851
1028052,0.171,1.05518892454,0.835620057795,1.04730135996,0.777018182499,0.548140791901,0.799247794137
1034064,0.172,1.08345002262,0.854782865391,1.08085569169,0.801526953405,0.552083534027,0.817842549373
1040076,0.173,1.06170577683,0.848072598403,1.05409205026,0.788635569124,0.539052229679,0.780053431004
1046088,0.174,1.05447449469,0.836249998872,1.03976015642,0.792734816935,0.53050378036,0.767940492568
1052100,0.175,1.03965271926,0.817895754632,1.0157524302,0.789087919783,0.521935867667,0.757769319637
1058112,0.176,0.996910676846,0.780857448415,0.970073310187,0.739501786668,0.49293929267,0.718182822423
1064124,0.177,0.981880346759,0.752012700004,0.962708040835,0.708473793156,0.470710965948,0.727941815911
1070136,0.178,1.01104809292,0.767871073704,1.00367927398,0.715125999675,0.474301099729,0.769634636528
1076148,0.179,1.02617371123,0.784175210375,0.987095064445,0.717500250256,0.484784170474,0.74154607899
1082160,0.18,1.01680426287,0.770995235417,0.957295411494,0.700317223383,0.477263778121,0.700191096386
1088172,0.181,1.05475143556,0.788357399084,0.983073007557,0.748077764441,0.48656095016,0.695417097132
1094184,0.182,1.10467374176,0.827526705872,1.02294345,0.790712238016,0.519150588518,0.712047598826
1100196,0.183,1.13253658296,0.843134805086,1.05930362187,0.805046926777,0.536456392277,0.735535544647
1106208,0.184,1.16962719648,0.87157853794,1.10409247496,0.836873360476,0.557786217498,0.770200501828
1112220,0.185,1.19443207394,0.875837126391,1.14985923831,0.838825620959,0.566039438239,0.791869886562
1118232,0.186,1.24848318161,0.880656754975,1.20388534068,0.865329009169,0.570377748009,0.849200419005
1124244,0.187,1.2626506542,0.873493586774,1.21626670482,0.865517810499,0.565796443079,0.881852033541
1130256,0.188,1.27162090514,0.859390742659,1.19786283356,0.847105860382,0.567836362187,0.875094628539
1136268,0.189,1.23127316639,0.824219806686,1.14040009758,0.819479839831,0.550944360111,0.832388641907
1142280,0.19,1.21066888428,0.787947056739,1.07813698628,0.820756256542,0.532290615754,0.785375435628
1148292,0.191,1.20112656161,0.76694798916,1.02775280538,0.825567509602,0.523249499192,0.744056507996
1154304,0.192,1.15607154627,0.73647697899,0.970691927202,0.797666640883,0.509055700253,0.698501151689
1160316,0.193,1.13995018726,0.716595400015,0.929777312524,0.79404902548,0.506443244929,0.668540885428
1166328,0.194,1.15588115791,0.725905803891,0.91305754845,0.830887672856,0.535826613992,0.677546498281
1172340,0.195,1.17145521473,0.736681086021,0.914201240944,0.832618119593,0.548979923883,0.688180689917
1178352,0.196,1.26086999415,0.761365832863,0.948728324417,0.918571737132,0.567889571753,0.717586117584
1184364,0.197,1.40170106449,0.809320746232,1.03554407279,1.08077683298,0.60762474479,0.784226387976
1190376,0.198,1.49588758669,0.859686419493,1.10904547782,1.17922625499,0.628852813185,0.840943438669
1196388,0.199,1.54695608926,0.905893090572,1.15250119151,1.21832679733,0.658074357318,0.871379701512
1202400,0.2,1.53797567874,0.928776482256,1.15302619861,1.19818310348,0.677725159803,0.865260521534
1208412,0.201,1.45106595461,0.897501034213,1.09771185833,1.11676706339,0.66057395015,0.819660770413
1214424,0.202,1.33076673158,0.844480407906,1.0125256263,1.00091231539,0.621212567392,0.729871532132
1220436,0.203,1.18063086987,0.783249182005,0.906185826318,0.859573527945,0.582662528701,0.628899342611
1226448,0.204,1.04634814896,0.707190363901,0.800756003564,0.739772726101,0.529634032812,0.545117875891
1232460,0.205,0.947182316762,0.644952381235,0.716779944035,0.644371467709,0.480017814832,0.48847043362
1238472,0.206,0.881758031379,0.599520090605,0.6569469229,0.583080689555,0.439294201313,0.43438511774
1244484,0.207,0.85668969459,0.572392203795,0.629199172397,0.550834722455,0.410839143459,0.415443339366
1250496,0.208,0.885031611075,0.565108448721,0.627436353157,0.591231285098,0.397415295517,0.40429179855
1256508,0.209,0.889112985039,0.570280961613,0.629684599815,0.606548786512,0.405365319388,0.407058822044
1262520,0.21,0.866121194377,0.564253444874,0.611564208845,0.598560172539,0.410740378291,0.401293725254
1268532,0.211,0.845462909303,0.563005922641,0.594634278415,0.590412909113,0.413585518012,0.400360216256
1274544,0.212,0.842218384729,0.571302843421,0.588014252325,0.588071535875,0.421862537362,0.393775028364
1280556,0.213,0.841495819653,0.576873444018,0.5808617297,0.585783291298,0.425392719369,0.390049991163
1286568,0.214,0.846271932187,0.577839071443,0.580691234001,0.577928366414,0.419768348321,0.382106140737
1292580,0.215,0.870887849934,0.590012736878,0.59757507251,0.57749364747,0.416133667604,0.39403448206
1298592,0.216,0.9356864983,0.634530940998,0.660268878405,0.619222396495,0.451319922562,0.454258512854
1304604,0.217,1.01507721345,0.678465059337,0.740570785679,0.688858089841,0.480195457104,0.530582562211
1310616,0.218,1.07911493507,0.715401087438,0.832037732431,0.758996455971,0.513118668833,0.608540265308
1316628,0.219,1.10806172753,0.749722142729,0.902149502917,0.780990308471,0.559686290468,0.658610648845
1322640,0.22,1.11706771823,0.776834626728,0.93137340202,0.776907143376,0.586457573072,0.67560152512
1328652,0.221,1.10477451398,0.775469191045,0.934514120862,0.761572863829,0.584883874557,0.666929309119
1334664,0.222,1.08728915162,0.776479925635,0.923817075108,0.746527299894,0.580384681224,0.656089294142
1340676,0.223,1.05646776534,0.755797153768,0.897803708264,0.726583152983,0.563458635913,0.63636766758
1346688,0.224,1.01450811138,0.730695426448,0.865499915357,0.682686353826,0.53283437323,0.603414640469
1352700,0.225,0.954261960294,0.701608834668,0.783813860984,0.615693311224,0.505383241551,0.514392139892
1358712,0.226,0.923276443741,0.691181690271,0.734197000684,0.566683122548,0.511795692693,0.472937263969
1364724,0.227,0.932269003894,0.693182633708,0.727963762852,0.559447428676,0.521057630052,0.47604097324
1370736,0.228,0.975070999672,0.720710987558,0.757908703739,0.595950522972,0.552156055986,0.498142569612
1376748,0.229,1.06447918134,0.781631929607,0.82186495406,0.681837790939,0.611611769857,0.553447704061
1382760,0.23,1.12706152614,0.818516994926,0.874384721703,0.761373677871,0.637663547518,0.610393718181
1388772,0.231,1.2786415551,0.896364416668,1.01215005446,0.940071701788,0.68844189546,0.775552703398
1394784,0.232,1.41423070278,0.994096790903,1.16808514167,1.0517354691,0.756894681944,0.925571183893
1400796,0.233,1.56225556334,1.09499651829,1.30404506662,1.18163918191,0.830992360706,1.03760199326
1406808,0.234,1.68363808123,1.17940640169,1.43996837491,1.30350765183,0.906505128673,1.15363544642
1412820,0.235,1.88594139345,1.28589960723,1.60700974011,1.49463726645,1.02157909582,1.32226056531
1418832,0.236,2.05325434795,1.43627926079,1.69881804944,1.67791648568,1.15544359232,1.40604647819
1424844,0.237,2.12594659443,1.53905836516,1.72541609108,1.77563120726,1.24273289549,1.40535303507
1430856,0.238,2.18970490773,1.60194931485,1.78728992357,1.82508827694,1.28140640338,1.41836569612
1436868,0.239,2.17175905783,1.60402960051,1.80759890512,1.78835485055,1.27809671423,1.41019848885
1442880,0.24,2.14971613824,1.58396832928,1.78412424074,1.70868649449,1.25317686659,1.35986794378
1448892,0.241,2.10371751359,1.57686279311,1.72584581941,1.6375169997,1.24592563109,1.2844196725
1454904,0.242,2.15671047044,1.59856384671,1.7489589842,1.66053348248,1.23476540705,1.27170920728
1460916,0.243,2.15058544897,1.59496701203,1.74539133916,1.659315523,1.21748402935,1.25919727978
1466928,0.244,2.08027630681,1.56768877458,1.71661571715,1.60573411578,1.18260681051,1.23171754248
1472940,0.245,2.08426043969,1.59408731068,1.76755668465,1.61087928681,1.18733810251,1.28005294327
1478952,0.246,2.12486797594,1.63408635492,1.79172445971,1.64468471475,1.21325520347,1.29817824752
1484964,0.247,2.09351756767,1.6030578847,1.77188500473,1.62002879171,1.15258826878,1.25374217788
1490976,0.248,1.93720611882,1.50566411693,1.67861497574,1.4819799811,1.07673091913,1.18384294876
1496988,0.249,1.72939065853,1.38792467529,1.56134904356,1.27351608207,0.988192981402,1.11533006989
1503000,0.25,1.59383449736,1.31769535464,1.5186187241,1.1582584932,0.935861068767,1.13087875551
1509012,0.251,1.44247890098,1.22256424534,1.42846399109,1.0339732684,0.873639623893,1.08227688298
1515024,0.252,1.32213497845,1.10586421011,1.31119206379,0.93087493062,0.762163840092,0.963657667739
1521036,0.253,1.24603037688,1.02136147148,1.21389293423,0.872673451507,0.685389590361,0.882570645417
1527048,0.254,1.31338866358,1.02918377242,1.22899137151,0.937605329522,0.699736467282,0.901285804711
1533060,0.255,1.40136093338,1.0524963906,1.25983902371,1.02542964915,0.713485142434,0.949591738979
1539072,0.256,1.47529149879,1.07558024375,1.29064767654,1.10606867849,0.725366181458,0.978390498734
1545084,0.257,1.50087524865,1.08633594671,1.31306133018,1.11605368324,0.734870859461,0.996472934452
1551096,0.258,1.4877802578,1.09905723029,1.32612792675,1.09078994475,0.75041850385,0.99804943569
1557108,0.259,1.41682485969,1.07450012021,1.29129696209,1.01834329533,0.745208777527,0.972735229079
1563120,0.26,1.33039555038,1.03478845329,1.23860204371,0.931028606921,0.72094165824,0.937239596163
1569132,0.261,1.2825003615,1.02816751463,1.20481907141,0.888728098973,0.706570787884,0.914171435626
1575144,0.262,1.35786645537,1.06769328986,1.24423152119,0.972341817654,0.732948886643,0.951248111056
1581156,0.263,1.39024110722,1.08830867529,1.24369967012,1.0111710379,0.742185627365,0.982162598661
1587168,0.264,1.37617722641,1.06783978612,1.20288514184,1.00468180869,0.725750836623,0.95720695735
1593180,0.265,1.39040686146,1.0564015817,1.18862101078,1.02023038691,0.714107614989,0.940602483651
1599192,0.266,1.47606993783,1.08266437224,1.23195142697,1.11052217621,0.725518373119,0.967951597491
1605204,0.267,1.66575578755,1.13629100812,1.33208153909,1.29267230246,0.77510910036,1.02947011173
1611216,0.268,1.82820007269,1.22315890121,1.44917687898,1.43392933454,0.844339661006,1.12341496442
1617228,0.269,2.00074034767,1.33063594247,1.59588265419,1.60652454249,0.92387627367,1.21341626986
1623240,0.27,2.07067221157,1.3927339643,1.66201871104,1.71678192298,0.979279278531,1.23020605028
1629252,0.271,2.05122254698,1.40611225759,1.66324484113,1.71910866409,0.982331686008,1.20354039977
1635264,0.272,2.02062515606,1.43024573986,1.66469089375,1.68937847979,1.00949559883,1.20465107417
1641276,0.273,1.92062448671,1.40641667329,1.58544993672,1.57928667771,0.995561518158,1.14390796204
1647288,0.274,1.80671746179,1.36935486247,1.47790059881,1.40664487999,0.969264406516,1.04974498206
1653300,0.275,1.79022695054,1.40587555472,1.46283307731,1.37830862626,1.01409482873,1.02307918003
1659312,0.276,1.75112864762,1.41661316746,1.44168708365,1.36036891158,1.0274635919,1.00362420975
1665324,0.277,1.62835085672,1.34537403525,1.35722732127,1.23349206568,0.945933520457,0.936234378949
1671336,0.278,1.45911708917,1.26376252122,1.2784565623,1.03747108075,0.857316359732,0.871861071942
1677348,0.279,1.30114091168,1.16593669674,1.19206860634,0.891359131179,0.776229772702,0.823501771711
1683360,0.28,1.20878150653,1.08186712129,1.13063512184,0.810916550492,0.703880282434,0.808909316124
1689372,0.281,1.1389732128,1.02605148825,1.06596952915,0.761546337552,0.662730996021,0.775977144677
1695384,0.282,1.10900378199,0.996325651546,1.01183107609,0.736664209022,0.635781724118,0.727089682497
1701396,0.283,1.08959739114,0.98914725042,0.965067742972,0.717260083223,0.631628772476,0.68908647762
1707408,0.284,1.08965013882,0.990193271086,0.955943200736,0.712348307844,0.644339649447,0.685893738804
1713420,0.285,1.09503698358,0.998522332298,0.949152375103,0.710663934174,0.6633550911,0.688768859487
1719432,0.286,1.10090444637,0.997134060075,0.962433817694,0.703909883774,0.659618256412,0.70800688336
1725444,0.287,1.09089938833,0.978635300782,0.960009926217,0.691333568672,0.645519719894,0.702064473552
1731456,0.288,1.07611804595,0.979860191444,0.962685052764,0.687155327022,0.647702127445,0.70733966428
1737468,0.289,1.09327838035,0.989245203349,1.0138171003,0.690828621112,0.648823048366,0.762021676105
1743480,0.29,1.17077672029,1.03168876802,1.15099463411,0.770704575979,0.681525327027,0.89005000553
1749492,0.291,1.23300308422,1.0763590945,1.22197147076,0.835650921141,0.707696506615,0.960346118935
1755504,0.292,1.22860340477,1.10246510176,1.21935631492,0.841857344147,0.722591710666,0.942003128879
1761516,0.293,1.24247319824,1.15797708466,1.23255550819,0.859073587892,0.756174294134,0.937874639457
1767528,0.294,1.26503619488,1.19977648821,1.24266232205,0.89993545083,0.803723724989,0.955139617834
1773540,0.295,1.27894488477,1.23446174549,1.2850107061,0.919141997133,0.844300880908,0.998371112763
1779552,0.296,1.26315314594,1.22780949794,1.30825572333,0.894312235885,0.82937855497,1.01567820626
1785564,0.297,1.19154124328,1.16619948135,1.24662418286,0.83626783644,0.760564459566,0.963373484058
1791576,0.298,1.08467074954,1.06349463478,1.13621048581,0.751534693643,0.679092070543,0.8666719894
1797588,0.299,0.998998332356,0.963540776374,1.04638944786,0.681116713857,0.601250121436,0.785201325322
1803600,0.3,0.932849992017,0.894999462599,0.969764692355,0.632509446511,0.549838151504,0.728402782089
1809612,0.301,0.92320011682,0.874994011981,0.95412970295,0.642591277116,0.550601539502,0.753603074475
1815624,0.302,0.92449626236,0.864689763033,0.943028812861,0.667774439704,0.570776024468,0.782000022277
1821636,0.303,0.946190840488,0.93228536219,0.95944963751,0.710678540852,0.656268222173,0.817309516121
1827648,0.304,0.97473915273,1.00411669835,0.975140830487,0.750623963557,0.746578330464,0.838243419667
1833660,0.305,0.993572954005,1.0410093379,0.992236251697,0.760766177819,0.78772654764,0.84755363163
1839672,0.306,1.03736537405,1.09149087003,1.02650196884,0.790395773524,0.831450478453,0.873805145365
1845684,0.307,1.0593226649,1.09920324039,1.02930067866,0.803776715922,0.828449295415,0.873645070986
1851696,0.308,1.07437950751,1.09941852703,1.03018629782,0.799806830722,0.805668962682,0.846554146435
1857708,0.309,1.11704543468,1.15286706823,1.05650763147,0.825744869718,0.861603499012,0.863940813017
1863720,0.31,1.17489363733,1.21616655484,1.11516429173,0.865359452118,0.916662655517,0.901148845339
1869732,0.311,1.32028455228,1.34456051707,1.2248860345,0.990884733848,1.03179032627,0.973884838967
1875744,0.312,1.45177377085,1.45070512251,1.34152099725,1.10025872844,1.11216564007,1.06204381605
1881756,0.313,1.52205890911,1.50532763201,1.40012775216,1.17307049817,1.14184555009,1.11378657985
1887768,0.314,1.5847982909,1.5149829781,1.41832226457,1.25360797498,1.12575177098,1.11338520484
1893780,0.315,1.57342991026,1.50616985535,1.39878562402,1.23792540622,1.08488113805,1.07439524315
1899792,0.316,1.59073370199,1.52224521772,1.40756594379,1.2724796722,1.08054192776,1.05734120554
1905804,0.317,1.62259064948,1.47190860731,1.37775657565,1.31956204781,1.01167648329,1.01732787309
1911816,0.318,1.62743847476,1.37160221644,1.3164572699,1.35645770654,0.924134153344,0.973621386413
1917828,0.319,1.66500239704,1.31151334511,1.35457178851,1.3922107137,0.873760452564,1.0044514384
1923840,0.32,1.7089530478,1.29767930646,1.43381249794,1.42782668523,0.870135092184,1.06436808179
1929852,0.321,1.72022481914,1.28932038586,1.54333093841,1.43077825807,0.873423933888,1.14325634159
1935864,0.322,1.68149267045,1.26787301054,1.57245724291,1.39121763724,0.863580197313,1.1736703001
1941876,0.323,1.58216475732,1.2187014762,1.52164312365,1.27621713596,0.814410494677,1.11214397981
1947888,0.324,1.52416985575,1.21388630034,1.50131289208,1.21015706901,0.80938145075,1.08508516034
1953900,0.325,1.4786933127,1.22963012182,1.46529896852,1.13259263616,0.824202724893,1.02949223387
1959912,0.326,1.45982653851,1.21351297163,1.43088865074,1.09453447751,0.814528440798,0.980861703855
1965924,0.327,1.47421587043,1.19175399081,1.40392527883,1.10435147091,0.794013228919,0.947396448321
1971936,0.328,1.45503754488,1.16564068836,1.370949483,1.07528981027,0.767140666769,0.901399240146
1977948,0.329,1.37921623487,1.10848936113,1.29621046579,1.00410276791,0.744475080682,0.838249082146
1983960,0.33,1.3636085048,1.12348311699,1.27445035789,0.989722724244,0.767210487355,0.831175351209
1989972,0.331,1.42361619936,1.19462343462,1.35429564406,1.03692342711,0.841793850532,0.927145337022
1995984,0.332,1.54355638645,1.31997410136,1.55169433641,1.14898641953,0.968809700069,1.14499976472
2001996,0.333,1.66858131316,1.44720516148,1.6920464598,1.26516787909,1.08657368707,1.26534332593
2008008,0.334,1.79100654126,1.54752301447,1.85210968931,1.3782471231,1.17706057185,1.42265022972
2014020,0.335,1.88307712005,1.64555116216,2.02336996291,1.49686804966,1.24213427642,1.67310772121
2020032,0.336,1.86269838164,1.66504710492,2.01950535746,1.50424022676,1.25278688816,1.72477022149
2026044,0.337,1.80360794774,1.62461481095,1.94212623275,1.44918172641,1.20584673065,1.68429404014
2032056,0.338,1.76953938341,1.55720222872,1.90637958909,1.41052883311,1.11827137095,1.64057045513
2038068,0.339,1.64683750672,1.44966260563,1.76445044653,1.29995576989,0.993054157724,1.49175419371
2044080,0.34,1.49281654513,1.31767341128,1.59095680715,1.15421173869,0.878104531422,1.30872771654
2050092,0.341,1.36433690376,1.1900339263,1.44349840547,1.03047367292,0.777961418506,1.16081954026
2056104,0.342,1.28307527539,1.12378540731,1.34912064601,0.933613017541,0.726008363942,1.08136542393
2062116,0.343,1.24905982089,1.08498887665,1.33144906552,0.906171026267,0.687770635302,1.10556173726
2068128,0.344,1.27048776538,1.08979578577,1.40313028053,0.943342854218,0.689564235175,1.22828837708
2074140,0.345,1.31125769217,1.12026985532,1.44805647223,0.975313458732,0.706574522126,1.29821179841
2080152,0.346,1.34915316672,1.13954474401,1.48253890433,0.997569395733,0.704576717855,1.31150562362
2086164,0.347,1.36626120508,1.14158360945,1.49472385288,0.985977595054,0.692454454752,1.26823142027
2092176,0.348,1.36559960515,1.14994313831,1.47743389506,0.978089335934,0.698750896997,1.21112669912
2098188,0.349,1.38667375508,1.18790797352,1.4853270201,0.973577865873,0.745197748673,1.17640779155
2104200,0.35,1.40893097028,1.20308541904,1.45849513642,0.976940340002,0.770220894333,1.12821575744
2110212,0.351,1.41276409474,1.17895812388,1.39241533066,0.978624527227,0.750544593913,1.03077828611
2116224,0.352,1.38399840006,1.11725992191,1.34213970445,0.927026530451,0.712305122513,0.977636766478
2122236,0.353,1.40475811858,1.08127703029,1.31673044119,0.943659148608,0.694368269828,0.972238562468
2128248,0.354,1.42959113389,1.06336364156,1.31986729636,0.989307443986,0.695505637953,1.01196940244
2134260,0.355,1.41817177491,1.02861503363,1.36744378357,0.992119263614,0.681329478664,1.11133751832
2140272,0.356,1.34102455846,0.965797229354,1.32837873425,0.944446312599,0.655176607818,1.11453782508
2146284,0.357,1.25159390434,0.907708398615,1.2452750781,0.883978542996,0.629180061253,1.05005884882
2152296,0.358,1.18798320598,0.866166415995,1.19087196972,0.843422670267,0.610396029715,1.0029731605
2158308,0.359,1.16390915705,0.852362989933,1.15037123128,0.842986820552,0.624033370255,0.97827041369
2164320,0.36,1.13611879382,0.837491549973,1.10918738327,0.840104778153,0.622509014914,0.930201161357
2170332,0.361,1.11555461025,0.835328501754,1.07414813522,0.834312905337,0.629219977388,0.889486411176
2176344,0.362,1.0519950074,0.812576130365,0.977097189941,0.783696429287,0.624789749807,0.771406567605
2182356,0.363,0.979813814087,0.763970660076,0.897037840208,0.715557067141,0.589721681134,0.693068087273
2188368,0.364,0.919219344302,0.706014245003,0.848169552259,0.650639665176,0.537721415098,0.651160461051
2194380,0.365,0.863520432851,0.6529762406,0.803092069662,0.600418658965,0.492643817308,0.610316811875
2200392,0.366,0.838241701366,0.618127207443,0.784855912023,0.579572477715,0.463237273147,0.583273377443
2206404,0.367,0.825587919387,0.602258642092,0.829802222764,0.571824100897,0.443316233845,0.630336268481
2212416,0.368,0.863145325772,0.629223164741,0.912561921414,0.602206344738,0.452563121287,0.717615835125
2218428,0.369,0.968448224166,0.721694811976,1.08611228168,0.686524236772,0.52511613967,0.906638018765
2224440,0.37,1.05274912714,0.79031408954,1.22195130917,0.762753946486,0.577692708471,1.06342661891
2230452,0.371,1.09496584328,0.828756412992,1.27985832629,0.81091518054,0.593484695399,1.11892347317
2236464,0.372,1.08304111747,0.842468357428,1.28291818726,0.800922536348,0.593777070492,1.10391648869
2242476,0.373,1.04518452094,0.832969229456,1.24697877786,0.764519783948,0.586226665791,1.0461932408
2248488,0.374,1.01889305175,0.830974744093,1.20954788077,0.745190379535,0.574711278953,0.994444908354
2254500,0.375,0.979923779363,0.806695269752,1.14980900743,0.704509331701,0.5511239849,0.931357597349
2260512,0.376,0.959372660451,0.798766638697,1.09367531812,0.679477856287,0.545911693048,0.871609431599
2266524,0.377,0.924892508816,0.779149989601,1.0300881162,0.660429849203,0.532995362092,0.808671397412
2272536,0.378,0.895789263514,0.757938374444,0.971475404811,0.644305951647,0.523458521766,0.746256552665
2278548,0.379,0.864914048947,0.727919449071,0.88480483636,0.633359739077,0.507037825974,0.658950673328
2284560,0.38,0.85338204323,0.712930441812,0.850297938818,0.646639331008,0.510329573067,0.623957945098
2290572,0.381,0.836645685786,0.711954328485,0.835921983101,0.635892627017,0.52262351095,0.614401992421
2296584,0.382,0.815958581661,0.690491421127,0.808058145759,0.612646709428,0.50847237071,0.600088104955
2302596,0.383,0.774332120727,0.652622599978,0.777096532131,0.568863340622,0.463469104218,0.57047606757
2308608,0.384,0.749164340457,0.638195889083,0.766067162942,0.532608364248,0.440725104482,0.561945601054
2314620,0.385,0.721269233516,0.615004570497,0.74744488987,0.503609446866,0.421880983523,0.54443491132
2320632,0.386,0.713489686861,0.603540728242,0.735309209325,0.489644166241,0.408772041033,0.538331221447
2326644,0.387,0.699151883303,0.589537908578,0.715191101048,0.480884990216,0.400403398426,0.531472945249
2332656,0.388,0.661944140342,0.570861907246,0.688153304578,0.454498814755,0.389667733471,0.516322284947
2338668,0.389,0.627319847992,0.556624849851,0.674125769983,0.430187975318,0.383758969285,0.509863493413
2344680,0.39,0.59996773268,0.538678244143,0.646823606472,0.407654140527,0.373492663523,0.481045208447
2350692,0.391,0.582089588924,0.526118395012,0.634960866605,0.39801631395,0.366581233294,0.473415859315
2356704,0.392,0.565960479605,0.518239928672,0.62979666597,0.38429986227,0.359576306426,0.454979547832
2362716,0.393,0.557257617044,0.524014277792,0.632204144339,0.37415898109,0.357793521521,0.449752659867
2368728,0.394,0.554543014244,0.533597420207,0.639543506325,0.373460056243,0.358626506479,0.451717178832
2374740,0.395,0.566397669661,0.54051314554,0.644863453399,0.398241395557,0.363952306638,0.454703724354
2380752,0.396,0.575523896813,0.542478912682,0.651562093762,0.413121980556,0.368604751351,0.462282431273
2386764,0.397,0.576312710499,0.539095531279,0.647275976927,0.424402259533,0.366443142329,0.462962611084
2392776,0.398,0.581330791654,0.547163127914,0.641602073524,0.431269525095,0.366233629097,0.455022810625
2398788,0.399,0.583454603567,0.550555337731,0.629202275395,0.437779173882,0.373846852877,0.439542870676
2404800,0.4,0.575521231004,0.542076994628,0.614437822781,0.434543028696,0.372872131695,0.427534132414
2410812,0.401,0.56497026211,0.529498324108,0.604452830991,0.429533600678,0.364751943427,0.40999170557
2416824,0.402,0.556470619975,0.524158840993,0.601022435646,0.417625030868,0.358107092954,0.406554878195
2422836,0.403,0.544342946735,0.520421556195,0.585030791477,0.403078314232,0.348360394336,0.394032645689
2428848,0.404,0.537012559327,0.512396967631,0.564836335468,0.396983395995,0.335419243024,0.376958538135
2434860,0.405,0.55081629146,0.513777547455,0.559843234774,0.420938194047,0.336685450698,0.380593866585
2440872,0.406,0.553094379997,0.511590833562,0.546919511173,0.425053853355,0.339805059063,0.374122490148
2446884,0.407,0.542666839213,0.500470927373,0.528304649736,0.416091189601,0.33327194069,0.360798698129
2452896,0.408,0.530424936371,0.490154744395,0.512788649271,0.397965749451,0.32567854933,0.346930899979
2458908,0.409,0.515086633432,0.481250144233,0.500166790947,0.38607903566,0.323440269574,0.334999015637
2464920,0.41,0.49849964491,0.470862067246,0.487760910336,0.372806701343,0.319271025295,0.324458859574
2470932,0.411,0.485069985511,0.46429730089,0.484189424321,0.356906679635,0.316300240026,0.325462490729
2476944,0.412,0.485573369355,0.461998433862,0.480405661248,0.354398959697,0.312483459578,0.319097896726
2482956,0.413,0.491181901613,0.463733831015,0.48731566047,0.349305800679,0.309745914449,0.314677673095
2488968,0.414,0.494874231146,0.463318138971,0.492139675155,0.347672096117,0.306539214621,0.31114335583
2494980,0.415,0.488414703151,0.456387838646,0.485703930028,0.341588827734,0.300033960728,0.307870673313
2500992,0.416,0.486842762042,0.451024023283,0.485901982999,0.342492369974,0.293153030698,0.307594076065
2507004,0.417,0.490290719419,0.453746728172,0.496602512762,0.344685078464,0.292561895065,0.323837128215
2513016,0.418,0.493154965786,0.459947934617,0.504448391233,0.340777298586,0.294493178646,0.330986090009
2519028,0.419,0.513906573926,0.486037362546,0.54276354101,0.354849462171,0.317565566335,0.365705914169
2525040,0.42,0.531778823378,0.512811740221,0.576041150222,0.373749516232,0.348803365209,0.396514882917
2531052,0.421,0.538551136688,0.52525784636,0.599920745042,0.376430045662,0.362589365651,0.412581073547
2537064,0.422,0.550485140203,0.541577608032,0.625802552792,0.376725892211,0.374215964918,0.434403392585
2543076,0.423,0.603127654701,0.56975577867,0.688194492884,0.420441872419,0.397344716094,0.490921441261
2549088,0.424,0.651861632417,0.609864270964,0.765982018854,0.46158107559,0.424050923092,0.561791557889
2555100,0.425,0.688155010728,0.635830129785,0.810782620957,0.478777776707,0.437029809752,0.584545836932
2561112,0.426,0.713466033377,0.663961960506,0.875699449655,0.499018358448,0.450795836937,0.626036142548
2567124,0.427,0.741134758244,0.698792972177,0.925400022085,0.516632132129,0.467373361451,0.654802127521
2573136,0.428,0.800220713948,0.752975650038,0.986614932802,0.559040257725,0.501024079201,0.696652414978
2579148,0.429,0.833125524609,0.796904050064,1.01771511546,0.581050200115,0.526594463401,0.70991623508
2585160,0.43,0.866532431041,0.809000873998,1.03643081618,0.61700176503,0.535322479137,0.717485559052
2591172,0.431,0.90027279052,0.811396069733,1.06112585187,0.645258673859,0.537270932827,0.721573221959
2597184,0.432,1.00572636316,0.833477267753,1.13087809211,0.763278322221,0.553245003223,0.804333702976
2603196,0.433,1.10492081777,0.873127494056,1.20462934607,0.880091168983,0.57694662808,0.89045788905
2609208,0.434,1.13512008927,0.91332319767,1.25338320105,0.945012863812,0.610480557698,0.961952949971
2615220,0.435,1.12802448851,0.931948303039,1.26649048513,0.967084560999,0.645458624126,0.991178181349
2621232,0.436,1.08721838292,0.90985315725,1.23394770929,0.945900815201,0.637399041374,0.971079371966
2627244,0.437,1.08253533922,0.887999436964,1.2327575754,0.928976182777,0.622278380793,0.969809565817
2633256,0.438,1.08894633579,0.884431666451,1.24210666069,0.921110948595,0.60898213614,0.979805079756
2639268,0.439,1.11093239741,0.927459698376,1.29747542595,0.919930500362,0.664040997326,1.03295037964
2645280,0.44,1.1943432614,1.01344476394,1.4311199303,1.00030830387,0.769087393132,1.17177812225
2651292,0.441,1.437491626,1.18867569219,1.82192844215,1.24515090233,0.947861436671,1.56422936534
2657304,0.442,1.67273814886,1.43833041824,2.19971119368,1.46476443964,1.16840086654,1.93132360784
2663316,0.443,1.7753053253,1.57916741054,2.36449563195,1.52496204253,1.26750960442,2.0539912684
2669328,0.444,1.82024011282,1.59959591014,2.39236461786,1.49345529969,1.25434303735,2.0091363805
2675340,0.445,1.80852291115,1.56275504703,2.34001694146,1.45353045591,1.20285036075,1.94408684949
2681352,0.446,1.77118795194,1.52887517495,2.26460018094,1.37444288956,1.14737993017,1.8588466595
2687364,0.447,1.69074384544,1.47578593917,2.21589165804,1.27094822968,1.0857136986,1.8007861787
2693376,0.448,1.61578113047,1.41339359824,2.10950458876,1.19746443484,1.03839843635,1.68389658802
2699388,0.449,1.54561887988,1.33382978132,1.98399313311,1.14060324527,0.967878511432,1.56786652459
2705400,0.45,1.50067330707,1.25420909354,1.92322159068,1.11604804757,0.884608933661,1.48138851863
2711412,0.451,1.46352274871,1.16786436701,1.85403586439,1.09108472815,0.797940438174,1.38823794653
2717424,0.452,1.47274629757,1.14898492133,1.81710658694,1.09190146873,0.80790984395,1.34032484238
2723436,0.453,1.49677094327,1.17275015721,1.86812371192,1.09406671012,0.862317330177,1.39653145207
2729448,0.454,1.47784990069,1.17738822548,1.83569205918,1.04971793776,0.848788951922,1.36478777516
2735460,0.455,1.4344959638,1.1344173234,1.78447347341,0.995734524141,0.812581847432,1.31739199979
2741472,0.456,1.43043833516,1.10711230616,1.74433166134,1.00073720938,0.793232042433,1.29004821999
2747484,0.457,1.44316660737,1.09994127964,1.72891684208,1.03900950227,0.794468401042,1.28805007258
2753496,0.458,1.4589058712,1.11358453944,1.70537810305,1.06299280069,0.805312273094,1.26547939168
2759508,0.459,1.52217499925,1.18525002191,1.76558056279,1.12519624972,0.878438485064,1.34037508167
2765520,0.46,1.73937532843,1.34516002754,2.00829920662,1.34972236605,1.04334060008,1.56948290069
2771532,0.461,1.91595269233,1.46936181088,2.14996463856,1.56145954755,1.16923798747,1.73549845619
2777544,0.462,2.02937077363,1.59146734147,2.26952017451,1.68262951236,1.31035897083,1.92130094417
2783556,0.463,2.20039413883,1.80541346741,2.45511864338,1.82106026137,1.54460810769,2.14774696282
