30060,0.005,0.209996969144,0.125741848684
60120,0.01,0.193255559476,0.113569834727
90180,0.015,0.177799657003,0.100420535251
120240,0.02,0.182643251407,0.10858372502
150300,0.025,0.184273468636,0.111762338555
180360,0.03,0.18977995252,0.123720163929
210420,0.035,0.186148691257,0.123753492657
240480,0.04,0.174210732952,0.106882186782
270540,0.045,0.171409961904,0.0980038266137
300600,0.05,0.174587095033,0.10081990412
330660,0.055,0.188359252946,0.113184848058
360720,0.06,0.189234055276,0.11616254219
390780,0.065,0.180450814299,0.105915011351
420840,0.07,0.182686185062,0.100968178516
450900,0.075,0.192588829403,0.106940915383
480960,0.08,0.199354864637,0.114710578845
511020,0.085,0.20204769145,0.113698485056
541080,0.09,0.196582127929,0.11090360716
571140,0.095,0.178636316414,0.0978060331429
601200,0.1,0.16129626734,0.0879358710165
631260,0.105,0.151490655102,0.0790205538638
661320,0.11,0.154134479767,0.0830371706238
691380,0.115,0.155027381069,0.0887115391222
721440,0.12,0.170019381402,0.1118582719
751500,0.125,0.171250095408,0.114837952312
781560,0.13,0.168325624007,0.109938582529
811620,0.135,0.1639984676,0.0993592368705
841680,0.14,0.167916235183,0.100547057174
871740,0.145,0.167458111447,0.100489095372
901800,0.15,0.166283115534,0.102545876602
931860,0.155,0.156139497956,0.0928524360847
961920,0.16,0.14594281278,0.0844785491216
991980,0.165,0.133946167224,0.07408649319
1022040,0.17,0.127190460641,0.0677687562586
1052100,0.175,0.131723847692,0.0744912840332
1082160,0.18,0.154425633405,0.102686473856
1112220,0.185,0.171997063074,0.119645860386
1142280,0.19,0.171399887453,0.119632248927
1172340,0.195,0.169812956004,0.116907818814
1202400,0.2,0.170190112111,0.119335646905
1232460,0.205,0.166309059931,0.109378083993
1262520,0.21,0.171209076922,0.115730971945
1292580,0.215,0.153457392948,0.0969669516774
1322640,0.22,0.147669713092,0.0918458616272
1352700,0.225,0.150077380553,0.096486377009
1382760,0.23,0.149449826492,0.0934949017416
1412820,0.235,0.153513139083,0.0970107390384
1442880,0.24,0.159401077416,0.101372904715
1472940,0.245,0.161016199154,0.10265034955
1503000,0.25,0.165529486167,0.108162251836
1533060,0.255,0.182893246479,0.128134482576
1563120,0.26,0.174892847114,0.116961256474
1593180,0.265,0.169826572755,0.112227169352
1623240,0.27,0.15186318484,0.0946771053177
1653300,0.275,0.142704534594,0.0857673152194
1683360,0.28,0.160216013228,0.101982552664
1713420,0.285,0.170979570103,0.11303959548
1743480,0.29,0.179982429525,0.129950356593
1773540,0.295,0.168799747801,0.120074611072
1803600,0.3,0.165703618649,0.119591574666
1833660,0.305,0.156093899293,0.103101543533
1863720,0.31,0.148905805189,0.0921760558808
1893780,0.315,0.158464163836,0.0994506326477
1923840,0.32,0.183949669117,0.12703284097
1953900,0.325,0.180825414883,0.120341276696
1983960,0.33,0.181757178144,0.115751176565
2014020,0.335,0.176398112546,0.108235016281
2044080,0.34,0.172416743501,0.109835247871
2074140,0.345,0.164473711852,0.101532176044
2104200,0.35,0.164147779836,0.0999056868773
2134260,0.355,0.15531557384,0.0910872066068
2164320,0.36,0.14806274213,0.0848989663427
2194380,0.365,0.144465170214,0.0823624211029
2224440,0.37,0.150028106725,0.0942687773107
2254500,0.375,0.157303320041,0.105932766311
2284560,0.38,0.16256369012,0.112372290805
2314620,0.385,0.170493763287,0.115583243561
2344680,0.39,0.188730475465,0.128507523879
2374740,0.395,0.184577220196,0.121667604163
2404800,0.4,0.192096830072,0.136993580329
2434860,0.405,0.184983898682,0.133836668269
2464920,0.41,0.18176113728,0.130736330539
2494980,0.415,0.174427175379,0.116294605269
2525040,0.42,0.196429502458,0.139400536053
2555100,0.425,0.188397487833,0.126975998385
2585160,0.43,0.188635465624,0.128525578714
2615220,0.435,0.168449869531,0.110814274996
2645280,0.44,0.160332041989,0.106471759333
2675340,0.445,0.14264071835,0.0861559478426
2705400,0.45,0.139714505726,0.0804597400934
2735460,0.455,0.149253545604,0.0914379360238
2765520,0.46,0.194250571542,0.152886632903
2795580,0.465,0.175108207554,0.127395177756
2825640,0.47,0.168711462992,0.114315441562
2855700,0.475,0.172800326578,0.115541554279
2885760,0.48,0.181383662954,0.123444404862
2915820,0.485,0.175482513417,0.117778888621
2945880,0.49,0.168995014787,0.105840142848
2975940,0.495,0.176755090015,0.113715825153
3006000,0.5,0.176029011934,0.114871349549
3036060,0.505,0.172903589955,0.114995449596
3066120,0.51,0.172232080094,0.118331143647
3096180,0.515,0.165504160633,0.112697029266
3126240,0.52,0.156862070567,0.098282624317
3156300,0.525,0.149055966463,0.089238538159
3186360,0.53,0.152369313949,0.0913176344215
3216420,0.535,0.155550293968,0.0954351074484
3246480,0.54,0.155431526085,0.09649019017
3276540,0.545,0.151637057939,0.0940078493805
3306600,0.55,0.146657163938,0.0912412998826
3336660,0.555,0.139143174351,0.080371927928
3366720,0.56,0.139715842939,0.0812642904854
3396780,0.565,0.135925567431,0.0753406080146
3426840,0.57,0.148727349371,0.0893569675487
3456900,0.575,0.157295775953,0.0976280753813
3486960,0.58,0.169696364921,0.109800807024
3517020,0.585,0.165293638646,0.107140520819
3547080,0.59,0.16224441976,0.106214092964
3577140,0.595,0.166530639938,0.110521567386
3607200,0.6,0.183987423723,0.131815050646
3637260,0.605,0.192854002804,0.141902425002
3667320,0.61,0.181433513259,0.125911021975
3697380,0.615,0.170885270656,0.109054144703
3727440,0.62,0.174883811114,0.111588166389
3757500,0.625,0.164057795645,0.0955770178597
3787560,0.63,0.162166107401,0.092030089621
3817620,0.635,0.172364260444,0.104395494774
3847680,0.64,0.189923041872,0.129015252142
3877740,0.645,0.193947478504,0.13716763043
3907800,0.65,0.181456218435,0.12314969781
3937860,0.655,0.170694694878,0.109189075995
3967920,0.66,0.173308385069,0.110448780683
3997980,0.665,0.167274422761,0.102191427449
4028040,0.67,0.177991889929,0.116810072038
4058100,0.675,0.171006401452,0.107053019477
4088160,0.68,0.176212660466,0.109692184471
4118220,0.685,0.177816359686,0.114564733059
4148280,0.69,0.164286726526,0.0998417086882
4178340,0.695,0.16006933245,0.0914666283935
4208400,0.7,0.183762842762,0.118391515548
4238460,0.705,0.199520544131,0.133279830217
4268520,0.71,0.20066911879,0.130778957096
4298580,0.715,0.239402020284,0.17620253104
4328640,0.72,0.283382209963,0.234093290915
4358700,0.725,0.250271473564,0.175777508785
4388760,0.73,0.26250594576,0.188687805635
4418820,0.735,0.239294868232,0.159666536916
4448880,0.74,0.198065246716,0.122088832313
4478940,0.745,0.177256394135,0.103828245694
4509000,0.75,0.171884975003,0.101048619741
4539060,0.755,0.171385371169,0.10317612249
4569120,0.76,0.169379623423,0.103841686849
4599180,0.765,0.171843434635,0.105557605626
4629240,0.77,0.171431264461,0.102413259829
4659300,0.775,0.182269204658,0.110026503718
4689360,0.78,0.180288176307,0.104456117662
4719420,0.785,0.182275362592,0.10731609226
4749480,0.79,0.18506322108,0.108464805838
4779540,0.795,0.17714649397,0.104920744076
4809600,0.8,0.169881929343,0.100905582539
4839660,0.805,0.169473624415,0.101185989205
4869720,0.81,0.168953112536,0.106141920717
4899780,0.815,0.154427496457,0.0925930447835
4929840,0.82,0.149357630797,0.0907108342376
4959900,0.825,0.147957766177,0.0943043660183
4989960,0.83,0.143823341408,0.0889551789279
5020020,0.835,0.155053879664,0.105229057729
5050080,0.84,0.156002549594,0.107570896154
5080140,0.845,0.160271307365,0.114324490508
5110200,0.85,0.157067108251,0.109976881812
5140260,0.855,0.163371727505,0.116719038763
5170320,0.86,0.16482024823,0.119092622659
5200380,0.865,0.179378034577,0.135735857487
5230440,0.87,0.198634631635,0.161109559626
5260500,0.875,0.191701088885,0.151793531606
5290560,0.88,0.199628772964,0.160222568633
5320620,0.885,0.216321813916,0.184667810274
5350680,0.89,0.182521309544,0.139744606636
5380740,0.895,0.162434748773,0.11226183446
5410800,0.9,0.157002071245,0.10443924337
5440860,0.905,0.154985140867,0.0984925372636
5470920,0.91,0.156078779969,0.1008561493
5500980,0.915,0.154945456496,0.101488874231
5531040,0.92,0.14113932254,0.0869505152012
5561100,0.925,0.136115351723,0.0778461172811
5591160,0.93,0.145943100497,0.0851030225698
5621220,0.935,0.163056122726,0.106679347281
5651280,0.94,0.159736269838,0.104449223301
5681340,0.945,0.15775422036,0.102076102136
5711400,0.95,0.145721664393,0.0853589163269
5741460,0.955,0.141898540331,0.0788293497048
5771520,0.96,0.144738193495,0.0813531325298
5801580,0.965,0.17532409152,0.118707708769
5831640,0.97,0.175189845366,0.1206605068
5861700,0.975,0.178123158897,0.125102723216
5891760,0.98,0.161490236445,0.103883342266
5921820,0.985,0.148423287943,0.0908021174661
5951880,0.99,0.14807430014,0.0902740097217
5981940,0.995,0.143920465172,0.0842216550102
6012000,1.0,0.155206158824,0.0920956969127
6042060,1.005,0.18145233746,0.118345804749
6072120,1.01,0.204371505224,0.1435169836
6102180,1.015,0.203700577164,0.135985768824
6132240,1.02,0.199864377801,0.131018782302
6162300,1.025,0.181849712288,0.11547674516
6192360,1.03,0.183586106216,0.116025981429
6222420,1.035,0.185543829129,0.113565776301
6252480,1.04,0.178238260265,0.105349178829
6282540,1.045,0.167719197925,0.0896018028594
6312600,1.05,0.192158897186,0.116596279555
6342660,1.055,0.193645518265,0.119099920948
6372720,1.06,0.193520111299,0.119596932259
6402780,1.065,0.180636005367,0.110373947165
6432840,1.07,0.172740173642,0.102770293032
6462900,1.075,0.164629759733,0.0938946677968
6492960,1.08,0.180253260966,0.103722668321
6523020,1.085,0.191756625514,0.115435746667
6553080,1.09,0.189635236616,0.120265221775
6583140,1.095,0.188463764481,0.127289235817
6613200,1.1,0.186224868068,0.131542129953
6643260,1.105,0.167364476913,0.110019625964
6673320,1.11,0.16773058773,0.103378145041
6703380,1.115,0.166147940457,0.103914400676
6733440,1.12,0.177750190524,0.119222516333
6763500,1.125,0.181869765904,0.12698308168
6793560,1.13,0.171896135098,0.112162806075
6823620,1.135,0.155615033135,0.0909286316913
6853680,1.14,0.156354052546,0.0905145900186
6883740,1.145,0.157521122571,0.0944077291749
6913800,1.15,0.164417423381,0.10339988201
6943860,1.155,0.184195748008,0.122604360211
6973920,1.16,0.182462525367,0.117231758703
7003980,1.165,0.171296773178,0.104607227801
7034040,1.17,0.167437814887,0.0975475688137
7064100,1.175,0.172219681673,0.10255030581
7094160,1.18,0.169867097592,0.0982416718246
7124220,1.185,0.173834992756,0.103530623207
7154280,1.19,0.174328081984,0.105625892814
7184340,1.195,0.160757144274,0.0934993314825
7214400,1.2,0.1688363706,0.100560041797
7244460,1.205,0.166745328227,0.0991512780273
7274520,1.21,0.151235230669,0.0862822309958
7304580,1.215,0.141800989262,0.0773229378978
7334640,1.22,0.137442894708,0.0739211828787
7364700,1.225,0.136809666596,0.0707457289286
7394760,1.23,0.149856309834,0.0854605670628
7424820,1.235,0.161437540375,0.0979062409124
7454880,1.24,0.193122386667,0.136091867967
7484940,1.245,0.204443114004,0.141933770861
7515000,1.25,0.233650042181,0.168107614843
7545060,1.255,0.255118546516,0.187040474779
7575120,1.26,0.244925794965,0.17708854152
7605180,1.265,0.235970070862,0.169032898292
7635240,1.27,0.219875773884,0.157070965645
7665300,1.275,0.201875707863,0.138781440591
7695360,1.28,0.195256895083,0.129667183931
7725420,1.285,0.19450992581,0.127174494094
7755480,1.29,0.182305692663,0.117262756225
7785540,1.295,0.163615188274,0.098296883897
7815600,1.3,0.163830512783,0.0907255363469
7845660,1.305,0.1862999083,0.11288527937
7875720,1.31,0.189871152419,0.116458432939
7905780,1.315,0.192051467935,0.116517414588
7935840,1.32,0.207002987221,0.134260413897
7965900,1.325,0.205136208566,0.134489012511
7995960,1.33,0.20235490709,0.136324002015
8026020,1.335,0.187802551277,0.118325999663
8056080,1.34,0.176916647983,0.109124509972
8086140,1.345,0.166906477073,0.0982947083019
8116200,1.35,0.168530540236,0.104638387951
8146260,1.355,0.161305489304,0.0935932986461
8176320,1.36,0.171807946604,0.106684015042
8206380,1.365,0.167002375877,0.0986815722753
8236440,1.37,0.160818247958,0.0915496999141
8266500,1.375,0.148240398706,0.0775648395859
8296560,1.38,0.148065360323,0.0773376238871
8326620,1.385,0.15546072345,0.0841653608946
8356680,1.39,0.185650064531,0.124151698561
8386740,1.395,0.217630862374,0.164122699231
8416800,1.4,0.216748713012,0.164759944104
8446860,1.405,0.1960830355,0.136276590635
8476920,1.41,0.173362599872,0.10670190551
8506980,1.415,0.170734936305,0.100375171117
8537040,1.42,0.168101446423,0.099049295913
8567100,1.425,0.169739152762,0.107833661117
8597160,1.43,0.187153164076,0.131916399629
8627220,1.435,0.198168408048,0.146116926417
8657280,1.44,0.188544237675,0.132070041418
8687340,1.445,0.178518614315,0.119343780094
8717400,1.45,0.176730369782,0.116274969794
8747460,1.455,0.183335372616,0.126303832561
8777520,1.46,0.196835677087,0.146617098646
8807580,1.465,0.187797614409,0.130674307249
8837640,1.47,0.199722079994,0.143769601428
8867700,1.475,0.187185239324,0.126727545907
8897760,1.48,0.184149260106,0.123978113844
8927820,1.485,0.181372095895,0.121204531704
8957880,1.49,0.178683399235,0.117998617274
8987940,1.495,0.177696664636,0.118429829713
9018000,1.5,0.176434815294,0.130683917487
9048060,1.505,0.155697681379,0.111040324581
9078120,1.51,0.143755574452,0.0981273093227
9108180,1.515,0.142832170796,0.0968020301782
9138240,1.52,0.141728872533,0.0940772400152
9168300,1.525,0.142518750671,0.094600483341
9198360,1.53,0.154448495843,0.105296389968
9228420,1.535,0.16854113042,0.118594215341
9258480,1.54,0.169198851637,0.117850539797
9288540,1.545,0.173966099978,0.118276629227
9318600,1.55,0.192691581016,0.139758833386
9348660,1.555,0.179560179372,0.127991236025
9378720,1.56,0.173256652734,0.120488422272
9408780,1.565,0.17824723112,0.125546260932
9438840,1.57,0.168441389302,0.11518909456
9468900,1.575,0.158252560269,0.103972890473
9498960,1.58,0.154373215887,0.094120356957
9529020,1.585,0.171378054051,0.106118542836
9559080,1.59,0.176985286044,0.113215097789
9589140,1.595,0.174470939339,0.107225611309
9619200,1.6,0.204670683941,0.146258615958
9649260,1.605,0.208540725386,0.151224377691
9679320,1.61,0.20153639132,0.135393316925
9709380,1.615,0.19879933304,0.127492237886
9739440,1.62,0.202283991776,0.130788053974
9769500,1.625,0.195959452166,0.129311333379
9799560,1.63,0.186272886558,0.120127485834
9829620,1.635,0.178093792708,0.113668920956
9859680,1.64,0.18903446804,0.130577194652
9889740,1.645,0.176292571138,0.121394162252
9919800,1.65,0.167088086662,0.111603088205
9949860,1.655,0.170065332914,0.113342022618
9979920,1.66,0.162258776505,0.102897825565
10009980,1.665,0.154041761515,0.0969777757993
10040040,1.67,0.151946604425,0.100289250255
10070100,1.675,0.147538702196,0.0934669506342
10100160,1.68,0.156375946826,0.0999996677646
10130220,1.685,0.15966402861,0.102421437685
10160280,1.69,0.167825457654,0.108556983905
10190340,1.695,0.190251275282,0.139593553827
10220400,1.7,0.18526593011,0.140055752224
10250460,1.705,0.167095168701,0.117593862959
10280520,1.71,0.158201060139,0.102833776989
10310580,1.715,0.156314278046,0.0999949511242
10340640,1.72,0.15294709386,0.0995696883733
10370700,1.725,0.140775652498,0.0869267281437
10400760,1.73,0.132952961032,0.076690857142
10430820,1.735,0.14255308987,0.0881256959801
10460880,1.74,0.156229461881,0.102892439111
10490940,1.745,0.165508820023,0.114863989095
10521000,1.75,0.161003180555,0.107186617331
10551060,1.755,0.162192968328,0.105057667519
10581120,1.76,0.164162485345,0.100995861333
10611180,1.765,0.173368447844,0.104771348552
10641240,1.77,0.206828085084,0.136423619725
10671300,1.775,0.207732276541,0.130746835676
10701360,1.78,0.224924827516,0.143471184917
10731420,1.785,0.271483209537,0.204180802026
10761480,1.79,0.281965777275,0.20865704098
10791540,1.795,0.281820095341,0.205169653197
10821600,1.8,0.233280030718,0.151135153204
10851660,1.805,0.198768651003,0.117251613704
10881720,1.81,0.189060501592,0.108655648869
10911780,1.815,0.184945784896,0.108504759024
10941840,1.82,0.198183736171,0.135514182083
10971900,1.825,0.1884535251,0.123579954507
11001960,1.83,0.187429417719,0.120269794667
11032020,1.835,0.189049027653,0.126988155569
11062080,1.84,0.176240249484,0.118353686606
11092140,1.845,0.164596590103,0.10718785419
11122200,1.85,0.156918190376,0.0993523578534
11152260,1.855,0.153514154145,0.0935423523174
11182320,1.86,0.16188160399,0.107365884358
11212380,1.865,0.167455475118,0.118671288855
11242440,1.87,0.166312318799,0.119291252612
11272500,1.875,0.156977272889,0.103504222937
11302560,1.88,0.144121800338,0.0890855984335
11332620,1.885,0.135812608075,0.0809797235167
11362680,1.89,0.129838729409,0.0766103687721
11392740,1.895,0.129427632695,0.0807185345372
11422800,1.9,0.130989672624,0.0857284219527
11452860,1.905,0.132820704916,0.0860127215613
11482920,1.91,0.13418570081,0.0846721289399
11512980,1.915,0.139707943502,0.0880872398141
11543040,1.92,0.157840844946,0.101810569566
11573100,1.925,0.16412417372,0.107749457776
11603160,1.93,0.168759910883,0.114501305911
11633220,1.935,0.169839572974,0.117606094987
11663280,1.94,0.168162311716,0.120587631783
11693340,1.945,0.183681691973,0.144082967796
11723400,1.95,0.181336336689,0.143790979192
11753460,1.955,0.171796247548,0.12668076937
11783520,1.96,0.168441114983,0.114076354305
11813580,1.965,0.177029271248,0.115192829223
11843640,1.97,0.188304659867,0.127977895574
11873700,1.975,0.198179275671,0.139625265006
11903760,1.98,0.182738957115,0.115890942839
11933820,1.985,0.174897849102,0.109112492872
11963880,1.99,0.170321985805,0.103134943685
11993940,1.995,0.173599625027,0.10705198264
12024000,2.0,0.178121097281,0.108755094739
12054060,2.005,0.177039926302,0.104036777266
12084120,2.01,0.181966700699,0.110437654862
12114180,2.015,0.176021520725,0.1025348726
12144240,2.02,0.181752080079,0.110534625634
12174300,2.025,0.175956108873,0.102575060706
12204360,2.03,0.189625075213,0.120537604546
12234420,2.035,0.196307051189,0.126797742623
12264480,2.04,0.22063696644,0.157336573001
12294540,2.045,0.213292816472,0.15432518921
12324600,2.05,0.220724631113,0.166648015013
12354660,2.055,0.194455287098,0.140042369889
12384720,2.06,0.191600812175,0.13728804389
12414780,2.065,0.193439774389,0.135608416482
12444840,2.07,0.225002347076,0.167342373047
12474900,2.075,0.223106593826,0.167537573275
12504960,2.08,0.208739018757,0.144946192249
12535020,2.085,0.204280671933,0.133095123417
12565080,2.09,0.215940411726,0.144548893788
12595140,2.095,0.223423540214,0.145925458298
12625200,2.1,0.214541947501,0.137706392716
12655260,2.105,0.195470166552,0.113919201677
12685320,2.11,0.193530519893,0.11731263383
12715380,2.115,0.198627366923,0.130300237577
12745440,2.12,0.208681746393,0.144527257482
12775500,2.125,0.209239795049,0.147790289682
12805560,2.13,0.225567126647,0.160347489296
12835620,2.135,0.215096660825,0.151955447105
12865680,2.14,0.203002879983,0.141356948696
12895740,2.145,0.203364160048,0.145914549759
12925800,2.15,0.184776519119,0.128082306392
12955860,2.155,0.178155556309,0.113873772356
12985920,2.16,0.200940985032,0.136225796182
13015980,2.165,0.208923943237,0.147998865319
13046040,2.17,0.185151238642,0.115039931314
13076100,2.175,0.174128885523,0.104059873043
13106160,2.18,0.173213095336,0.103496486125
13136220,2.185,0.163951505899,0.0956047495835
13166280,2.19,0.155832818305,0.0934358869253
13196340,2.195,0.155806518683,0.0951603615991
13226400,2.2,0.166641989445,0.108669068305
13256460,2.205,0.163860633307,0.10319068647
13286520,2.21,0.159548604265,0.0970286926226
13316580,2.215,0.156772806693,0.0936824230602
13346640,2.22,0.155687075146,0.0971093280175
13376700,2.225,0.16239795844,0.110066882633
13406760,2.23,0.166464433944,0.114874007215
13436820,2.235,0.164968768894,0.114162096439
13466880,2.24,0.160278583553,0.104755776268
13496940,2.245,0.158512916496,0.101687534428
13527000,2.25,0.173693664391,0.11544253098
13557060,2.255,0.206104164481,0.150702963826
13587120,2.26,0.22164549528,0.171311141362
13617180,2.265,0.235398364491,0.1807424603
13647240,2.27,0.229409693531,0.163474469037
13677300,2.275,0.21731029138,0.143510985414
13707360,2.28,0.200509235685,0.119679524494
13737420,2.285,0.189355925497,0.111162110394
13767480,2.29,0.187934916406,0.116164840056
13797540,2.295,0.174165681204,0.105329167273
13827600,2.3,0.167476731257,0.104085931333
13857660,2.305,0.157249901211,0.0942002212706
13887720,2.31,0.153083064627,0.0906989901808
13917780,2.315,0.168731425099,0.112553235522
13947840,2.32,0.182529224357,0.12833127245
13977900,2.325,0.179763150503,0.125378177461
14007960,2.33,0.205294249021,0.147945993819
14038020,2.335,0.214329192153,0.162462992173
14068080,2.34,0.205290178233,0.150959967947
14098140,2.345,0.19428006978,0.139970123957
14128200,2.35,0.172418874764,0.108416645116
14158260,2.355,0.184063497541,0.113205683508
14188320,2.36,0.191338427822,0.117773464111
14218380,2.365,0.185984781759,0.111418962486
14248440,2.37,0.18070876163,0.105042873009
14278500,2.375,0.188940929183,0.117099820182
14308560,2.38,0.180231424852,0.109639627288
14338620,2.385,0.16988775127,0.0982787447875
14368680,2.39,0.182592781885,0.112976842742
14398740,2.395,0.175302790407,0.106955340584
14428800,2.4,0.17590539765,0.107232172822
14458860,2.405,0.177459516588,0.107528730513
14488920,2.41,0.184140989317,0.114647218954
14518980,2.415,0.182029691562,0.106501845269
14549040,2.42,0.192949609013,0.118545717451
14579100,2.425,0.213004056275,0.142208091968
14609160,2.43,0.22589339402,0.151815277597
14639220,2.435,0.229513268322,0.1570806681
14669280,2.44,0.209736234689,0.138723428405
14699340,2.445,0.191306160988,0.119888160055
14729400,2.45,0.187437933336,0.11641439861
14759460,2.455,0.200427389694,0.132567437327
14789520,2.46,0.20991677614,0.147732573168
14819580,2.465,0.198214046595,0.133879150086
14849640,2.47,0.18221834984,0.11807456107
14879700,2.475,0.170707323159,0.107401701256
14909760,2.48,0.164776461939,0.106495185831
14939820,2.485,0.162483240479,0.108083779325
14969880,2.49,0.154584417204,0.100387053764
14999940,2.495,0.153684268086,0.0924089855958
15030000,2.5,0.152225374668,0.0903288924131
15060060,2.505,0.176267607201,0.113705523836
15090120,2.51,0.184311995457,0.122421920148
15120180,2.515,0.197782742226,0.137464610472
15150240,2.52,0.190162216231,0.130180810745
15180300,2.525,0.179745529914,0.118425578632
15210360,2.53,0.18470235532,0.123779401658
15240420,2.535,0.19791589559,0.142614558627
15270480,2.54,0.202774735944,0.14958979897
15300540,2.545,0.18349424175,0.120524470977
15330600,2.55,0.18264869131,0.112426600806
15360660,2.555,0.182474237909,0.107808740257
15390720,2.56,0.198926758082,0.126353448334
15420780,2.565,0.197055273365,0.123329924317
15450840,2.57,0.199623688912,0.122498884729
15480900,2.575,0.215704587059,0.138966871994
15510960,2.58,0.220566368045,0.144998567937
15541020,2.585,0.215971035295,0.137419141301
15571080,2.59,0.230381548039,0.154668843957
15601140,2.595,0.245338504299,0.165933264988
15631200,2.6,0.258978949075,0.185373867851
15661260,2.605,0.284314558809,0.216584972084
15691320,2.61,0.249401699762,0.189625555663
15721380,2.615,0.198397974569,0.141423660039
15751440,2.62,0.176547591829,0.121307017842
15781500,2.625,0.168783754061,0.114384286755
15811560,2.63,0.161271804661,0.100881058263
15841620,2.635,0.15000540611,0.090294406623
15871680,2.64,0.143531736072,0.0878097644627
15901740,2.645,0.137401914194,0.0822810752513
15931800,2.65,0.138446408493,0.0808269428933
15961860,2.655,0.149044305871,0.0892459581715
15991920,2.66,0.157329542213,0.0939513562603
16021980,2.665,0.164512314238,0.0965286797767
16052040,2.67,0.168714549378,0.0951381337801
16082100,2.675,0.173849292595,0.100867151047
16112160,2.68,0.176760421552,0.106516337709
16142220,2.685,0.191078772359,0.1248186567
16172280,2.69,0.205729045796,0.14232699159
16202340,2.695,0.225614399421,0.167486042769
16232400,2.7,0.206984050266,0.144063897031
16262460,2.705,0.20479816221,0.139446041693
16292520,2.71,0.198257979907,0.131530338561
16322580,2.715,0.184201140446,0.113508127028
16352640,2.72,0.202664933629,0.126202996403
16382700,2.725,0.218982691752,0.137756002041
16412760,2.73,0.225145740605,0.150708537457
16442820,2.735,0.230473384216,0.157058954072
16472880,2.74,0.222673535415,0.14772366768
16502940,2.745,0.196990480115,0.116457922708
16533000,2.75,0.188856858332,0.108790761867
16563060,2.755,0.184273963104,0.102713247985
16593120,2.76,0.191962105278,0.112833781455
16623180,2.765,0.189167637383,0.11119417754
16653240,2.77,0.181354868163,0.106075097851
16683300,2.775,0.179572031494,0.105780215607
16713360,2.78,0.19182172425,0.115043286671
16743420,2.785,0.187460483614,0.111331996027
16773480,2.79,0.191744708051,0.12596946482
16803540,2.795,0.183560270471,0.12513343434
16833600,2.8,0.157589717409,0.0979485360684
16863660,2.805,0.148456221683,0.0878381029562
16893720,2.81,0.143757075894,0.0827530747199
16923780,2.815,0.143304946897,0.0848936045997
16953840,2.82,0.143379727139,0.0880098347194
16983900,2.825,0.145286319254,0.0867499777445
17013960,2.83,0.156826595056,0.0943091418977
17044020,2.835,0.159448323239,0.0986372808761
17074080,2.84,0.157370641448,0.0971748787316
17104140,2.845,0.15226929314,0.092447988845
17134200,2.85,0.149998501357,0.0887182897253
17164260,2.855,0.153569533055,0.090638984581
17194320,2.86,0.157179229765,0.0930109804102
17224380,2.865,0.17543414793,0.110780948754
17254440,2.87,0.185709196756,0.122067303434
17284500,2.875,0.183932127467,0.122186952504
17314560,2.88,0.183109908473,0.123459457239
17344620,2.885,0.174514155656,0.117253272691
17374680,2.89,0.169561075115,0.112827731415
17404740,2.895,0.172914076608,0.118757016858
17434800,2.9,0.156900788725,0.101453246208
17464860,2.905,0.14396116712,0.0890710045598
17494920,2.91,0.140811490664,0.0847124702728
17524980,2.915,0.164431287578,0.111293404085
17555040,2.92,0.177702524556,0.125994731011
17585100,2.925,0.188442760067,0.138881601432
17615160,2.93,0.167616721498,0.114282432942
17645220,2.935,0.152666179336,0.0995199845361
17675280,2.94,0.136348059295,0.0858508899169
17705340,2.945,0.124692251626,0.0750568204794
17735400,2.95,0.121643517879,0.0724873355593
17765460,2.955,0.126929103334,0.0769894926334
17795520,2.96,0.133884880075,0.0838581885598
17825580,2.965,0.138143639895,0.0886364680833
17855640,2.97,0.139631900686,0.0912562373464
17885700,2.975,0.140168775377,0.0896696412898
17915760,2.98,0.141867006681,0.0875214197352
17945820,2.985,0.148484225879,0.0928199865451
17975880,2.99,0.151577372009,0.10098783465
18005940,2.995,0.143691616433,0.0907978334133
18036000,3.0,0.14445892535,0.0897125578108
18066060,3.005,0.14769929533,0.0916042248491
18096120,3.01,0.143920329183,0.0851108239973
18126180,3.015,0.138001013493,0.0787366102771
18156240,3.02,0.137700998553,0.0804999489772
18186300,3.025,0.142219734943,0.0876900074346
18216360,3.03,0.144241059347,0.0900205163893
18246420,3.035,0.152694809851,0.0985890114314
18276480,3.04,0.166996527364,0.115310434046
18306540,3.045,0.186070560626,0.138191624406
18336600,3.05,0.169567872202,0.119950961698
18366660,3.055,0.158663622668,0.10476352821
18396720,3.06,0.151925325738,0.0984585440214
18426780,3.065,0.160693327068,0.109935049765
18456840,3.07,0.169809403281,0.118007706122
18486900,3.075,0.188600216744,0.136053302698
18516960,3.08,0.208978881531,0.15718995541
18547020,3.085,0.218651851252,0.171699356639
18577080,3.09,0.228215812836,0.176449063701
18607140,3.095,0.212303530404,0.154421921336
18637200,3.1,0.195520278271,0.132665946852
18667260,3.105,0.178755768333,0.110193710655
18697320,3.11,0.17857813426,0.110557121262
18727380,3.115,0.187833355365,0.127174427074
18757440,3.12,0.171610460855,0.116607651633
18787500,3.125,0.153661184834,0.0949205130059
18817560,3.13,0.152206174781,0.0925847257574
18847620,3.135,0.154976194798,0.0932155502811
18877680,3.14,0.160118545176,0.102736792197
18907740,3.145,0.172781908224,0.125960945853
18937800,3.15,0.152667186654,0.0998003164527
18967860,3.155,0.153577725387,0.0942851163707
18997920,3.16,0.152506757613,0.0910926332802
19027980,3.165,0.152831447441,0.0930200188104
19058040,3.17,0.149812593736,0.0923567600273
19088100,3.175,0.149025495049,0.0933628449099
19118160,3.18,0.153080226816,0.0944943965824
19148220,3.185,0.146803122905,0.0830249051246
19178280,3.19,0.14737714493,0.0831734418214
19208340,3.195,0.153919855911,0.0941399764152
19238400,3.2,0.162632976864,0.104454642378
19268460,3.205,0.166842930434,0.106036379491
19298520,3.21,0.17070642993,0.104441736587
19328580,3.215,0.167199983497,0.0986695313017
19358640,3.22,0.164414700027,0.0992619686957
19388700,3.225,0.16557747975,0.10855774872
19418760,3.23,0.151018046671,0.0954323856793
19448820,3.235,0.134336092689,0.0780081338076
19478880,3.24,0.124937665362,0.0685969610861
19508940,3.245,0.121989904183,0.064433626034
19539000,3.25,0.124970264821,0.0666687659141
19569060,3.255,0.131776893179,0.0777463440162
19599120,3.26,0.128146069316,0.0770470250204
19629180,3.265,0.118045055815,0.0658051830369
19659240,3.27,0.110239935588,0.0602413107064
19689300,3.275,0.104398631908,0.0547150630395
19719360,3.28,0.102957385064,0.0516987595196
19749420,3.285,0.10594337399,0.0547344984552
19779480,3.29,0.114511292425,0.0635389589133
19809540,3.295,0.137069596157,0.0925981738305
19839600,3.3,0.13352398427,0.0879087369145
19869660,3.305,0.137651156748,0.0931122943357
19899720,3.31,0.136580735781,0.0930042226375
19929780,3.315,0.139287400789,0.098247418117
19959840,3.32,0.140089291196,0.0976237857761
19989900,3.325,0.144840094212,0.10611694816
20019960,3.33,0.138730613704,0.097115375464
20050020,3.335,0.142566981164,0.0950353696945
20080080,3.34,0.165462216888,0.117510241287
20110140,3.345,0.170023350085,0.117706090244
20140200,3.35,0.165045835957,0.109353952834
20170260,3.355,0.158087338073,0.100876047768
20200320,3.36,0.159382826074,0.103440686924
20230380,3.365,0.176657119131,0.126875138806
20260440,3.37,0.171103937326,0.125128193607
20290500,3.375,0.157337286649,0.113393331866
20320560,3.38,0.144682588562,0.0989321652915
20350620,3.385,0.149035834465,0.102023704519
20380680,3.39,0.158712847471,0.115037487602
20410740,3.395,0.15267533884,0.104520149003
20440800,3.4,0.147659677321,0.0985507404679
20470860,3.405,0.152803905448,0.102097241011
20500920,3.41,0.157943304734,0.107378871107
20530980,3.415,0.160359631032,0.106206635753
20561040,3.42,0.167646035191,0.109982801726
20591100,3.425,0.200518200984,0.147776761713
20621160,3.43,0.221943974808,0.174392357405
20651220,3.435,0.201387503497,0.151403492022
20681280,3.44,0.179078883848,0.124101831745
20711340,3.445,0.173965777736,0.114698370585
20741400,3.45,0.183970025159,0.126827545931
20771460,3.455,0.179861789159,0.117452761486
20801520,3.46,0.178186873496,0.113752126209
20831580,3.465,0.185662863331,0.126636811178
20861640,3.47,0.176175608716,0.117137443492
20891700,3.475,0.173999843019,0.115093877652
20921760,3.48,0.161737136694,0.101163069137
20951820,3.485,0.154930160428,0.0948606742966
20981880,3.49,0.149332060697,0.0907349124794
21011940,3.495,0.136261871076,0.0806690583465
21042000,3.5,0.1274484033,0.0731405448412
21072060,3.505,0.120204242701,0.0620094457538
21102120,3.51,0.119068450335,0.0620795522156
21132180,3.515,0.120504151015,0.0631944742241
21162240,3.52,0.13297176058,0.0782550066011
21192300,3.525,0.146179661308,0.0971094450017
21222360,3.53,0.157374410205,0.110463087788
21252420,3.535,0.167446906388,0.121974594473
21282480,3.54,0.174233309704,0.124921319365
21312540,3.545,0.179439463375,0.125980347691
21342600,3.55,0.198624701564,0.144906468888
21372660,3.555,0.188892236473,0.129259304153
21402720,3.56,0.194687687198,0.133063274119
21432780,3.565,0.201676778618,0.140921488985
21462840,3.57,0.193222111,0.132843263674
21492900,3.575,0.176444093216,0.112650914617
21522960,3.58,0.172264102386,0.106665021477
21553020,3.585,0.178334490808,0.114232969023
21583080,3.59,0.166290269385,0.096854184385
21613140,3.595,0.157078402227,0.0902202326524
21643200,3.6,0.162959068888,0.105092505774
21673260,3.605,0.167385841297,0.111495321416
21703320,3.61,0.167376625403,0.115142172038
21733380,3.615,0.174650749857,0.128716101695
21763440,3.62,0.168819265294,0.125501198232
21793500,3.625,0.161280490809,0.115140262091
21823560,3.63,0.147994121015,0.0994895951032
21853620,3.635,0.141579844671,0.0925575101854
21883680,3.64,0.141321413229,0.0928034448803
21913740,3.645,0.147732243944,0.102773413941
21943800,3.65,0.147312864094,0.103210190843
21973860,3.655,0.136685191973,0.090126421075
22003920,3.66,0.137027862573,0.0892663301396
22033980,3.665,0.140233881953,0.0897056647352
22064040,3.67,0.134887342489,0.0813175582237
22094100,3.675,0.129982549308,0.0758133466506
22124160,3.68,0.131434677715,0.0759728833097
22154220,3.685,0.131898088648,0.0759068064849
22184280,3.69,0.133468275231,0.0772481483945
22214340,3.695,0.140281080072,0.0838921571156
22244400,3.7,0.153511595284,0.0967109522411
22274460,3.705,0.162266130491,0.101913271925
22304520,3.71,0.157106192201,0.0934403222185
22334580,3.715,0.163641461093,0.0997436755026
22364640,3.72,0.172396426156,0.108918644405
22394700,3.725,0.17068786664,0.108516295062
22424760,3.73,0.170341687679,0.109287201395
22454820,3.735,0.170533512585,0.113459577084
22484880,3.74,0.17704259401,0.130167777773
22514940,3.745,0.166097782555,0.117246611872
22545000,3.75,0.167605556673,0.117020937464
22575060,3.755,0.163109353988,0.10848049512
22605120,3.76,0.186941009118,0.134626978918
22635180,3.765,0.20482206447,0.157409327045
22665240,3.77,0.229984100221,0.190070666826
22695300,3.775,0.198365603708,0.152668673759
22725360,3.78,0.180469723725,0.12676230231
22755420,3.785,0.177520931044,0.12548850772
22785480,3.79,0.176610671259,0.123629484601
22815540,3.795,0.176923355208,0.118417110106
22845600,3.8,0.186178532582,0.122586782569
22875660,3.805,0.183569558458,0.115362382203
22905720,3.81,0.205853241923,0.144938292961
22935780,3.815,0.189496031591,0.129920329042
22965840,3.82,0.168616299469,0.109087144924
22995900,3.825,0.154756982671,0.0947383839395
23025960,3.83,0.158048307117,0.0995350779374
23056020,3.835,0.168993634801,0.113653478306
23086080,3.84,0.16344282525,0.108220505164
23116140,3.845,0.176599809715,0.126542311755
23146200,3.85,0.163289494706,0.113044826939
23176260,3.855,0.153318984355,0.0994220893425
23206320,3.86,0.141331519674,0.0851789300257
23236380,3.865,0.142448297016,0.0832878082634
23266440,3.87,0.154885570934,0.0966925247353
23296500,3.875,0.165031890368,0.10664716865
23326560,3.88,0.163329030328,0.10215650698
23356620,3.885,0.172247033597,0.109802375863
23386680,3.89,0.169514093123,0.0989909687824
23416740,3.895,0.178151540472,0.106329407999
23446800,3.9,0.185098299627,0.116325404111
23476860,3.905,0.178004741973,0.109098833814
23506920,3.91,0.167452596412,0.0992173695696
23536980,3.915,0.17080829489,0.105207825036
23567040,3.92,0.17678963069,0.113663193824
23597100,3.925,0.17774322999,0.11850457146
23627160,3.93,0.167129749758,0.106907265131
23657220,3.935,0.157483284164,0.0970268782589
23687280,3.94,0.153122731204,0.0923816072277
23717340,3.945,0.156319085891,0.0954592499442
23747400,3.95,0.154320709518,0.0956086746152
23777460,3.955,0.160068847096,0.101163104682
23807520,3.96,0.162315476998,0.108689424083
23837580,3.965,0.145649525374,0.0897300322842
23867640,3.97,0.139496214166,0.0824164610733
23897700,3.975,0.141276265796,0.085979370744
23927760,3.98,0.146528437332,0.092840986946
23957820,3.985,0.159918790062,0.110016036714
23987880,3.99,0.156597885818,0.0990769085898
24017940,3.995,0.166183003957,0.110699323273
24048000,4.0,0.180198942995,0.128209742933
24078060,4.005,0.195061833603,0.141828455303
24108120,4.01,0.189359595724,0.132163909455
24138180,4.015,0.18750781604,0.12960460908
24168240,4.02,0.17732296107,0.112823596693
24198300,4.025,0.179490358639,0.113612268846
24228360,4.03,0.166604512531,0.0997665314794
24258420,4.035,0.163006103863,0.0981852655378
24288480,4.04,0.155827005138,0.0926138293465
24318540,4.045,0.152431330166,0.0871471539681
24348600,4.05,0.162478830067,0.095486739226
24378660,4.055,0.183494051987,0.119116222251
24408720,4.06,0.194186670025,0.137994971843
24438780,4.065,0.169843346063,0.115235305565
24468840,4.07,0.155433799274,0.0985081693307
24498900,4.075,0.152784477932,0.096442921838
24528960,4.08,0.150206323119,0.0946938683626
24559020,4.085,0.144429092827,0.0885345764155
24589080,4.09,0.142586716828,0.085732543223
24619140,4.095,0.136850548836,0.0795129839873
24649200,4.1,0.133272002346,0.0762430869752
24679260,4.105,0.131488961568,0.0732516178628
24709320,4.11,0.12826415081,0.0710878036111
24739380,4.115,0.129618923469,0.0724427235568
24769440,4.12,0.136146449053,0.0807554866328
24799500,4.125,0.141628044732,0.0903390846562
24829560,4.13,0.139736751719,0.0855307696813
24859620,4.135,0.144517104294,0.0905671443433
24889680,4.14,0.14762672211,0.0905238125503
24919740,4.145,0.167132908286,0.114085350626
24949800,4.15,0.16320254224,0.110112203265
24979860,4.155,0.157592988596,0.100036207458
25009920,4.16,0.156407817733,0.0957059052258
25039980,4.165,0.156458491188,0.0936664902158
25070040,4.17,0.152861919536,0.0914519222934
25100100,4.175,0.147822020899,0.0869945428063
25130160,4.18,0.141469336169,0.0796999689713
25160220,4.185,0.146691721068,0.0902486660703
25190280,4.19,0.14106676355,0.0832759828903
25220340,4.195,0.131066120863,0.0721019529248
25250400,4.2,0.12535865766,0.0674709696145
25280460,4.205,0.127254211595,0.0688355685859
25310520,4.21,0.141466978567,0.0809760258815
25340580,4.215,0.158051405077,0.0976647556376
25370640,4.22,0.174568333008,0.115921725718
25400700,4.225,0.174431935373,0.121442842635
25430760,4.23,0.179377139253,0.133591580962
25460820,4.235,0.179408132801,0.137416852488
25490880,4.24,0.185416376113,0.148447283376
25520940,4.245,0.18656393107,0.152498325872
25551000,4.25,0.171376484958,0.130946497974
25581060,4.255,0.156093626855,0.107507926986
25611120,4.26,0.146847416766,0.0936901338598
25641180,4.265,0.146203342524,0.0927239559518
25671240,4.27,0.146580179615,0.0937077586876
25701300,4.275,0.156245062956,0.110236439871
25731360,4.28,0.145228645298,0.0942294367368
25761420,4.285,0.140591415396,0.0839614871804
25791480,4.29,0.149347763282,0.0914076434434
25821540,4.295,0.143656771818,0.088244804003
25851600,4.3,0.133292724238,0.076129818987
25881660,4.305,0.142510560035,0.0852927398644
25911720,4.31,0.157240104117,0.10529206252
25941780,4.315,0.145955957311,0.0936814969047
25971840,4.32,0.14247396502,0.0873504803029
26001900,4.325,0.156567413369,0.0990821974647
26031960,4.33,0.163987416767,0.0974671103105
26062020,4.335,0.174029052165,0.10410682129
26092080,4.34,0.178319803546,0.108781559085
26122140,4.345,0.170958392069,0.104497037012
26152200,4.35,0.15473978825,0.0853168689257
26182260,4.355,0.146584825074,0.0752389265535
26212320,4.36,0.153331922988,0.0832474924077
26242380,4.365,0.152025416037,0.0820307937186
26272440,4.37,0.167187000784,0.0981397242793
26302500,4.375,0.172610730394,0.107397259015
26332560,4.38,0.170697364358,0.103573232507
26362620,4.385,0.184945799522,0.124250910648
26392680,4.39,0.194612031566,0.132773894277
26422740,4.395,0.227771762735,0.162485333917
26452800,4.4,0.231585824623,0.167547710709
26482860,4.405,0.201406400696,0.135447010583
26512920,4.41,0.19871901032,0.127800649254
26542980,4.415,0.203887587673,0.136854418145
26573040,4.42,0.186527753327,0.125364281905
26603100,4.425,0.169447660942,0.112545042366
26633160,4.43,0.167091909527,0.110548928238
26663220,4.435,0.180049712178,0.125508700523
26693280,4.44,0.16607362004,0.110255963722
26723340,4.445,0.16766994358,0.11141027209
26753400,4.45,0.195010608787,0.146598032997
26783460,4.455,0.180111631788,0.130428786828
26813520,4.46,0.170623164406,0.116495229703
26843580,4.465,0.162782541927,0.106896213026
26873640,4.47,0.165516331041,0.112661886848
26903700,4.475,0.15282374738,0.101209345844
26933760,4.48,0.161430198809,0.109545759714
26963820,4.485,0.177193359368,0.125347719046
26993880,4.49,0.191171787112,0.136087818204
27023940,4.495,0.204832706718,0.153442095542
27054000,4.5,0.197732882504,0.143709185839
27084060,4.505,0.197834072184,0.147308502951
27114120,4.51,0.193302146979,0.141685696548
27144180,4.515,0.186171361979,0.131420115168
27174240,4.52,0.1919326901,0.134109139173
27204300,4.525,0.205287340109,0.144665865296
27234360,4.53,0.19365441537,0.129140672376
27264420,4.535,0.197247047904,0.132893593468
27294480,4.54,0.184041239429,0.11340566871
27324540,4.545,0.184217547577,0.114632452164
27354600,4.55,0.18058963901,0.110094149916
27384660,4.555,0.182255497444,0.110216541158
27414720,4.56,0.19284017977,0.128026740885
27444780,4.565,0.178507252987,0.11798152129
27474840,4.57,0.162962407537,0.0996984352013
27504900,4.575,0.159755978795,0.0956219819398
27534960,4.58,0.161547949294,0.0990412055976
27565020,4.585,0.15636752122,0.0956968509151
27595080,4.59,0.163309298454,0.103949805789
27625140,4.595,0.174430437483,0.116353994667
27655200,4.6,0.192394799494,0.135221570316
27685260,4.605,0.212058159791,0.150795850994
27715320,4.61,0.201645548952,0.134563078926
27745380,4.615,0.201851946043,0.132393822514
27775440,4.62,0.185748085601,0.110133787296
27805500,4.625,0.180832631615,0.109654522798
27835560,4.63,0.183454614998,0.121418490809
27865620,4.635,0.180113501348,0.121654657793
27895680,4.64,0.172155038824,0.116791222124
27925740,4.645,0.155827134222,0.0989456271387
27955800,4.65,0.14699858723,0.0906542552525
27985860,4.655,0.147008809672,0.0874004122552
28015920,4.66,0.149026376078,0.0859092289222
28045980,4.665,0.154592586642,0.0935931591779
28076040,4.67,0.157894971626,0.0974462046058
28106100,4.675,0.156312706916,0.0973798704619
28136160,4.68,0.157814105498,0.0974161516257
28166220,4.685,0.1595254234,0.0974907505145
28196280,4.69,0.152455909097,0.0924869051324
28226340,4.695,0.151457809893,0.0956508465716
28256400,4.7,0.158129250839,0.103063450334
28286460,4.705,0.165938391445,0.107137684512
28316520,4.71,0.1725803081,0.107954993235
28346580,4.715,0.190033992932,0.120626088058
28376640,4.72,0.210706866854,0.143921129722
28406700,4.725,0.205444388372,0.138487169953
28436760,4.73,0.204282808057,0.133163077272
28466820,4.735,0.199210621183,0.119235270615
28496880,4.74,0.217931336248,0.132131034801
28526940,4.745,0.224736738174,0.133271616224
28557000,4.75,0.215781866447,0.120818861128
28587060,4.755,0.227568348854,0.139478146267
28617120,4.76,0.25252963105,0.17789395387
28647180,4.765,0.293846730049,0.229080869472
28677240,4.77,0.259170695897,0.183295393503
28707300,4.775,0.235020587681,0.152847898014
28737360,4.78,0.235211272553,0.143822704584
28767420,4.785,0.242659193603,0.148758042906
28797480,4.79,0.231306028435,0.145906777552
28827540,4.795,0.216141394935,0.137837387048
28857600,4.8,0.22245331125,0.148510177769
28887660,4.805,0.249934256467,0.187220233285
28917720,4.81,0.252323219776,0.188345613624
28947780,4.815,0.232831306801,0.154919097416
28977840,4.82,0.238779356186,0.154638358837
29007900,4.825,0.236621098898,0.163294699292
29037960,4.83,0.221579155779,0.148974608956
29068020,4.835,0.209598113327,0.134266969412
29098080,4.84,0.194222062032,0.117395080999
29128140,4.845,0.183799769948,0.105757838468
29158200,4.85,0.178597506714,0.100811003726
29188260,4.855,0.189123681002,0.115532835869
29218320,4.86,0.183931262044,0.111779592845
29248380,4.865,0.182395324194,0.10794108075
29278440,4.87,0.200636077467,0.128386555935
29308500,4.875,0.210649772002,0.134905214952
29338560,4.88,0.206220355994,0.131320534287
29368620,4.885,0.189781533989,0.117814396096
29398680,4.89,0.173325359822,0.0978878033735
29428740,4.895,0.172423615966,0.102234533189
29458800,4.9,0.199964370464,0.148158760265
29488860,4.905,0.176734897333,0.124933401443
29518920,4.91,0.155933919498,0.100222297249
29548980,4.915,0.149613596116,0.0915943187583
29579040,4.92,0.153417939741,0.0993972034766
29609100,4.925,0.152092278401,0.0988086750656
29639160,4.93,0.153545208314,0.100611522611
29669220,4.935,0.154492522047,0.10078991345
29699280,4.94,0.168695151841,0.115731358196
29729340,4.945,0.18049761739,0.121191526751
29759400,4.95,0.173103771633,0.110370209602
29789460,4.955,0.155760788714,0.0922150542105
29819520,4.96,0.144529701557,0.0796022673907
29849580,4.965,0.14149954539,0.0763183205015
29879640,4.97,0.150988859795,0.0898115341756
29909700,4.975,0.160761868111,0.104946848889
29939760,4.98,0.155657960052,0.0979829173164
29969820,4.985,0.142788553044,0.0807490854699
29999880,4.99,0.143728820971,0.0816597198371
30029940,4.995,0.139718964974,0.0787973973805
30060000,5.0,0.138326451995,0.0798663703995
30090060,5.005,0.148644824439,0.0889702668245
30120120,5.01,0.160903368097,0.10581316455
30150180,5.015,0.160287401946,0.105691874803
30180240,5.02,0.157845191763,0.105532166025
30210300,5.025,0.152577050373,0.0996009683393
30240360,5.03,0.161481583354,0.10925151192
30270420,5.035,0.166869884791,0.11326625366
30300480,5.04,0.179321430419,0.123630942878
30330540,5.045,0.174877690099,0.119131325678
30360600,5.05,0.164487131253,0.106990245196
30390660,5.055,0.15507654015,0.0902006317577
30420720,5.06,0.158455040681,0.0905997725046
30450780,5.065,0.166839874035,0.0978387162258
30480840,5.07,0.171122302872,0.104339716248
30510900,5.075,0.163822414089,0.0982605962769
30540960,5.08,0.174961894493,0.110371574027
30571020,5.085,0.191841018538,0.127946479551
30601080,5.09,0.190707555007,0.129830622477
30631140,5.095,0.222881893663,0.17974156716
30661200,5.1,0.201508506092,0.156102927983
30691260,5.105,0.198140401317,0.152285530997
30721320,5.11,0.190726817854,0.147458449813
30751380,5.115,0.172618291009,0.127986430784
30781440,5.12,0.163407795016,0.112188653993
30811500,5.125,0.149450683056,0.0944432771546
30841560,5.13,0.14167926714,0.081232801363
30871620,5.135,0.141998366668,0.0808892779404
30901680,5.14,0.15230875034,0.0956246142924
30931740,5.145,0.155968109354,0.10239636678
30961800,5.15,0.152311756956,0.100964864713
30991860,5.155,0.147170590156,0.0934824269109
31021920,5.16,0.137862959607,0.0802723780749
31051980,5.165,0.135045400064,0.0769630215134
31082040,5.17,0.136389683838,0.0778699309265
31112100,5.175,0.136692690963,0.0767118247439
31142160,5.18,0.142192295979,0.0828132177638
31172220,5.185,0.132353143756,0.0746725666011
31202280,5.19,0.129271773479,0.0711329405514
31232340,5.195,0.140780855503,0.0835600290282
31262400,5.2,0.142121135081,0.0829012157333
31292460,5.205,0.138238875881,0.0781395221581
31322520,5.21,0.145086031946,0.0888983765661
31352580,5.215,0.160998593148,0.112926016641
31382640,5.22,0.151164288451,0.104775063732
31412700,5.225,0.149589167455,0.101293491898
31442760,5.23,0.148500612481,0.0941132833358
31472820,5.235,0.145750082191,0.0878773311496
31502880,5.24,0.143577184328,0.0835157783799
31532940,5.245,0.14731723076,0.0847833509441
31563000,5.25,0.164863373454,0.103671203828
31593060,5.255,0.170272598829,0.109318879719
31623120,5.26,0.181160805482,0.123655193941
31653180,5.265,0.172654656205,0.117859549113
31683240,5.27,0.169676704332,0.118087213224
31713300,5.275,0.162619658544,0.105176614885
31743360,5.28,0.179804368494,0.119162254558
31773420,5.285,0.188745559156,0.12691225052
31803480,5.29,0.190592903519,0.126583441413
31833540,5.295,0.181557902634,0.118637257181
31863600,5.3,0.181173342541,0.120353694674
31893660,5.305,0.21790610221,0.164533881018
31923720,5.31,0.204457644783,0.145717409282
31953780,5.315,0.185840156958,0.122752761235
31983840,5.32,0.176949831383,0.108309984222
32013900,5.325,0.182275486174,0.11943396734
32043960,5.33,0.173890490391,0.10972068489
32074020,5.335,0.179072838066,0.121207877471
32104080,5.34,0.163059116456,0.110248593761
32134140,5.345,0.151311479055,0.0984683893278
32164200,5.35,0.151597529292,0.104888035962
32194260,5.355,0.152870359938,0.107043605757
32224320,5.36,0.15071092272,0.107088163353
32254380,5.365,0.145474309781,0.0982807031607
32284440,5.37,0.147935953025,0.0960449398945
32314500,5.375,0.14951551484,0.0919021015786
32344560,5.38,0.156002263433,0.0935104991409
32374620,5.385,0.172028361872,0.110502066358
32404680,5.39,0.191314570282,0.137904843441
32434740,5.395,0.201148362525,0.14730584022
32464800,5.4,0.204357043712,0.144343793517
32494860,5.405,0.19702311196,0.133843648063
32524920,5.41,0.187378653492,0.123982189834
32554980,5.415,0.190641692343,0.132948586417
32585040,5.42,0.18740359675,0.128469498265
32615100,5.425,0.184102402091,0.121732039098
32645160,5.43,0.1744505106,0.109030910004
32675220,5.435,0.179067457307,0.111559251314
32705280,5.44,0.18219095918,0.106609607419
32735340,5.445,0.190263625616,0.110818483122
32765400,5.45,0.222701556372,0.152249531153
32795460,5.455,0.244434369421,0.184240120685
32825520,5.46,0.244910769803,0.17840966887
32855580,5.465,0.214406267248,0.136589056411
32885640,5.47,0.192521520379,0.11008865562
32915700,5.475,0.197440007417,0.124591026403
32945760,5.48,0.178171203799,0.104265313271
32975820,5.485,0.16795283305,0.0892817242288
33005880,5.49,0.182716158922,0.105299418316
33035940,5.495,0.199335275325,0.120986162871
33066000,5.5,0.189476598305,0.110025696965
33096060,5.505,0.181531346702,0.0988796964517
33126120,5.51,0.187481839894,0.106805628128
33156180,5.515,0.181431343978,0.0999091809821
33186240,5.52,0.192020831338,0.113149862659
33216300,5.525,0.195946071503,0.122594864611
33246360,5.53,0.209139833404,0.135895268396
33276420,5.535,0.230789478212,0.159098621409
33306480,5.54,0.223310357752,0.145693327756
33336540,5.545,0.219843551845,0.141650608309
33366600,5.55,0.208777014167,0.132443292556
33396660,5.555,0.19015804963,0.120204808161
33426720,5.56,0.169482973497,0.100399093158
33456780,5.565,0.148254202985,0.0752083745027
33486840,5.57,0.14180291841,0.0641116616493
33516900,5.575,0.148548196113,0.0687974309298
33546960,5.58,0.16631931348,0.0859963734771
33577020,5.585,0.17646344162,0.100720673545
33607080,5.59,0.185882103672,0.11515092661
33637140,5.595,0.187200380627,0.117189394249
33667200,5.6,0.184578491333,0.106562946932
33697260,5.605,0.19141083586,0.113620441707
33727320,5.61,0.185381905598,0.111415818938
33757380,5.615,0.173947048686,0.102215481175
33787440,5.62,0.172276211313,0.107353635613
33817500,5.625,0.16519852403,0.102922208071
33847560,5.63,0.168535485515,0.108511034842
33877620,5.635,0.1697804504,0.114224177142
33907680,5.64,0.16412243547,0.104292920354
33937740,5.645,0.159342832498,0.0952069460758
33967800,5.65,0.154848896044,0.088899619496
33997860,5.655,0.16636776338,0.0931661168742
34027920,5.66,0.179809541823,0.100039263445
34057980,5.665,0.206913482489,0.122158744407
34088040,5.67,0.221303179802,0.134573685829
34118100,5.675,0.224746919125,0.138704382518
34148160,5.68,0.230197707185,0.143926368987
34178220,5.685,0.206534373853,0.119105225892
34208280,5.69,0.190665458328,0.100188898099
34238340,5.695,0.1972422607,0.105852807566
34268400,5.7,0.224790002368,0.132199691075
34298460,5.705,0.228037000488,0.129911495657
34328520,5.71,0.213624696032,0.115801865552
34358580,5.715,0.221579154234,0.132833541823
34388640,5.72,0.192062292799,0.113909996454
34418700,5.725,0.177126753977,0.104359504517
34448760,5.73,0.174662376863,0.105744180539
34478820,5.735,0.165294869143,0.100962039585
34508880,5.74,0.156515646445,0.10056287887
34538940,5.745,0.142124876398,0.089582405226
34569000,5.75,0.131730448551,0.0829137405261
34599060,5.755,0.124103954715,0.0735221392449
34629120,5.76,0.123969346635,0.0730287285915
34659180,5.765,0.139837221378,0.0953472885514
34689240,5.77,0.124567183204,0.0761023731072
34719300,5.775,0.117937160125,0.0707915881989
34749360,5.78,0.116366761762,0.0703478082642
34779420,5.785,0.119774576774,0.0765593632892
34809480,5.79,0.131382617391,0.0928711458274
34839540,5.795,0.130154905934,0.0910328043907
34869600,5.8,0.129104784236,0.0879362384238
34899660,5.805,0.130534497292,0.0857816522532
34929720,5.81,0.12889268619,0.0798115189767
34959780,5.815,0.125904913685,0.0738499680864
34989840,5.82,0.12608313488,0.0699367097277
35019900,5.825,0.136741159277,0.0848936659296
35049960,5.83,0.13964132831,0.089251903657
35080020,5.835,0.144754025348,0.0958774110302
35110080,5.84,0.142675789994,0.095038499162
35140140,5.845,0.146733689486,0.0996479286478
35170200,5.85,0.144782118388,0.0985353495529
35200260,5.855,0.152242594093,0.101123004494
35230320,5.86,0.150109388271,0.090816110924
35260380,5.865,0.170777860147,0.109414702782
35290440,5.87,0.196995700995,0.13021822513
35320500,5.875,0.202778311731,0.134581612072
35350560,5.88,0.199680791661,0.134580705197
35380620,5.885,0.200686206623,0.136738807585
35410680,5.89,0.184665570995,0.117120597249
35440740,5.895,0.190701861133,0.128070100222
35470800,5.9,0.18762547002,0.126071027872
35500860,5.905,0.180993811859,0.113512363503
35530920,5.91,0.185368770525,0.117087658352
35560980,5.915,0.187493353792,0.116643453003
35591040,5.92,0.185173189419,0.114992923951
35621100,5.925,0.177421508016,0.111431942536
35651160,5.93,0.177606290709,0.116687512537
35681220,5.935,0.174848078879,0.113946859281
35711280,5.94,0.17221575135,0.110940942815
35741340,5.945,0.162085285533,0.10110428657
35771400,5.95,0.148968764787,0.0897344612998
35801460,5.955,0.14350120162,0.0856510703888
35831520,5.96,0.146183063572,0.0864858197407
35861580,5.965,0.158872099257,0.0993209321409
35891640,5.97,0.155660980587,0.0944061942737
35921700,5.975,0.167428721329,0.110086481699
35951760,5.98,0.162599319425,0.100408448423
35981820,5.985,0.155646368378,0.0921697020851
36011880,5.99,0.149376452257,0.0852724456653
36041940,5.995,0.140658052456,0.0784364369806
36072000,6.0,0.141406980281,0.0824523862587
36102060,6.005,0.154746643645,0.0990522560648
36132120,6.01,0.16540569823,0.109723374636
36162180,6.015,0.18457192561,0.12783290425
36192240,6.02,0.18188878046,0.129069573504
36222300,6.025,0.164145067011,0.108854144031
36252360,6.03,0.158562279742,0.105639493201
36282420,6.035,0.149198926082,0.0976169429493
36312480,6.04,0.137887208747,0.085886679912
36342540,6.045,0.132696898482,0.0796777733059
36372600,6.05,0.132542546659,0.0786811011052
36402660,6.055,0.139819719207,0.0830949839973
36432720,6.06,0.142033977502,0.0878599789024
36462780,6.065,0.139603728649,0.0848290433822
36492840,6.07,0.171390421657,0.119211040532
36522900,6.075,0.184257509878,0.132529746488
36552960,6.08,0.202622738184,0.15393173665
36583020,6.085,0.190760409775,0.135939864132
36613080,6.09,0.18658152828,0.129704695321
36643140,6.095,0.195937621443,0.135048684089
36673200,6.1,0.202876475585,0.143510504517
36703260,6.105,0.183460797224,0.122026145709
36733320,6.11,0.170625233857,0.108444122139
36763380,6.115,0.16660559238,0.107272974218
36793440,6.12,0.152087142988,0.0966587672495
36823500,6.125,0.131701528638,0.0749323147754
36853560,6.13,0.119481991565,0.0618312320291
36883620,6.135,0.123510011982,0.0672263485423
36913680,6.14,0.125336031126,0.0745554575336
36943740,6.145,0.123697378166,0.0755138407464
36973800,6.15,0.120312573438,0.0728663404734
37003860,6.155,0.122102067196,0.0716840184625
37033920,6.16,0.122068513157,0.0725157045763
37063980,6.165,0.113213597836,0.0643378697396
37094040,6.17,0.109603205493,0.0612462573838
37124100,6.175,0.118096126593,0.073206464002
37154160,6.18,0.132389470022,0.0899006456264
37184220,6.185,0.137419076288,0.0943095934585
37214280,6.19,0.147185864105,0.104723511076
37244340,6.195,0.143345534718,0.0974475897259
37274400,6.2,0.148413468873,0.0994090826898
37304460,6.205,0.145430375786,0.0932378424627
37334520,6.21,0.137778760997,0.0846458698117
37364580,6.215,0.137167007046,0.0843106143059
37394640,6.22,0.141565017829,0.0908191408432
37424700,6.225,0.132561977941,0.0788775508396
37454760,6.23,0.130933127791,0.073812989832
37484820,6.235,0.136358851667,0.0752148375987
37514880,6.24,0.149856750108,0.0895794923097
37544940,6.245,0.15310865638,0.0940088449061
37575000,6.25,0.145663279713,0.0865715546915
37605060,6.255,0.14370964281,0.0830529142949
37635120,6.26,0.146450034915,0.0831625417842
37665180,6.265,0.153849952604,0.0918823577988
37695240,6.27,0.150052529529,0.0844114140609
37725300,6.275,0.143081387516,0.0769877992171
37755360,6.28,0.138870042173,0.0735747793457
37785420,6.285,0.133755296647,0.0702281640437
37815480,6.29,0.139273814328,0.0771417473146
37845540,6.295,0.146819285798,0.0891513855557
37875600,6.3,0.158175439873,0.106154308308
37905660,6.305,0.172287159097,0.126609411333
37935720,6.31,0.1552060914,0.104744775562
37965780,6.315,0.141030897375,0.0853919722862
37995840,6.32,0.135439462256,0.0815712639968
38025900,6.325,0.138406073473,0.0912052015715
38055960,6.33,0.134216193356,0.0853345855439
38086020,6.335,0.129953825398,0.0789808330982
38116080,6.34,0.137359216135,0.0855062124229
38146140,6.345,0.161884599227,0.114423108635
38176200,6.35,0.16478027079,0.121161541452
38206260,6.355,0.146325517512,0.0971742126226
38236320,6.36,0.143152702548,0.0913525593104
38266380,6.365,0.14839658447,0.098202780719
38296440,6.37,0.146548714486,0.095134986739
38326500,6.375,0.14319876235,0.0864010466252
38356560,6.38,0.145841040614,0.0845270032577
38386620,6.385,0.156371927111,0.0925775799019
38416680,6.39,0.154366466014,0.0896109402418
38446740,6.395,0.151230374066,0.0848032026504
38476800,6.4,0.148079811057,0.0830345410676
38506860,6.405,0.150644979519,0.0855022161328
38536920,6.41,0.153354903613,0.0888543223799
38566980,6.415,0.155993794553,0.0930872903892
38597040,6.42,0.155237316456,0.0966706094325
38627100,6.425,0.190303614188,0.143928164113
38657160,6.43,0.195837613606,0.148789318085
38687220,6.435,0.195708828613,0.142113194406
38717280,6.44,0.196918807313,0.145571381393
38747340,6.445,0.178181773437,0.125409688623
38777400,6.45,0.169923778275,0.110110256644
38807460,6.455,0.182444066206,0.125539253967
38837520,6.46,0.179672484685,0.127175432783
38867580,6.465,0.179150107371,0.124903700979
38897640,6.47,0.197205507344,0.140330681756
38927700,6.475,0.188649305906,0.122611797081
38957760,6.48,0.187971095171,0.121294970856
38987820,6.485,0.179908015331,0.112930519333
39017880,6.49,0.174415053666,0.112154901183
39047940,6.495,0.168110586793,0.109394789922
39078000,6.5,0.182186638087,0.126003217695
39108060,6.505,0.186987245573,0.124725763291
39138120,6.51,0.188085116295,0.124178758201
39168180,6.515,0.182699819103,0.117021610654
39198240,6.52,0.180060932133,0.116834866119
39228300,6.525,0.189757314165,0.131986936223
39258360,6.53,0.205747796756,0.160545507844
39288420,6.535,0.1804400432,0.127560525626
39318480,6.54,0.176749524205,0.119566984213
39348540,6.545,0.1688142117,0.114029909477
39378600,6.55,0.156291578412,0.102709075522
39408660,6.555,0.158919181753,0.10400426688
39438720,6.56,0.160975220575,0.100703090623
39468780,6.565,0.170303326534,0.111230331367
39498840,6.57,0.190288726006,0.144266294802
39528900,6.575,0.180612657966,0.136493921449
39558960,6.58,0.159371817718,0.108788141742
39589020,6.585,0.152031943744,0.100675023852
39619080,6.59,0.13781728613,0.0886742344271
39649140,6.595,0.134278862814,0.0882127371452
39679200,6.6,0.134427660588,0.0933952039559
39709260,6.605,0.133845362051,0.092447714822
39739320,6.61,0.13981715291,0.0981178358828
39769380,6.615,0.141445376527,0.0946420203181
39799440,6.62,0.148973453454,0.0958755056116
39829500,6.625,0.163719722644,0.107175996855
39859560,6.63,0.173131140253,0.108280748557
39889620,6.635,0.191422077352,0.121341259706
39919680,6.64,0.196585934326,0.115898829372
39949740,6.645,0.228972850527,0.153776856897
39979800,6.65,0.233038659822,0.157313831831
40009860,6.655,0.222645684609,0.142312839958
40039920,6.66,0.212042248587,0.126289232336
40069980,6.665,0.218096637109,0.133891799101
40100040,6.67,0.209600565855,0.132736251634
40130100,6.675,0.180032754741,0.107432286401
40160160,6.68,0.165160218704,0.0953395885487
40190220,6.685,0.153347041093,0.0841337040683
40220280,6.69,0.152319814003,0.0890230201919
40250340,6.695,0.151064740517,0.0873777478645
40280400,6.7,0.156984421214,0.0936397068776
40310460,6.705,0.175779744053,0.113573276743
40340520,6.71,0.184950494291,0.12804306588
40370580,6.715,0.182577049417,0.125269566001
40400640,6.72,0.173503588352,0.112304321372
40430700,6.725,0.169670685548,0.10595352705
40460760,6.73,0.168770110066,0.108697370162
40490820,6.735,0.181251875457,0.126805660672
40520880,6.74,0.198221754601,0.148419095221
40550940,6.745,0.187596628726,0.135761600234
40581000,6.75,0.175341063409,0.120762431376
40611060,6.755,0.175152577484,0.11710809753
40641120,6.76,0.172905355109,0.111391609433
40671180,6.765,0.16998194568,0.108483483045
40701240,6.77,0.211210669596,0.167166114857
40731300,6.775,0.20954789877,0.168376270863
40761360,6.78,0.1818633329,0.132789577376
40791420,6.785,0.161243743046,0.105546627156
40821480,6.79,0.162073970193,0.101040950514
40851540,6.795,0.188060768775,0.126273446352
40881600,6.8,0.188871004493,0.123726299992
40911660,6.805,0.187357419812,0.11639773123
40941720,6.81,0.200421073206,0.125309742582
40971780,6.815,0.210079728792,0.131993184676
41001840,6.82,0.219481829518,0.146024309591
41031900,6.825,0.223114893355,0.148574994464
41061960,6.83,0.248806095986,0.183244009564
41092020,6.835,0.243945884218,0.17983846165
41122080,6.84,0.21250828086,0.146819450432
41152140,6.845,0.182535438541,0.1143661352
41182200,6.85,0.158285420581,0.0946782249484
41212260,6.855,0.138954558853,0.0766920189103
41242320,6.86,0.130304872085,0.0705607875154
41272380,6.865,0.131230390384,0.074096104971
41302440,6.87,0.13632678991,0.0769925864469
41332500,6.875,0.134814326119,0.0746263772289
41362560,6.88,0.153644393952,0.0939018393357
41392620,6.885,0.167774669636,0.107721675215
41422680,6.89,0.162816981674,0.100182510389
41452740,6.895,0.168809501943,0.108876390306
41482800,6.9,0.15914540332,0.100577152432
41512860,6.905,0.156113818699,0.0985726580548
41542920,6.91,0.152646242751,0.0910171620861
41572980,6.915,0.157066314849,0.0975738872636
41603040,6.92,0.155105063064,0.0964170429154
41633100,6.925,0.160118470026,0.102895816661
41663160,6.93,0.148995582638,0.090409051849
41693220,6.935,0.140483843549,0.0826300903484
41723280,6.94,0.137818605243,0.0812050395011
41753340,6.945,0.135181647116,0.0744647884511
41783400,6.95,0.136680439845,0.0738146285225
41813460,6.955,0.152120556363,0.0884211848438
41843520,6.96,0.164349330374,0.104530157961
41873580,6.965,0.15891553596,0.100680912241
41903640,6.97,0.163585334726,0.108975575958
41933700,6.975,0.172641626305,0.122419722985
41963760,6.98,0.191845145757,0.144724980182
41993820,6.985,0.1800127786,0.130601196615
42023880,6.99,0.167512375906,0.113006460961
42053940,6.995,0.161997164623,0.10806589098
42084000,7.0,0.158052409266,0.10513143297
42114060,7.005,0.149720709823,0.0981737154769
42144120,7.01,0.142762713925,0.091026732217
42174180,7.015,0.139139538535,0.0843387254265
42204240,7.02,0.141125843518,0.0859313161599
42234300,7.025,0.150170953946,0.102195628128
42264360,7.03,0.154396749377,0.109088447564
42294420,7.035,0.146163481157,0.0962048464485
42324480,7.04,0.161102837684,0.106896939539
42354540,7.045,0.168435017939,0.108457940514
42384600,7.05,0.163656090963,0.0949878392043
42414660,7.055,0.165754862202,0.095822077629
42444720,7.06,0.196268424513,0.132013553868
42474780,7.065,0.191999372571,0.126645452012
42504840,7.07,0.196460891176,0.138768465785
42534900,7.075,0.177841620471,0.117796197128
42564960,7.08,0.169099310035,0.108495456568
42595020,7.085,0.155587307657,0.0978666324871
42625080,7.09,0.150405070358,0.093804327626
42655140,7.095,0.143453292298,0.0861297506504
42685200,7.1,0.140079447068,0.0838856888329
42715260,7.105,0.142880012343,0.0886965595024
42745320,7.11,0.141159956601,0.0871173963615
42775380,7.115,0.14078015174,0.0848114424427
42805440,7.12,0.14053905937,0.0841896740902
42835500,7.125,0.140931758554,0.0853289872539
42865560,7.13,0.134486800137,0.0762593891264
42895620,7.135,0.133219096863,0.0716129206726
42925680,7.14,0.138161180956,0.076093904
42955740,7.145,0.14404293058,0.0843700039073
42985800,7.15,0.153143807797,0.0967069925013
43015860,7.155,0.146250916808,0.0875313779581
43045920,7.16,0.146923530722,0.0884175513325
43075980,7.165,0.140435798642,0.0807594364469
43106040,7.17,0.139676291741,0.0765173248435
43136100,7.175,0.152602151417,0.0922078651375
43166160,7.18,0.151520581138,0.08896244253
43196220,7.185,0.151231016347,0.0880786358404
43226280,7.19,0.156145013863,0.0921092002284
43256340,7.195,0.159471439734,0.0957608751055
43286400,7.2,0.172005403508,0.108361808824
43316460,7.205,0.179460847357,0.110243396861
43346520,7.21,0.173593403923,0.105285685664
43376580,7.215,0.160859494803,0.093291527787
43406640,7.22,0.171056331682,0.113459656452
43436700,7.225,0.15621073347,0.104642830423
43466760,7.23,0.143776370859,0.0967603324986
43496820,7.235,0.134680529899,0.0879332497763
43526880,7.24,0.128814055138,0.0792605212726
43556940,7.245,0.134967156521,0.0865743643976
43587000,7.25,0.145115196968,0.0967714409377
43617060,7.255,0.153133702552,0.100800597543
43647120,7.26,0.174339646219,0.122857503779
43677180,7.265,0.175297602707,0.118080509028
43707240,7.27,0.177857822805,0.116245867881
43737300,7.275,0.17601397401,0.110834660898
43767360,7.28,0.177752344291,0.111949437694
43797420,7.285,0.177286924851,0.110364751716
43827480,7.29,0.163845275698,0.0993842815988
43857540,7.295,0.150939998811,0.0887947541036
43887600,7.3,0.145164674889,0.0847796297205
43917660,7.305,0.161000722797,0.106895704541
43947720,7.31,0.148669113477,0.097222122301
43977780,7.315,0.134453794626,0.0836445835892
44007840,7.32,0.132274111447,0.0857416811995
44037900,7.325,0.139295436434,0.0971447982367
44067960,7.33,0.153001781774,0.116617504953
44098020,7.335,0.149194408746,0.110159654614
44128080,7.34,0.157778689325,0.118952511076
44158140,7.345,0.156285273937,0.108897095199
44188200,7.35,0.175212104222,0.131804997517
44218260,7.355,0.176802374879,0.134227503253
44248320,7.36,0.173672709471,0.129309463059
44278380,7.365,0.169905471496,0.119064533352
44308440,7.37,0.184657761544,0.132689115795
44338500,7.375,0.1786027206,0.125922275284
44368560,7.38,0.177492480295,0.125630106961
44398620,7.385,0.175939352255,0.123639335737
44428680,7.39,0.185637078266,0.139773424941
44458740,7.395,0.172916549903,0.124848147705
44488800,7.4,0.167071241967,0.122476223828
44518860,7.405,0.148925326896,0.0971087237447
44548920,7.41,0.146430148572,0.0899031968865
44578980,7.415,0.144602120503,0.0874955776093
44609040,7.42,0.138227995895,0.0865948943861
44639100,7.425,0.135215488374,0.0877505224366
44669160,7.43,0.144448222047,0.0984738188053
44699220,7.435,0.151601357294,0.10369654298
44729280,7.44,0.153146964168,0.101668459862
44759340,7.445,0.147506133786,0.0969547114536
44789400,7.45,0.143862604203,0.0932941392799
44819460,7.455,0.143603317384,0.0938656562093
44849520,7.46,0.152944827248,0.105408579703
44879580,7.465,0.147723128329,0.100767738184
44909640,7.47,0.151014416606,0.106067954436
44939700,7.475,0.147804787096,0.101160137163
44969760,7.48,0.164554121436,0.113840179145
44999820,7.485,0.184136371225,0.131900731742
45029880,7.49,0.185819343946,0.124847518897
45059940,7.495,0.173446869332,0.109352438277
45090000,7.5,0.177516396793,0.112377503917
45120060,7.505,0.197996190429,0.143255700698
45150120,7.51,0.199330399062,0.137234568182
45180180,7.515,0.195139713538,0.130269373814
45210240,7.52,0.183881225659,0.115851990493
45240300,7.525,0.174262213987,0.108871930789
45270360,7.53,0.172499389281,0.106749527569
45300420,7.535,0.169553489888,0.107527947177
45330480,7.54,0.160753924206,0.102934013919
45360540,7.545,0.165402530618,0.109751841622
45390600,7.55,0.165141499575,0.109955277461
45420660,7.555,0.164768756615,0.106210273971
45450720,7.56,0.163489404851,0.106729924272
45480780,7.565,0.164095806273,0.105745452095
45510840,7.57,0.157719426414,0.10214922069
45540900,7.575,0.145633355405,0.0918873673448
45570960,7.58,0.136423466571,0.0790178770852
45601020,7.585,0.130912885312,0.0734088207827
45631080,7.59,0.125064366521,0.0678833083366
45661140,7.595,0.122648454975,0.0663837567491
45691200,7.6,0.128816889909,0.075197271125
45721260,7.605,0.140088093585,0.088630538975
45751320,7.61,0.141306198056,0.0857474949631
45781380,7.615,0.140768589174,0.0826203021376
45811440,7.62,0.14940852025,0.0937623006817
45841500,7.625,0.16228678395,0.111695763227
45871560,7.63,0.162588802041,0.111465030614
45901620,7.635,0.156338448658,0.104498869737
45931680,7.64,0.16053089531,0.105538078666
45961740,7.645,0.180752838396,0.133582291531
45991800,7.65,0.180911779444,0.136553606255
46021860,7.655,0.161350325456,0.10811714723
46051920,7.66,0.15264347341,0.0925049233779
46081980,7.665,0.151711808906,0.0879871233025
46112040,7.67,0.146335134516,0.0829686274781
46142100,7.675,0.147401307469,0.0862512398366
46172160,7.68,0.148051892608,0.0851957951189
46202220,7.685,0.16797720609,0.112185079452
46232280,7.69,0.203487107205,0.156491101648
46262340,7.695,0.209242213664,0.158179252635
46292400,7.7,0.185602234206,0.132024621326
46322460,7.705,0.169593399262,0.113372956276
46352520,7.71,0.166911928257,0.11300271493
46382580,7.715,0.147951017754,0.0937940870363
46412640,7.72,0.142184689483,0.0883744321901
46442700,7.725,0.146305553312,0.0972834988758
46472760,7.73,0.145544693794,0.0979980473494
46502820,7.735,0.153579250626,0.104310358486
46532880,7.74,0.150040846977,0.0979050802493
46562940,7.745,0.144150244736,0.0870122930885
46593000,7.75,0.143083070392,0.0869476701342
46623060,7.755,0.150989712936,0.0952790813521
46653120,7.76,0.146676561006,0.0921052017687
46683180,7.765,0.139216782647,0.0830247942371
46713240,7.77,0.140048853707,0.0818990314825
46743300,7.775,0.15416648825,0.094919651474
46773360,7.78,0.163979251563,0.105553466184
46803420,7.785,0.167614961164,0.116201306879
46833480,7.79,0.14891375124,0.0958026716789
46863540,7.795,0.13505678295,0.0813604019117
46893600,7.8,0.124781172108,0.0733801255276
46923660,7.805,0.12552115025,0.0745544782647
46953720,7.81,0.125012148039,0.0737335970657
46983780,7.815,0.120490692683,0.0681993962904
47013840,7.82,0.127925604329,0.0750667899974
47043900,7.825,0.133126342686,0.0767190857924
47073960,7.83,0.142324978482,0.0836151687979
47104020,7.835,0.159474312859,0.102691175403
47134080,7.84,0.169891050512,0.118985156073
47164140,7.845,0.158333767368,0.103438709791
47194200,7.85,0.146721914706,0.0893140286884
47224260,7.855,0.139272132528,0.0775755551406
47254320,7.86,0.144443987299,0.0820344505918
47284380,7.865,0.15342986139,0.0925623682253
47314440,7.87,0.155880039651,0.09223941921
47344500,7.875,0.16624139712,0.105098094541
47374560,7.88,0.165090564714,0.106589306172
47404620,7.885,0.162398802105,0.104865157108
47434680,7.89,0.161363448317,0.102950214018
47464740,7.895,0.157081027863,0.0967983172766
47494800,7.9,0.152783732971,0.0923490175603
47524860,7.905,0.154365185153,0.0942129814098
47554920,7.91,0.162447883474,0.1095742658
47584980,7.915,0.162440864027,0.114621372569
47615040,7.92,0.152812178888,0.103170350992
47645100,7.925,0.149198914919,0.0943480708019
47675160,7.93,0.143251430465,0.0816439183996
47705220,7.935,0.150177738367,0.0885349794914
47735280,7.94,0.155803160962,0.0940249030173
47765340,7.945,0.18532770519,0.122842336956
47795400,7.95,0.209230662861,0.148514806983
47825460,7.955,0.227235597868,0.166313525777
47855520,7.96,0.219597787185,0.149380961826
47885580,7.965,0.221073310453,0.151478695157
47915640,7.97,0.232386550704,0.165985666476
47945700,7.975,0.216719382788,0.150259650754
47975760,7.98,0.221360153173,0.152954052186
48005820,7.985,0.203935726621,0.134176330866
48035880,7.99,0.198554242433,0.1359944594
48065940,7.995,0.190660644306,0.134367888273
48096000,8.0,0.182419680353,0.130189278253
48126060,8.005,0.196375954302,0.150255523413
48156120,8.01,0.193672051291,0.150527496066
48186180,8.015,0.187885423064,0.137835981582
48216240,8.02,0.18076237278,0.123564361299
48246300,8.025,0.17297797766,0.110364609576
48276360,8.03,0.183430934518,0.119087627547
48306420,8.035,0.185966425391,0.124223546951
48336480,8.04,0.207044365322,0.153599318635
48366540,8.045,0.194928680651,0.137411198533
48396600,8.05,0.197765344777,0.143695472959
48426660,8.055,0.191710570857,0.139971001106
48456720,8.06,0.174547114015,0.119491537974
48486780,8.065,0.163893935779,0.103712733067
48516840,8.07,0.173441225225,0.11100967438
48546900,8.075,0.203753329969,0.149245866448
48576960,8.08,0.215529148773,0.166185984583
48607020,8.085,0.2037999634,0.159752216819
48637080,8.09,0.177042609905,0.129867822375
48667140,8.095,0.168729248833,0.122992620577
48697200,8.1,0.164297993977,0.116147881107
48727260,8.105,0.162480640575,0.108735763122
48757320,8.11,0.166339389399,0.109493560121
48787380,8.115,0.183876879836,0.129887407548
48817440,8.12,0.201397133826,0.151848351518
48847500,8.125,0.195121771641,0.150211600376
48877560,8.13,0.169073016202,0.118416404305
48907620,8.135,0.151750428684,0.101798422171
48937680,8.14,0.145840838676,0.0942339300148
48967740,8.145,0.145876371914,0.0892233342785
48997800,8.15,0.162910820589,0.108192115932
49027860,8.155,0.201008676477,0.159980158401
49057920,8.16,0.188829158671,0.142459367499
49087980,8.165,0.195038028349,0.146367889281
49118040,8.17,0.168609652769,0.111254593942
49148100,8.175,0.158868602102,0.101748518999
49178160,8.18,0.159015488754,0.104649289805
49208220,8.185,0.164465275128,0.110848152725
49238280,8.19,0.162934377978,0.109293659915
49268340,8.195,0.163703851539,0.108258581348
49298400,8.2,0.154168406055,0.0989736427435
49328460,8.205,0.15157091493,0.097944595325
49358520,8.21,0.146313667315,0.0929263265042
49388580,8.215,0.150964665052,0.102644664103
49418640,8.22,0.151136712807,0.105050814659
49448700,8.225,0.152415855949,0.106308958829
49478760,8.23,0.167199463924,0.128000157841
49508820,8.235,0.15876494149,0.119625564954
49538880,8.24,0.14687454665,0.104970919778
49568940,8.245,0.143785007236,0.0985440604218
49599000,8.25,0.145863852521,0.0962260919913
49629060,8.255,0.155904128841,0.102908564332
49659120,8.26,0.161424715537,0.106014602123
49689180,8.265,0.162199450536,0.105735906139
49719240,8.27,0.159587214833,0.0987814059115
49749300,8.275,0.16618465547,0.101176947741
49779360,8.28,0.173300329427,0.10555367928
49809420,8.285,0.174756081842,0.108357886211
49839480,8.29,0.167889242992,0.0975194391427
49869540,8.295,0.158556803251,0.0865694575913
49899600,8.3,0.154976665431,0.086156681331
49929660,8.305,0.155581935074,0.0853534009092
49959720,8.31,0.174940008268,0.107779768135
49989780,8.315,0.172635415961,0.10680053218
50019840,8.32,0.161179387206,0.0954370172283
50049900,8.325,0.156910734426,0.092451520647
50079960,8.33,0.152218654442,0.0877466089518
50110020,8.335,0.162581613125,0.104701929619
50140080,8.34,0.164543588532,0.11280085324
50170140,8.345,0.151501140741,0.0968896865952
50200200,8.35,0.144778863629,0.0868919171173
50230260,8.355,0.143383287337,0.0817552571781
50260320,8.36,0.150427075998,0.0867416547902
50290380,8.365,0.161321296913,0.0967428193651
50320440,8.37,0.174004580753,0.107755793918
50350500,8.375,0.210218133861,0.149298583926
50380560,8.38,0.239034203916,0.179614485256
50410620,8.385,0.243604288052,0.177721781365
50440680,8.39,0.225155693679,0.154140467539
50470740,8.395,0.246848753848,0.17947023988
50500800,8.4,0.234846419694,0.16973409236
50530860,8.405,0.207236303963,0.142910662911
50560920,8.41,0.177009456711,0.113496803099
50590980,8.415,0.165026397825,0.102572208131
50621040,8.42,0.152225785665,0.092465331549
50651100,8.425,0.142095168693,0.0842375073706
50681160,8.43,0.142075649746,0.0863449607526
50711220,8.435,0.172406308512,0.12766112926
50741280,8.44,0.158649992878,0.110774521003
50771340,8.445,0.157151882966,0.110480139235
50801400,8.45,0.153143578134,0.107912550257
50831460,8.455,0.140145261386,0.0925547367676
50861520,8.46,0.133408924432,0.0866057518157
50891580,8.465,0.123928619313,0.0729766381285
50921640,8.47,0.117298355331,0.0652848354607
50951700,8.475,0.120542044275,0.0705480769396
50981760,8.48,0.136436568955,0.0911337663502
51011820,8.485,0.134968469021,0.0875325579191
51041880,8.49,0.145757905737,0.0975225184346
51071940,8.495,0.143881262995,0.0929990529719
51102000,8.5,0.144140715222,0.0889744158324
51132060,8.505,0.144345384975,0.0893072295711
51162120,8.51,0.148658003631,0.092914401156
51192180,8.515,0.146582102998,0.0906451067853
51222240,8.52,0.144567278446,0.0891695648494
51252300,8.525,0.150174263234,0.0951878907602
51282360,8.53,0.170205858624,0.114220461309
51312420,8.535,0.178174261939,0.119103316072
51342480,8.54,0.170579861948,0.106006807761
51372540,8.545,0.16013205868,0.0916982600858
51402600,8.55,0.158156556147,0.0865043667049
51432660,8.555,0.161295299245,0.0892949172747
51462720,8.56,0.162041302312,0.0960967411612
51492780,8.565,0.154389870462,0.0910759431641
51522840,8.57,0.151491964508,0.090994157679
51552900,8.575,0.140009359747,0.0816951192793
51582960,8.58,0.147093961459,0.0866795309031
51613020,8.585,0.158512121284,0.0985860332721
51643080,8.59,0.151561912662,0.0916085051639
51673140,8.595,0.15021205426,0.0905914589844
51703200,8.6,0.160888517219,0.104064816022
51733260,8.605,0.16446307681,0.107272815106
51763320,8.61,0.163954295843,0.101893163213
51793380,8.615,0.183190142105,0.120983960961
51823440,8.62,0.195670390382,0.142897386515
51853500,8.625,0.17055382381,0.121492586783
51883560,8.63,0.154678928614,0.105360628528
51913620,8.635,0.155108410028,0.105945851315
51943680,8.64,0.156612900219,0.102672017075
51973740,8.645,0.180862055186,0.124329176701
52003800,8.65,0.234898589437,0.188667436754
52033860,8.655,0.221275793152,0.167045958055
52063920,8.66,0.228603572428,0.168497084283
52093980,8.665,0.230501510073,0.163246186367
52124040,8.67,0.212143351234,0.141328265393
52154100,8.675,0.203577386152,0.136527504318
52184160,8.68,0.177190999517,0.109504692832
52214220,8.685,0.192721369973,0.127325646542
52244280,8.69,0.192275537041,0.134843432068
52274340,8.695,0.183978267529,0.124665836948
52304400,8.7,0.214403824087,0.157186894102
52334460,8.705,0.241286996158,0.197454132719
52364520,8.71,0.216914496627,0.165452859831
52394580,8.715,0.192468849027,0.128458005912
52424640,8.72,0.183162249025,0.117066060802
52454700,8.725,0.188263748516,0.1228468458
52484760,8.73,0.18595660142,0.120969618104
52514820,8.735,0.175305746869,0.109364912937
52544880,8.74,0.165900118922,0.099783191052
52574940,8.745,0.173327846679,0.108708691745
52605000,8.75,0.174126242449,0.111803305314
52635060,8.755,0.208643615005,0.152921710052
52665120,8.76,0.200487841032,0.143769546296
52695180,8.765,0.192976998161,0.132251939426
52725240,8.77,0.198699289444,0.13844778945
52755300,8.775,0.19221626231,0.128301432818
52785360,8.78,0.192677638446,0.126519583227
52815420,8.785,0.223551211541,0.160668526543
52845480,8.79,0.221719706948,0.153508792641
52875540,8.795,0.203783175481,0.141877873714
52905600,8.8,0.179301389247,0.117564545148
52935660,8.805,0.172424567226,0.113433375822
52965720,8.81,0.175796903823,0.11998335077
52995780,8.815,0.164321183903,0.106781281962
53025840,8.82,0.170261289249,0.115683108756
53055900,8.825,0.156022390568,0.103623121064
53085960,8.83,0.150182489347,0.0910547252165
53116020,8.835,0.151497524902,0.0947558425604
53146080,8.84,0.151353749243,0.0950000892339
53176140,8.845,0.161458964509,0.108434921962
53206200,8.85,0.152078979817,0.0962875088047
53236260,8.855,0.149085035534,0.0922927509577
53266320,8.86,0.151274581189,0.0893935030535
53296380,8.865,0.166311177492,0.101896267947
53326440,8.87,0.163513498614,0.095083571401
53356500,8.875,0.16120620728,0.0898608918931
53386560,8.88,0.182958988368,0.112319627923
53416620,8.885,0.207051786645,0.138794182404
53446680,8.89,0.227010156704,0.157108537849
53476740,8.895,0.221734871213,0.154736507451
53506800,8.9,0.202381797123,0.132398559807
53536860,8.905,0.184847767911,0.114909720327
53566920,8.91,0.169017778644,0.102060449145
53596980,8.915,0.173991804215,0.112151125209
53627040,8.92,0.168511995995,0.108571477356
53657100,8.925,0.149326980766,0.0899683834799
53687160,8.93,0.138355276285,0.0822245570287
53717220,8.935,0.12787232746,0.0739121695792
53747280,8.94,0.129051121272,0.0768122432098
53777340,8.945,0.129770270188,0.0758362495802
53807400,8.95,0.132619363479,0.0754868812649
53837460,8.955,0.14161103266,0.0811743054266
53867520,8.96,0.155278731557,0.0951946453766
53897580,8.965,0.173178400334,0.115270705272
53927640,8.97,0.170827351011,0.109402780576
53957700,8.975,0.167750679869,0.0994478950498
53987760,8.98,0.175494990148,0.111848273251
54017820,8.985,0.203246299516,0.151674088999
54047880,8.99,0.1843792201,0.119664542221
54077940,8.995,0.181370136321,0.109274329152
54108000,9.0,0.182526160528,0.106902273737
54138060,9.005,0.19564104641,0.116782819754
54168120,9.01,0.223609282808,0.150843674295
54198180,9.015,0.212341176079,0.13969869864
54228240,9.02,0.200773812307,0.131574625738
54258300,9.025,0.188224398353,0.116057386889
54288360,9.03,0.179196703445,0.1048830975
54318420,9.035,0.179283633728,0.106361917242
54348480,9.04,0.200203643013,0.140422195045
54378540,9.045,0.203898279085,0.152314968113
54408600,9.05,0.197085381467,0.145548854578
54438660,9.055,0.19647855687,0.144061633202
54468720,9.06,0.183350557119,0.129493741445
54498780,9.065,0.177214444732,0.119660646332
54528840,9.07,0.180330687822,0.122439965701
54558900,9.075,0.182632326354,0.123875762402
54588960,9.08,0.183173741485,0.12889464497
54619020,9.085,0.177041365342,0.121303671391
54649080,9.09,0.193909913117,0.144942947967
54679140,9.095,0.195939992301,0.146941224391
54709200,9.1,0.183875833875,0.121812057389
54739260,9.105,0.167732531197,0.0960631212254
54769320,9.11,0.175641261323,0.0991933821931
54799380,9.115,0.191433057448,0.113883290267
54829440,9.12,0.193865582804,0.112473351746
54859500,9.125,0.19690756876,0.120028049323
54889560,9.13,0.200943687076,0.132185039924
54919620,9.135,0.202946953849,0.142929697536
54949680,9.14,0.197033814653,0.134789689158
54979740,9.145,0.175411324093,0.108758283476
55009800,9.15,0.162484340313,0.0982806615593
55039860,9.155,0.156754227491,0.0894773345808
55069920,9.16,0.175268732831,0.106909985143
55099980,9.165,0.175675191326,0.106301891259
55130040,9.17,0.181356873068,0.11409121461
55160100,9.175,0.180351811154,0.115951525747
55190160,9.18,0.172959608291,0.110321606252
55220220,9.185,0.193008526912,0.13987664505
55250280,9.19,0.201213504276,0.143187735465
55280340,9.195,0.211886241632,0.143177178055
55310400,9.2,0.202084559445,0.129937253463
55340460,9.205,0.204060796645,0.132459239223
55370520,9.21,0.213921056238,0.139984197894
55400580,9.215,0.215130919445,0.137967840972
55430640,9.22,0.220193012687,0.150915960181
55460700,9.225,0.19978301557,0.133881980121
55490760,9.23,0.174453770403,0.110925307621
55520820,9.235,0.158596536995,0.0963606884088
55550880,9.24,0.16159254367,0.096501355222
55580940,9.245,0.176769300063,0.112729724432
55611000,9.25,0.196009782476,0.138359016996
55641060,9.255,0.197200825538,0.142829444938
55671120,9.26,0.183121558934,0.129526745391
55701180,9.265,0.184572244908,0.127781188966
55731240,9.27,0.202775282573,0.143460406859
55761300,9.275,0.202174923121,0.150753005767
55791360,9.28,0.192304344436,0.142084210856
55821420,9.285,0.176200599939,0.124669704785
55851480,9.29,0.165069364258,0.113505482686
55881540,9.295,0.157051547848,0.100449282434
55911600,9.3,0.151584634122,0.0939221253641
55941660,9.305,0.149053376827,0.0889789408024
55971720,9.31,0.149866786275,0.0879338032158
56001780,9.315,0.156490751145,0.09000236713
56031840,9.32,0.185331085413,0.112757276072
56061900,9.325,0.195234744195,0.117795671979
56091960,9.33,0.201172225667,0.121319608413
56122020,9.335,0.207754295273,0.131553440822
56152080,9.34,0.210650378954,0.140085391424
56182140,9.345,0.205471814585,0.138478340389
56212200,9.35,0.230607944444,0.184350035442
56242260,9.355,0.196366137934,0.14136993609
56272320,9.36,0.172077703288,0.107087988619
56302380,9.365,0.164087758941,0.100389532588
56332440,9.37,0.153923825961,0.0918624071729
56362500,9.375,0.159197021014,0.102018067034
56392560,9.38,0.148053731069,0.0925752660062
56422620,9.385,0.139168229953,0.0823367976018
56452680,9.39,0.138927019353,0.0846347131009
56482740,9.395,0.12789758869,0.0692378772279
56512800,9.4,0.127915836136,0.0667526235258
56542860,9.405,0.134099381975,0.0716206399436
56572920,9.41,0.137949572799,0.0774622398348
56602980,9.415,0.14028818272,0.0812654810663
56633040,9.42,0.132869302968,0.0757485614946
56663100,9.425,0.130091313411,0.0765021579822
56693160,9.43,0.136297523176,0.0868931928714
56723220,9.435,0.140555859649,0.0949674209735
56753280,9.44,0.143966228942,0.0985818668564
56783340,9.445,0.139487884401,0.0921594005692
56813400,9.45,0.147763521635,0.100491659424
56843460,9.455,0.153175514375,0.107426863229
56873520,9.46,0.153798829231,0.105848256031
56903580,9.465,0.161122686207,0.115120822773
56933640,9.47,0.158961614719,0.107813665381
56963700,9.475,0.146931246955,0.0935685306339
56993760,9.48,0.140893323528,0.0837835300297
57023820,9.485,0.152421571646,0.0943243358937
57053880,9.49,0.165733419309,0.109395608831
57083940,9.495,0.157594353585,0.0986771024904
57114000,9.5,0.162320314226,0.105108024538
57144060,9.505,0.180291687533,0.128074845386
57174120,9.51,0.171328442489,0.12095317488
57204180,9.515,0.16710231109,0.11747899806
57234240,9.52,0.156280094148,0.104030864945
57264300,9.525,0.145396233327,0.088391803202
57294360,9.53,0.146269533653,0.0917733538347
57324420,9.535,0.142476254585,0.0908115605551
57354480,9.54,0.146208512992,0.0923541179819
57384540,9.545,0.159607578815,0.105853601167
57414600,9.55,0.181201092574,0.132793495032
57444660,9.555,0.193004203949,0.147207267929
57474720,9.56,0.165639952822,0.116145317144
57504780,9.565,0.143974782818,0.0897998341903
57534840,9.57,0.12948108083,0.0745395366243
57564900,9.575,0.121225644799,0.0644286658031
57594960,9.58,0.119213579554,0.0586484691894
57625020,9.585,0.120072581026,0.0565167659036
57655080,9.59,0.122227589388,0.0574548139628
57685140,9.595,0.131639853073,0.0692973500236
57715200,9.6,0.13025742983,0.0729444109082
57745260,9.605,0.123768783675,0.0667664608577
57775320,9.61,0.123619663573,0.0681283996549
57805380,9.615,0.139569655415,0.0890851650189
57835440,9.62,0.159770695592,0.118681459242
57865500,9.625,0.159146676571,0.118119761452
57895560,9.63,0.154760399616,0.10923764927
57925620,9.635,0.156835099938,0.109171355608
57955680,9.64,0.153949048944,0.107229790964
57985740,9.645,0.150956205466,0.102423828792
58015800,9.65,0.145033212552,0.0940925613373
58045860,9.655,0.148523112677,0.0926472613638
58075920,9.66,0.147234611712,0.0871714962217
58105980,9.665,0.139682909823,0.0760079820376
58136040,9.67,0.146963572829,0.086294489869
58166100,9.675,0.143407403944,0.0809993403022
58196160,9.68,0.143305768405,0.0777408190719
58226220,9.685,0.145189417983,0.0808349814114
58256280,9.69,0.149450775914,0.0887027173447
58286340,9.695,0.144113446914,0.0870767070594
58316400,9.7,0.139772870262,0.0818556877988
58346460,9.705,0.135391546448,0.0799921255645
58376520,9.71,0.131367878433,0.0721336320471
58406580,9.715,0.134545021773,0.0748761821907
58436640,9.72,0.141286555303,0.0842720264031
58466700,9.725,0.137702557641,0.0834014080576
58496760,9.73,0.134066678338,0.0794395000795
58526820,9.735,0.133842261874,0.0774726795182
58556880,9.74,0.140631084329,0.0815828236352
58586940,9.745,0.151178746098,0.0880353083949
58617000,9.75,0.159007929128,0.0969462861745
58647060,9.755,0.171738507662,0.115181324427
58677120,9.76,0.156864546882,0.101385789329
58707180,9.765,0.150269169342,0.0968189712329
58737240,9.77,0.153691490465,0.104202934436
58767300,9.775,0.151540353084,0.106947022358
58797360,9.78,0.148450611677,0.0995056623458
58827420,9.785,0.15781422245,0.107906954144
58857480,9.79,0.154943333036,0.107417388147
58887540,9.795,0.151135014958,0.105725260973
58917600,9.8,0.152323913922,0.107368214974
58947660,9.805,0.156289154994,0.113081619851
58977720,9.81,0.159110923986,0.113685459602
59007780,9.815,0.146879683773,0.0958091866557
59037840,9.82,0.139066098937,0.0811863802631
59067900,9.825,0.140653323273,0.0799027036543
59097960,9.83,0.149326967397,0.0876437394524
59128020,9.835,0.148290100202,0.086773484637
59158080,9.84,0.147934330551,0.0875189675911
59188140,9.845,0.144567329652,0.0860097664348
59218200,9.85,0.153869617533,0.0981951154919
59248260,9.855,0.162739681443,0.106816384124
59278320,9.86,0.178983949376,0.125132021555
59308380,9.865,0.191102200608,0.12535594202
59338440,9.87,0.204170727644,0.130467733151
59368500,9.875,0.204129457537,0.128044925022
59398560,9.88,0.181553403153,0.105519979198
59428620,9.885,0.167066828624,0.0934419713927
59458680,9.89,0.156286184792,0.0852169097844
59488740,9.895,0.142721881428,0.0772773241387
59518800,9.9,0.13873467309,0.0802299915299
59548860,9.905,0.150094455669,0.0999708771804
59578920,9.91,0.152039253086,0.10646434403
59608980,9.915,0.169871051563,0.130194179573
59639040,9.92,0.184248414172,0.145421865239
59669100,9.925,0.210727245271,0.177995705017
59699160,9.93,0.19599890016,0.150822779959
59729220,9.935,0.203948467466,0.148970690133
59759280,9.94,0.182539253082,0.129579723265
59789340,9.945,0.16330418493,0.11139645898
59819400,9.95,0.151556082628,0.100954632391
59849460,9.955,0.16103155314,0.111820403026
59879520,9.96,0.165751028685,0.120065670685
59909580,9.965,0.164213689375,0.118359521446
59939640,9.97,0.158394903695,0.107801577064
59969700,9.975,0.161690803216,0.112280796159
59999760,9.98,0.167784740684,0.118908474647
60029820,9.985,0.175223437535,0.119802489913
60059880,9.99,0.193057943197,0.136697381329
60089940,9.995,0.196066749605,0.134935500973
60120000,10.0,0.21732397791,0.164653220382
60120001,10.0000001663,0.217317482156,0.164652746679
