30060,0.005,0.142950900768,0.121783591999
60120,0.01,0.14336183833,0.115441809007
90180,0.015,0.131065847112,0.10187713637
120240,0.02,0.139074402651,0.107147081041
150300,0.025,0.142745328571,0.11362305401
180360,0.03,0.147812512623,0.123290231344
210420,0.035,0.147878542183,0.127166624334
240480,0.04,0.13716692609,0.112549309745
270540,0.045,0.133641070309,0.101648976875
300600,0.05,0.133948129148,0.10122452144
330660,0.055,0.146642732374,0.114103660855
360720,0.06,0.150630054136,0.116268763742
390780,0.065,0.142624983458,0.109099704144
420840,0.07,0.143535283475,0.104492246343
450900,0.075,0.152771671997,0.10900765123
480960,0.08,0.160266661556,0.117108207133
511020,0.085,0.161886182788,0.116135996214
541080,0.09,0.159498764077,0.1117195457
571140,0.095,0.14431749654,0.0989770422327
601200,0.1,0.129676748955,0.0905034069648
631260,0.105,0.114760865778,0.0807812498968
661320,0.11,0.116981000924,0.0831021479975
691380,0.115,0.117104621099,0.0893601879349
721440,0.12,0.127117468806,0.108840296502
751500,0.125,0.133332863734,0.116809300986
781560,0.13,0.127988931377,0.11139514265
811620,0.135,0.124565592023,0.100969684174
841680,0.14,0.130489141005,0.104670892753
871740,0.145,0.126902950799,0.100119397601
901800,0.15,0.128841872649,0.103858158246
931860,0.155,0.119530337047,0.0955403708041
961920,0.16,0.107959399636,0.0850007015173
991980,0.165,0.0944091185618,0.0752971061062
1022040,0.17,0.0868174167638,0.0688427269696
1052100,0.175,0.0900966968961,0.0727661598518
1082160,0.18,0.112075160084,0.101704346105
1112220,0.185,0.13143890568,0.118416433253
1142280,0.19,0.129818791025,0.118336787918
1172340,0.195,0.131510122304,0.116231738896
1202400,0.2,0.132519501408,0.118796308432
1232460,0.205,0.12462449077,0.111039785405
1262520,0.21,0.135899718383,0.118949700192
1292580,0.215,0.118154211332,0.0996483741659
1322640,0.22,0.112504159237,0.0935138091015
1352700,0.225,0.112643849739,0.0981254225133
1382760,0.23,0.109007897796,0.0922604574681
1412820,0.235,0.113645715337,0.0967607872884
1442880,0.24,0.121655442429,0.101901750292
1472940,0.245,0.122711804467,0.106076588313
1503000,0.25,0.124558359924,0.102258579364
1533060,0.255,0.150482022124,0.130209095136
1563120,0.26,0.141790914472,0.117772387824
1593180,0.265,0.138942794432,0.115404473198
1623240,0.27,0.118948406382,0.0974829814681
1653300,0.275,0.10541751867,0.0856376496928
1683360,0.28,0.120131345161,0.100777411681
1713420,0.285,0.130794659655,0.111656724032
1743480,0.29,0.14213666952,0.129946357004
1773540,0.295,0.127129218805,0.117966104006
1803600,0.3,0.131752512925,0.123762685183
1833660,0.305,0.121507963355,0.106661005022
1863720,0.31,0.111484069865,0.0957902646189
1893780,0.315,0.11727901402,0.0983133798687
1923840,0.32,0.144653464271,0.129663908818
1953900,0.325,0.139284864694,0.120609101753
1983960,0.33,0.14405127328,0.118459365232
2014020,0.335,0.139344779382,0.108767843199
2044080,0.34,0.136142561124,0.111830776083
2074140,0.345,0.125659015113,0.10290189094
2104200,0.35,0.126478718709,0.100995519939
2134260,0.355,0.121176681334,0.0931127908735
2164320,0.36,0.111009513375,0.0836476115694
2194380,0.365,0.105892206183,0.0821933000594
2224440,0.37,0.111697601622,0.0928482705736
2254500,0.375,0.120835290804,0.105322612076
2284560,0.38,0.125120065819,0.114854762482
2314620,0.385,0.129978689451,0.114097578262
2344680,0.39,0.150178586271,0.129671318717
2374740,0.395,0.143227334504,0.118630095686
2404800,0.4,0.154800414908,0.132068876019
2434860,0.405,0.147507766965,0.132481368948
2464920,0.41,0.142677066341,0.132158565676
2494980,0.415,0.133454532917,0.117160297219
2525040,0.42,0.154745881549,0.136583887609
2555100,0.425,0.150149115152,0.129709239725
2585160,0.43,0.151782779981,0.128814866858
2615220,0.435,0.131882854308,0.113637218679
2645280,0.44,0.126041906442,0.110802748538
2675340,0.445,0.106783614963,0.0896566241677
2705400,0.45,0.102521206339,0.0820977944947
2735460,0.455,0.105092943754,0.0859220427251
2765520,0.46,0.158057706059,0.154163349037
2795580,0.465,0.138748060907,0.131200691968
2825640,0.47,0.127080784717,0.115236755579
2855700,0.475,0.132429622815,0.116125594338
2885760,0.48,0.145719306424,0.126878955522
2915820,0.485,0.140122728469,0.121034974554
2945880,0.49,0.130276213882,0.108620957341
2975940,0.495,0.134642893198,0.114401844718
3006000,0.5,0.14006804003,0.115655215665
3036060,0.505,0.135038925244,0.114442103307
3066120,0.51,0.134903027542,0.11902275177
3096180,0.515,0.130111609918,0.115394855272
3126240,0.52,0.121441429095,0.0989769273882
3156300,0.525,0.112875545119,0.0904137413297
3186360,0.53,0.110665325603,0.0898504592488
3216420,0.535,0.11316503753,0.0941833446774
3246480,0.54,0.118312683888,0.0957371254952
3276540,0.545,0.112910188392,0.0937748241023
3306600,0.55,0.109782930391,0.0931634670913
3336660,0.555,0.0978203820812,0.0802052799448
3366720,0.56,0.102186744657,0.0830964265816
3396780,0.565,0.0970748256438,0.07495129716
3426840,0.57,0.108426480414,0.0892844015935
3456900,0.575,0.115917703404,0.0950867309649
3486960,0.58,0.134644015512,0.109709330823
3517020,0.585,0.128496044523,0.105568010818
3547080,0.59,0.124989833944,0.105676726009
3577140,0.595,0.128927971311,0.108152638194
3607200,0.6,0.147701589771,0.130736425096
3637260,0.605,0.157913710287,0.142906211293
3667320,0.61,0.145071923398,0.126842728029
3697380,0.615,0.130472586722,0.112397582848
3727440,0.62,0.133185504019,0.116580304002
3757500,0.625,0.124682288477,0.101781652971
3787560,0.63,0.120205484472,0.0931464250014
3817620,0.635,0.132693339131,0.104470152476
3847680,0.64,0.152761398853,0.127247151186
3877740,0.645,0.156992041715,0.136397914861
3907800,0.65,0.146180895783,0.124620926349
3937860,0.655,0.131534622539,0.110693785247
3967920,0.66,0.136177607572,0.111558141929
3997980,0.665,0.123233857185,0.0997286874048
4028040,0.67,0.13898571779,0.119647295692
4058100,0.675,0.134400707559,0.111548150596
4088160,0.68,0.135373361013,0.106921161385
4118220,0.685,0.141554597944,0.117774872198
4148280,0.69,0.126587170357,0.104278359961
4178340,0.695,0.119175921822,0.0948943609091
4208400,0.7,0.139438555407,0.116967730705
4238460,0.705,0.161438207922,0.136516653472
4268520,0.71,0.155539187977,0.128098053116
4298580,0.715,0.194113072892,0.169094122544
4328640,0.72,0.239196381964,0.233292558003
4358700,0.725,0.209168020257,0.177077243323
4388760,0.73,0.219887748817,0.18876135707
4418820,0.735,0.20462213157,0.163326470549
4448880,0.74,0.162278543932,0.124496636845
4478940,0.745,0.140292160828,0.106600467187
4509000,0.75,0.131421566307,0.10231496119
4539060,0.755,0.133576820693,0.104579429168
4569120,0.76,0.129366755698,0.102186315085
4599180,0.765,0.133089633237,0.104864284805
4629240,0.77,0.129972830611,0.100494094971
4659300,0.775,0.144487629195,0.112905300002
4689360,0.78,0.141150895198,0.108200364454
4719420,0.785,0.140099528149,0.108835243603
4749480,0.79,0.147572585208,0.10782556458
4779540,0.795,0.141665076725,0.105951152373
4809600,0.8,0.132788281439,0.102805318126
4839660,0.805,0.131755309157,0.101768737188
4869720,0.81,0.135209412389,0.110766384199
4899780,0.815,0.117897267037,0.0942504210609
4929840,0.82,0.112873393678,0.0920702743294
4959900,0.825,0.110805037097,0.0954300898801
4989960,0.83,0.103395957257,0.0886675009187
5020020,0.835,0.115263177631,0.105502579125
5050080,0.84,0.116352216186,0.10702025735
5080140,0.845,0.123769913785,0.11746442479
5110200,0.85,0.119060834734,0.112147727037
5140260,0.855,0.12389997017,0.118046825997
5170320,0.86,0.126115255631,0.122260928745
5200380,0.865,0.137670801165,0.132834978827
5230440,0.87,0.163316729492,0.161743511098
5260500,0.875,0.15692015867,0.153102964329
5290560,0.88,0.156150057318,0.151343692682
5320620,0.885,0.182567077201,0.18870837876
5350680,0.89,0.147780882807,0.143824650506
5380740,0.895,0.120966927981,0.115508220421
5410800,0.9,0.116800859534,0.106591866995
5440860,0.905,0.115068132808,0.0991386720673
5470920,0.91,0.115631806276,0.0989222245025
5500980,0.915,0.120004032868,0.103131133693
5531040,0.92,0.103816722359,0.0891851056533
5561100,0.925,0.0969163039852,0.0801328973733
5591160,0.93,0.106029629447,0.0865738091378
5621220,0.935,0.12419490107,0.105214674
5651280,0.94,0.120556358463,0.105379540364
5681340,0.945,0.121884776306,0.105349495859
5711400,0.95,0.11044563991,0.0879937541918
5741460,0.955,0.105261938903,0.0805440146282
5771520,0.96,0.101729658873,0.0772784242867
5801580,0.965,0.135909941704,0.116983776551
5831640,0.97,0.139187368156,0.122826576686
5861700,0.975,0.140038615276,0.123381640672
5891760,0.98,0.126023402871,0.105656389473
5921820,0.985,0.109703740949,0.0908095434835
5951880,0.99,0.111042469394,0.0932349090761
5981940,0.995,0.102479547443,0.0845816873226
6012000,1.0,0.113555850086,0.0901540828996
6042060,1.005,0.137593450964,0.116977767553
6072120,1.01,0.164998076895,0.147540664739
6102180,1.015,0.166623110884,0.13777067021
6132240,1.02,0.16480308738,0.134280274865
6162300,1.025,0.148549816984,0.118018453806
6192360,1.03,0.145212256839,0.115297525974
6222420,1.035,0.145729667214,0.114103734733
6252480,1.04,0.139671586109,0.107620286317
6282540,1.045,0.127249381669,0.0914967544552
6312600,1.05,0.150952091037,0.112164321808
6342660,1.055,0.151803014751,0.119791991202
6372720,1.06,0.156479547627,0.120879855316
6402780,1.065,0.142761024558,0.11125622354
6432840,1.07,0.13740114192,0.105194947794
6462900,1.075,0.124717312716,0.0954778469265
6492960,1.08,0.137230397455,0.104624985844
6523020,1.085,0.15324666356,0.116491939326
6553080,1.09,0.151836337238,0.119853027686
6583140,1.095,0.149897667453,0.124347740479
6613200,1.1,0.15314271585,0.134920201851
6643260,1.105,0.129586601682,0.113802808857
6673320,1.11,0.129238150155,0.108127065536
6703380,1.115,0.122085109891,0.102010181289
6733440,1.12,0.134745141499,0.120408342831
6763500,1.125,0.143011492716,0.129838518669
6793560,1.13,0.135926384641,0.115621893697
6823620,1.135,0.118115419166,0.0945602675839
6853680,1.14,0.11716264382,0.091855695278
6883740,1.145,0.119726271888,0.0974122365749
6913800,1.15,0.125073340391,0.104084548406
6943860,1.155,0.148351459739,0.125521740085
6973920,1.16,0.145697300469,0.122358068677
7003980,1.165,0.134148875709,0.108306537111
7034040,1.17,0.128827632704,0.0980125434156
7064100,1.175,0.135522428983,0.104037674211
7094160,1.18,0.132064659997,0.101607046025
7124220,1.185,0.13326295779,0.104407047142
7154280,1.19,0.139830229111,0.108756263236
7184340,1.195,0.122953173879,0.0966795067315
7214400,1.2,0.129523234603,0.0986691938791
7244460,1.205,0.13017421795,0.10029095258
7274520,1.21,0.114171783039,0.0882469795925
7304580,1.215,0.103303182039,0.0780220848598
7334640,1.22,0.100908222402,0.075720436029
7364700,1.225,0.09764951605,0.0706207099519
7394760,1.23,0.11000190218,0.0851060827206
7424820,1.235,0.116192459768,0.0932078056875
7454880,1.24,0.149603252922,0.134933068552
7484940,1.245,0.162678426195,0.143279381252
7515000,1.25,0.187962255853,0.164458886612
7545060,1.255,0.218676080583,0.192197813161
7575120,1.26,0.204299367333,0.178591568253
7605180,1.265,0.198370579379,0.17407138384
7635240,1.27,0.182379385195,0.162089102673
7665300,1.275,0.164758573958,0.142239293217
7695360,1.28,0.154860217314,0.131448837203
7725420,1.285,0.155210083702,0.12460068211
7755480,1.29,0.147172769815,0.119989963862
7785540,1.295,0.123910825551,0.101635465761
7815600,1.3,0.120730464011,0.0917678139323
7845660,1.305,0.146768290131,0.111195555987
7875720,1.31,0.15191831849,0.119536332402
7905780,1.315,0.146985454092,0.116938417618
7935840,1.32,0.167238619063,0.134587423239
7965900,1.325,0.164813494241,0.134695278684
7995960,1.33,0.163110423582,0.138860651114
8026020,1.335,0.147686372223,0.118304270213
8056080,1.34,0.137714186091,0.110534224752
8086140,1.345,0.122972779367,0.0977123404558
8116200,1.35,0.129681151473,0.107568627633
8146260,1.355,0.120887776999,0.0955085848512
8176320,1.36,0.131862928313,0.108313299988
8206380,1.365,0.12648879573,0.0983753523325
8236440,1.37,0.124957473438,0.0943201912139
8266500,1.375,0.108937685375,0.0776781752824
8296560,1.38,0.110114482376,0.0773974889466
8326620,1.385,0.114344335407,0.0816887991519
8356680,1.39,0.143213708514,0.118684630783
8386740,1.395,0.17788662315,0.162392164414
8416800,1.4,0.180256151847,0.166172990893
8446860,1.405,0.160823398241,0.137668193738
8476920,1.41,0.136840011643,0.108742097581
8506980,1.415,0.129444045223,0.0983575450511
8537040,1.42,0.128410185125,0.100454139782
8567100,1.425,0.125828264832,0.105081223569
8597160,1.43,0.149978620976,0.131222549169
8627220,1.435,0.161251591822,0.147647487779
8657280,1.44,0.152773630427,0.134723191738
8687340,1.445,0.141801321502,0.121050444095
8717400,1.45,0.14171194992,0.119532959696
8747460,1.455,0.1426725447,0.125133830156
8777520,1.46,0.158165369875,0.148497681668
8807580,1.465,0.147291777411,0.132473792346
8837640,1.47,0.159862805554,0.144995130634
8867700,1.475,0.150039270267,0.130022886305
8897760,1.48,0.14994181512,0.124874645367
8927820,1.485,0.147404395313,0.12423774366
8957880,1.49,0.141802743383,0.122597510863
8987940,1.495,0.136576055999,0.11233375643
9018000,1.5,0.142863137647,0.130215249969
9048060,1.505,0.122212343292,0.110445634091
9078120,1.51,0.108111044871,0.0972123599771
9108180,1.515,0.104636744304,0.0951237190809
9138240,1.52,0.104659967129,0.0943437608202
9168300,1.525,0.105633845162,0.0944745346011
9198360,1.53,0.117153897035,0.104812740024
9228420,1.535,0.127626989684,0.117345254284
9258480,1.54,0.128340119019,0.118230727823
9288540,1.545,0.131993768293,0.116751801917
9318600,1.55,0.156800374822,0.140765673602
9348660,1.555,0.144703247093,0.131137982059
9378720,1.56,0.133723791877,0.119875012906
9408780,1.565,0.143042631809,0.129238623444
9438840,1.57,0.133229766932,0.116167090778
9468900,1.575,0.125372853159,0.108476128795
9498960,1.58,0.115567834262,0.0965054054962
9529020,1.585,0.13247773142,0.105335614909
9559080,1.59,0.140884426949,0.116274523847
9589140,1.595,0.13583907011,0.109845849951
9619200,1.6,0.163819157372,0.142485743886
9649260,1.605,0.171430856182,0.154056835962
9679320,1.61,0.16162979805,0.135343538263
9709380,1.615,0.156181078247,0.128783225317
9739440,1.62,0.160771895411,0.133317018967
9769500,1.625,0.157733005024,0.129652786659
9799560,1.63,0.149568740256,0.12148673504
9829620,1.635,0.139817327478,0.113672887764
9859680,1.64,0.149576099965,0.129699907623
9889740,1.645,0.137940631826,0.122221396158
9919800,1.65,0.12573300091,0.110611601057
9949860,1.655,0.132304974765,0.114050236814
9979920,1.66,0.125975594528,0.103967906432
10009980,1.665,0.114350065939,0.0958162718277
10040040,1.67,0.114234532925,0.100017620578
10070100,1.675,0.111645134508,0.0918688325803
10100160,1.68,0.11692383196,0.0979505271147
10130220,1.685,0.119935145277,0.10166430036
10160280,1.69,0.127467792306,0.107092073937
10190340,1.695,0.152103712057,0.138214880287
10220400,1.7,0.151119916681,0.141529055489
10250460,1.705,0.129945280427,0.1194582936
10280520,1.71,0.118711596085,0.104821735303
10310580,1.715,0.120032222848,0.0993857895419
10340640,1.72,0.116305262289,0.0999207856303
10370700,1.725,0.104534925383,0.0901032210437
10400760,1.73,0.0951036686319,0.0783732290372
10430820,1.735,0.102755837115,0.0881503455274
10460880,1.74,0.116941472406,0.101137312079
10490940,1.745,0.125705430353,0.114746177049
10521000,1.75,0.120039666364,0.105180666183
10551060,1.755,0.123345033035,0.104671305243
10581120,1.76,0.125178142459,0.0993047879033
10611180,1.765,0.131870088905,0.104580497407
10641240,1.77,0.163791106298,0.139108294988
10671300,1.775,0.167728067147,0.133642998988
10701360,1.78,0.181694859682,0.141997845752
10731420,1.785,0.229852730678,0.206926237298
10761480,1.79,0.242007969834,0.208318086116
10791540,1.795,0.247882911867,0.209174477241
10821600,1.8,0.200154661723,0.156353763075
10851660,1.805,0.161559701933,0.120524958871
10881720,1.81,0.151813933417,0.113235567243
10911780,1.815,0.142068023456,0.105297426796
10941840,1.82,0.157657335774,0.137865535015
10971900,1.825,0.147555915606,0.127102810637
11001960,1.83,0.145415015167,0.120447816772
11032020,1.835,0.15104231287,0.128381905006
11062080,1.84,0.139188632779,0.116963494532
11092140,1.845,0.126866870407,0.109229120836
11122200,1.85,0.119187251887,0.101426507128
11152260,1.855,0.11235460618,0.0938615642226
11182320,1.86,0.121815257599,0.104478057453
11212380,1.865,0.12568417146,0.11243523583
11242440,1.87,0.128891875474,0.11764950364
11272500,1.875,0.122451256791,0.10260319499
11302560,1.88,0.108057366644,0.0884927444827
11332620,1.885,0.099752317051,0.0800789510607
11362680,1.89,0.0911376021835,0.0745163051837
11392740,1.895,0.0930179077639,0.0794975020758
11422800,1.9,0.0949794033503,0.0840212606036
11452860,1.905,0.0957747503842,0.085887754037
11482920,1.91,0.0935056461909,0.0843316445619
11512980,1.915,0.0965135804873,0.0880991183404
11543040,1.92,0.117005289475,0.101323549968
11573100,1.925,0.12588182249,0.108182090788
11603160,1.93,0.132688842983,0.113926513226
11633220,1.935,0.135508589505,0.118840662876
11663280,1.94,0.128905587923,0.117277823761
11693340,1.945,0.148848281114,0.144536127011
11723400,1.95,0.148095525113,0.145380896614
11753460,1.955,0.136141839189,0.131293754773
11783520,1.96,0.127763893704,0.113567443614
11813580,1.965,0.140431947945,0.118416248134
11843640,1.97,0.14930490996,0.127566551862
11873700,1.975,0.163553609825,0.142378876467
11903760,1.98,0.145761087981,0.12027479361
11933820,1.985,0.138947460816,0.111446674879
11963880,1.99,0.131516037236,0.107121580737
11993940,1.995,0.132308198326,0.111111418949
12024000,2.0,0.139555925559,0.113248887617
12054060,2.005,0.135095208956,0.105348377674
12084120,2.01,0.14244094239,0.11245223523
12114180,2.015,0.134938955843,0.102958847685
12144240,2.02,0.146131778372,0.113195453679
12174300,2.025,0.13967961024,0.103699118993
12204360,2.03,0.150522716324,0.122675116311
12234420,2.035,0.150457570178,0.126367402425
12264480,2.04,0.184207569591,0.158091305275
12294540,2.045,0.174925984872,0.156645325831
12324600,2.05,0.184881135597,0.170896930586
12354660,2.055,0.159104997793,0.143371359255
12384720,2.06,0.15217783391,0.140566706457
12414780,2.065,0.151526492293,0.136068868934
12444840,2.07,0.181864320508,0.167437312679
12474900,2.075,0.184674271826,0.169729986486
12504960,2.08,0.173041061679,0.147548954774
12535020,2.085,0.167901038126,0.133816814374
12565080,2.09,0.178770894888,0.144629844449
12595140,2.095,0.187055706078,0.148100514534
12625200,2.1,0.179806545256,0.142316765586
12655260,2.105,0.159535655453,0.116772307258
12685320,2.11,0.155674547977,0.119394884467
12715380,2.115,0.159495021139,0.130577642025
12745440,2.12,0.170442688624,0.146353455379
12775500,2.125,0.167664197669,0.146545801269
12805560,2.13,0.184438328009,0.162944861517
12835620,2.135,0.174846972839,0.155067423076
12865680,2.14,0.161496817421,0.145024190041
12895740,2.145,0.161060057876,0.147573638997
12925800,2.15,0.145508934807,0.130061382261
12955860,2.155,0.137614300669,0.115445258708
12985920,2.16,0.157345914023,0.129719286593
13015980,2.165,0.169631082662,0.149031903141
13046040,2.17,0.14684366331,0.118845244085
13076100,2.175,0.13267275213,0.104523129761
13106160,2.18,0.136358164478,0.105991670375
13136220,2.185,0.125936405563,0.0967906383821
13166280,2.19,0.116322386289,0.0927750891112
13196340,2.195,0.117377172771,0.0950652441755
13226400,2.2,0.131717499146,0.108746647679
13256460,2.205,0.127715028174,0.104611620369
13286520,2.21,0.121784604492,0.0986120291497
13316580,2.215,0.11779071536,0.0958175292615
13346640,2.22,0.110599924968,0.0947061368031
13376700,2.225,0.122011908255,0.110723959618
13406760,2.23,0.127479264198,0.116199533651
13436820,2.235,0.130031448176,0.118572649678
13466880,2.24,0.123195261938,0.107985633546
13496940,2.245,0.118935051205,0.102092098716
13527000,2.25,0.128788565513,0.1117501554
13557060,2.255,0.163338592029,0.146023799887
13587120,2.26,0.183166859694,0.171576331916
13617180,2.265,0.194714986443,0.18114671706
13647240,2.27,0.192027238894,0.166859943329
13677300,2.275,0.180877549479,0.148129014741
13707360,2.28,0.162266647096,0.122781593465
13737420,2.285,0.149632939424,0.110404028535
13767480,2.29,0.149625731448,0.115092073219
13797540,2.295,0.134143204533,0.104638749416
13827600,2.3,0.131868634073,0.106666788054
13857660,2.305,0.12241157907,0.0962085792977
13887720,2.31,0.115882512555,0.0911728166753
13917780,2.315,0.130021736449,0.111660763211
13947840,2.32,0.146602471358,0.129319972262
13977900,2.325,0.142735463328,0.127036662118
14007960,2.33,0.162385253255,0.148965638677
14038020,2.335,0.176984212442,0.161584834416
14068080,2.34,0.169183671125,0.15394375601
14098140,2.345,0.159216972326,0.14451259346
14128200,2.35,0.131990750716,0.11137362506
14158260,2.355,0.140278528327,0.111169924205
14188320,2.36,0.151453950219,0.117910909055
14218380,2.365,0.148175212358,0.111837919054
14248440,2.37,0.142399082403,0.105047410524
14278500,2.375,0.152406301507,0.117914192671
14308560,2.38,0.143069322547,0.112504405495
14338620,2.385,0.129324980701,0.101957543304
14368680,2.39,0.145597818056,0.111978463369
14398740,2.395,0.138369224753,0.107770130652
14428800,2.4,0.138587963713,0.108101440352
14458860,2.405,0.137713895435,0.108284722736
14488920,2.41,0.145651709493,0.116315886938
14518980,2.415,0.144687013753,0.106843724516
14549040,2.42,0.154371510229,0.117283028238
14579100,2.425,0.172892732741,0.141214945078
14609160,2.43,0.186307130219,0.156376966419
14639220,2.435,0.192872047473,0.160332165928
14669280,2.44,0.17557403281,0.142333593802
14699340,2.445,0.154485456005,0.122155837276
14729400,2.45,0.145392945085,0.116136015906
14759460,2.455,0.158860541221,0.131183846669
14789520,2.46,0.17222767596,0.148305992046
14819580,2.465,0.163709291262,0.136212486057
14849640,2.47,0.144581399236,0.121561091777
14879700,2.475,0.133531128577,0.1105119168
14909760,2.48,0.127030727174,0.106843708776
14939820,2.485,0.123376273558,0.109916864619
14969880,2.49,0.114907087212,0.103832585279
14999940,2.495,0.113900340775,0.0962622296816
15030000,2.5,0.110952341825,0.0929607977793
15060060,2.505,0.13222280027,0.111162504891
15090120,2.51,0.141611498164,0.121103821914
15120180,2.515,0.158380090699,0.138316758087
15150240,2.52,0.155841407223,0.13269911598
15180300,2.525,0.142305419795,0.121583194812
15210360,2.53,0.143802730339,0.123551039886
15240420,2.535,0.159463922957,0.141665927476
15270480,2.54,0.168228345181,0.153261689868
15300540,2.545,0.145113751023,0.123953360844
15330600,2.55,0.147410005264,0.117694257734
15360660,2.555,0.142533208532,0.108181822808
15390720,2.56,0.157953418216,0.129597074877
15420780,2.565,0.155029288351,0.125248368485
15450840,2.57,0.158557684621,0.125660550577
15480900,2.575,0.174661229879,0.136001451373
15510960,2.58,0.184696398073,0.149946409407
15541020,2.585,0.175277159414,0.140686084246
15571080,2.59,0.191522154701,0.15933282953
15601140,2.595,0.205181499413,0.165518187875
15631200,2.6,0.222588142784,0.184647720357
15661260,2.605,0.24860724206,0.221150736659
15691320,2.61,0.21889914655,0.194284840062
15721380,2.615,0.165120378495,0.1445252265
15751440,2.62,0.138862669773,0.122420690549
15781500,2.625,0.129772407713,0.115353982029
15811560,2.63,0.122493783337,0.100704362138
15841620,2.635,0.112282329318,0.0908452637725
15871680,2.64,0.105900813447,0.0876359958848
15901740,2.645,0.09853470021,0.0836153042698
15931800,2.65,0.100636185497,0.083806446829
15961860,2.655,0.10941136876,0.0923637068223
15991920,2.66,0.117550471442,0.096707537739
16021980,2.665,0.123532651925,0.0984481982826
16052040,2.67,0.129152669188,0.0997801605939
16082100,2.675,0.138963452685,0.104051632866
16112160,2.68,0.138120149473,0.105310287793
16142220,2.685,0.150797889526,0.124561002459
16172280,2.69,0.162996285499,0.140354545515
16202340,2.695,0.187838300649,0.169281730028
16232400,2.7,0.169895870168,0.145411168383
16262460,2.705,0.163721019986,0.134178132099
16292520,2.71,0.161988823366,0.135833828566
16322580,2.715,0.14299329479,0.115319666542
16352640,2.72,0.15786851723,0.127860725823
16382700,2.725,0.177777205567,0.13845678656
16412760,2.73,0.184053353106,0.151714303064
16442820,2.735,0.190215448629,0.161065460533
16472880,2.74,0.18723613495,0.152137696422
16502940,2.745,0.161379437647,0.120869658949
16533000,2.75,0.150375596684,0.111444883528
16563060,2.755,0.14283354087,0.101974445886
16593120,2.76,0.150621965976,0.109895824536
16623180,2.765,0.15266088445,0.113242268968
16653240,2.77,0.14196577564,0.107213070863
16683300,2.775,0.136311510768,0.107145436201
16713360,2.78,0.149589124317,0.119081412967
16743420,2.785,0.143272186131,0.109881207399
16773480,2.79,0.151489516028,0.123492102561
16803540,2.795,0.149200418613,0.126009837488
16833600,2.8,0.121653962024,0.0987395130198
16863660,2.805,0.112077987474,0.0875684571081
16893720,2.81,0.107781600123,0.0841362902611
16923780,2.815,0.106684546818,0.0839623990372
16953840,2.82,0.106964943895,0.088826031596
16983900,2.825,0.107334262521,0.087521177666
17013960,2.83,0.118603509837,0.0968832536716
17044020,2.835,0.120796333901,0.0992383917942
17074080,2.84,0.121429784135,0.0988297364489
17104140,2.845,0.11640367954,0.0954280371476
17134200,2.85,0.112645751822,0.0906171608977
17164260,2.855,0.11615318254,0.0915011275691
17194320,2.86,0.116365086172,0.0900026976845
17224380,2.865,0.136385539096,0.110821287972
17254440,2.87,0.144992785841,0.122731843604
17284500,2.875,0.14739683154,0.123412188733
17314560,2.88,0.149382162256,0.125905093018
17344620,2.885,0.13973015435,0.115195340316
17374680,2.89,0.131592579764,0.110216996403
17404740,2.895,0.138757385313,0.119785509524
17434800,2.9,0.124010058206,0.10463826371
17464860,2.905,0.1081459908,0.0912448537759
17494920,2.91,0.0992622064421,0.0844543341776
17524980,2.915,0.123825180982,0.111906181765
17555040,2.92,0.134108982935,0.122489626104
17585100,2.925,0.154578069542,0.140314152511
17615160,2.93,0.133874289132,0.115186397533
17645220,2.935,0.121479574288,0.101620346914
17675280,2.94,0.102797186651,0.0878042246461
17705340,2.945,0.0887277868163,0.076660283147
17735400,2.95,0.0825597403259,0.0720174205281
17765460,2.955,0.0877542946473,0.0783023423727
17795520,2.96,0.0936253174999,0.0856025375567
17825580,2.965,0.098798612449,0.0885631661528
17855640,2.97,0.102820971495,0.0936743015759
17885700,2.975,0.103177170185,0.0921318753124
17915760,2.98,0.101884574199,0.0894327938972
17945820,2.985,0.107099957632,0.0916129949912
17975880,2.99,0.115999889726,0.104424601081
18005940,2.995,0.105914275753,0.0942047330234
18036000,3.0,0.105307361294,0.0901126946929
18066060,3.005,0.11001681662,0.0930022981671
18096120,3.01,0.108642179356,0.0876532824391
18126180,3.015,0.101147385193,0.079832767714
18156240,3.02,0.0989439417745,0.0817129834541
18186300,3.025,0.104218044518,0.0894902932343
18216360,3.03,0.105607966866,0.0914909138204
18246420,3.035,0.113633842659,0.0950347897834
18276480,3.04,0.125071350687,0.110513850104
18306540,3.045,0.149530314447,0.139031332275
18336600,3.05,0.135101419537,0.121076316355
18366660,3.055,0.122630744143,0.105695533081
18396720,3.06,0.112816279281,0.0961761213188
18426780,3.065,0.123667836007,0.11069508509
18456840,3.07,0.127862336892,0.113018439404
18486900,3.075,0.145772699088,0.134645915383
18516960,3.08,0.167169026881,0.152512931652
18547020,3.085,0.176009486452,0.166879602772
18577080,3.09,0.192403730763,0.178872880978
18607140,3.095,0.175910978589,0.156122590845
18637200,3.1,0.159968438562,0.136295686893
18667260,3.105,0.140780569401,0.114576459788
18697320,3.11,0.137926718711,0.107713825553
18727380,3.115,0.151697162385,0.128322616607
18757440,3.12,0.137135327705,0.120505268395
18787500,3.125,0.119245615229,0.0977547361846
18817560,3.13,0.112139922728,0.0904643204357
18847620,3.135,0.117092936756,0.094070690645
18877680,3.14,0.117304427768,0.0949678222802
18907740,3.145,0.135984675717,0.129593727551
18937800,3.15,0.11380895215,0.104027315067
18967860,3.155,0.116222252132,0.097755287709
18997920,3.16,0.115599637488,0.0941892311368
19027980,3.165,0.116139450935,0.0943510762355
19058040,3.17,0.111693945147,0.0918488272469
19088100,3.175,0.111608355954,0.0954245726942
19118160,3.18,0.115997352271,0.0980018458773
19148220,3.185,0.108529469195,0.0863477552673
19178280,3.19,0.10790975178,0.0838964128487
19208340,3.195,0.116883925494,0.0971226880792
19238400,3.2,0.121682370148,0.103426596305
19268460,3.205,0.125721220441,0.107821160187
19298520,3.21,0.131954751513,0.105938067044
19328580,3.215,0.128218857271,0.100386137829
19358640,3.22,0.124477591933,0.100368906962
19388700,3.225,0.126783556253,0.112043465705
19418760,3.23,0.114817620955,0.099627685991
19448820,3.235,0.0991104179982,0.0813751400132
19478880,3.24,0.0882538077776,0.0702100460948
19508940,3.245,0.083716426477,0.0667064825027
19539000,3.25,0.0874378221179,0.0675999137236
19569060,3.255,0.0937930525697,0.0765949257109
19599120,3.26,0.0942858599062,0.0798170271632
19629180,3.265,0.0842347004953,0.0660711753184
19659240,3.27,0.0778469743904,0.0600205267211
19689300,3.275,0.0706474346462,0.0539115849576
19719360,3.28,0.0666176171795,0.0507131721822
19749420,3.285,0.0674617790809,0.0530316286086
19779480,3.29,0.0751792457017,0.0617162945151
19809540,3.295,0.0997967852508,0.0916898899962
19839600,3.3,0.0946009512858,0.0861811450953
19869660,3.305,0.103484527168,0.0944224706629
19899720,3.31,0.0993843739375,0.0892892854286
19929780,3.315,0.104252181005,0.0995712176393
19959840,3.32,0.103027383614,0.0985188031672
19989900,3.325,0.109912785003,0.106665557764
20019960,3.33,0.100920724179,0.0978170920592
20050020,3.335,0.100273673109,0.0913405154389
20080080,3.34,0.127318474115,0.120098305525
20110140,3.345,0.133155536179,0.119111828635
20140200,3.35,0.129560812668,0.110289786113
20170260,3.355,0.122467944937,0.102364426856
20200320,3.36,0.121802482891,0.101945735537
20230380,3.365,0.140662357113,0.127860646178
20260440,3.37,0.136992472676,0.124865459675
20290500,3.375,0.124463844951,0.115099056604
20320560,3.38,0.10972988176,0.103211807366
20350620,3.385,0.109946334263,0.104430080648
20380680,3.39,0.12217517244,0.115369579901
20410740,3.395,0.114883162299,0.107618522815
20440800,3.4,0.107645971982,0.0987819854769
20470860,3.405,0.108930068083,0.0985964513937
20500920,3.41,0.118295862286,0.107991250443
20530980,3.415,0.123045505821,0.108887903103
20561040,3.42,0.125957943331,0.108028532581
20591100,3.425,0.157305071423,0.144788907967
20621160,3.43,0.187666319409,0.176436412285
20651220,3.435,0.166246014727,0.15419737796
20681280,3.44,0.142932248974,0.126491304043
20711340,3.445,0.132863488845,0.112317121226
20741400,3.45,0.148685521625,0.131592247455
20771460,3.455,0.142205060779,0.120871303297
20801520,3.46,0.137994505179,0.111674356971
20831580,3.465,0.149064907974,0.127663703804
20861640,3.47,0.138056562278,0.118397509827
20891700,3.475,0.136164120138,0.118622778425
20921760,3.48,0.126787102915,0.106273865694
20951820,3.485,0.118709627739,0.0957580992276
20981880,3.49,0.114652079181,0.0928607399526
21011940,3.495,0.103001771572,0.0835827710226
21042000,3.5,0.094152578408,0.076948636978
21072060,3.505,0.0840915682624,0.065365651368
21102120,3.51,0.0813890488326,0.0639957730354
21132180,3.515,0.0821713011411,0.0649902016701
21162240,3.52,0.0894441682444,0.0737758825401
21192300,3.525,0.107777097251,0.0960569853575
21222360,3.53,0.118948588559,0.109246590968
21252420,3.535,0.128680673345,0.118209572607
21282480,3.54,0.132826788889,0.122606145811
21312540,3.545,0.134757598073,0.122605561381
21342600,3.55,0.161494214111,0.148100259353
21372660,3.555,0.149546939345,0.128382070523
21402720,3.56,0.153657228638,0.133401369028
21432780,3.565,0.163518069623,0.143198120644
21462840,3.57,0.156910741314,0.135821889147
21492900,3.575,0.137589585354,0.115580403254
21522960,3.58,0.134836409502,0.111195766835
21553020,3.585,0.138433121893,0.117686958662
21583080,3.59,0.129146526083,0.101534417393
21613140,3.595,0.117940333359,0.0908101087969
21643200,3.6,0.127464469984,0.107391579764
21673260,3.605,0.131068313507,0.112923027066
21703320,3.61,0.123965285255,0.107294244239
21733380,3.615,0.135213615761,0.129422612195
21763440,3.62,0.131798981262,0.129761082931
21793500,3.625,0.12612778418,0.117984070825
21823560,3.63,0.110653740458,0.102555578295
21853620,3.635,0.103668741027,0.093461330667
21883680,3.64,0.0999169258929,0.0910778034183
21913740,3.645,0.108732682844,0.10366192866
21943800,3.65,0.112477452019,0.104710119128
21973860,3.655,0.101018984255,0.0919737460853
22003920,3.66,0.0990880930748,0.0901688987117
22033980,3.665,0.102488011941,0.0923612345429
22064040,3.67,0.0997011490786,0.0836680279367
22094100,3.675,0.0944069648184,0.0766463978514
22124160,3.68,0.094315269902,0.0767688950887
22154220,3.685,0.0935749024806,0.0775484355318
22184280,3.69,0.0956092812294,0.0783631212511
22214340,3.695,0.097330393615,0.0833022015337
22244400,3.7,0.112912926742,0.0972184637943
22274460,3.705,0.123510544676,0.103611695111
22304520,3.71,0.119116310916,0.0949349009118
22334580,3.715,0.122542111044,0.097404750623
22364640,3.72,0.132550059746,0.109280527047
22394700,3.725,0.134243800903,0.111035526088
22424760,3.73,0.132740784933,0.112624757919
22454820,3.735,0.133983706511,0.115408938045
22484880,3.74,0.143022001718,0.132470260991
22514940,3.745,0.128653659768,0.118016572782
22545000,3.75,0.132295787398,0.118690569693
22575060,3.755,0.123539584147,0.108586377596
22605120,3.76,0.137384999685,0.124810127102
22635180,3.765,0.166375486379,0.161122472625
22665240,3.77,0.193501394575,0.195404807253
22695300,3.775,0.163741682857,0.158290657227
22725360,3.78,0.142544167092,0.130094338205
22755420,3.785,0.139955251232,0.127564445781
22785480,3.79,0.138484935919,0.127144586959
22815540,3.795,0.135747164786,0.121737815534
22845600,3.8,0.149386433958,0.125403266354
22875660,3.805,0.144857381958,0.118645762997
22905720,3.81,0.165979316262,0.14472026428
22935780,3.815,0.152281302088,0.132953540079
22965840,3.82,0.131601607848,0.111527470078
22995900,3.825,0.117131367709,0.0980229889105
23025960,3.83,0.11800890363,0.101464743698
23056020,3.835,0.129841154169,0.114175313235
23086080,3.84,0.124946002524,0.107589636755
23116140,3.845,0.139369619192,0.127380642942
23146200,3.85,0.128494209945,0.115679868041
23176260,3.855,0.117208249516,0.100838051215
23206320,3.86,0.102440115867,0.0867689220399
23236380,3.865,0.100654735874,0.083364092862
23266440,3.87,0.115593480999,0.0999387772961
23296500,3.875,0.12837805982,0.10895722463
23326560,3.88,0.120448070912,0.098041258295
23356620,3.885,0.134568865659,0.115760318976
23386680,3.89,0.128094577125,0.10112227242
23416740,3.895,0.139082459455,0.108623660147
23446800,3.9,0.146403872448,0.114793336139
23476860,3.905,0.141530722396,0.112181361842
23506920,3.91,0.130570565322,0.103418284853
23536980,3.915,0.129843962239,0.106617993261
23567040,3.92,0.136660078502,0.112711161571
23597100,3.925,0.140481694868,0.118240764829
23627160,3.93,0.130316394559,0.1060814321
23657220,3.935,0.121025955376,0.0990694551669
23687280,3.94,0.111562230887,0.0907266102154
23717340,3.945,0.120039164556,0.0959746524254
23747400,3.95,0.117025226824,0.0979382506506
23777460,3.955,0.119294539683,0.101768770414
23807520,3.96,0.128942182405,0.112190618681
23837580,3.965,0.111592702836,0.0921164578913
23867640,3.97,0.103176441569,0.0820739479986
23897700,3.975,0.106563579906,0.0863637414222
23927760,3.98,0.107566661854,0.0924234397306
23957820,3.985,0.121411672881,0.111749123003
23987880,3.99,0.116394980921,0.0984443705412
24017940,3.995,0.124600821445,0.109814469069
24048000,4.0,0.138536798928,0.128216552848
24078060,4.005,0.15891110722,0.146327578956
24108120,4.01,0.150991870148,0.130638655224
24138180,4.015,0.150399563825,0.131938800007
24168240,4.02,0.136605623151,0.112463596733
24198300,4.025,0.14553506831,0.11820124396
24228360,4.03,0.129932015708,0.102031408913
24258420,4.035,0.123819465846,0.0976023142136
24288480,4.04,0.117308452843,0.0953306280397
24318540,4.045,0.113234082054,0.0904190828389
24348600,4.05,0.118656047234,0.0948307269803
24378660,4.055,0.143050822173,0.115576526617
24408720,4.06,0.159296156345,0.138171336398
24438780,4.065,0.133208356218,0.117982995423
24468840,4.07,0.116048376208,0.0992332253186
24498900,4.075,0.115134192262,0.0981253016272
24528960,4.08,0.111794457337,0.0959890339151
24559020,4.085,0.104028338033,0.0903623130225
24589080,4.09,0.10159294303,0.0866779756112
24619140,4.095,0.0958989282196,0.0815203417676
24649200,4.1,0.0961359648911,0.0765533716159
24679260,4.105,0.093797031011,0.0737502747791
24709320,4.11,0.086902401527,0.0705555987661
24739380,4.115,0.0884985578947,0.0725458170683
24769440,4.12,0.0943681209864,0.0793991419873
24799500,4.125,0.105266213905,0.0918345937023
24829560,4.13,0.102625381469,0.0849565092334
24859620,4.135,0.106476894385,0.0894168889721
24889680,4.14,0.105388821024,0.0863058249212
24919740,4.145,0.131194483417,0.112427615887
24949800,4.15,0.128745738583,0.112527888297
24979860,4.155,0.120153574551,0.102346399623
25009920,4.16,0.11943484322,0.0985124785688
25039980,4.165,0.119901393328,0.0929913108233
25070040,4.17,0.118249651584,0.0943894706766
25100100,4.175,0.114947698453,0.0901140630398
25130160,4.18,0.104696237613,0.0815128431284
25160220,4.185,0.11023472617,0.0914126224829
25190280,4.19,0.106241214113,0.0873298339298
25220340,4.195,0.0966232827353,0.075818597825
25250400,4.2,0.0887050314545,0.06976150272
25280460,4.205,0.0884721941321,0.0708963441585
25310520,4.21,0.0979406267241,0.0784442625647
25340580,4.215,0.116205256255,0.0950844810808
25370640,4.22,0.13858469847,0.11630915819
25400700,4.225,0.137344418005,0.116484787766
25430760,4.23,0.144444784745,0.131655140908
25460820,4.235,0.143837894408,0.138465985571
25490880,4.24,0.14974823387,0.144976884708
25520940,4.245,0.151878949993,0.155298280333
25551000,4.25,0.13879660386,0.134704474913
25581060,4.255,0.121900828732,0.110088321176
25611120,4.26,0.109406108169,0.0944127230974
25641180,4.265,0.106919082106,0.093608481165
25671240,4.27,0.105586304163,0.0911218074836
25701300,4.275,0.117808446462,0.110187612075
25731360,4.28,0.106707230171,0.0981899589494
25761420,4.285,0.100941002859,0.0867382296084
25791480,4.29,0.110345475048,0.0924721191335
25821540,4.295,0.106417428553,0.0904076782878
25851600,4.3,0.0945344830401,0.078083890069
25881660,4.305,0.101675266691,0.0850352579242
25911720,4.31,0.119426067366,0.107474680321
25941780,4.315,0.109060560075,0.0973300784127
25971840,4.32,0.101775581574,0.0905752697563
26001900,4.325,0.114562035238,0.102423492874
26031960,4.33,0.12143499187,0.100440201194
26062020,4.335,0.13458158186,0.106877950002
26092080,4.34,0.138262643559,0.110881959236
26122140,4.345,0.133783788107,0.104501506917
26152200,4.35,0.118580094118,0.08781539176
26182260,4.355,0.1064397618,0.0748150943569
26212320,4.36,0.117186785722,0.0850146737255
26242380,4.365,0.112031024544,0.0819773534818
26272440,4.37,0.124797716468,0.0965602943776
26302500,4.375,0.133680176256,0.108804026363
26332560,4.38,0.133168830441,0.105000465615
26362620,4.385,0.145952579296,0.124269785717
26392680,4.39,0.152739835241,0.128944360869
26422740,4.395,0.187837045602,0.163467410369
26452800,4.4,0.199226009649,0.172330873655
26482860,4.405,0.162583938985,0.140015953207
26512920,4.41,0.159361899817,0.131087577266
26542980,4.415,0.164639607784,0.135333305735
26573040,4.42,0.151361529987,0.128072335714
26603100,4.425,0.133109410189,0.114500622402
26633160,4.43,0.12626260123,0.109429302943
26663220,4.435,0.142262582052,0.127410125313
26693280,4.44,0.125756062821,0.112115137067
26723340,4.445,0.127496701056,0.11312748947
26753400,4.45,0.156861871883,0.146938693439
26783460,4.455,0.140358220643,0.130003104388
26813520,4.46,0.133606901395,0.118435577896
26843580,4.465,0.121147929133,0.104998734695
26873640,4.47,0.129908873695,0.115054896097
26903700,4.475,0.11690460816,0.102793473093
26933760,4.48,0.120656524996,0.105645604164
26963820,4.485,0.136933308255,0.127941560917
26993880,4.49,0.145677246398,0.134186100223
27023940,4.495,0.162625434308,0.152518550993
27054000,4.5,0.159483141398,0.146690174254
27084060,4.505,0.15857182363,0.149322120754
27114120,4.51,0.155623498019,0.148449875354
27144180,4.515,0.144275433012,0.134034267671
27174240,4.52,0.149702554154,0.134656080225
27204300,4.525,0.167160638568,0.145961385784
27234360,4.53,0.155114938364,0.131028878529
27264420,4.535,0.161350889719,0.13415257921
27294480,4.54,0.147191121375,0.116827387261
27324540,4.545,0.145429762266,0.115015377509
27354600,4.55,0.142231115141,0.109584836213
27384660,4.555,0.143704757077,0.108495550082
27414720,4.56,0.155307870981,0.126260839977
27444780,4.565,0.142983012258,0.120252909445
27474840,4.57,0.125345457406,0.103291079954
27504900,4.575,0.120625846486,0.0963344558141
27534960,4.58,0.123808361604,0.0998079537197
27565020,4.585,0.116712228161,0.0951253426845
27595080,4.59,0.122573044965,0.103752257114
27625140,4.595,0.133209274326,0.117885093584
27655200,4.6,0.147805918308,0.13169532655
27685260,4.605,0.174327028078,0.153895663486
27715320,4.61,0.160690340921,0.134823452776
27745380,4.615,0.164516228449,0.136763177383
27775440,4.62,0.14673525752,0.112690707474
27805500,4.625,0.13964195978,0.108190252016
27835560,4.63,0.145945180076,0.122801066148
27865620,4.635,0.141704586894,0.121389005515
27895680,4.64,0.137997006361,0.118886167834
27925740,4.645,0.119661930887,0.100280091919
27955800,4.65,0.109892405908,0.0920196345561
27985860,4.655,0.10778512111,0.0862192919184
28015920,4.66,0.107077866787,0.0839358237831
28045980,4.665,0.11447821736,0.0939845984993
28076040,4.67,0.116918134381,0.0959686565643
28106100,4.675,0.116995250506,0.0991822484223
28136160,4.68,0.116066141578,0.098549800732
28166220,4.685,0.122568327991,0.101084235323
28196280,4.69,0.117698155871,0.093613048348
28226340,4.695,0.115115418156,0.0960025933842
28256400,4.7,0.116454225362,0.100122129488
28286460,4.705,0.125971624335,0.108478715485
28316520,4.71,0.130159441864,0.110606250419
28346580,4.715,0.146261550807,0.11968881122
28376640,4.72,0.173930217099,0.143756214798
28406700,4.725,0.172575727344,0.141887459869
28436760,4.73,0.166565751598,0.135767220715
28466820,4.735,0.159242622046,0.121580520279
28496880,4.74,0.173781245512,0.131538163212
28526940,4.745,0.184951630183,0.137324476242
28557000,4.75,0.178601528544,0.123487097684
28587060,4.755,0.187707905433,0.134003095994
28617120,4.76,0.211873436785,0.175453929933
28647180,4.765,0.255967846243,0.229791175822
28677240,4.77,0.221208946442,0.185798566945
28707300,4.775,0.193515914823,0.152431136133
28737360,4.78,0.191136822033,0.144627599375
28767420,4.785,0.201099202102,0.145421373163
28797480,4.79,0.19250471196,0.142080373044
28827540,4.795,0.179324494989,0.137628542963
28857600,4.8,0.177162980207,0.140053304456
28887660,4.805,0.209712478718,0.186902422693
28917720,4.81,0.212558819261,0.194014361273
28947780,4.815,0.19251932028,0.158417042589
28977840,4.82,0.19497584487,0.153357944973
29007900,4.825,0.199494852781,0.164465280594
29037960,4.83,0.182441116186,0.149717763457
29068020,4.835,0.172086715376,0.139013821364
29098080,4.84,0.15470233678,0.11879273823
29128140,4.845,0.144769298071,0.108871148673
29158200,4.85,0.137127397602,0.0992042248032
29188260,4.855,0.149936015555,0.113983940415
29218320,4.86,0.146294098069,0.115321053755
29248380,4.865,0.141707486914,0.10895927372
29278440,4.87,0.160701309075,0.1294034093
29308500,4.875,0.171275480661,0.137408628864
29338560,4.88,0.167216064207,0.134315699529
29368620,4.885,0.150319498407,0.122371061518
29398680,4.89,0.136363482572,0.101422920569
29428740,4.895,0.131257248923,0.097493069586
29458800,4.9,0.164955908119,0.144487422275
29488860,4.905,0.144903420651,0.128856281253
29518920,4.91,0.119952791258,0.103182961877
29548980,4.915,0.109262106865,0.0872332109239
29579040,4.92,0.112711741357,0.0980676470711
29609100,4.925,0.11225981048,0.099719285829
29639160,4.93,0.115747834084,0.100813561895
29669220,4.935,0.112880760424,0.098644284087
29699280,4.94,0.124422384637,0.115684243497
29729340,4.945,0.140400367326,0.126021051619
29759400,4.95,0.13796238228,0.114448673355
29789460,4.955,0.119687432204,0.0977133655025
29819520,4.96,0.106997856796,0.0828179337247
29849580,4.965,0.101709250118,0.0771810012643
29879640,4.97,0.10856781012,0.0880260239771
29909700,4.975,0.12047441101,0.106990001445
29939760,4.98,0.119601770717,0.103093068005
29969820,4.985,0.104233386812,0.0844294941887
29999880,4.99,0.105980318068,0.0857641404413
30029940,4.995,0.101480343277,0.0800682071011
30060000,5.0,0.0983433142241,0.0802363171488
30090060,5.005,0.107446698267,0.0887414021583
30120120,5.01,0.123841779045,0.105432059263
30150180,5.015,0.124445111262,0.106034548864
30180240,5.02,0.122895287239,0.107927824111
30210300,5.025,0.115267864988,0.0997393414765
30240360,5.03,0.120676766789,0.108049408622
30270420,5.035,0.127519835236,0.114410785768
30300480,5.04,0.142017131573,0.125090650436
30330540,5.045,0.135861417889,0.117548311532
30360600,5.05,0.12766230641,0.108399616766
30390660,5.055,0.113976435713,0.0928468234718
30420720,5.06,0.116480286261,0.0917341001143
30450780,5.065,0.128285324363,0.101042459803
30480840,5.07,0.135126214697,0.108785939897
30510900,5.075,0.125860053956,0.100705982519
30540960,5.08,0.13212349523,0.108460591502
30571020,5.085,0.152859723044,0.127392843819
30601080,5.09,0.152461728874,0.129264118433
30631140,5.095,0.187726828427,0.180205003675
30661200,5.1,0.164110426766,0.157157065986
30691260,5.105,0.160217382389,0.151393264867
30721320,5.11,0.150169516384,0.143569630386
30751380,5.115,0.130945346265,0.127164473575
30781440,5.12,0.123902188361,0.114491135823
30811500,5.125,0.110394143091,0.0986010143911
30841560,5.13,0.103066607765,0.0849655108983
30871620,5.135,0.100720451103,0.0816125295874
30901680,5.14,0.110321802749,0.0900851296583
30931740,5.145,0.118799378866,0.102958325859
30961800,5.15,0.116020506084,0.101524665656
30991860,5.155,0.112028997728,0.096834380529
31021920,5.16,0.100299045728,0.084135293523
31051980,5.165,0.095261403667,0.0789936154383
31082040,5.17,0.0990494534073,0.0807377712733
31112100,5.175,0.0982846377742,0.0789597407795
31142160,5.18,0.105219200227,0.0863051914275
31172220,5.185,0.0949458689764,0.0782870118089
31202280,5.19,0.0883158743069,0.0719126187898
31232340,5.195,0.0985780306094,0.0828295749319
31262400,5.2,0.105101177253,0.0856226284436
31292460,5.205,0.096646170247,0.0800958739099
31322520,5.21,0.104020959428,0.0880836618906
31352580,5.215,0.125394345618,0.113113659523
31382640,5.22,0.11357533683,0.105348741018
31412700,5.225,0.108882343407,0.101596369272
31442760,5.23,0.106122278036,0.0948847585891
31472820,5.235,0.104515258681,0.0887636532861
31502880,5.24,0.102591965769,0.0854311410269
31532940,5.245,0.104228137906,0.0846653182053
31563000,5.25,0.125800595964,0.102128542776
31593060,5.255,0.128962996864,0.108518744935
31623120,5.26,0.139062705089,0.121657603877
31653180,5.265,0.133038907978,0.117023943002
31683240,5.27,0.134370190803,0.120348140621
31713300,5.275,0.123395432181,0.105944789278
31743360,5.28,0.136993900573,0.117557581515
31773420,5.285,0.149459242661,0.128180263006
31803480,5.29,0.155239000283,0.128172377491
31833540,5.295,0.147437850835,0.121478860428
31863600,5.3,0.141524466237,0.115811817152
31893660,5.305,0.178274934438,0.164453389751
31923720,5.31,0.169328832017,0.149489701431
31953780,5.315,0.148671441504,0.128040611319
31983840,5.32,0.136298124078,0.111617762722
32013900,5.325,0.146237784807,0.121751433101
32043960,5.33,0.135939251274,0.110056598958
32074020,5.335,0.142584587404,0.121435935512
32104080,5.34,0.127881917824,0.113356019034
32134140,5.345,0.115650086389,0.100341694505
32164200,5.35,0.115668037032,0.107671296991
32194260,5.355,0.116185837373,0.109504018799
32224320,5.36,0.116031114119,0.11077709666
32254380,5.365,0.10633757052,0.0993628137069
32284440,5.37,0.109405511275,0.0994454353976
32314500,5.375,0.110209609441,0.0959260154314
32344560,5.38,0.114095540985,0.0947052997795
32374620,5.385,0.128411368198,0.106255913959
32404680,5.39,0.154132097187,0.138808866156
32434740,5.395,0.161135361048,0.146069980159
32464800,5.4,0.164638511955,0.143268900125
32494860,5.405,0.160457547455,0.136373444875
32524920,5.41,0.148610882166,0.125926969328
32554980,5.415,0.15311511873,0.134767947845
32585040,5.42,0.149118711308,0.129319290126
32615100,5.425,0.148291933087,0.124324816545
32645160,5.43,0.135352956129,0.111286617654
32675220,5.435,0.137687457098,0.112639057537
32705280,5.44,0.142526398939,0.108606265744
32735340,5.445,0.148538533464,0.107630758598
32765400,5.45,0.184737902409,0.151274214149
32795460,5.455,0.202772403662,0.180761402967
32825520,5.46,0.208014897988,0.184807947253
32855580,5.465,0.178681454249,0.140705967528
32885640,5.47,0.152396487153,0.113803102215
32915700,5.475,0.159225082168,0.126090025176
32945760,5.48,0.138485110702,0.107451451825
32975820,5.485,0.125762066844,0.0920619378491
33005880,5.49,0.136572397116,0.102699154739
33035940,5.495,0.15788310522,0.122917238739
33066000,5.5,0.151835813619,0.115099310822
33096060,5.505,0.143731503325,0.105787443403
33126120,5.51,0.149024843271,0.112290232518
33156180,5.515,0.140694075335,0.104400778462
33186240,5.52,0.152140664293,0.11337249185
33216300,5.525,0.159780455378,0.125233515087
33246360,5.53,0.164420676159,0.13333639384
33276420,5.535,0.19500917352,0.162427752522
33306480,5.54,0.185359681187,0.149858424344
33336540,5.545,0.181860531091,0.147781149235
33366600,5.55,0.169359463942,0.13520448312
33396660,5.555,0.152602901399,0.124968081427
33426720,5.56,0.1346317537,0.104558455786
33456780,5.565,0.110451876835,0.0807267945182
33486840,5.57,0.100377446549,0.067625771837
33516900,5.575,0.105180266683,0.0688790962367
33546960,5.58,0.122609417394,0.0866998607246
33577020,5.585,0.13426219891,0.0991636337566
33607080,5.59,0.144825358979,0.113911166735
33637140,5.595,0.148071748903,0.119882930428
33667200,5.6,0.145143457887,0.109846017831
33697260,5.605,0.152351560825,0.115503500941
33727320,5.61,0.149472096553,0.113504167091
33757380,5.615,0.138712074083,0.103277183341
33787440,5.62,0.136342977468,0.109147546829
33817500,5.625,0.124803510457,0.100943831237
33847560,5.63,0.128361330912,0.107103643204
33877620,5.635,0.13180856438,0.114676674125
33907680,5.64,0.124559372549,0.107781203605
33937740,5.645,0.118310792477,0.0978387324255
33967800,5.65,0.112255889445,0.0898371513249
33997860,5.655,0.123804519493,0.0988758223709
34027920,5.66,0.132759527022,0.0995524622396
34057980,5.665,0.164469474653,0.124608850049
34088040,5.67,0.175316976723,0.134502428963
34118100,5.675,0.18208541856,0.14129936517
34148160,5.68,0.189489646946,0.146392522203
34178220,5.685,0.169214572398,0.125567296249
34208280,5.69,0.15137431474,0.103840489406
34238340,5.695,0.156612087188,0.108620546851
34268400,5.7,0.183638407813,0.133183204013
34298460,5.705,0.189810330305,0.134003399385
34328520,5.71,0.172681086994,0.116374292127
34358580,5.715,0.186667327971,0.134544653505
34388640,5.72,0.154838978981,0.113516296225
34418700,5.725,0.137993675792,0.10513414152
34448760,5.73,0.136031539605,0.108015913106
34478820,5.735,0.127127391409,0.102088407438
34508880,5.74,0.121412000167,0.104532521143
34538940,5.745,0.104858675941,0.093064186579
34569000,5.75,0.0941707558427,0.086129253124
34599060,5.755,0.0864199059691,0.0755630212417
34629120,5.76,0.0807515670223,0.0683771010688
34659180,5.765,0.102734698631,0.0968244994353
34689240,5.77,0.0870125727528,0.0769106523502
34719300,5.775,0.0816884329724,0.0702201946016
34749360,5.78,0.0800113977222,0.0707669073527
34779420,5.785,0.0794259608399,0.0728877456522
34809480,5.79,0.0953368736556,0.0937729557859
34839540,5.795,0.0943533956073,0.0917402513994
34869600,5.8,0.0936070404046,0.0885205929381
34899660,5.805,0.0958887617311,0.0876290468158
34929720,5.81,0.0932554582903,0.0809125190145
34959780,5.815,0.0897434138988,0.0744507682927
34989840,5.82,0.0887378516673,0.0689939067812
35019900,5.825,0.0999381774044,0.0841263198249
35049960,5.83,0.102706686286,0.0884768123165
35080020,5.835,0.108701899212,0.0951671545867
35110080,5.84,0.108191312257,0.0964440939372
35140140,5.845,0.114628989816,0.100666839052
35170200,5.85,0.110858716269,0.0991336039591
35200260,5.855,0.115973185184,0.104363146499
35230320,5.86,0.107661683113,0.0918515972553
35260380,5.865,0.127019374153,0.104327388169
35290440,5.87,0.157007590656,0.132808176937
35320500,5.875,0.163912442893,0.133064113016
35350560,5.88,0.15659202992,0.133297074771
35380620,5.885,0.163760267779,0.142835363729
35410680,5.89,0.145778862619,0.120152405676
35440740,5.895,0.15150825695,0.127075461625
35470800,5.9,0.150978911304,0.128279429837
35500860,5.905,0.139308932565,0.11458321065
35530920,5.91,0.145507120986,0.119219151677
35560980,5.915,0.147365392762,0.11911249581
35591040,5.92,0.148601952145,0.116900829532
35621100,5.925,0.142325817226,0.113066764786
35651160,5.93,0.138450654902,0.115592828621
35681220,5.935,0.135181839162,0.113950908538
35711280,5.94,0.133619480066,0.110123114585
35741340,5.945,0.124694616107,0.100953229415
35771400,5.95,0.112131152639,0.090318635035
35801460,5.955,0.104538547419,0.0861651695749
35831520,5.96,0.104677891652,0.085912662873
35861580,5.965,0.122256305432,0.101420539084
35891640,5.97,0.115690309415,0.0947675616088
35921700,5.975,0.129617567495,0.116300680017
35951760,5.98,0.12479743817,0.104704613455
35981820,5.985,0.119191671628,0.0935271018019
36011880,5.99,0.115264355712,0.0873397269802
36041940,5.995,0.106750740218,0.0812882803602
36072000,6.0,0.104294815841,0.0821564895986
36102060,6.005,0.11391561979,0.099305518744
36132120,6.01,0.122581108426,0.106374781
36162180,6.015,0.144704860081,0.129095259005
36192240,6.02,0.145586209809,0.132154708024
36222300,6.025,0.13044661506,0.111756066509
36252360,6.03,0.122389697063,0.105392259188
36282420,6.035,0.116114188454,0.0993916895905
36312480,6.04,0.102633103534,0.087789602527
36342540,6.045,0.0953340293952,0.0803151948926
36372600,6.05,0.0918757981615,0.0778542389813
36402660,6.055,0.097051767826,0.0815133938521
36432720,6.06,0.105025915635,0.0884938786358
36462780,6.065,0.0993186181315,0.0874629904994
36492840,6.07,0.131391235451,0.120699905507
36522900,6.075,0.142891161583,0.129784743068
36552960,6.08,0.165665506771,0.1532295137
36583020,6.085,0.154809505621,0.137475819428
36613080,6.09,0.14661397312,0.129871653366
36643140,6.095,0.154344673244,0.133014601937
36673200,6.1,0.167656252222,0.144139409206
36703260,6.105,0.148567740381,0.124560185879
36733320,6.11,0.136311636338,0.108131435585
36763380,6.115,0.131734384041,0.107158777234
36793440,6.12,0.119619022178,0.0995479181863
36823500,6.125,0.0988726934291,0.0787656714931
36853560,6.13,0.080874194211,0.0613356424548
36883620,6.135,0.0837591268705,0.0653711570794
36913680,6.14,0.087533143633,0.073831757989
36943740,6.145,0.0874919778363,0.0764596346588
36973800,6.15,0.0840320870837,0.0733639569147
37003860,6.155,0.0831845847781,0.0710644214028
37033920,6.16,0.0882742250548,0.0747157368335
37063980,6.165,0.0774291510316,0.065743704078
37094040,6.17,0.0701411158376,0.0606357775885
37124100,6.175,0.076266365051,0.0684136972595
37154160,6.18,0.0930495286933,0.0876317533485
37184220,6.185,0.0974080794113,0.0942458552563
37214280,6.19,0.108958764487,0.10472843656
37244340,6.195,0.100616777536,0.0977296092032
37274400,6.2,0.10869964899,0.101821977847
37304460,6.205,0.107283439444,0.092453854771
37334520,6.21,0.100054935392,0.0842765099297
37364580,6.215,0.0970135798006,0.0815228796715
37394640,6.22,0.106493892814,0.0939617848783
37424700,6.225,0.0967408944726,0.0819894007364
37454760,6.23,0.0948832709315,0.0759790585226
37484820,6.235,0.096450146366,0.0757478842218
37514880,6.24,0.109995239481,0.0878156400575
37544940,6.245,0.118256076484,0.0956017463313
37575000,6.25,0.112623857289,0.0870145901878
37605060,6.255,0.107215500058,0.085011944266
37635120,6.26,0.106738845562,0.082176005092
37665180,6.265,0.116662307445,0.092109162914
37695240,6.27,0.114463473711,0.088153703136
37725300,6.275,0.10823206686,0.0801923479641
37755360,6.28,0.103138562102,0.0768992281338
37785420,6.285,0.094206184091,0.0729832662699
37815480,6.29,0.101617774066,0.079229325442
37845540,6.295,0.110245612059,0.0897199196259
37875600,6.3,0.119917342593,0.102454798577
37905660,6.305,0.135165851826,0.123624834031
37935720,6.31,0.119906085872,0.104587588566
37965780,6.315,0.103455767734,0.0842291288992
37995840,6.32,0.0978945069792,0.0789839318441
38025900,6.325,0.102147189981,0.0894924231131
38055960,6.33,0.0990819595852,0.0867311161736
38086020,6.335,0.0931320004637,0.0803759080428
38116080,6.34,0.0961100576469,0.0838771486522
38146140,6.345,0.12075152137,0.111077219328
38176200,6.35,0.132003419687,0.124323083684
38206260,6.355,0.110006787743,0.0986282267831
38236320,6.36,0.10482007755,0.0912638149415
38266380,6.365,0.111505719784,0.100425802859
38296440,6.37,0.108962940653,0.0991951540854
38326500,6.375,0.105496282149,0.0907807824415
38356560,6.38,0.104744812403,0.0844705854165
38386620,6.385,0.1191920319,0.0949625072504
38416680,6.39,0.116461978108,0.0909125876784
38446740,6.395,0.114128552379,0.0850021850475
38476800,6.4,0.110497817831,0.0836053144834
38506860,6.405,0.109434221177,0.086029854265
38536920,6.41,0.111841216213,0.091003170991
38566980,6.415,0.118321696204,0.0935528434028
38597040,6.42,0.11708177344,0.0972627665132
38627100,6.425,0.147221263648,0.139854094326
38657160,6.43,0.15731389625,0.148901556636
38687220,6.435,0.15827163967,0.142941209995
38717280,6.44,0.162332523145,0.146108182603
38747340,6.445,0.141608028547,0.129261498217
38777400,6.45,0.130763477805,0.111180436835
38807460,6.455,0.141582805841,0.12317651124
38837520,6.46,0.142410912173,0.130427758627
38867580,6.465,0.134410340595,0.121345431466
38897640,6.47,0.15755087989,0.143755293972
38927700,6.475,0.14751749835,0.122306849398
38957760,6.48,0.149805425542,0.12373721167
38987820,6.485,0.142425795118,0.115024127756
39017880,6.49,0.137666219966,0.113411272772
39047940,6.495,0.127827968702,0.108969785062
39078000,6.5,0.142249129967,0.125624524986
39108060,6.505,0.145540830541,0.122846411348
39138120,6.51,0.149483230624,0.128883313339
39168180,6.515,0.143617040148,0.120096639507
39198240,6.52,0.142299485738,0.116907528096
39228300,6.525,0.15017353025,0.128317882806
39258360,6.53,0.170554247471,0.164460158605
39288420,6.535,0.143121475325,0.131047198419
39318480,6.54,0.141230076265,0.121032582444
39348540,6.545,0.134181499006,0.117323068905
39378600,6.55,0.12062343337,0.104854738861
39408660,6.555,0.120905050069,0.107260556621
39438720,6.56,0.121697554282,0.100978287863
39468780,6.565,0.131201831748,0.111011786327
39498840,6.57,0.151622627055,0.141915544228
39528900,6.575,0.145340245759,0.141685104439
39558960,6.58,0.122007443659,0.113621197267
39589020,6.585,0.11643298325,0.101529821945
39619080,6.59,0.101187542442,0.0897533953725
39649140,6.595,0.0945412887041,0.0847153325304
39679200,6.6,0.0979687005156,0.0913260705003
39709260,6.605,0.0958309341729,0.0929341093809
39739320,6.61,0.0991841199777,0.0980728003
39769380,6.615,0.0990036441854,0.095062681787
39799440,6.62,0.103636974649,0.0955718923604
39829500,6.625,0.124073501065,0.109440823042
39859560,6.63,0.12909654438,0.109622637382
39889620,6.635,0.152172258568,0.126245400388
39919680,6.64,0.153273342431,0.116385484414
39949740,6.645,0.185746921682,0.149931813869
39979800,6.65,0.194000121579,0.158664908588
40009860,6.655,0.186789959655,0.142652780887
40039920,6.66,0.173181564686,0.129979124124
40069980,6.665,0.179878059436,0.133414625167
40100040,6.67,0.174241780432,0.135178169174
40130100,6.675,0.147045947297,0.109867944188
40160160,6.68,0.132136376899,0.0976805009964
40190220,6.685,0.117150272405,0.086814480907
40220280,6.69,0.114106032498,0.0881562258737
40250340,6.695,0.111661507096,0.0888887844045
40280400,6.7,0.116180589704,0.0940924628888
40310460,6.705,0.133007358016,0.111365635063
40340520,6.71,0.145739143576,0.12629789782
40370580,6.715,0.145571928912,0.127880710082
40400640,6.72,0.13744148646,0.112946754579
40430700,6.725,0.131448774912,0.106821087855
40460760,6.73,0.129734733329,0.108188511484
40490820,6.735,0.142335252635,0.125769590639
40520880,6.74,0.159136152073,0.149134986778
40550940,6.745,0.152872537407,0.138307685891
40581000,6.75,0.138931559753,0.120980941801
40611060,6.755,0.136064897495,0.120605235688
40641120,6.76,0.134420340922,0.114620642123
40671180,6.765,0.130528164308,0.110041496948
40701240,6.77,0.172230455314,0.167277219894
40731300,6.775,0.173106378802,0.170506723281
40761360,6.78,0.146645954814,0.137636242486
40791420,6.785,0.12272910238,0.108592615338
40821480,6.79,0.119280005111,0.100506853229
40851540,6.795,0.148980193725,0.124075140686
40881600,6.8,0.151496742663,0.125568179404
40911660,6.805,0.146023658864,0.118705031592
40941720,6.81,0.155879858653,0.128778515389
40971780,6.815,0.165724137735,0.127837744252
41001840,6.82,0.174688560729,0.145432850624
41031900,6.825,0.177933638248,0.145733492767
41061960,6.83,0.208063649836,0.182023522106
41092020,6.835,0.204836583816,0.180392893959
41122080,6.84,0.176777798664,0.150454373013
41152140,6.845,0.146777411557,0.116656275161
41182200,6.85,0.124828136551,0.098697126529
41212260,6.855,0.103547854756,0.0806624603303
41242320,6.86,0.0924605149416,0.0748326274198
41272380,6.865,0.0908967523793,0.0754022496309
41302440,6.87,0.0953690751222,0.0798196019378
41332500,6.875,0.0916119261781,0.0760028312997
41362560,6.88,0.102889267695,0.0869769652961
41392620,6.885,0.129479802957,0.111297282683
41422680,6.89,0.121531079014,0.0980704040808
41452740,6.895,0.131933426425,0.111198109081
41482800,6.9,0.123129729196,0.102791385087
41512860,6.905,0.119460625944,0.100834302337
41542920,6.91,0.113932329899,0.093820155186
41572980,6.915,0.120375365835,0.0989401441264
41603040,6.92,0.114800148836,0.0945258057621
41633100,6.925,0.124689933783,0.104391973169
41663160,6.93,0.113337655333,0.0899356897505
41693220,6.935,0.104772327298,0.0825626989289
41723280,6.94,0.100223716017,0.0824220096411
41753340,6.945,0.0978431946288,0.0756403847046
41783400,6.95,0.0981115321927,0.0723055606973
41813460,6.955,0.113009845838,0.0884183129501
41843520,6.96,0.127958885888,0.104816593068
41873580,6.965,0.123011889055,0.101262696658
41903640,6.97,0.128508377792,0.109694611015
41933700,6.975,0.131924575626,0.116576243064
41963760,6.98,0.154167624378,0.146472742627
41993820,6.985,0.143784237403,0.134766775374
42023880,6.99,0.131672627017,0.115695430713
42053940,6.995,0.123452882075,0.109562762392
42084000,7.0,0.121664854032,0.103767673596
42114060,7.005,0.114732861665,0.0997708763835
42144120,7.01,0.105260062773,0.0908353604638
42174180,7.015,0.103425229597,0.0856055883716
42204240,7.02,0.104018634615,0.0836064153697
42234300,7.025,0.114847827086,0.102267042624
42264360,7.03,0.11902137265,0.110253407297
42294420,7.035,0.106113635083,0.096701943422
42324480,7.04,0.116730878343,0.104202937263
42354540,7.045,0.126593414686,0.109079767257
42384600,7.05,0.123876871562,0.0969058406973
42414660,7.055,0.122382597498,0.0919540721819
42444720,7.06,0.159181750631,0.134124302174
42474780,7.065,0.151271906273,0.125834522766
42504840,7.07,0.158389339282,0.141468717016
42534900,7.075,0.13681230979,0.123332020722
42564960,7.08,0.130481617436,0.110123433203
42595020,7.085,0.115116204883,0.0972190479908
42625080,7.09,0.113053020686,0.0955465809694
42655140,7.095,0.107227842593,0.0899817483653
42685200,7.1,0.101571119055,0.0850262284615
42715260,7.105,0.104570972171,0.0917024462892
42745320,7.11,0.104483219321,0.090368540344
42775380,7.115,0.103654732216,0.0863549825569
42805440,7.12,0.103106907873,0.0868042412853
42835500,7.125,0.105707726328,0.0885738299109
42865560,7.13,0.0998767894238,0.0797399533134
42895620,7.135,0.0958465400551,0.0739588256272
42925680,7.14,0.0975898782204,0.0777605463508
42955740,7.145,0.10567963638,0.0825247259197
42985800,7.15,0.115305005862,0.095765384823
43015860,7.155,0.10751823016,0.0877346632227
43045920,7.16,0.110516824045,0.0888754661326
43075980,7.165,0.104469952216,0.0811044437755
43106040,7.17,0.101030099956,0.0758480453514
43136100,7.175,0.115659998493,0.092142440898
43166160,7.18,0.114650279037,0.0925046029624
43196220,7.185,0.110229161395,0.0891744515635
43226280,7.19,0.117417972113,0.0931260491021
43256340,7.195,0.120528751288,0.0967305348035
43286400,7.2,0.129322997546,0.107069618264
43316460,7.205,0.139488884026,0.113517523955
43346520,7.21,0.137784764667,0.107416369388
43376580,7.215,0.122206797984,0.0946268598947
43406640,7.22,0.133283899755,0.11060275833
43436700,7.225,0.122650096314,0.105248603831
43466760,7.23,0.108114380589,0.0975566146619
43496820,7.235,0.0985509117078,0.0923930221737
43526880,7.24,0.0904096442666,0.0810282727037
43556940,7.245,0.0922430179485,0.083737198423
43587000,7.25,0.107704928249,0.0981720599091
43617060,7.255,0.109361006988,0.0950493439202
43647120,7.26,0.135667675238,0.123082020908
43677180,7.265,0.137246861553,0.117875091795
43707240,7.27,0.138216659942,0.117303286457
43737300,7.275,0.138521014144,0.111213071027
43767360,7.28,0.14166187925,0.112768466508
43797420,7.285,0.140908229025,0.1150464905
43827480,7.29,0.127397821946,0.0992567952496
43857540,7.295,0.116165022555,0.0911778771139
43887600,7.3,0.106215525704,0.0826026669432
43917660,7.305,0.12343680968,0.106198802389
43947720,7.31,0.11185758935,0.0995813572684
43977780,7.315,0.0976953784386,0.0843418519979
44007840,7.32,0.0939361170889,0.083236467593
44037900,7.325,0.101547979013,0.0953593960561
44067960,7.33,0.119148007654,0.11864563258
44098020,7.335,0.109785545742,0.108240728455
44128080,7.34,0.118806633474,0.120057918006
44158140,7.345,0.115464910134,0.108972091908
44188200,7.35,0.134857775774,0.13075876072
44218260,7.355,0.139489499707,0.135034493679
44248320,7.36,0.136210751053,0.130593845391
44278380,7.365,0.126996873135,0.118635874087
44308440,7.37,0.149086866263,0.13425829386
44338500,7.375,0.140714555426,0.127806993178
44368560,7.38,0.138156873886,0.124474880359
44398620,7.385,0.13774663241,0.123467447956
44428680,7.39,0.148146685969,0.138755825185
44458740,7.395,0.136599748274,0.127872583798
44488800,7.4,0.131332608173,0.126338453893
44518860,7.405,0.10883694521,0.100192666444
44548920,7.41,0.103991352901,0.0925429558867
44578980,7.415,0.104011361319,0.0888721720045
44609040,7.42,0.100972460593,0.0873820729567
44639100,7.425,0.0991529953234,0.0903586243633
44669160,7.43,0.10171457192,0.0983892824001
44699220,7.435,0.110598604536,0.105392288736
44729280,7.44,0.112575030235,0.101306764375
44759340,7.445,0.111492671566,0.0984934539016
44789400,7.45,0.106387242547,0.0912848036373
44819460,7.455,0.103095669747,0.0915422374015
44849520,7.46,0.115656069432,0.107001102577
44879580,7.465,0.108868404031,0.10178087905
44909640,7.47,0.113146654544,0.107876849049
44939700,7.475,0.108000951928,0.104459191899
44969760,7.48,0.119846818151,0.111356000817
44999820,7.485,0.145192827996,0.136042596237
45029880,7.49,0.149741672832,0.127687371668
45059940,7.495,0.136582832616,0.113216901283
45090000,7.5,0.13805508412,0.113788247283
45120060,7.505,0.158675455429,0.14278445701
45150120,7.51,0.159698023878,0.14145833697
45180180,7.515,0.156385787158,0.134020256325
45210240,7.52,0.142982201112,0.118173926162
45240300,7.525,0.139362938429,0.114877823953
45270360,7.53,0.136554769207,0.109377254589
45300420,7.535,0.135487111199,0.110563550589
45330480,7.54,0.123363864392,0.102077350675
45360540,7.545,0.130210680446,0.110053882404
45390600,7.55,0.127278838486,0.108870614487
45420660,7.555,0.123607975062,0.104190333016
45450720,7.56,0.124011866062,0.109055725238
45480780,7.565,0.125303173888,0.106804179746
45510840,7.57,0.11981798503,0.10213560458
45540900,7.575,0.110546512545,0.0956619723032
45570960,7.58,0.0979900784296,0.0811761209281
45601020,7.585,0.0936832954017,0.0740673954368
45631080,7.59,0.0877821707005,0.0701378895271
45661140,7.595,0.0836268127165,0.066835861381
45691200,7.6,0.0876021211085,0.0721796380548
45721260,7.605,0.100908239225,0.0892232218548
45751320,7.61,0.104018805431,0.0867177993254
45781380,7.615,0.103496353736,0.0843161439979
45811440,7.62,0.105034517601,0.0883683683612
45841500,7.625,0.12238774436,0.108679866743
45871560,7.63,0.127053135006,0.111326891419
45901620,7.635,0.120573857831,0.104070811686
45931680,7.64,0.120308559908,0.101250130349
45961740,7.645,0.142149935774,0.131289295652
45991800,7.65,0.143694434535,0.136964837051
46021860,7.655,0.123871562924,0.111717283948
46051920,7.66,0.113001187841,0.0955057747364
46081980,7.665,0.115697845451,0.0883913353384
46112040,7.67,0.109268866093,0.0827567800783
46142100,7.675,0.111982328622,0.0878189663887
46172160,7.68,0.107278846219,0.0851568384749
46202220,7.685,0.122193443989,0.108720231765
46232280,7.69,0.160459150389,0.155516572537
46262340,7.695,0.172794642283,0.158789309745
46292400,7.7,0.151821084246,0.131723148792
46322460,7.705,0.134449596444,0.114326047241
46352520,7.71,0.131113766929,0.11402215145
46382580,7.715,0.110244997999,0.0949000145786
46412640,7.72,0.101595661429,0.0868304417781
46442700,7.725,0.110043047409,0.0967865411951
46472760,7.73,0.10864366286,0.0993847765656
46502820,7.735,0.114170911524,0.105304412387
46532880,7.74,0.11261608927,0.100522677818
46562940,7.745,0.10558481072,0.0912511693402
46593000,7.75,0.104336432271,0.0890254940793
46623060,7.755,0.115557206028,0.0960406178911
46653120,7.76,0.114259273872,0.0942592775116
46683180,7.765,0.103434159166,0.0834822363505
46713240,7.77,0.101210212537,0.08285969982
46743300,7.775,0.115057749509,0.0953382600789
46773360,7.78,0.124521794034,0.106543124159
46803420,7.785,0.135091790061,0.118762121254
46833480,7.79,0.117217140687,0.0992358988309
46863540,7.795,0.101595690523,0.0843798745175
46893600,7.8,0.0895932294573,0.0751967922215
46923660,7.805,0.090690753866,0.0742754346629
46953720,7.81,0.0916509535388,0.076512903181
46983780,7.815,0.0838798410916,0.0704230324106
47013840,7.82,0.0897621464373,0.0768303990587
47043900,7.825,0.0952024424815,0.0792847730828
47073960,7.83,0.101238426275,0.0837307577929
47104020,7.835,0.120569149366,0.103506771693
47134080,7.84,0.133430750851,0.121156719499
47164140,7.845,0.123107890755,0.108868865828
47194200,7.85,0.112218663891,0.0933829779936
47224260,7.855,0.105376179683,0.0789540302117
47254320,7.86,0.108057689135,0.0802598667739
47284380,7.865,0.117393632026,0.0953255192268
47314440,7.87,0.115814527858,0.0913456475571
47344500,7.875,0.13161687405,0.107351890857
47374560,7.88,0.128577723761,0.108026109387
47404620,7.885,0.124161190232,0.107368152991
47434680,7.89,0.125895447496,0.107362993378
47464740,7.895,0.122165533212,0.0983227052029
47494800,7.9,0.116374580283,0.0951347932245
47524860,7.905,0.115101057182,0.0938379394352
47554920,7.91,0.121860086366,0.109034710112
47584980,7.915,0.121985288773,0.114482694572
47615040,7.92,0.112364953204,0.105343424308
47645100,7.925,0.112675258327,0.0978231061344
47675160,7.93,0.104025855988,0.0841318640567
47705220,7.935,0.109764533556,0.089831648823
47735280,7.94,0.114759100966,0.0950527501885
47765340,7.945,0.139998812397,0.118681071645
47795400,7.95,0.175047145448,0.147220096814
47825460,7.955,0.192263444035,0.16831922869
47855520,7.96,0.181586361512,0.152079209662
47885580,7.965,0.182987545434,0.150568132702
47915640,7.97,0.193748290723,0.169705954139
47945700,7.975,0.180134717854,0.150631771675
47975760,7.98,0.180974546101,0.153183170485
48005820,7.985,0.163330224152,0.135859384168
48035880,7.99,0.158809946695,0.136576374509
48065940,7.995,0.153222279479,0.138353364549
48096000,8.0,0.142446759044,0.131210043258
48126060,8.005,0.154953138683,0.151878976834
48156120,8.01,0.151764018177,0.151911923644
48186180,8.015,0.148774741966,0.142973029379
48216240,8.02,0.142277803768,0.129143983902
48246300,8.025,0.130621516634,0.112138779726
48276360,8.03,0.140109402094,0.120362494028
48306420,8.035,0.145478181943,0.127445504722
48336480,8.04,0.16648291518,0.155585399742
48366540,8.045,0.155780474279,0.13830651114
48396600,8.05,0.158924961694,0.143158923683
48426660,8.055,0.155168759713,0.141721797965
48456720,8.06,0.137317532229,0.12365102105
48486780,8.065,0.121348633072,0.104637855338
48516840,8.07,0.129072282812,0.110033099935
48546900,8.075,0.166761574627,0.147407312979
48576960,8.08,0.177470712136,0.163287488573
48607020,8.085,0.172041994159,0.162734177424
48637080,8.09,0.141223096428,0.133012244123
48667140,8.095,0.131035615772,0.124100865958
48697200,8.1,0.128418425273,0.117275613881
48727260,8.105,0.123545626492,0.109893785656
48757320,8.11,0.124050339968,0.106019248976
48787380,8.115,0.141549613284,0.128010597761
48817440,8.12,0.162086331575,0.151083226407
48847500,8.125,0.162641623869,0.154748019741
48877560,8.13,0.135967456032,0.121918694042
48907620,8.135,0.115204590317,0.101860123812
48937680,8.14,0.110177431529,0.0969215731015
48967740,8.145,0.105091759211,0.0858758155711
48997800,8.15,0.119451369213,0.101137777401
49027860,8.155,0.165900398838,0.160934917147
49057920,8.16,0.152823099385,0.142849068892
49087980,8.165,0.160193484484,0.148242779368
49118040,8.17,0.130394619985,0.112645242127
49148100,8.175,0.120312446548,0.10043735604
49178160,8.18,0.120446520689,0.104211234427
49208220,8.185,0.125413318955,0.111419006191
49238280,8.19,0.122135554972,0.110830860399
49268340,8.195,0.126400613777,0.109877215039
49298400,8.2,0.1144806947,0.100087399576
49328460,8.205,0.113519075139,0.100366379671
49358520,8.21,0.106916487838,0.0945811237363
49388580,8.215,0.110770285517,0.101832166029
49418640,8.22,0.1136664846,0.107283091981
49448700,8.225,0.111833586089,0.105161782573
49478760,8.23,0.130233950618,0.130958463632
49508820,8.235,0.126497737293,0.121532634794
49538880,8.24,0.112689315557,0.106642022854
49568940,8.245,0.10477452854,0.0968040426858
49599000,8.25,0.106211055923,0.0970036790009
49629060,8.255,0.117160539926,0.105273436113
49659120,8.26,0.125026550054,0.109243725264
49689180,8.265,0.124173730809,0.108883949962
49719240,8.27,0.117048254103,0.1005617909
49749300,8.275,0.125748901789,0.104266775792
49779360,8.28,0.132545236732,0.106636330552
49809420,8.285,0.13629286023,0.113050654348
49839480,8.29,0.131747559943,0.102282226185
49869540,8.295,0.120677124117,0.0884304436397
49899600,8.3,0.117798982022,0.0913864213278
49929660,8.305,0.115976924884,0.0905605394285
49959720,8.31,0.137298198258,0.110369681156
49989780,8.315,0.136183619812,0.110962678378
50019840,8.32,0.125286335132,0.0975715363871
50049900,8.325,0.123907333825,0.0947981244165
50079960,8.33,0.117657342482,0.0884754439442
50110020,8.335,0.124169747679,0.100555273359
50140080,8.34,0.128747119687,0.11395023738
50170140,8.345,0.114659588227,0.0975911863069
50200200,8.35,0.106190114398,0.0889066360717
50230260,8.355,0.101634430541,0.0819918196962
50260320,8.36,0.105671375075,0.0856398159104
50290380,8.365,0.120924597642,0.0973665156872
50320440,8.37,0.132659343309,0.105830454367
50350500,8.375,0.167017720381,0.147858567996
50380560,8.38,0.196437822691,0.18273466747
50410620,8.385,0.208252108698,0.18210406448
50440680,8.39,0.184530802323,0.156263121483
50470740,8.395,0.208258157591,0.181853387811
50500800,8.4,0.199555876897,0.172477955177
50530860,8.405,0.172691500911,0.145192769025
50560920,8.41,0.139528275506,0.115271699577
50590980,8.415,0.125231415782,0.103200040274
50621040,8.42,0.113819752823,0.0925088662769
50651100,8.425,0.104310133355,0.0843074911565
50681160,8.43,0.0973144108383,0.0791562332114
50711220,8.435,0.134614839865,0.130644813609
50741280,8.44,0.118845827189,0.111121091733
50771340,8.445,0.11751494477,0.109704358339
50801400,8.45,0.11899871372,0.110038688884
50831460,8.455,0.105928924036,0.0943888938979
50861520,8.46,0.098220279682,0.088507006196
50891580,8.465,0.087920700179,0.0754366356035
50921640,8.47,0.0805907518445,0.0661482452058
50951700,8.475,0.0814963755923,0.0687254823437
50981760,8.48,0.0984171564027,0.0932461051964
51011820,8.485,0.0953707529545,0.0892386832796
51041880,8.49,0.10760872744,0.0998044678693
51071940,8.495,0.104916019701,0.0962799831818
51102000,8.5,0.109078137776,0.0910972905916
51132060,8.505,0.107137746862,0.0902647532157
51162120,8.51,0.110508324631,0.0932288408514
51192180,8.515,0.109077687313,0.0918121918631
51222240,8.52,0.104878875329,0.0903247800663
51252300,8.525,0.112432452875,0.0968229655456
51282360,8.53,0.131043768463,0.113805328259
51312420,8.535,0.141518496547,0.11967252199
51342480,8.54,0.13575972862,0.107590804938
51372540,8.545,0.123782471933,0.0923502836561
51402600,8.55,0.121182436314,0.0872356845721
51432660,8.555,0.125922927271,0.0888213390565
51462720,8.56,0.12446815715,0.0939605553748
51492780,8.565,0.116939965599,0.0909476226878
51522840,8.57,0.117362972846,0.0925837319617
51552900,8.575,0.103781419874,0.0823679154862
51582960,8.58,0.10734652078,0.0867969298456
51613020,8.585,0.121538226404,0.100518836403
51643080,8.59,0.116008140986,0.0951189517899
51673140,8.595,0.11354153587,0.0932604747893
51703200,8.6,0.123213086601,0.103400815534
51733260,8.605,0.126196097353,0.109443661323
51763320,8.61,0.121678504068,0.10410420163
51793380,8.615,0.143655046767,0.1201706507
51823440,8.62,0.160402015295,0.144910470051
51853500,8.625,0.139315730275,0.125401422172
51883560,8.63,0.119229347347,0.106861798205
51913620,8.635,0.116180379055,0.107057526075
51943680,8.64,0.113984393264,0.101547619766
51973740,8.645,0.13351501354,0.116159456469
52003800,8.65,0.197927904187,0.190204287287
52033860,8.655,0.182511149654,0.170147872967
52063920,8.66,0.184298420538,0.169507679519
52093980,8.665,0.190157549921,0.169578053725
52124040,8.67,0.170532031657,0.14604457805
52154100,8.675,0.167000180007,0.139965031266
52184160,8.68,0.136025367651,0.111916648541
52214220,8.685,0.150268656171,0.126717401383
52244280,8.69,0.152949986481,0.13524011588
52274340,8.695,0.142338976198,0.123027174558
52304400,8.7,0.165340238249,0.146534385015
52334460,8.705,0.20152042494,0.195707496003
52364520,8.71,0.174649949002,0.166194820157
52394580,8.715,0.154780914731,0.133470744158
52424640,8.72,0.141108210892,0.11299966617
52454700,8.725,0.149047668153,0.125241406538
52484760,8.73,0.147802965506,0.120634683382
52514820,8.735,0.137913680546,0.109402304334
52544880,8.74,0.126429716795,0.0979314923313
52574940,8.745,0.135129910571,0.109488144935
52605000,8.75,0.130879897387,0.1093519616
52635060,8.755,0.165245256725,0.150412402591
52665120,8.76,0.158531656086,0.142380549543
52695180,8.765,0.150472990529,0.135644941928
52725240,8.77,0.157695295452,0.142795061785
52755300,8.775,0.156366378426,0.132038515158
52785360,8.78,0.150992189828,0.126371009739
52815420,8.785,0.181107458469,0.162036301264
52845480,8.79,0.183204034114,0.15440417977
52875540,8.795,0.169828119979,0.143913283932
52905600,8.8,0.144727259598,0.119960049147
52935660,8.805,0.132321737579,0.109449321211
52965720,8.81,0.139216681916,0.120154653019
52995780,8.815,0.124562928971,0.108532067112
53025840,8.82,0.135644057957,0.118376430702
53055900,8.825,0.120567577079,0.107477273322
53085960,8.83,0.111087725546,0.093722127881
53116020,8.835,0.113624942247,0.0960066710457
53146080,8.84,0.110843085176,0.093564200634
53176140,8.845,0.123549521301,0.109943785259
53206200,8.85,0.113350556629,0.0980825148376
53236260,8.855,0.108838978004,0.0940887164125
53266320,8.86,0.108644020012,0.0908011133893
53296380,8.865,0.124558559013,0.103860313647
53326440,8.87,0.126224279005,0.0976083225217
53356500,8.875,0.122783078,0.0930868118548
53386560,8.88,0.139164379487,0.109924660141
53416620,8.885,0.166315376139,0.136202428109
53446680,8.89,0.183112634244,0.152513828478
53476740,8.895,0.186423257526,0.158174010055
53506800,8.9,0.167312455386,0.134919242645
53536860,8.905,0.151204012766,0.116348528849
53566920,8.91,0.133205297056,0.102510367915
53596980,8.915,0.137046095588,0.11056361714
53627040,8.92,0.13351396259,0.108411193138
53657100,8.925,0.115149922983,0.0918167068373
53687160,8.93,0.103019766193,0.0839495025155
53717220,8.935,0.091609841811,0.0760121288937
53747280,8.94,0.0921241471455,0.075566102331
53777340,8.945,0.092484846717,0.0779936876992
53807400,8.95,0.0922500133775,0.0759229855757
53837460,8.955,0.102405267334,0.0815896937347
53867520,8.96,0.11633408766,0.0945223432643
53897580,8.965,0.136569381272,0.117347290082
53927640,8.97,0.134747093376,0.112155521703
53957700,8.975,0.12821961219,0.0995744500796
53987760,8.98,0.132151587606,0.109475859839
54017820,8.985,0.166165163901,0.156693984649
54047880,8.99,0.150289347502,0.1241203887
54077940,8.995,0.1448306154,0.114673138815
54108000,9.0,0.143595535128,0.109893159685
54138060,9.005,0.152629480771,0.118610751662
54168120,9.01,0.187149143918,0.151275979279
54198180,9.015,0.176176717048,0.141496159793
54228240,9.02,0.164296629364,0.132782763978
54258300,9.025,0.153149861368,0.119591938348
54288360,9.03,0.141280926849,0.108899986842
54318420,9.035,0.13714116605,0.105254373808
54348480,9.04,0.163022621595,0.137447027483
54378540,9.045,0.167898000853,0.151558435436
54408600,9.05,0.158672013422,0.143528546106
54438660,9.055,0.161072912495,0.144965871206
54468720,9.06,0.147500166332,0.131718646198
54498780,9.065,0.139399395079,0.120570588299
54528840,9.07,0.14413209304,0.123284443032
54558900,9.075,0.146156328902,0.124931990996
54588960,9.08,0.14774459756,0.130040324679
54619020,9.085,0.136928888474,0.118510898182
54649080,9.09,0.154704104123,0.142189741174
54679140,9.095,0.158368073472,0.146963506386
54709200,9.1,0.15016197377,0.126069276145
54739260,9.105,0.126736001816,0.0960992609881
54769320,9.11,0.129633132746,0.100385645392
54799380,9.115,0.145570176468,0.118558700463
54829440,9.12,0.148139641825,0.115802483919
54859500,9.125,0.15559038706,0.119181363432
54889560,9.13,0.162741431561,0.130619482193
54919620,9.135,0.162259276326,0.140142427636
54949680,9.14,0.161077245167,0.135942400371
54979740,9.145,0.14056204994,0.112108378389
55009800,9.15,0.128154181538,0.101935608639
55039860,9.155,0.115977075821,0.0897172756308
55069920,9.16,0.136358373499,0.107951832126
55099980,9.165,0.13780537766,0.108166435207
55130040,9.17,0.142006076387,0.116958491092
55160100,9.175,0.143188078857,0.117419947525
55190160,9.18,0.136246531066,0.111829525334
55220220,9.185,0.150026578254,0.135552766856
55250280,9.19,0.157903223942,0.144935412144
55280340,9.195,0.17187435098,0.147351808112
55310400,9.2,0.162913775572,0.133007017643
55340460,9.205,0.163050232706,0.136550039959
55370520,9.21,0.17484967319,0.144694263803
55400580,9.215,0.172690544858,0.135906500033
55430640,9.22,0.184191965295,0.151271573854
55460700,9.225,0.167453220609,0.136697158216
55490760,9.23,0.141045216957,0.11406425425
55520820,9.235,0.123135912805,0.0994641566109
55550880,9.24,0.124588863288,0.0970063348039
55580940,9.245,0.134288589735,0.107145994053
55611000,9.25,0.155045522553,0.133086715482
55641060,9.255,0.161967427462,0.145904702634
55671120,9.26,0.145261929007,0.132079782057
55701180,9.265,0.14314127393,0.126153628112
55731240,9.27,0.163951636497,0.140479038039
55761300,9.275,0.166066544817,0.151306096719
55791360,9.28,0.157398472744,0.143089851407
55821420,9.285,0.139587608838,0.124719754807
55851480,9.29,0.129292093976,0.116129382224
55881540,9.295,0.120876616335,0.102755531358
55911600,9.3,0.114694500817,0.0938903244021
55941660,9.305,0.111426264913,0.0896521292564
55971720,9.31,0.107201507,0.0901616042017
56001780,9.315,0.109399865749,0.0912123613119
56031840,9.32,0.13887809473,0.11553177092
56061900,9.325,0.153073158077,0.116363289837
56091960,9.33,0.157842800475,0.119036784585
56122020,9.335,0.165999465954,0.130094355933
56152080,9.34,0.173622255127,0.13964892529
56182140,9.345,0.169983074785,0.137004034257
56212200,9.35,0.195525063409,0.184986682864
56242260,9.355,0.159304431197,0.14264904724
56272320,9.36,0.135625934097,0.108223797836
56302380,9.365,0.128441029478,0.101842746759
56332440,9.37,0.114978670154,0.0896794620961
56362500,9.375,0.124312497155,0.105218061015
56392560,9.38,0.115002827746,0.094452953846
56422620,9.385,0.102423476725,0.0829120968494
56452680,9.39,0.104472222882,0.085584414217
56482740,9.395,0.0894020538425,0.0712301785247
56512800,9.4,0.0880251916852,0.0662823821676
56542860,9.405,0.0952174696804,0.0715202725435
56572920,9.41,0.0983488050219,0.0784314367136
56602980,9.415,0.103984754194,0.0815835321392
56633040,9.42,0.0974056814994,0.077028004875
56663100,9.425,0.0935447428584,0.0762180041341
56693160,9.43,0.0987953615381,0.0853758457944
56723220,9.435,0.101323027588,0.0920406537456
56753280,9.44,0.1083405299,0.101476333343
56783340,9.445,0.101602833971,0.0922602991923
56813400,9.45,0.109780098527,0.0986079868173
56843460,9.455,0.116125964709,0.109227335899
56873520,9.46,0.112111536647,0.105827954092
56903580,9.465,0.121295009838,0.11770825825
56933640,9.47,0.121438451925,0.111271070088
56963700,9.475,0.11188982213,0.0970086541854
56993760,9.48,0.101045616591,0.0836654892919
57023820,9.485,0.109874923215,0.0923297632892
57053880,9.49,0.127089286196,0.110368456533
57083940,9.495,0.120126405891,0.0990362377549
57114000,9.5,0.125289178434,0.10287409452
57144060,9.505,0.144769041048,0.128411511518
57174120,9.51,0.133883208125,0.122593509187
57204180,9.515,0.130468407973,0.118824538821
57234240,9.52,0.119884152952,0.108579190977
57264300,9.525,0.107097683739,0.0906437050655
57294360,9.53,0.110988772371,0.0932251087276
57324420,9.535,0.105132250211,0.0948067749217
57354480,9.54,0.106586501887,0.0940412488484
57384540,9.545,0.120478097937,0.105431018077
57414600,9.55,0.139639387792,0.130581873205
57444660,9.555,0.155899397788,0.147787034999
57474720,9.56,0.130107580634,0.117652069267
57504780,9.565,0.109343149605,0.0925176423364
57534840,9.57,0.0934852349022,0.0765954700383
57564900,9.575,0.0848287281669,0.0674997010165
57594960,9.58,0.0797638575024,0.0612158069299
57625020,9.585,0.0776540814738,0.0578032775786
57655080,9.59,0.0795708915792,0.0564569774439
57685140,9.595,0.0908944778986,0.065244420124
57715200,9.6,0.0945952135662,0.0732247435949
57745260,9.605,0.0890392590998,0.0688517197279
57775320,9.61,0.0851605660318,0.0666601940226
57805380,9.615,0.101217435113,0.0855176450039
57835440,9.62,0.12227033352,0.119327671904
57865500,9.625,0.12434593833,0.11961967008
57895560,9.63,0.117662085345,0.109542971104
57925620,9.635,0.119789317766,0.108883036544
57955680,9.64,0.11668944367,0.107152164543
57985740,9.645,0.113506556317,0.103132841783
58015800,9.65,0.105913625404,0.0927898291446
58045860,9.655,0.107636834655,0.0924665864318
58075920,9.66,0.107484067136,0.0885926351105
58105980,9.665,0.0995768331391,0.077118048125
58136040,9.67,0.109875200001,0.0857028989642
58166100,9.675,0.105995294948,0.0812550731543
58196160,9.68,0.105851069957,0.079009406877
58226220,9.685,0.106347965885,0.0806172056878
58256280,9.69,0.111380781278,0.0910275883118
58286340,9.695,0.106673604399,0.0895648882335
58316400,9.7,0.105838476805,0.0831348106573
58346460,9.705,0.0997556252078,0.0819269988211
58376520,9.71,0.0931394157735,0.0738470695875
58406580,9.715,0.0925452649445,0.0749489198033
58436640,9.72,0.101298692421,0.0822614200845
58466700,9.725,0.101878264938,0.0824792883781
58496760,9.73,0.0986183799392,0.082039337854
58526820,9.735,0.0948723853603,0.0778894069928
58556880,9.74,0.0991780844266,0.0809609842828
58586940,9.745,0.109867707099,0.0881689415803
58617000,9.75,0.119740607725,0.0944065769133
58647060,9.755,0.137000373279,0.117441268818
58677120,9.76,0.121328591512,0.10392601659
58707180,9.765,0.113789150706,0.0966267532126
58737240,9.77,0.11802040747,0.102538586809
58767300,9.775,0.119037347838,0.10780504442
58797360,9.78,0.111894277297,0.100619324709
58827420,9.785,0.121915024153,0.109708554061
58857480,9.79,0.120043245433,0.110566255663
58887540,9.795,0.114216293524,0.1071006347
58917600,9.8,0.116389735293,0.107878476084
58947660,9.805,0.12089264717,0.113854874699
58977720,9.81,0.12364702058,0.116263953064
59007780,9.815,0.111103449764,0.101204876417
59037840,9.82,0.101204482096,0.0857890517694
59067900,9.825,0.101931287387,0.0829477944835
59097960,9.83,0.110679092382,0.0921153376558
59128020,9.835,0.109695400059,0.0895797677794
59158080,9.84,0.111849858792,0.0903660976408
59188140,9.845,0.105514292413,0.0886553427684
59218200,9.85,0.114540134762,0.0965028002744
59248260,9.855,0.123001432492,0.106362988631
59278320,9.86,0.136752463813,0.12848784754
59308380,9.865,0.14560846317,0.128533620639
59338440,9.87,0.162846248661,0.130992726149
59368500,9.875,0.169446929016,0.131186601164
59398560,9.88,0.147228369624,0.110590634734
59428620,9.885,0.128663832331,0.097010497601
59458680,9.89,0.123216478515,0.0875666325775
59488740,9.895,0.107904202491,0.0793876754342
59518800,9.9,0.0993461132254,0.0758715480168
59548860,9.905,0.113171818821,0.0992353031473
59578920,9.91,0.114618213546,0.10679318791
59608980,9.915,0.131958639308,0.128598157055
59639040,9.92,0.142948574071,0.140835395339
59669100,9.925,0.17456467046,0.178194389146
59699160,9.93,0.158414220816,0.153415128921
59729220,9.935,0.166290528742,0.151823134386
59759280,9.94,0.147677474271,0.132976542402
59789340,9.945,0.128959739565,0.114336935406
59819400,9.95,0.116076410115,0.104037034644
59849460,9.955,0.124170481966,0.113994582774
59879520,9.96,0.125470527473,0.117400027331
59909580,9.965,0.127306926538,0.121771200118
59939640,9.97,0.120695477982,0.110512785578
59969700,9.975,0.122385771743,0.10918974954
59999760,9.98,0.127731548227,0.12021813383
60029820,9.985,0.133056719046,0.119675707951
60059880,9.99,0.150583952209,0.137247570009
60089940,9.995,0.157930768833,0.138162619848
60120000,10.0,0.177706844608,0.161650882161
60120001,10.0000001663,0.177707190931,0.161651718494
