30060,0.005,0.0251458354633,0.00599476662045
60120,0.01,0.0253006961451,0.00651404878775
90180,0.015,0.0254236822103,0.00641796092576
120240,0.02,0.0248829309652,0.00673409096084
150300,0.025,0.0236577114675,0.00661100147657
180360,0.03,0.0236317378864,0.0064016127373
210420,0.035,0.0235490531354,0.00703556221366
240480,0.04,0.0235775261868,0.00692450211961
270540,0.045,0.0234502309883,0.00688043879041
300600,0.05,0.0230072095906,0.00656856713475
330660,0.055,0.0235824380067,0.00655228095769
360720,0.06,0.023775325717,0.00669919606753
390780,0.065,0.0236925761648,0.00639091648419
420840,0.07,0.0234557497888,0.00598709627402
450900,0.075,0.0227092672795,0.00566563503597
480960,0.08,0.0233125143452,0.00624170114151
511020,0.085,0.0234021879425,0.0063190348325
541080,0.09,0.0230148197911,0.00609710401908
571140,0.095,0.0229676183406,0.00603627960854
601200,0.1,0.0223816040008,0.00594020811196
631260,0.105,0.0232558268031,0.00605378731552
661320,0.11,0.0234907225615,0.00598839836133
691380,0.115,0.0232791148678,0.00596912354394
721440,0.12,0.023116035111,0.00626596349011
751500,0.125,0.0224385541262,0.00647661475443
781560,0.13,0.0229298366923,0.00611631689208
811620,0.135,0.0232449050671,0.00626838352346
841680,0.14,0.023427015296,0.00641683258638
871740,0.145,0.0234607582748,0.00612403160158
901800,0.15,0.0228799609689,0.00632880261989
931860,0.155,0.0234672972903,0.00677944702134
961920,0.16,0.0237472470454,0.00639591517567
991980,0.165,0.0239259786783,0.00605073155797
1022040,0.17,0.0237406323447,0.00573732359215
1052100,0.175,0.022933416659,0.00560053388593
1082160,0.18,0.0234261387605,0.00591162613261
1112220,0.185,0.023614839843,0.0057465370436
1142280,0.19,0.0236456071031,0.0055993855701
1172340,0.195,0.0230506771852,0.00593322971597
1202400,0.2,0.0223590545221,0.00601412092339
1232460,0.205,0.0229898950933,0.00587577813799
1262520,0.21,0.0229323550736,0.00605173957034
1292580,0.215,0.022953406335,0.00572753511905
1322640,0.22,0.022781443863,0.00573337433596
1352700,0.225,0.022295651607,0.00538614495406
1382760,0.23,0.0226949929846,0.00543351798193
1412820,0.235,0.0226027508661,0.00582484765994
1442880,0.24,0.0225563703376,0.00595042535303
1472940,0.245,0.0223164160942,0.00600148217227
1503000,0.25,0.0216175713497,0.00535275392083
1533060,0.255,0.0217490031181,0.00542101973081
1563120,0.26,0.0218864076945,0.00580257780683
1593180,0.265,0.0220623141993,0.0057661426833
1623240,0.27,0.0221311479489,0.00539647589131
1653300,0.275,0.0220016016427,0.00526802921339
1683360,0.28,0.022776988231,0.00593401253266
1713420,0.285,0.0229023877309,0.00632847117652
1743480,0.29,0.0226930397754,0.00676450382205
1773540,0.295,0.0226071139781,0.00611303296667
1803600,0.3,0.0220476830936,0.00547951563932
1833660,0.305,0.0226650060615,0.00520192845269
1863720,0.31,0.0230828632588,0.00554015663407
1893780,0.315,0.0232051962772,0.00571398801044
1923840,0.32,0.023232988764,0.00678940114636
1953900,0.325,0.0227323976092,0.00611809916788
1983960,0.33,0.0231827422464,0.00653854846347
2014020,0.335,0.0233230921503,0.00615924653852
2044080,0.34,0.0232269025278,0.00633117739823
2074140,0.345,0.0230241723282,0.00610014502499
2104200,0.35,0.0222442126822,0.00539368218992
2134260,0.355,0.0225980107843,0.00535036341036
2164320,0.36,0.0226301464449,0.00548545864271
2194380,0.365,0.0227348563432,0.00537974323157
2224440,0.37,0.0225678158635,0.00538615833407
2254500,0.375,0.0220513389393,0.0053601352361
2284560,0.38,0.0228334431738,0.00558371507901
2314620,0.385,0.0232750502419,0.00600379270219
2344680,0.39,0.0235752541746,0.00647830253939
2374740,0.395,0.0233347580488,0.00614175023115
2404800,0.4,0.0221260164211,0.00591859013134
2434860,0.405,0.022847112754,0.00637724866787
2464920,0.41,0.023067351875,0.0064340275347
2494980,0.415,0.0231884269702,0.00598628183227
2525040,0.42,0.0230511438011,0.00623190129261
2555100,0.425,0.0221618923784,0.00604167949585
2585160,0.43,0.0224764930517,0.00595548376068
2615220,0.435,0.022732034027,0.00588567087917
2645280,0.44,0.0226538554733,0.00638483988043
2675340,0.445,0.0228707247219,0.00615556231828
2705400,0.45,0.0225220614241,0.00562092468412
2735460,0.455,0.023208136335,0.00653123546035
2765520,0.46,0.0227611258804,0.007864237145
2795580,0.465,0.0229467334239,0.00764494590313
2825640,0.47,0.022880699669,0.00688067959669
2855700,0.475,0.022301118965,0.00638874141916
2885760,0.48,0.0226420989472,0.00647578318589
2915820,0.485,0.0228366589944,0.0066314623811
2945880,0.49,0.0229870363986,0.00680623566615
2975940,0.495,0.0226946140951,0.00652129847291
3006000,0.5,0.0218922020706,0.00655116160467
3036060,0.505,0.0226348800051,0.00671069247208
3066120,0.51,0.0228727666803,0.00641644372807
3096180,0.515,0.0229216566782,0.00625586582368
3126240,0.52,0.0228096143049,0.00599845788186
3156300,0.525,0.0222470436621,0.00551818653399
3186360,0.53,0.0229115485015,0.00558321463818
3216420,0.535,0.0231179536183,0.00605737564957
3246480,0.54,0.0231841422367,0.00604642203107
3276540,0.545,0.0230991614823,0.00553396488476
3306600,0.55,0.0224061414693,0.00527909774585
3336660,0.555,0.0230512956558,0.00517794326407
3366720,0.56,0.0231313036983,0.00537413684161
3396780,0.565,0.0233179960017,0.00550507860353
3426840,0.57,0.0231981108938,0.00598879910665
3456900,0.575,0.0226470896063,0.00561447350134
3486960,0.58,0.023097760189,0.00595207487028
3517020,0.585,0.0234051542346,0.00629984181636
3547080,0.59,0.0234288980838,0.00613304497128
3577140,0.595,0.0231235839671,0.00577692690227
3607200,0.6,0.022241413777,0.0058176532366
3637260,0.605,0.0226744645591,0.00659226685441
3667320,0.61,0.0230752357866,0.00689440836494
3697380,0.615,0.0231929953982,0.00720097582216
3727440,0.62,0.0228067568195,0.0073414412631
3757500,0.625,0.0224515210062,0.00705248055814
3787560,0.63,0.0229783553564,0.00729010139917
3817620,0.635,0.0228228809694,0.00728512361665
3847680,0.64,0.0226239055933,0.00622423203537
3877740,0.645,0.0225108810974,0.00593404759013
3907800,0.65,0.0219876137198,0.00584644658175
3937860,0.655,0.0226354536415,0.00564946617449
3967920,0.66,0.0227555512394,0.00573293159448
3997980,0.665,0.0228241186294,0.0056806639132
4028040,0.67,0.022440717877,0.00604994094016
4058100,0.675,0.022306329117,0.00608297848528
4088160,0.68,0.0231403336108,0.00611163557141
4118220,0.685,0.0234159757981,0.00638864203977
4148280,0.69,0.0237618710111,0.0063332314381
4178340,0.695,0.023651733581,0.00614626639942
4208400,0.7,0.0231876280411,0.00639773752805
4238460,0.705,0.0235480622961,0.0069482590456
4268520,0.71,0.0236315773861,0.00681163073121
4298580,0.715,0.0234339733052,0.00718980729918
4328640,0.72,0.0231722829201,0.00759187187947
4358700,0.725,0.0226079824724,0.00649005136214
4388760,0.73,0.0233899407498,0.00701555484515
4418820,0.735,0.0234805066693,0.00717589108095
4448880,0.74,0.023437251776,0.00659323970565
4478940,0.745,0.0232756822961,0.00620064964811
4509000,0.75,0.0225375683041,0.00559833412039
4539060,0.755,0.0230666249851,0.00577196574355
4569120,0.76,0.0234555615877,0.00624457067246
4599180,0.765,0.0233800587064,0.00649112677765
4629240,0.77,0.0232791695945,0.00669470279762
4659300,0.775,0.0226461788763,0.0062839903725
4689360,0.78,0.0231845595524,0.0061862000049
4719420,0.785,0.0231772197064,0.0062371896056
4749480,0.79,0.0225421845073,0.0063190817589
4779540,0.795,0.0223331403313,0.00640615995111
4809600,0.8,0.0218221864176,0.00582740897253
4839660,0.805,0.0224649409554,0.00588243596189
4869720,0.81,0.0225442385699,0.0058947308917
4899780,0.815,0.0227677568516,0.00526994633651
4929840,0.82,0.02274888782,0.00531888722737
4959900,0.825,0.0222702839771,0.00503124638607
4989960,0.83,0.0228721437824,0.00518221715201
5020020,0.835,0.0232078107726,0.00593536006406
5050080,0.84,0.0233257892953,0.00611939659501
5080140,0.845,0.0232023489452,0.00615615721722
5110200,0.85,0.0227437961819,0.0058707468164
5140260,0.855,0.0231488260697,0.00623324016667
5170320,0.86,0.0233622460769,0.00640920165611
5200380,0.865,0.0233683778945,0.00665694758849
5230440,0.87,0.0228406475868,0.00702998301021
5260500,0.875,0.0224379436232,0.00669145139792
5290560,0.88,0.0227651245469,0.00667208509525
5320620,0.885,0.0227369951721,0.00816048595767
5350680,0.89,0.0226603973202,0.00733259831671
5380740,0.895,0.0224898003379,0.00658211917629
5410800,0.9,0.0220037676734,0.00592101806671
5440860,0.905,0.0222792824788,0.00560647882945
5470920,0.91,0.0225115053781,0.00543638567098
5500980,0.915,0.022653989642,0.00569762973311
5531040,0.92,0.0228693521751,0.00550655045057
5561100,0.925,0.022662885063,0.00538120253151
5591160,0.93,0.0234264109531,0.00587659422345
5621220,0.935,0.0235930825555,0.00590720329074
5651280,0.94,0.0234242084959,0.00574486075183
5681340,0.945,0.0229584103983,0.00561076293641
5711400,0.95,0.0223649383915,0.00556145997341
5741460,0.955,0.0228344465099,0.00569846825546
5771520,0.96,0.0230938011674,0.00595454402145
5801580,0.965,0.022901210492,0.00662238044431
5831640,0.97,0.0227761739471,0.00644806005325
5861700,0.975,0.022403410937,0.00588237536349
5891760,0.98,0.0227782715085,0.00619459712383
5921820,0.985,0.0230694547673,0.00574438615912
5951880,0.99,0.0232153713506,0.00590599994972
5981940,0.995,0.0232720409654,0.00570025245585
6012000,1.0,0.0228381096484,0.00630737488872
6042060,1.005,0.0232161700826,0.00765986398256
6072120,1.01,0.0230484483415,0.00811665944662
6102180,1.015,0.0227067968398,0.00701751050626
6132240,1.02,0.0225138628758,0.00679614192728
6162300,1.025,0.0220364631514,0.00636604503179
6192360,1.03,0.0229024186211,0.00639439476389
6222420,1.035,0.0231107047072,0.00597263130119
6252480,1.04,0.0232530327186,0.00613117430941
6282540,1.045,0.0234081164174,0.00579586650893
6312600,1.05,0.0228278989483,0.00564650953689
6342660,1.055,0.0234138911045,0.00586960237904
6372720,1.06,0.023467001377,0.00568997947363
6402780,1.065,0.0235671795371,0.00610390134761
6432840,1.07,0.0232953299299,0.00624145733803
6462900,1.075,0.0228330045678,0.00582664891346
6492960,1.08,0.0235421966895,0.00579097272173
6523020,1.085,0.0234956915542,0.00629089091757
6553080,1.09,0.0233774734855,0.00645277039371
6583140,1.095,0.0228657987766,0.00592330970948
6613200,1.1,0.0221383704952,0.00588618512069
6643260,1.105,0.0230484779717,0.00598836044235
6673320,1.11,0.0236570362435,0.00669145258334
6703380,1.115,0.0237566375186,0.0061511828445
6733440,1.12,0.0230059202569,0.00601658091372
6763500,1.125,0.0220751366475,0.0055829271881
6793560,1.13,0.0226069181612,0.00595330571019
6823620,1.135,0.0228389736909,0.00609837090385
6853680,1.14,0.0227311386561,0.00609541820777
6883740,1.145,0.0222631911178,0.00610396319925
6913800,1.15,0.0216551763984,0.0060798014975
6943860,1.155,0.0221139255802,0.00689769824626
6973920,1.16,0.0223538218409,0.00688907752676
7003980,1.165,0.0225096459269,0.00676478123617
7034040,1.17,0.0224387414814,0.00623444679022
7064100,1.175,0.0219722025081,0.00596911479875
7094160,1.18,0.0227016291393,0.00606947848789
7124220,1.185,0.0228401638878,0.00638727038626
7154280,1.19,0.0228876216757,0.00670714647391
7184340,1.195,0.0227609351514,0.00582265192228
7214400,1.2,0.0222672573549,0.00520390749635
7244460,1.205,0.0228201071631,0.00528261394827
7274520,1.21,0.0229777338378,0.00510131338414
7304580,1.215,0.0230421263246,0.00491436317811
7334640,1.22,0.0228251670169,0.00492677534272
7364700,1.225,0.0226786808356,0.00492095886657
7394760,1.23,0.0232322772971,0.00595287239541
7424820,1.235,0.0235745353679,0.00631004194303
7454880,1.24,0.0233263582959,0.00622621076617
7484940,1.245,0.0231166283985,0.00651473118362
7515000,1.25,0.022497061325,0.00651997658914
7545060,1.255,0.0225244322503,0.00695607161821
7575120,1.26,0.0227313575325,0.00680823214221
7605180,1.265,0.022810391754,0.00742004829132
7635240,1.27,0.0229768489461,0.0073437194246
7665300,1.275,0.0226128268945,0.00660059939575
7695360,1.28,0.0233498200649,0.00648153724598
7725420,1.285,0.0234598358616,0.00626223589625
7755480,1.29,0.0235299711086,0.00662649547939
7785540,1.295,0.0236226369183,0.00654565478388
7815600,1.3,0.0230043493422,0.00602246014307
7845660,1.305,0.0236806203458,0.00641641111505
7875720,1.31,0.0239207848201,0.00616074497311
7905780,1.315,0.023896602083,0.00602426593094
7935840,1.32,0.0233997706008,0.00658287759142
7965900,1.325,0.0227845355836,0.00660431688109
7995960,1.33,0.0228335118481,0.00666103321289
8026020,1.335,0.0229493866927,0.00596484448074
8056080,1.34,0.023117046209,0.00580613106282
8086140,1.345,0.0232483436803,0.00562794920605
8116200,1.35,0.0226334860989,0.00588671793849
8146260,1.355,0.0234176965257,0.00602425821247
8176320,1.36,0.0231718664069,0.00611873416929
8206380,1.365,0.0230501308582,0.00581221761617
8236440,1.37,0.0228174240014,0.00589334753894
8266500,1.375,0.0226888043802,0.00584953861056
8296560,1.38,0.0232207103707,0.00607357183431
8326620,1.385,0.023658438043,0.00635263480583
8356680,1.39,0.0239094809152,0.00673211916326
8386740,1.395,0.0236590222914,0.0071058427879
8416800,1.4,0.0225345326282,0.00614914684993
8446860,1.405,0.0227509951704,0.00591801049634
8476920,1.41,0.0231839062198,0.00588103856176
8506980,1.415,0.0232473095731,0.0055174273693
8537040,1.42,0.0232692731698,0.00575577578627
8567100,1.425,0.022824881984,0.00535266663414
8597160,1.43,0.0232028253559,0.00595488712533
8627220,1.435,0.0231584524933,0.0058568328816
8657280,1.44,0.0229817446319,0.00618404310163
8687340,1.445,0.0228174438617,0.00611396906637
8717400,1.45,0.0224095000258,0.00606778173318
8747460,1.455,0.0229615057379,0.00659066191481
8777520,1.46,0.0230935095656,0.00733261307392
8807580,1.465,0.0230780617719,0.00698505474097
8837640,1.47,0.0225112506448,0.00736668027611
8867700,1.475,0.0216606936177,0.00693797038782
8897760,1.48,0.0220687658622,0.00692531770028
8927820,1.485,0.0223158228462,0.00707468375893
8957880,1.49,0.0223790952504,0.00721795008197
8987940,1.495,0.0220722129772,0.00629606965278
9018000,1.5,0.0215841673344,0.00639743510616
9048060,1.505,0.0222446934967,0.00654622656864
9078120,1.51,0.0228488189723,0.00643456418726
9108180,1.515,0.0230480678825,0.00622709981928
9138240,1.52,0.0230615838288,0.00609458370542
9168300,1.525,0.0226225593979,0.00573518218158
9198360,1.53,0.0233512103108,0.00595403014071
9228420,1.535,0.023792703542,0.0057470345067
9258480,1.54,0.0238490512292,0.00591629893686
9288540,1.545,0.0233857654173,0.00575523097024
9318600,1.55,0.0222233395506,0.00559903121779
9348660,1.555,0.0227823621505,0.00593573293521
9378720,1.56,0.022850715576,0.00625145221388
9408780,1.565,0.0226567900251,0.00665543017609
9438840,1.57,0.0223556215,0.00629956680426
9468900,1.575,0.021618908279,0.00592209599993
9498960,1.58,0.0223612318447,0.00612428200683
9529020,1.585,0.022708588385,0.0065235136864
9559080,1.59,0.0230135411463,0.00743316010329
9589140,1.595,0.0233674659061,0.00752033176699
9619200,1.6,0.0229007755886,0.00665405327402
9649260,1.605,0.0235243404569,0.00701022609202
9679320,1.61,0.0236191530911,0.00642686367345
9709380,1.615,0.0235844788622,0.00649782011669
9739440,1.62,0.0231921370981,0.0067370170912
9769500,1.625,0.0222353705608,0.00616032084249
9799560,1.63,0.0227570025292,0.00628825864204
9829620,1.635,0.0232118808842,0.00654463910855
9859680,1.64,0.0235528226105,0.00706171845978
9889740,1.645,0.0233151828098,0.00651746619605
9919800,1.65,0.0225561651021,0.00574561354336
9949860,1.655,0.0228900525973,0.00624933628442
9979920,1.66,0.0229401209104,0.00625539606878
10009980,1.665,0.0229735298163,0.00571219748894
10040040,1.67,0.0225418149698,0.00556585441132
10070100,1.675,0.0220674439737,0.00585799406698
10100160,1.68,0.0227385913294,0.00671998650983
10130220,1.685,0.0228918268999,0.0073728479305
10160280,1.69,0.0227977336979,0.00727409626293
10190340,1.695,0.0227300161483,0.00636469305875
10220400,1.7,0.0222769551306,0.00625320134808
10250460,1.705,0.0231278195573,0.00635284949022
10280520,1.71,0.0234714573004,0.00615105526458
10310580,1.715,0.0232877943595,0.00586001753198
10340640,1.72,0.0228794555157,0.00574132628423
10370700,1.725,0.0222854237029,0.00569368355918
10400760,1.73,0.0229565654274,0.0060065205374
10430820,1.735,0.0230988184588,0.00592544578942
10460880,1.74,0.0230117647456,0.00599982848757
10490940,1.745,0.022873220627,0.00590412468478
10521000,1.75,0.0223667487917,0.00565806916789
10551060,1.755,0.0229497119268,0.00622477012736
10581120,1.76,0.0232423722917,0.00646618425643
10611180,1.765,0.0233956854004,0.00688077634466
10641240,1.77,0.0231474367521,0.00742191507317
10671300,1.775,0.0228518559192,0.00745010836916
10701360,1.78,0.0238421215035,0.00778136786113
10731420,1.785,0.0238365884894,0.0086734214173
10761480,1.79,0.0235255919315,0.0085672332779
10791540,1.795,0.0229131086196,0.00758869218482
10821600,1.8,0.0224252418902,0.00708858502957
10851660,1.805,0.0232248364414,0.0070861272997
10881720,1.81,0.0234860250076,0.00739391888852
10911780,1.815,0.0237564079307,0.00762376853282
10941840,1.82,0.0234652692135,0.00790809596168
10971900,1.825,0.022886453108,0.00705656392089
11001960,1.83,0.0232484795926,0.00677368392046
11032020,1.835,0.0231593800989,0.00681982795511
11062080,1.84,0.0229774587822,0.00648380344792
11092140,1.845,0.0231497340074,0.00633775547623
11122200,1.85,0.0227613564085,0.00596170395208
11152260,1.855,0.0233721169263,0.00632881110774
11182320,1.86,0.0234605410714,0.00632085999246
11212380,1.865,0.0230951689539,0.0060113947727
11242440,1.87,0.0225419027084,0.00572106021454
11272500,1.875,0.0219418191043,0.005176249833
11302560,1.88,0.0224396275108,0.00527918437146
11332620,1.885,0.0226156469134,0.00559635474615
11362680,1.89,0.0227293887482,0.00569999890565
11392740,1.895,0.0226392397903,0.00564224751293
11422800,1.9,0.0222954638602,0.0056044018266
11452860,1.905,0.0229092799108,0.0058830053859
11482920,1.91,0.0232548273328,0.00589710163537
11512980,1.915,0.0233057428573,0.00599162232602
11543040,1.92,0.0229074504393,0.00667406567089
11573100,1.925,0.0222972722904,0.00654662444912
11603160,1.93,0.0224246099955,0.00644419480558
11633220,1.935,0.0224923569272,0.00676033068747
11663280,1.94,0.0223858451746,0.00649770085499
11693340,1.945,0.0219036254057,0.00750622952822
11723400,1.95,0.0216482824298,0.00739306526812
11753460,1.955,0.0222045508648,0.00736883102296
11783520,1.96,0.0227133962711,0.00727726658128
11813580,1.965,0.0228927076676,0.0070508650086
11843640,1.97,0.0228522768557,0.00729966760111
11873700,1.975,0.0220907748468,0.00723360514005
11903760,1.98,0.0227661869931,0.00719822101215
11933820,1.985,0.0229315791127,0.00686430966958
11963880,1.99,0.0231290165648,0.00686459713937
11993940,1.995,0.0229178410612,0.00656665536855
12024000,2.0,0.0220938514661,0.00625626927025
12054060,2.005,0.0227093510116,0.00643832490524
12084120,2.01,0.0229014948221,0.00679916561774
12114180,2.015,0.0227811985147,0.00646927884488
12144240,2.02,0.0223345503996,0.00652635912949
12174300,2.025,0.0221523353135,0.00667173865118
12204360,2.03,0.0229187495418,0.00762075644539
12234420,2.035,0.0230681443709,0.00732740770594
12264480,2.04,0.0226152701849,0.00753492015905
12294540,2.045,0.0227618896356,0.00756736509722
12324600,2.05,0.0220946827596,0.00706145890615
12354660,2.055,0.0231237559258,0.00725340787342
12384720,2.06,0.0237100338349,0.00779166177582
12414780,2.065,0.0239628348414,0.0077197938526
12444840,2.07,0.0230999636665,0.00708079371287
12474900,2.075,0.0218962005886,0.00681691160897
12504960,2.08,0.0223048874191,0.00695914043638
12535020,2.085,0.0223955822734,0.00709841408048
12565080,2.09,0.022442853172,0.00710906674639
12595140,2.095,0.022195925005,0.00780699068686
12625200,2.1,0.0216493688113,0.00803477608815
12655260,2.105,0.022453574819,0.00818718713418
12685320,2.11,0.0229820670753,0.00802415671054
12715380,2.115,0.0233494217857,0.0075198279465
12745440,2.12,0.0232900037832,0.00752797986022
12775500,2.125,0.0231295681529,0.00672046134276
12805560,2.13,0.0234687213132,0.00643020201801
12835620,2.135,0.0241019079498,0.00701442188522
12865680,2.14,0.0241965739936,0.00682590005385
12895740,2.145,0.0238602242453,0.00703789729347
12925800,2.15,0.0232441993987,0.0065181547379
12955860,2.155,0.0238958683569,0.00702494624466
12985920,2.16,0.0238726276115,0.00661304354088
13015980,2.165,0.023449096935,0.00646449075523
13046040,2.17,0.0231429119899,0.00583886816689
13076100,2.175,0.0228251133261,0.00555079855552
13106160,2.18,0.0232196385306,0.00622966599281
13136220,2.185,0.0234854247684,0.00612617201204
13166280,2.19,0.023556157223,0.00605506151341
13196340,2.195,0.0232522885855,0.00608775205255
13226400,2.2,0.0223781523596,0.00589553739598
13256460,2.205,0.0230062092501,0.006156040714
13286520,2.21,0.023526807043,0.00613268945537
13316580,2.215,0.0236816086679,0.00614817259783
13346640,2.22,0.0234463059029,0.00603229255214
13376700,2.225,0.0225722249362,0.00592648484295
13406760,2.23,0.0231196622051,0.00604154512299
13436820,2.235,0.0233420128241,0.00634644976401
13466880,2.24,0.0233917499633,0.00636464119938
13496940,2.245,0.0233626752047,0.0065540330013
13527000,2.25,0.0228012488811,0.00623016047972
13557060,2.255,0.0230158706817,0.00621336341987
13587120,2.26,0.0228205512818,0.00676204015395
13617180,2.265,0.0226803897362,0.00710572630371
13647240,2.27,0.0224663622332,0.00680359580568
13677300,2.275,0.0220974664022,0.00661240560252
13707360,2.28,0.0229507329641,0.0069664862646
13737420,2.285,0.0231487500051,0.00702078422294
13767480,2.29,0.0228617027577,0.00654011489666
13797540,2.295,0.0226966970746,0.00612617077417
13827600,2.3,0.02202397474,0.00603727245643
13857660,2.305,0.0227721992203,0.00618584019444
13887720,2.31,0.023158107561,0.00644289127542
13917780,2.315,0.0230607437811,0.00720097906171
13947840,2.32,0.022661236006,0.00812551273167
13977900,2.325,0.0222349439175,0.0074956287056
14007960,2.33,0.0224324066243,0.00828176620898
14038020,2.335,0.0221419340333,0.00807376935125
14068080,2.34,0.0223281011337,0.00773362964115
14098140,2.345,0.0224409677782,0.00687659488429
14128200,2.35,0.0222638646491,0.00587467940348
14158260,2.355,0.0228216591134,0.00597954009175
14188320,2.36,0.0228924310759,0.00666605756558
14218380,2.365,0.0227960912385,0.00652389556966
14248440,2.37,0.0226723665628,0.00631546143734
14278500,2.375,0.0220631232554,0.00641049908308
14308560,2.38,0.0225094059279,0.00629362005821
14338620,2.385,0.0228169855891,0.00625049848437
14368680,2.39,0.0228004529435,0.0068136572085
14398740,2.395,0.0227798576143,0.00670265748287
14428800,2.4,0.0222928214358,0.00638640651934
14458860,2.405,0.0228954514709,0.00636575656857
14488920,2.41,0.0230953060907,0.00683547308548
14518980,2.415,0.0232108248577,0.00677759346753
14549040,2.42,0.0229842214315,0.00713460061151
14579100,2.425,0.0223517502804,0.00697926881262
14609160,2.43,0.0227214986088,0.00764760958501
14639220,2.435,0.0227694564193,0.00742228999451
14669280,2.44,0.0230976019014,0.00693911870475
14699340,2.445,0.0233543168976,0.00657643588446
14729400,2.45,0.0230237506677,0.00599960125327
14759460,2.455,0.0234264618989,0.00604849414811
14789520,2.46,0.0233761586958,0.0060247426213
14819580,2.465,0.0231405690379,0.00614182382614
14849640,2.47,0.0231315782189,0.00586779894687
14879700,2.475,0.0226130508901,0.00571941630461
14909760,2.48,0.0232705025743,0.00591802069773
14939820,2.485,0.0234033195168,0.00639738879963
14969880,2.49,0.0235902413936,0.00627615449518
14999940,2.495,0.0236152836441,0.00588429456162
15030000,2.5,0.0231607981546,0.00577442841915
15060060,2.505,0.0237005743323,0.00663217164897
15090120,2.51,0.0234684723164,0.00629646020462
15120180,2.515,0.0232684488137,0.00592491396311
15150240,2.52,0.0228026593414,0.00600022628672
15180300,2.525,0.0224718860348,0.00600850138615
15210360,2.53,0.0229099169239,0.00629691751474
15240420,2.535,0.0229193466393,0.00676742172007
15270480,2.54,0.0228603080568,0.0072104846263
15300540,2.545,0.0227212393622,0.00715596091137
15330600,2.55,0.0220571981575,0.00694955716678
15360660,2.555,0.022756744221,0.00686603458295
15390720,2.56,0.0227906244291,0.00691025438676
15420780,2.565,0.0229362366185,0.0077133354219
15450840,2.57,0.0230030116882,0.00779245797643
15480900,2.575,0.0223466189944,0.00724525219123
15510960,2.58,0.022932460814,0.00757024797091
15541020,2.585,0.0235796881497,0.00755129885177
15571080,2.59,0.0236152880647,0.00805914083055
15601140,2.595,0.0229439753066,0.0078304279978
15631200,2.6,0.0219016349273,0.00728453551445
15661260,2.605,0.0222597822897,0.00775415164203
15691320,2.61,0.0222313957116,0.0078093573859
15721380,2.615,0.0225941332759,0.00718640786421
15751440,2.62,0.0225536940769,0.00660549577141
15781500,2.625,0.0218778877652,0.00604526072658
15811560,2.63,0.0223776781488,0.00629555090512
15841620,2.635,0.0226859974168,0.00623424705786
15871680,2.64,0.0226405098383,0.0062329232667
15901740,2.645,0.0225637841722,0.00613120669452
15931800,2.65,0.0222893345555,0.00615553285365
15961860,2.655,0.0227965125836,0.00644863389236
15991920,2.66,0.0231699920625,0.00678202473909
16021980,2.665,0.0232081505878,0.00636664029197
16052040,2.67,0.022910086659,0.00602578373208
16082100,2.675,0.0224123893687,0.00616980969511
16112160,2.68,0.0233622187002,0.00645433338079
16142220,2.685,0.0236416125076,0.00699493046797
16172280,2.69,0.0237923596108,0.00705192122502
16202340,2.695,0.0234565526801,0.00716325005476
16232400,2.7,0.0229481879357,0.00675973788782
16262460,2.705,0.0235443938922,0.00648249462541
16292520,2.71,0.0237550648547,0.00703024329897
16322580,2.715,0.0240519120675,0.00666200485394
16352640,2.72,0.0235034060806,0.00657040526686
16382700,2.725,0.0224562133488,0.00645389656056
16412760,2.73,0.0228179921551,0.00673081464171
16442820,2.735,0.022948082746,0.0071159549327
16472880,2.74,0.0228583172438,0.00687760557551
16502940,2.745,0.0230773033735,0.00664254029445
16533000,2.75,0.0229304016121,0.00625262448215
16563060,2.755,0.0236690596206,0.00638408938106
16593120,2.76,0.0236179452536,0.00564105134869
16623180,2.765,0.0235671025133,0.00596946703829
16653240,2.77,0.0236577366974,0.00549970837485
16683300,2.775,0.0230890983592,0.00539261003086
16713360,2.78,0.023488552498,0.00561865842309
16743420,2.785,0.0233547119365,0.00564912111443
16773480,2.79,0.0228688989022,0.0059758771331
16803540,2.795,0.0221863167359,0.00523060909514
16833600,2.8,0.0215403454644,0.00485806805468
16863660,2.805,0.0219964358635,0.00530828436326
16893720,2.81,0.0222390893804,0.00587009542865
16923780,2.815,0.022331676985,0.00642819547582
16953840,2.82,0.0223983507858,0.00648056782459
16983900,2.825,0.0221128142979,0.00606202322264
17013960,2.83,0.0225993281384,0.00663824658386
17044020,2.835,0.022659957116,0.00679169608589
17074080,2.84,0.0225835111852,0.0069728273519
17104140,2.845,0.0223835314294,0.00677505450153
17134200,2.85,0.0220939898961,0.00636309066557
17164260,2.855,0.0224363285655,0.00604789450011
17194320,2.86,0.0227075349862,0.00567754199219
17224380,2.865,0.0225990819023,0.00611016926057
17254440,2.87,0.0224215478972,0.00579131298762
17284500,2.875,0.0216439594517,0.00594819119145
17314560,2.88,0.0220442534901,0.00660697455826
17344620,2.885,0.0223494620671,0.00622969968376
17374680,2.89,0.0225311659954,0.00607432943477
17404740,2.895,0.0222704868996,0.00647274108273
17434800,2.9,0.0218301760881,0.00582860554195
17464860,2.905,0.0225860068309,0.00546891467142
17494920,2.91,0.0230714305048,0.00551709431568
17524980,2.915,0.0227958198734,0.00588166422266
17555040,2.92,0.0224977602362,0.00550234856802
17585100,2.925,0.021456970518,0.00600220306227
17615160,2.93,0.0219154061117,0.00618866449852
17645220,2.935,0.0220512877775,0.00646943015053
17675280,2.94,0.0222790231212,0.00606214827904
17705340,2.945,0.0222898726835,0.00573192255688
17735400,2.95,0.0218448298837,0.00542473184564
17765460,2.955,0.0223053470318,0.00554673758883
17795520,2.96,0.0227049869406,0.00548616314802
17825580,2.965,0.022696063161,0.00533697117232
17855640,2.97,0.0226963170774,0.00562328402547
17885700,2.975,0.0222478419727,0.00565660084006
17915760,2.98,0.022763338714,0.00592526451032
17945820,2.985,0.0230293836778,0.00594333668281
17975880,2.99,0.0229236432832,0.00650353013026
18005940,2.995,0.0227722207577,0.00652957160538
18036000,3.0,0.0222556402899,0.00592222385688
18066060,3.005,0.0225070770084,0.00583074048196
18096120,3.01,0.0225726771821,0.00561709313951
18126180,3.015,0.0227393395536,0.00547225829665
18156240,3.02,0.022579866447,0.00573696427392
18186300,3.025,0.0218819270786,0.00602449971039
18216360,3.03,0.0225762145652,0.00641385752098
18246420,3.035,0.0227230942766,0.00629326655555
18276480,3.04,0.0227766712526,0.00610062167985
18306540,3.045,0.022343068923,0.00633339124756
18336600,3.05,0.0218357421249,0.00574940448743
18366660,3.055,0.0226290733111,0.0057220485173
18396720,3.06,0.0229851967272,0.00592149450476
18426780,3.065,0.023081133598,0.00602301161803
18456840,3.07,0.0231135008953,0.00614632117524
18486900,3.075,0.0227337557354,0.00635426777092
18516960,3.08,0.0232861700933,0.00640145569953
18547020,3.085,0.0233381425755,0.00641740716649
18577080,3.09,0.0226480976763,0.00681045856883
18607140,3.095,0.0221799995493,0.00597299644586
18637200,3.1,0.0214736197449,0.00593525450357
18667260,3.105,0.0223289111222,0.00601239160402
18697320,3.11,0.0225732918585,0.00613776791087
18727380,3.115,0.0223671585853,0.00622344588656
18757440,3.12,0.0222941170276,0.00577977079962
18787500,3.125,0.0218863047994,0.00533370414327
18817560,3.13,0.0226899296206,0.00535978270944
18847620,3.135,0.0230560337618,0.00593626455915
18877680,3.14,0.0229916629637,0.00568871137029
18907740,3.145,0.0224795020606,0.00575674295572
18937800,3.15,0.0220686136068,0.00489126627628
18967860,3.155,0.0227541351113,0.00504443180455
18997920,3.16,0.0228585323663,0.0050757378364
19027980,3.165,0.0230311562596,0.00493177876997
19058040,3.17,0.0230424242292,0.00468307289492
19088100,3.175,0.0225521506925,0.00470897299139
19118160,3.18,0.0230120728216,0.0050743847067
19148220,3.185,0.0231847374717,0.00507239666135
19178280,3.19,0.0232400095402,0.00515336257226
19208340,3.195,0.0229978744958,0.00587367280089
19238400,3.2,0.0224669344511,0.00553472381348
19268460,3.205,0.0229407927505,0.00612885411352
19298520,3.21,0.0228103598981,0.00634488327888
19328580,3.215,0.0227867813322,0.00648400350911
19358640,3.22,0.0226600309602,0.00597600926634
19388700,3.225,0.0219710208306,0.00579177883612
19418760,3.23,0.0225024918487,0.00588875751889
19448820,3.235,0.0228810181167,0.00582465093138
19478880,3.24,0.0230240718439,0.00549071311923
19508940,3.245,0.0228816953693,0.00511189605583
19539000,3.25,0.0222195130164,0.00486301792045
19569060,3.255,0.0224158090552,0.00502839106416
19599120,3.26,0.0223393935909,0.00534276182371
19629180,3.265,0.0223590722363,0.00507444373517
19659240,3.27,0.0222076722528,0.00482215879951
19689300,3.275,0.0219986043538,0.00446796919395
19719360,3.28,0.0225475085134,0.00446571684639
19749420,3.285,0.022725175144,0.00478666335756
19779480,3.29,0.0227437952816,0.00508079559689
19809540,3.295,0.0225501311044,0.00548447281434
19839600,3.3,0.0220742282427,0.00511657306371
19869660,3.305,0.0224486709145,0.00542191781004
19899720,3.31,0.0227694665585,0.00550737158042
19929780,3.315,0.0228756150347,0.00578347913218
19959840,3.32,0.0227565921651,0.00572234656845
19989900,3.325,0.0221213445055,0.00558090277067
20019960,3.33,0.0228765672454,0.00571819269828
20050020,3.335,0.023209746582,0.00566786317627
20080080,3.34,0.0230071886065,0.00644818172961
20110140,3.345,0.0227707592959,0.00572400086579
20140200,3.35,0.0220882837679,0.00509206730571
20170260,3.355,0.0227220285513,0.00528640972968
20200320,3.36,0.0230414719463,0.00532451593195
20230380,3.365,0.0228497772995,0.00562843341295
20260440,3.37,0.0223530316618,0.00561569185636
20290500,3.375,0.0218553931499,0.00564608628211
20320560,3.38,0.0224356049155,0.00578677329618
20350620,3.385,0.0225372166753,0.00587128651189
20380680,3.39,0.0225996186807,0.00589055041312
20410740,3.395,0.0225734787241,0.00592435008857
20440800,3.4,0.0220225750047,0.00567364482386
20470860,3.405,0.0226432069043,0.00562068385649
20500920,3.41,0.0225771788774,0.0056701331552
20530980,3.415,0.0228050278621,0.00630137902463
20561040,3.42,0.0229692254842,0.00610619187386
20591100,3.425,0.0223003711204,0.00569831488707
20621160,3.43,0.0227454617473,0.00635799538757
20651220,3.435,0.0230945844418,0.00644198127541
20681280,3.44,0.0232403247452,0.00647510426152
20711340,3.445,0.0230874330709,0.00626068542637
20741400,3.45,0.0220975262222,0.00689905495596
20771460,3.455,0.0228075987797,0.00660071156708
20801520,3.46,0.0230770670813,0.00590752141227
20831580,3.465,0.0229248112709,0.00574924446358
20861640,3.47,0.0225266779755,0.00559120806669
20891700,3.475,0.0216862132071,0.00576876193009
20921760,3.48,0.0220482936502,0.0059684425643
20951820,3.485,0.0222166541696,0.0059278992899
20981880,3.49,0.0223050334658,0.00606628062584
21011940,3.495,0.022424288431,0.00611987445096
21042000,3.5,0.0219525104411,0.00611302195363
21072060,3.505,0.022651327036,0.00599811735394
21102120,3.51,0.0229944317732,0.00608402612528
21132180,3.515,0.0232716084858,0.0062673082121
21162240,3.52,0.0233237263059,0.0061094089647
21192300,3.525,0.0227454020856,0.00645234147745
21222360,3.53,0.0233649799166,0.00684826585476
21252420,3.535,0.0237830412187,0.00715908259438
21282480,3.54,0.0238318491765,0.0072234375689
21312540,3.545,0.0235237286456,0.00677416456034
21342600,3.55,0.0226254734428,0.00632350839707
21372660,3.555,0.0233676946565,0.00632545971876
21402720,3.56,0.0236252800064,0.0066803012192
21432780,3.565,0.0234418065825,0.00708538667424
21462840,3.57,0.0230349333079,0.00681782202547
21492900,3.575,0.0224478112474,0.00663109055651
21522960,3.58,0.0228822189248,0.00691269785486
21553020,3.585,0.022740707899,0.00718744134807
21583080,3.59,0.0226593235668,0.00698192968111
21613140,3.595,0.0225531296651,0.00647904057679
21643200,3.6,0.0219195999928,0.00595007477626
21673260,3.605,0.0225148876778,0.00599922586993
21703320,3.61,0.0228522741529,0.0060510485625
21733380,3.615,0.0225702469128,0.00632106928326
21763440,3.62,0.0222670048872,0.00673703325853
21793500,3.625,0.0218372894755,0.00628011223325
21823560,3.63,0.0227286881127,0.00614950313772
21853620,3.635,0.0231965219178,0.00594634741417
21883680,3.64,0.0233211490004,0.00587903097718
21913740,3.645,0.0230052526401,0.00590726498495
21943800,3.65,0.022450862895,0.00564515736106
21973860,3.655,0.0231434972728,0.00567988824955
22003920,3.66,0.0234712106336,0.00530054527043
22033980,3.665,0.0233582846168,0.00511681839086
22064040,3.67,0.0230416793228,0.00534864144201
22094100,3.675,0.0224780107816,0.00485863099296
22124160,3.68,0.0228821318574,0.00513134053705
22154220,3.685,0.0230916630101,0.00555784924439
22184280,3.69,0.023246174989,0.00562063238031
22214340,3.695,0.0232877591224,0.0056810589276
22244400,3.7,0.0225171973943,0.00554396992227
22274460,3.705,0.0228975384331,0.00606362894129
22304520,3.71,0.0231718501745,0.00617497232637
22334580,3.715,0.0233167112454,0.00629261540549
22364640,3.72,0.023070318239,0.00664717189951
22394700,3.725,0.0224608185202,0.00593047132275
22424760,3.73,0.0229496816648,0.00598364178455
22454820,3.735,0.0229321182407,0.00614343081429
22484880,3.74,0.0224926017914,0.00656832820499
22514940,3.745,0.0226432933773,0.00610534775576
22545000,3.75,0.0221796008535,0.00598810469154
22575060,3.755,0.0230392111979,0.00608813562277
22605120,3.76,0.023105088972,0.00593178640271
22635180,3.765,0.0226628881182,0.0062304445602
22665240,3.77,0.0217570919396,0.00745435000081
22695300,3.775,0.0216464088602,0.00701596798712
22725360,3.78,0.0220748524101,0.00707168658443
22755420,3.785,0.0223037295975,0.00759018064112
22785480,3.79,0.0222910047461,0.00742320298111
22815540,3.795,0.0222606079226,0.00696002867277
22845600,3.8,0.021903554025,0.00661165802796
22875660,3.805,0.0224951094051,0.00684800899868
22905720,3.81,0.0228205043066,0.0069308066152
22935780,3.815,0.0228742536411,0.00601843825361
22965840,3.82,0.0230652790947,0.00557359583013
22995900,3.825,0.022876830887,0.0053827988574
23025960,3.83,0.0233832646189,0.0058727340301
23056020,3.835,0.0232670968905,0.0062089233375
23086080,3.84,0.0232335505323,0.00599751201226
23116140,3.845,0.0228880366361,0.00556490919757
23146200,3.85,0.0223455463553,0.00532259651107
23176260,3.855,0.0229264631582,0.00523580622929
23206320,3.86,0.0231613180608,0.00524523546118
23236380,3.865,0.0233215409645,0.00564407829275
23266440,3.87,0.0233257115808,0.00622219590125
23296500,3.875,0.0225339174945,0.00686953744063
23326560,3.88,0.0231778710439,0.00718990532197
23356620,3.885,0.0229041264884,0.00762544539757
23386680,3.89,0.0227449571192,0.00693586750745
23416740,3.895,0.0224505719097,0.00657985705272
23446800,3.9,0.0218188340236,0.00639460735797
23476860,3.905,0.0224131550494,0.00658283008831
23506920,3.91,0.0228432818862,0.00665974552782
23536980,3.915,0.0230063161267,0.00640375594831
23567040,3.92,0.0224889634468,0.00638856645832
23597100,3.925,0.0219427807461,0.00567028739222
23627160,3.93,0.0225085390293,0.0059693851762
23657220,3.935,0.0227919073716,0.00623628458973
23687280,3.94,0.0227564981592,0.00598477612061
23717340,3.945,0.0224977064972,0.00597603135641
23747400,3.95,0.0221270614714,0.00578565953219
23777460,3.955,0.0225369579228,0.00637652990829
23807520,3.96,0.0222002808735,0.0059869033123
23837580,3.965,0.02226132286,0.00580957236258
23867640,3.97,0.0221249576298,0.00566856539205
23897700,3.975,0.0217886856639,0.00575285478428
23927760,3.98,0.0223807117018,0.00632857495553
23957820,3.985,0.0223453997599,0.00635633394134
23987880,3.99,0.0227175028774,0.00645153821214
24017940,3.995,0.0227025257454,0.00633583552268
24048000,4.0,0.0221817127649,0.00709656843363
24078060,4.005,0.0225057676983,0.00777757353525
24108120,4.01,0.0229108342755,0.00721646490516
24138180,4.015,0.0227817748914,0.00639305264152
24168240,4.02,0.0226707206485,0.00601703254565
24198300,4.025,0.0221482240225,0.00664072584155
24228360,4.03,0.0231397284925,0.00638054924404
24258420,4.035,0.0234509204606,0.00597800668166
24288480,4.04,0.0234692390353,0.00556733024703
24318540,4.045,0.0233095104944,0.00532745947756
24348600,4.05,0.0226484683191,0.00506956606113
24378660,4.055,0.0228806233017,0.00518126141296
24408720,4.06,0.0227941798919,0.00599632054296
24438780,4.065,0.0228058379056,0.00584039061572
24468840,4.07,0.0227762494425,0.00596117332195
24498900,4.075,0.0221910838459,0.0060314357049
24528960,4.08,0.0227600399974,0.00640595807356
24559020,4.085,0.0231428054215,0.00605684508229
24589080,4.09,0.0232167423323,0.00550920684456
24619140,4.095,0.0231085512628,0.00526050752183
24649200,4.1,0.0226029702745,0.00511627884944
24679260,4.105,0.0231612679503,0.00521313190806
24709320,4.11,0.0233847006,0.00519917611816
24739380,4.115,0.0232231530423,0.00560888515297
24769440,4.12,0.0228786591965,0.00582044510942
24799500,4.125,0.0223173756512,0.00596879529174
24829560,4.13,0.0229280682782,0.00601724339566
24859620,4.135,0.0230809403838,0.00630099722323
24889680,4.14,0.0229429183914,0.00581481570074
24919740,4.145,0.02253034557,0.00594309913588
24949800,4.15,0.0222611545457,0.00552257580785
24979860,4.155,0.0226140010762,0.00531145385152
25009920,4.16,0.0226753183832,0.00565321747506
25039980,4.165,0.022302678805,0.0057229772068
25070040,4.17,0.0221478960654,0.00591867938084
25100100,4.175,0.0219454204593,0.00560906718336
25130160,4.18,0.0224861698638,0.00556431331045
25160220,4.185,0.0224320501996,0.00587049357182
25190280,4.19,0.0224227054742,0.00629247301171
25220340,4.195,0.0223979230883,0.00608245225355
25250400,4.2,0.0222345471159,0.00561425172607
25280460,4.205,0.0229838557437,0.0059457365186
25310520,4.21,0.0232458805356,0.00608622504403
25340580,4.215,0.0229177766309,0.00587997062902
25370640,4.22,0.0221789395006,0.00573948814137
25400700,4.225,0.0220311379962,0.00550981139537
25430760,4.23,0.0225456433717,0.0059872439281
25460820,4.235,0.0226170408165,0.00641380992262
25490880,4.24,0.0223413559815,0.00664819490323
25520940,4.245,0.0219833313548,0.00713394282898
25551000,4.25,0.0214716427685,0.00653382145128
25581060,4.255,0.0222046795636,0.0061434200021
25611120,4.26,0.0227207282086,0.00614603061761
25641180,4.265,0.0229295405086,0.00630917414457
25671240,4.27,0.0228529921692,0.00609577317895
25701300,4.275,0.0223149050278,0.00600264179763
25731360,4.28,0.0229161849668,0.00629530170661
25761420,4.285,0.023178624901,0.0062063727207
25791480,4.29,0.0231440396299,0.00611316950804
25821540,4.295,0.0229189217415,0.00556944061426
25851600,4.3,0.0228244344965,0.00497158335301
25881660,4.305,0.0235505516507,0.00505970822158
25911720,4.31,0.0238163497855,0.00580699675017
25941780,4.315,0.0240345444634,0.00599723842823
25971840,4.32,0.0240379598628,0.00621273805036
26001900,4.325,0.023355506679,0.00680814059564
26031960,4.33,0.0235789178213,0.00694015178172
26062020,4.335,0.0235685320981,0.00670465650547
26092080,4.34,0.0235279568824,0.006073569768
26122140,4.345,0.0230933666913,0.00581333506968
26152200,4.35,0.0227834992583,0.00529247042196
26182260,4.355,0.0232831259664,0.00564752989657
26212320,4.36,0.0233286885396,0.00585538143275
26242380,4.365,0.0235198909181,0.00574393075133
26272440,4.37,0.0232534293143,0.00609274339433
26302500,4.375,0.0226110284654,0.00628414230319
26332560,4.38,0.023221146648,0.00654646314877
26362620,4.385,0.0233034537437,0.00719303062362
26392680,4.39,0.0234334239769,0.00705018348483
26422740,4.395,0.0227590019891,0.00678891933996
26452800,4.4,0.022037028035,0.00741574567493
26482860,4.405,0.0229287233101,0.00733628004666
26512920,4.41,0.0232264464704,0.00721423113458
26542980,4.415,0.0229144069511,0.00724479401111
26573040,4.42,0.022949210632,0.00743728754685
26603100,4.425,0.022479098354,0.00662942672443
26633160,4.43,0.0233157029731,0.00676045584941
26663220,4.435,0.0232726675301,0.00717949483064
26693280,4.44,0.0232175587344,0.00651990944206
26723340,4.445,0.0230946956232,0.00623226598493
26753400,4.45,0.0225852378468,0.00586977781306
26783460,4.455,0.0232079291519,0.00587642230811
26813520,4.46,0.0233973702324,0.00589233172292
26843580,4.465,0.0235161929465,0.00563119291102
26873640,4.47,0.0230226310115,0.00631523705231
26903700,4.475,0.0227097002259,0.006346110802
26933760,4.48,0.0234044221587,0.00670394895602
26963820,4.485,0.0236736366825,0.00723671205119
26993880,4.49,0.0236816202849,0.00644908933674
27023940,4.495,0.0229897507827,0.00701679354435
27054000,4.5,0.022323927816,0.00652678018971
27084060,4.505,0.0228249471505,0.00687076650514
27114120,4.51,0.0230371300091,0.00697257298256
27144180,4.515,0.0233456855005,0.00671030521565
27174240,4.52,0.0232632145308,0.00650230955303
27204300,4.525,0.0226966412312,0.00654913279821
27234360,4.53,0.0235044576438,0.00611454080237
27264420,4.535,0.0236166120048,0.00599649768947
27294480,4.54,0.0238101254637,0.00620319798365
27324540,4.545,0.0238179539181,0.00614791863306
27354600,4.55,0.0231735619371,0.006055532274
27384660,4.555,0.0236715411673,0.00639131646668
27414720,4.56,0.023463518555,0.00676559354235
27444780,4.565,0.0233051589845,0.00682316473812
27474840,4.57,0.0231326510633,0.00656134191157
27504900,4.575,0.0223658514695,0.00603209737054
27534960,4.58,0.0228470948129,0.00644776035966
27565020,4.585,0.0233452519724,0.00648284248484
27595080,4.59,0.0234471541247,0.00654039472733
27625140,4.595,0.023350688514,0.00709897265601
27655200,4.6,0.0225161983192,0.00670987000077
27685260,4.605,0.0227749751131,0.00702207026523
27715320,4.61,0.0227839543282,0.00694412739904
27745380,4.615,0.0225040044103,0.00702714438743
27775440,4.62,0.0228063696913,0.00661272456529
27805500,4.625,0.0224303665388,0.00599996837088
27835560,4.63,0.0231502037173,0.00639723484889
27865620,4.635,0.0232556581005,0.00650766149557
27895680,4.64,0.0230942832298,0.00661284818188
27925740,4.645,0.0229868332985,0.00587409050503
27955800,4.65,0.0226419721382,0.00549155430447
27985860,4.655,0.0232762348819,0.00554540488795
28015920,4.66,0.0234217798799,0.00538238498684
28045980,4.665,0.0233771832604,0.00564913523451
28076040,4.67,0.0229863981104,0.00586586427309
28106100,4.675,0.0222892988802,0.00600996815019
28136160,4.68,0.0226679521552,0.00596489377721
28166220,4.685,0.0225769753618,0.00640224420767
28196280,4.69,0.0225384987051,0.00664463170681
28226340,4.695,0.0225771972185,0.00653670737908
28256400,4.7,0.0222536274302,0.00580213536734
28286460,4.705,0.0231004410684,0.00614157546039
28316520,4.71,0.023561035184,0.00657498183744
28346580,4.715,0.0233955674054,0.00589754069307
28376640,4.72,0.0228300186367,0.00580748078082
28406700,4.725,0.0224809745316,0.00584031206981
28436760,4.73,0.0233686488081,0.00603272328026
28466820,4.735,0.023827968441,0.00595300492739
28496880,4.74,0.0239781684565,0.0061090577689
28526940,4.745,0.0236388606611,0.00631665693326
28557000,4.75,0.0229446300314,0.005856353654
28587060,4.755,0.0233437496844,0.00620456882366
28617120,4.76,0.0233619137871,0.00681787819061
28647180,4.765,0.0229637200175,0.00696881245322
28677240,4.77,0.023000541268,0.00633732877027
28707300,4.775,0.0226413975006,0.00603550869411
28737360,4.78,0.0232171015138,0.0066499691918
28767420,4.785,0.0230820668571,0.00682360418161
28797480,4.79,0.0231997413823,0.00693158163064
28827540,4.795,0.0231769394537,0.00734737424791
28857600,4.8,0.0228034666738,0.00698658325991
28887660,4.805,0.0231650666603,0.00777690565475
28917720,4.81,0.0233935173339,0.00768597612612
28947780,4.815,0.0237762061302,0.00738882893116
28977840,4.82,0.023393822179,0.00600014873646
29007900,4.825,0.0226508926946,0.00574070914231
29037960,4.83,0.0230646861992,0.00588462201964
29068020,4.835,0.0233448192092,0.00609964677467
29098080,4.84,0.0235077145886,0.00622502700529
29128140,4.845,0.023384145644,0.00617737274704
29158200,4.85,0.0227446516933,0.00583605949843
29188260,4.855,0.0233292035884,0.0065373940933
29218320,4.86,0.0237671878086,0.00683056506622
29248380,4.865,0.0237879648333,0.0064904141059
29278440,4.87,0.0235989975048,0.00692311840279
29308500,4.875,0.022924863691,0.0068180040663
29338560,4.88,0.02329623972,0.00678900988933
29368620,4.885,0.0232565508363,0.00688912897368
29398680,4.89,0.0232460477325,0.0065763165721
29428740,4.895,0.0229209191083,0.00580715448355
29458800,4.9,0.0217922678745,0.00639089643874
29488860,4.905,0.0224057503291,0.00723609688942
29518920,4.91,0.0228029925992,0.00672657383042
29548980,4.915,0.0230469941171,0.0064150084928
29579040,4.92,0.0229358055355,0.00591814464253
29609100,4.925,0.0223060740247,0.00557366124214
29639160,4.93,0.0233141617552,0.00623085617014
29669220,4.935,0.0237024293136,0.00612153643918
29699280,4.94,0.023326651004,0.00607078694404
29729340,4.945,0.0225711374386,0.00608097547759
29759400,4.95,0.0219587248818,0.00576383904093
29789460,4.955,0.0225466488565,0.00649439789521
29819520,4.96,0.022869279261,0.00653390733958
29849580,4.965,0.0230635140369,0.00667314836537
29879640,4.97,0.0228891157945,0.00691658710141
29909700,4.975,0.0224312049043,0.0067518467615
29939760,4.98,0.0229807170122,0.00705113128766
29969820,4.985,0.0233258452088,0.00676218227598
29999880,4.99,0.0234508966691,0.00693866857828
30029940,4.995,0.0232724296935,0.00647464077606
30060000,5.0,0.0226927589854,0.00586681388107
30090060,5.005,0.0230323126513,0.0059370043109
30120120,5.01,0.0229285433391,0.00618952199139
30150180,5.015,0.0229116569713,0.00650396862867
30180240,5.02,0.022730536091,0.00672785610157
30210300,5.025,0.0223744941966,0.0060266927101
30240360,5.03,0.0230595401201,0.00602362974697
30270420,5.035,0.0231220418202,0.00645237705642
30300480,5.04,0.0231972231829,0.00675650280491
30330540,5.045,0.0229591164789,0.00608085505009
30360600,5.05,0.0222755423323,0.00551423804108
30390660,5.055,0.023318887363,0.00558730413058
30420720,5.06,0.0237858532538,0.00586075489119
30450780,5.065,0.0236469093194,0.0062107742571
30480840,5.07,0.0234630573468,0.0062321981575
30510900,5.075,0.0229800568383,0.00582917257905
30540960,5.08,0.0233425565722,0.00598563179331
30571020,5.085,0.0232142282833,0.00674344007519
30601080,5.09,0.0234529176131,0.00670255874355
30631140,5.095,0.0232031017587,0.00639146504736
30661200,5.1,0.0227440102037,0.00578033353765
30691260,5.105,0.0233914437714,0.00601577624112
30721320,5.11,0.0233070343057,0.00604581807971
30751380,5.115,0.0232414383818,0.00610869885611
30781440,5.12,0.0228695490177,0.00604114953888
30811500,5.125,0.0223611925555,0.00575488154257
30841560,5.13,0.0229252893972,0.00576164498873
30871620,5.135,0.023342577806,0.00569215933665
30901680,5.14,0.0231841799486,0.00592937493184
30931740,5.145,0.0229678449801,0.00591148141247
30961800,5.15,0.0224420077617,0.00518870108312
30991860,5.155,0.0230255276121,0.00537154453374
31021920,5.16,0.023510652777,0.00537189708034
31051980,5.165,0.0235095924696,0.00555829631446
31082040,5.17,0.0233283939732,0.00589669408737
31112100,5.175,0.0226776227599,0.00550101794232
31142160,5.18,0.0232904010884,0.0057441917195
31172220,5.185,0.0238165094396,0.00595664518536
31202280,5.19,0.0239928528444,0.00559322782345
31232340,5.195,0.0235680653023,0.00569447575182
31262400,5.2,0.0229685174995,0.00565235063167
31292460,5.205,0.0237111493657,0.00575036023672
31322520,5.21,0.0238805800659,0.00574260659675
31352580,5.215,0.0237269677065,0.00674120715308
31382640,5.22,0.0236578188084,0.0065387089685
31412700,5.225,0.0230621990081,0.00574206753541
31442760,5.23,0.0235939282326,0.0058040703346
31472820,5.235,0.0238428979907,0.00570229146757
31502880,5.24,0.0239271485861,0.00587315545428
31532940,5.245,0.0237655782472,0.0057199069511
31563000,5.25,0.022828725812,0.0053470547336
31593060,5.255,0.0234029080783,0.00540320704011
31623120,5.26,0.0230156757769,0.00570983679526
31653180,5.265,0.0227864843782,0.00573072188849
31683240,5.27,0.0225299647437,0.00634513472694
31713300,5.275,0.0220803036539,0.00604844301813
31743360,5.28,0.0226541612163,0.0063742010697
31773420,5.285,0.0226871377663,0.00689563197319
31803480,5.29,0.0226271183132,0.00732339049146
31833540,5.295,0.0226511693007,0.00715387698047
31863600,5.3,0.0222400977926,0.00704327454432
31893660,5.305,0.0229093214813,0.00757420287532
31923720,5.31,0.0228440922238,0.00739273342874
31953780,5.315,0.022702140183,0.00776393766678
31983840,5.32,0.0226301296899,0.00734278243482
32013900,5.325,0.021793704347,0.00668795654879
32043960,5.33,0.022422584575,0.00649498085521
32074020,5.335,0.0226270959447,0.00628118398789
32104080,5.34,0.0225927828171,0.00594979934385
32134140,5.345,0.0225564838566,0.00546894179238
32164200,5.35,0.0218371710931,0.00565261708271
32194260,5.355,0.0226460062087,0.00634649672575
32224320,5.36,0.0229741622093,0.00682820038007
32254380,5.365,0.0232313019802,0.00696460991079
32284440,5.37,0.0230292739098,0.00715875456651
32314500,5.375,0.0224952348249,0.00703992049397
32344560,5.38,0.0231779856183,0.00690340297106
32374620,5.385,0.0233406545832,0.00699379712169
32404680,5.39,0.0232191420447,0.00719740904363
32434740,5.395,0.023092528501,0.00766616479293
32464800,5.4,0.0225777966616,0.00741206951008
32494860,5.405,0.0229741494616,0.00783394010882
32524920,5.41,0.0233420800503,0.00828594902178
32554980,5.415,0.0232643710207,0.00830571455676
32585040,5.42,0.0227309003591,0.0078083880588
32615100,5.425,0.0221250786246,0.00711901330771
32645160,5.43,0.0230963270517,0.00715410965868
32675220,5.435,0.0231992717329,0.00731247351123
32705280,5.44,0.0233626044105,0.00761505838384
32735340,5.445,0.0234075771346,0.00737612524575
32765400,5.45,0.022681849158,0.00772782121651
32795460,5.455,0.02307156258,0.00761559209674
32825520,5.46,0.0228059872708,0.00776456364048
32855580,5.465,0.0231111749975,0.00749220391281
32885640,5.47,0.0234128154178,0.00671940489622
32915700,5.475,0.022816302161,0.00643967519348
32945760,5.48,0.0234976865283,0.00639667248156
32975820,5.485,0.0239416508303,0.00616072195461
33005880,5.49,0.0238404067256,0.00652976516596
33035940,5.495,0.0231684310437,0.00720069744536
33066000,5.5,0.0225116698057,0.00762033206399
33096060,5.505,0.022965607114,0.00786508681324
33126120,5.51,0.0231412815874,0.00723472479218
33156180,5.515,0.0233047381861,0.00678166448433
33186240,5.52,0.0231901157673,0.00666625071497
33216300,5.525,0.0228066281388,0.00607585030128
33246360,5.53,0.0235177126739,0.00647223568899
33276420,5.535,0.0233640358924,0.00736103610433
33306480,5.54,0.0234686980776,0.00718159365863
33336540,5.545,0.023155125625,0.00674854980616
33366600,5.55,0.0225933421849,0.00602316499875
33396660,5.555,0.0229535080668,0.00627570265423
33426720,5.56,0.0231593350221,0.0060706217197
33456780,5.565,0.0234740117335,0.00590181229685
33486840,5.57,0.0235192607441,0.00561935083783
33516900,5.575,0.0231239325912,0.00532091939847
33546960,5.58,0.0237396975613,0.00597380576961
33577020,5.585,0.0239815122943,0.00648424713834
33607080,5.59,0.0236958599976,0.00670598165166
33637140,5.595,0.0234196519598,0.00673817432266
33667200,5.6,0.0229000564223,0.00658147682568
33697260,5.605,0.0233016600819,0.00677207146798
33727320,5.61,0.0233268171612,0.00654584615236
33757380,5.615,0.0235174085172,0.0066604096404
33787440,5.62,0.0236075461422,0.00685313515874
33817500,5.625,0.023158618098,0.00661136341686
33847560,5.63,0.0235182772134,0.00656443344685
33877620,5.635,0.0235096877906,0.00673757175801
33907680,5.64,0.0235931083662,0.00637000637736
33937740,5.645,0.0235054813322,0.00626659582741
33967800,5.65,0.0231102465642,0.00603579751469
33997860,5.655,0.0236997098465,0.0066742877487
34027920,5.66,0.0241555360379,0.00683935569591
34057980,5.665,0.0243590170886,0.00710633153708
34088040,5.67,0.02450631668,0.00662091121679
34118100,5.675,0.0235360739353,0.0067819614459
34148160,5.68,0.0235862478904,0.00697640335802
34178220,5.685,0.0235300271818,0.00719065448509
34208280,5.69,0.0235308962028,0.00684924555248
34238340,5.695,0.0233458171254,0.00627703180867
34268400,5.7,0.0228046733931,0.00612376666475
34298460,5.705,0.0231221225251,0.00641357561539
34328520,5.71,0.023428212488,0.00626763388667
34358580,5.715,0.0231326598648,0.00650752230644
34388640,5.72,0.0229583791617,0.00621584073836
34418700,5.725,0.0223836491942,0.00618169911828
34448760,5.73,0.0229157799468,0.00652222127885
34478820,5.735,0.0231716380322,0.00632482155674
34508880,5.74,0.0231381958969,0.00644789597287
34538940,5.745,0.0230914966254,0.00613932923891
34569000,5.75,0.0227658410538,0.00587724083363
34599060,5.755,0.0233802947899,0.00573425109079
34629120,5.76,0.0234672966648,0.00552072249337
34659180,5.765,0.0232049561382,0.0053532322066
34689240,5.77,0.0229703189812,0.00482832413349
34719300,5.775,0.0222177597695,0.00449316368216
34749360,5.78,0.0227704887077,0.00490054678334
34779420,5.785,0.0228058358627,0.00498659313409
34809480,5.79,0.0226357872965,0.00543674656639
34839540,5.795,0.0223402380048,0.00480141309172
34869600,5.8,0.021838693215,0.00435282910277
34899660,5.805,0.0224193302318,0.00478797724442
34929720,5.81,0.0227852252758,0.00478777241934
34959780,5.815,0.0228738880185,0.00507917089449
34989840,5.82,0.0226817413737,0.00506445659145
35019900,5.825,0.0219419533414,0.0052618427802
35049960,5.83,0.0222190736945,0.00531736748654
35080020,5.835,0.0222466422515,0.00543355143861
35110080,5.84,0.022304352275,0.00558363325204
35140140,5.845,0.022186120972,0.00632023592565
35170200,5.85,0.0219465767624,0.00621591794126
35200260,5.855,0.0227754639318,0.00647854488796
35230320,5.86,0.0233548762559,0.00658468236371
35260380,5.865,0.0234533890297,0.00667909155523
35290440,5.87,0.0231841809494,0.00727096519582
35320500,5.875,0.0230215898384,0.00703928767275
35350560,5.88,0.0233325306211,0.00661289409237
35380620,5.885,0.0233473650607,0.00678822649419
35410680,5.89,0.0235502255573,0.00652953893171
35440740,5.895,0.0232724570053,0.00648233369006
35470800,5.9,0.0228408778491,0.00650039928994
35500860,5.905,0.0234728020994,0.00658386738131
35530920,5.91,0.023285020727,0.00703013755352
35560980,5.915,0.0232947513685,0.0073493021727
35591040,5.92,0.0231792582548,0.00681002119076
35621100,5.925,0.0228395811909,0.00631235029039
35651160,5.93,0.0232805413006,0.00616696349014
35681220,5.935,0.0233927689006,0.00603909825889
35711280,5.94,0.0231953637518,0.00561829745392
35741340,5.945,0.0228602684439,0.00525179991409
35771400,5.95,0.0223717640153,0.00504018685007
35801460,5.955,0.022917647098,0.00553305130679
35831520,5.96,0.0232162055755,0.00582110042372
35861580,5.965,0.0230629652787,0.00655396110983
35891640,5.97,0.0228156675488,0.00640690276542
35921700,5.975,0.0219299137933,0.00626537808654
35951760,5.98,0.022379464949,0.00645647545331
35981820,5.985,0.0224913262955,0.00639673398956
36011880,5.99,0.0224490084549,0.00654042208006
36041940,5.995,0.0225754378532,0.00668569935701
36072000,6.0,0.0221169477906,0.00679692206367
36102060,6.005,0.0224820659569,0.00719516986138
36132120,6.01,0.0225008697175,0.00700049708677
36162180,6.015,0.0225957602168,0.00674573246735
36192240,6.02,0.0221504597626,0.00617757082633
36222300,6.025,0.0217290182255,0.00549793733571
36252360,6.03,0.0223136379871,0.0058873976715
36282420,6.035,0.0226805933057,0.00628190865375
36312480,6.04,0.0231270451741,0.00635208301407
36342540,6.045,0.0231628403256,0.00620608995081
36372600,6.05,0.0227337431741,0.00591407679234
36402660,6.055,0.0233576674602,0.00628549285697
36432720,6.06,0.0233886283363,0.00662864750607
36462780,6.065,0.0235106945492,0.00657386800331
36492840,6.07,0.0231456916403,0.00708095979806
36522900,6.075,0.0224223439703,0.00651991878037
36552960,6.08,0.0227292616779,0.00704036148611
36583020,6.085,0.0230326256377,0.00668786867907
36613080,6.09,0.0233253731158,0.00634390380202
36643140,6.095,0.0229350543491,0.00625288837763
36673200,6.1,0.0220053657711,0.00581790262994
36703260,6.105,0.0225514203817,0.00559140231518
36733320,6.11,0.0225338235946,0.00537135409863
36763380,6.115,0.0222578504322,0.00540830485577
36793440,6.12,0.021942663114,0.00554598796331
36823500,6.125,0.0214841198839,0.00533833579751
36853560,6.13,0.0223815462199,0.00544745701435
36883620,6.135,0.0225705341642,0.00550753774462
36913680,6.14,0.0225585355869,0.00548637642289
36943740,6.145,0.0226139422687,0.00520486082736
36973800,6.15,0.0221516019079,0.00497459621188
37003860,6.155,0.0226147295232,0.00491461726871
37033920,6.16,0.0226414628459,0.00520162701395
37063980,6.165,0.0227697479972,0.00518296821968
37094040,6.17,0.0227468042055,0.00506412790174
37124100,6.175,0.0222010173916,0.0054007148807
37154160,6.18,0.0227029907509,0.00558180277367
37184220,6.185,0.0232155950243,0.00605939084869
37214280,6.19,0.0229955148213,0.00619084135937
37244340,6.195,0.0227388441581,0.00556569118846
37274400,6.2,0.0221063078044,0.00523922146813
37304460,6.205,0.0226038023607,0.0053594315614
37334520,6.21,0.0230130930857,0.00529960222579
37364580,6.215,0.0228660814307,0.00494142471879
37394640,6.22,0.0225620734998,0.00519239060742
37424700,6.225,0.022183685459,0.00486542573498
37454760,6.23,0.0228272454986,0.00528987642936
37484820,6.235,0.0230837385143,0.00582031759432
37514880,6.24,0.0227700003847,0.00616471181567
37544940,6.245,0.0224422849764,0.0062863729959
37575000,6.25,0.0219587408396,0.00594771382008
37605060,6.255,0.0225248006542,0.00598641750647
37635120,6.26,0.0226768321404,0.00600169435076
37665180,6.265,0.0224740258902,0.00560708265369
37695240,6.27,0.0222879354116,0.00583171581455
37725300,6.275,0.0218302378852,0.00578944218077
37755360,6.28,0.0226682636806,0.00576822306887
37785420,6.285,0.0232211162208,0.0059237092371
37815480,6.29,0.0231780504247,0.00616415732114
37845540,6.295,0.0230282300963,0.00659841320777
37875600,6.3,0.0223491497048,0.00617724571512
37905660,6.305,0.0224967504653,0.00629811129719
37935720,6.31,0.0227635074519,0.0061858579394
37965780,6.315,0.0228908237082,0.00563399959366
37995840,6.32,0.0227744015652,0.0057767908709
38025900,6.325,0.0221284771447,0.00609966869736
38055960,6.33,0.0228338155005,0.00576595818731
38086020,6.335,0.0231915514332,0.0055132283682
38116080,6.34,0.023333421789,0.00534554797559
38146140,6.345,0.0228021706742,0.00572842425977
38176200,6.35,0.021977784234,0.00631839354963
38206260,6.355,0.0226293676321,0.00625961874117
38236320,6.36,0.0228219504133,0.00595139521132
38266380,6.365,0.0228940666324,0.00636442480648
38296440,6.37,0.0228308569925,0.00630415064939
38326500,6.375,0.0224985423264,0.00606418729545
38356560,6.38,0.0231616354428,0.00571972775591
38386620,6.385,0.0231093913558,0.00595610792431
38416680,6.39,0.0231949537349,0.00602459710733
38446740,6.395,0.0230555790248,0.00603543857444
38476800,6.4,0.0227924496029,0.00619370063523
38506860,6.405,0.0232320141661,0.00629348164453
38536920,6.41,0.0232752200709,0.00577833151414
38566980,6.415,0.023062443137,0.00557113278378
38597040,6.42,0.023186706155,0.00550451964259
38627100,6.425,0.0228419404377,0.00575654834237
38657160,6.43,0.023270862676,0.0060145057951
38687220,6.435,0.0234226686715,0.00649726120452
38717280,6.44,0.0233522980812,0.0064608221636
38747340,6.445,0.0233423535838,0.00611089200266
38777400,6.45,0.0229899625158,0.00573641326794
38807460,6.455,0.0233632686438,0.00623725509679
38837520,6.46,0.0232410194067,0.00699661161542
38867580,6.465,0.0233807182388,0.0059563398094
38897640,6.47,0.0225803757,0.00577170737122
38927700,6.475,0.0221329385773,0.00567040152174
38957760,6.48,0.0225167596996,0.00639436318988
38987820,6.485,0.0227965293457,0.00695462563459
39017880,6.49,0.0231166765805,0.00714105117045
39047940,6.495,0.0232167676006,0.00691060718352
39078000,6.5,0.0225724684561,0.00659411145834
39108060,6.505,0.0230764691817,0.00698279641466
39138120,6.51,0.0232085986885,0.0078280294476
39168180,6.515,0.0231457189166,0.00760463493321
39198240,6.52,0.0229061044665,0.00661586590001
39228300,6.525,0.0223502345097,0.00588913837257
39258360,6.53,0.0227583386994,0.0067742976659
39288420,6.535,0.0225723005502,0.00613300109473
39318480,6.54,0.0224243176205,0.00620601591366
39348540,6.545,0.0223108501454,0.0061436920164
39378600,6.55,0.0219312414116,0.00573495343237
39408660,6.555,0.0225918010807,0.00587473681575
39438720,6.56,0.0230375889247,0.00599291971154
39468780,6.565,0.0231522937425,0.00553797290245
39498840,6.57,0.0227022928877,0.00596477964497
39528900,6.575,0.0219696171996,0.00617431127438
39558960,6.58,0.0225550400704,0.0060448438421
39589020,6.585,0.0226626244757,0.00617570304824
39619080,6.59,0.0229497839449,0.00587112199585
39649140,6.595,0.0230001856767,0.00546232691309
39679200,6.6,0.0224187656579,0.00545353505555
39709260,6.605,0.0231996456308,0.00582417707299
39739320,6.61,0.0234485050719,0.0059357547478
39769380,6.615,0.0234570302964,0.00563880329603
39799440,6.62,0.0232636301896,0.00554364100503
39829500,6.625,0.0225023575652,0.00578104833275
39859560,6.63,0.0231949622243,0.00625750833828
39889620,6.635,0.0233339829942,0.00685395606926
39919680,6.64,0.0235096506643,0.0068667285595
39949740,6.645,0.022861539415,0.00647723517668
39979800,6.65,0.0219194481617,0.00621200247206
40009860,6.655,0.0225221238806,0.00628045588163
40039920,6.66,0.0227267678541,0.00649720465711
40069980,6.665,0.0225463605803,0.0065236571202
40100040,6.67,0.0221254496663,0.00635719780265
40130100,6.675,0.0215807357412,0.00577371351037
40160160,6.68,0.0222663551366,0.00606141637562
40190220,6.685,0.0226651375326,0.00592388519663
40220280,6.69,0.0228446132638,0.0059300721712
40250340,6.695,0.0228834247022,0.00615390723971
40280400,6.7,0.0224668359608,0.00654340339831
40310460,6.705,0.0232890778504,0.00695624773929
40340520,6.71,0.0231271811881,0.00653046397051
40370580,6.715,0.0231236169548,0.00674373058098
40400640,6.72,0.0230451293695,0.00652270893169
40430700,6.725,0.0224307317439,0.00599745046703
40460760,6.73,0.0229732314471,0.00635245025678
40490820,6.735,0.0233213882313,0.00708365760959
40520880,6.74,0.0229670916986,0.0064945637111
40550940,6.745,0.022734723196,0.00619171589538
40581000,6.75,0.0221126806138,0.0059261661114
40611060,6.755,0.0226921172827,0.00618569793921
40641120,6.76,0.0229022446706,0.00636525552588
40671180,6.765,0.0232770180924,0.0061192471314
40701240,6.77,0.0231884084528,0.00675561564387
40731300,6.775,0.0223992430054,0.00701766849919
40761360,6.78,0.0231585757809,0.00726093803634
40791420,6.785,0.0234825323126,0.00708716437382
40821480,6.79,0.0236964142272,0.00640347852761
40851540,6.795,0.0234806733011,0.00676731868113
40881600,6.8,0.0232822207665,0.0071359432066
40911660,6.805,0.0240735645906,0.00699334626333
40941720,6.81,0.0246629120204,0.00739761216183
40971780,6.815,0.0247753413881,0.00669956693156
41001840,6.82,0.0243998811233,0.00635226273909
41031900,6.825,0.0236002945058,0.0062555075432
41061960,6.83,0.0238073200422,0.00713281316228
41092020,6.835,0.0234222827436,0.00690949110781
41122080,6.84,0.0228424473883,0.0064335566126
41152140,6.845,0.0223809424194,0.00601776876171
41182200,6.85,0.0217749871675,0.0058901557
41212260,6.855,0.0224703520378,0.00636435002283
41242320,6.86,0.0231332492309,0.00655254345606
41272380,6.865,0.0234509303876,0.00625748428266
41302440,6.87,0.023309414933,0.00581626086074
41332500,6.875,0.0228056428838,0.00542010878346
41362560,6.88,0.0231905635871,0.00571894758751
41392620,6.885,0.0231036890111,0.0059811942986
41422680,6.89,0.0233149579088,0.00600986024595
41452740,6.895,0.0227542161516,0.00632711071352
41482800,6.9,0.022264513571,0.00629533901995
41512860,6.905,0.022604863596,0.00649285577921
41542920,6.91,0.022845698278,0.00650645330838
41572980,6.915,0.0228733309354,0.00655015054836
41603040,6.92,0.0228188292851,0.00571778848694
41633100,6.925,0.0221028098341,0.00520157308457
41663160,6.93,0.0227961875374,0.00541844032327
41693220,6.935,0.0230336107619,0.0056542336535
41723280,6.94,0.0229333282108,0.0057096267
41753340,6.945,0.0227881415157,0.0059220825147
41783400,6.95,0.0222953019778,0.00576306155571
41813460,6.955,0.0227242213008,0.00594596947026
41843520,6.96,0.0225941718193,0.0062597801812
41873580,6.965,0.0226942915123,0.00653399577044
41903640,6.97,0.0224751803009,0.00674534048795
41933700,6.975,0.02214446619,0.00638622231595
41963760,6.98,0.0222748567928,0.00671065823931
41993820,6.985,0.0221286767095,0.00674147682519
42023880,6.99,0.0220429082146,0.00641737157709
42053940,6.995,0.0218305943958,0.00622379647887
42084000,7.0,0.0213966803199,0.0060204487706
42114060,7.005,0.0220601596455,0.00585601151331
42144120,7.01,0.0225056476846,0.00546745264953
42174180,7.015,0.0225973176336,0.00561547589799
42204240,7.02,0.0225709513587,0.00535606111872
42234300,7.025,0.0220049346935,0.0051343999416
42264360,7.03,0.0229431671372,0.00585396895054
42294420,7.035,0.0235960688408,0.00591370791339
42324480,7.04,0.023781874827,0.00593541477585
42354540,7.045,0.023535347332,0.00609943602059
42384600,7.05,0.0229221749999,0.00583676004737
42414660,7.055,0.0236895906382,0.00579150338427
42444720,7.06,0.0238344612793,0.00647344290386
42474780,7.065,0.0236504893336,0.00610660792305
42504840,7.07,0.0231281778613,0.00606656648737
42534900,7.075,0.0227001188074,0.00517666725318
42564960,7.08,0.0228113102394,0.00563179174634
42595020,7.085,0.0229915998501,0.00568372654366
42625080,7.09,0.0229972805743,0.0060734614242
42655140,7.095,0.0227533172503,0.00607728577747
42685200,7.1,0.0223382330273,0.005788071946
42715260,7.105,0.0225750278183,0.00579354232347
42745320,7.11,0.0225918339918,0.00594920937802
42775380,7.115,0.0225816041394,0.00596104983798
42805440,7.12,0.0225060689578,0.0059940944375
42835500,7.125,0.0220628901297,0.005998777038
42865560,7.13,0.0225000222082,0.00600647560756
42895620,7.135,0.0228938250196,0.0058816950525
42925680,7.14,0.0231278590785,0.00615368649038
42955740,7.145,0.0228633909652,0.00560051124257
42985800,7.15,0.0223812175092,0.00530985128206
43015860,7.155,0.0229057433696,0.00518301133194
43045920,7.16,0.0231316019531,0.00536854172641
43075980,7.165,0.0232181659669,0.00549096955883
43106040,7.17,0.023180788218,0.00533465537232
43136100,7.175,0.02264479976,0.00585028643867
43166160,7.18,0.0230818321493,0.00620591045806
43196220,7.185,0.0232127770051,0.00642862423288
43226280,7.19,0.0230511109846,0.0065804469085
43256340,7.195,0.022863247193,0.00664846970783
43286400,7.2,0.0222843731483,0.00612417728074
43316460,7.205,0.0225600473439,0.00627628214618
43346520,7.21,0.0226722898433,0.00623676681848
43376580,7.215,0.0228026234953,0.00599618692222
43406640,7.22,0.0226162464524,0.00583301454578
43436700,7.225,0.0221432883865,0.00523190771188
43466760,7.23,0.0224437833278,0.00548120494532
43496820,7.235,0.0229466638127,0.0060691437577
43526880,7.24,0.02317406948,0.00613624300346
43556940,7.245,0.023037894369,0.00593936325531
43587000,7.25,0.0226560329844,0.00601093112876
43617060,7.255,0.0232779436057,0.00602098746623
43647120,7.26,0.0232270380603,0.0063233195163
43677180,7.265,0.0231257209124,0.0061451510015
43707240,7.27,0.0227114749572,0.0057195628128
43737300,7.275,0.0221535709081,0.00487434326769
43767360,7.28,0.0224822725261,0.00497870089819
43797420,7.285,0.0225615424973,0.0050319920348
43827480,7.29,0.0226118423096,0.00511551999047
43857540,7.295,0.0223384406803,0.00523882596101
43887600,7.3,0.021958903723,0.00505240098476
43917660,7.305,0.0222906027291,0.00550767254777
43947720,7.31,0.0223754859843,0.00570627898345
43977780,7.315,0.0226071190431,0.00576052558147
44007840,7.32,0.0225707275444,0.00595677383263
44037900,7.325,0.0221827035083,0.00613350067854
44067960,7.33,0.0226552580008,0.00684602404851
44098020,7.335,0.0232070862446,0.0067697414621
44128080,7.34,0.0233283028267,0.0069527013068
44158140,7.345,0.0232663369036,0.00644646383729
44188200,7.35,0.022573442889,0.0066525200546
44218260,7.355,0.0232262570202,0.0064651460587
44248320,7.36,0.0233565893765,0.00604890922512
44278380,7.365,0.0236218880353,0.00574049107283
44308440,7.37,0.023147189914,0.00610418881001
44338500,7.375,0.0225786104375,0.00612422054652
44368560,7.38,0.0228212533497,0.0064951327605
44398620,7.385,0.0230872084825,0.00655574383579
44428680,7.39,0.0231174960286,0.00643621952249
44458740,7.395,0.0231032291818,0.00621378666071
44488800,7.4,0.0225943237366,0.00556170034145
44518860,7.405,0.0231239495556,0.00546738534802
44548920,7.41,0.0231277887371,0.00543089947734
44578980,7.415,0.0229656051746,0.00577320672355
44609040,7.42,0.0227639369719,0.00596607027853
44639100,7.425,0.0225012647583,0.00620619826706
44669160,7.43,0.0230804735429,0.00623150654911
44699220,7.435,0.0232651059201,0.00597496362046
44729280,7.44,0.0230428852672,0.00559933320949
44759340,7.445,0.0228536096573,0.00540275342387
44789400,7.45,0.0224274401433,0.00544538667032
44819460,7.455,0.0231636008082,0.00576494582346
44849520,7.46,0.023140598249,0.00590077911589
44879580,7.465,0.023605784078,0.00621783548301
44909640,7.47,0.0235980368655,0.0062933728267
44939700,7.475,0.0231424527361,0.0062618358304
44969760,7.48,0.0236997076873,0.00674798630964
44999820,7.485,0.0234942150667,0.00692529634477
45029880,7.49,0.0232568376659,0.00640891053858
45059940,7.495,0.0231794798981,0.0061225402052
45090000,7.5,0.0227342693252,0.00620236346662
45120060,7.505,0.0231810010605,0.0074267973595
45150120,7.51,0.0232289167139,0.00748852913766
45180180,7.515,0.0229149619998,0.00710100046659
45210240,7.52,0.022726729714,0.00652640703407
45240300,7.525,0.0222064073614,0.00660040385421
45270360,7.53,0.0227590385252,0.00650302673949
45300420,7.535,0.0230502180985,0.00692847441483
45330480,7.54,0.0232562483168,0.00679391486647
45360540,7.545,0.0228956141759,0.00608927244429
45390600,7.55,0.0222969923134,0.00563499715408
45420660,7.555,0.0226969024614,0.00600334620037
45450720,7.56,0.0226832250478,0.00626810943294
45480780,7.565,0.0225135256949,0.00644419292824
45510840,7.57,0.0223888911101,0.00640849218337
45540900,7.575,0.0220615068932,0.00617052671449
45570960,7.58,0.0228739739692,0.00601200319507
45601020,7.585,0.023135248556,0.00589995016738
45631080,7.59,0.023530726719,0.0056525103131
45661140,7.595,0.0234242072196,0.00553918848958
45691200,7.6,0.0228769501168,0.00489192759738
45721260,7.605,0.0231620205047,0.00521009453554
45751320,7.61,0.0233562009111,0.00567809442357
45781380,7.615,0.0234638070159,0.00600685619784
45811440,7.62,0.0231788194859,0.00554704526417
45841500,7.625,0.0222366093836,0.00544991458796
45871560,7.63,0.0225345695517,0.0059772920352
45901620,7.635,0.0229991991337,0.00602429335394
45931680,7.64,0.0232245971722,0.00602222233983
45961740,7.645,0.0228923222943,0.005816516451
45991800,7.65,0.0221328498552,0.00559821309292
46021860,7.655,0.0227795480374,0.00606950615853
46051920,7.66,0.0229704794971,0.0058356471075
46081980,7.665,0.0228854736521,0.00545151667718
46112040,7.67,0.0228499475316,0.00514171185189
46142100,7.675,0.0222851237688,0.00503897129428
46172160,7.68,0.0231469355804,0.0054953158123
46202220,7.685,0.0235645020221,0.00627836636133
46232280,7.69,0.0229167533687,0.00627088888363
46262340,7.695,0.0222390607667,0.00680160873304
46292400,7.7,0.0216797289789,0.00604372834423
46322460,7.705,0.0223759582988,0.00576887489629
46352520,7.71,0.0225205000378,0.00605910296847
46382580,7.715,0.0226910039072,0.00589776517452
46412640,7.72,0.0226763943652,0.00586357456274
46442700,7.725,0.0222342559964,0.00580968676725
46472760,7.73,0.0230591687832,0.00582649109888
46502820,7.735,0.023222890958,0.00604702155996
46532880,7.74,0.0231317848833,0.00607798171584
46562940,7.745,0.0229594269956,0.00591582627209
46593000,7.75,0.0221605337704,0.00587483753324
46623060,7.755,0.0224586905891,0.00592309789358
46653120,7.76,0.022657201851,0.00597415979748
46683180,7.765,0.02284993484,0.00580397154879
46713240,7.77,0.022696632926,0.0056478013791
46743300,7.775,0.0220258045613,0.00553318848418
46773360,7.78,0.0222401002057,0.00563010710881
46803420,7.785,0.0219546174261,0.00602053543831
46833480,7.79,0.022026281564,0.00601068001485
46863540,7.795,0.0220450579876,0.00585710124478
46893600,7.8,0.0216334570597,0.00529355197565
46923660,7.805,0.0219844528922,0.00556883778065
46953720,7.81,0.0223832843122,0.00584878330833
46983780,7.815,0.0225675982785,0.00581170344244
47013840,7.82,0.0224619678871,0.00572379455048
47043900,7.825,0.0220297597538,0.00539318741895
47073960,7.83,0.0229104799028,0.00555315821868
47104020,7.835,0.0230114598405,0.00586532837914
47134080,7.84,0.0228839783771,0.00613885781519
47164140,7.845,0.022628009529,0.00598953213177
47194200,7.85,0.0218949706877,0.00546424415206
47224260,7.855,0.0223998841932,0.00566987643451
47254320,7.86,0.0226821165067,0.00619454316697
47284380,7.865,0.0228379555646,0.00680530948775
47314440,7.87,0.0226191515808,0.00653307787888
47344500,7.875,0.0219059838112,0.00713183780696
47374560,7.88,0.0224710252778,0.00692808604892
47404620,7.885,0.0226151455388,0.00672244574328
47434680,7.89,0.0226815311201,0.00673803730869
47464740,7.895,0.0227388009754,0.00615289277635
47494800,7.9,0.0225229931973,0.0057587186202
47524860,7.905,0.023218078766,0.00558464915804
47554920,7.91,0.0236089872975,0.00560179832024
47584980,7.915,0.023651826813,0.00579675254503
47615040,7.92,0.0234142117071,0.00554447905351
47645100,7.925,0.0228783624908,0.00549745845021
47675160,7.93,0.0234263574809,0.00566101554595
47705220,7.935,0.0234099915971,0.0057955438662
47735280,7.94,0.0234873961618,0.00594756784011
47765340,7.945,0.0232877062729,0.00579500198636
47795400,7.95,0.0224653716757,0.00561427382018
47825460,7.955,0.0230708589287,0.0057271204765
47855520,7.96,0.0235239076242,0.00589007171672
47885580,7.965,0.0235700153481,0.00637219445575
47915640,7.97,0.0235349902702,0.00648123099731
47945700,7.975,0.0230618724446,0.0064849965334
47975760,7.98,0.023618435024,0.00673624356253
48005820,7.985,0.0235762352733,0.00672328849232
48035880,7.99,0.0232669420364,0.00721175328638
48065940,7.995,0.0230510025041,0.0074766521197
48096000,8.0,0.0225504129038,0.00660529666055
48126060,8.005,0.0232421997152,0.00697496728163
48156120,8.01,0.0235541290692,0.00710017400264
48186180,8.015,0.0235593922959,0.00703319671801
48216240,8.02,0.023366028046,0.00685817659959
48246300,8.025,0.0229733540661,0.0063302375749
48276360,8.03,0.0235143048621,0.00752100944225
48306420,8.035,0.0238681330607,0.00792118276124
48336480,8.04,0.023949474975,0.00757283790437
48366540,8.045,0.0238969696395,0.00768728931301
48396600,8.05,0.0230872660165,0.0072565832274
48426660,8.055,0.0234688758965,0.00732750785558
48456720,8.06,0.0233503329113,0.00694376820037
48486780,8.065,0.0232445585836,0.00621702400996
48516840,8.07,0.0227044349199,0.00570786698936
48546900,8.075,0.021643645335,0.00636949769298
48576960,8.08,0.0221882416462,0.00607909279513
48607020,8.085,0.0223891898258,0.00644548894942
48637080,8.09,0.022586646316,0.0060589046447
48667140,8.095,0.0225945285856,0.0056675329472
48697200,8.1,0.0222696815222,0.00557489300536
48727260,8.105,0.023235775163,0.0063635515447
48757320,8.11,0.0235178619176,0.0065716413112
48787380,8.115,0.0233863871328,0.00655576284885
48817440,8.12,0.0227310925217,0.00637112371244
48847500,8.125,0.0216991168406,0.00613964385293
48877560,8.13,0.0224979236627,0.00604043585876
48907620,8.135,0.0228846818049,0.00574960103561
48937680,8.14,0.0231585362072,0.00599932493763
48967740,8.145,0.0232145168757,0.00536607167625
48997800,8.15,0.0224202873218,0.00528809460049
49027860,8.155,0.0223899020955,0.00643667458766
49057920,8.16,0.0225894986509,0.00627932526708
49087980,8.165,0.0225402486165,0.00660932575101
49118040,8.17,0.0225435198741,0.00598563353638
49148100,8.175,0.0222703630199,0.00571361772475
49178160,8.18,0.0226170900362,0.00615321174565
49208220,8.185,0.0228458151468,0.00675354524551
49238280,8.19,0.0229430276003,0.00673874755607
49268340,8.195,0.0226781905954,0.00687603235203
49298400,8.2,0.0223252781366,0.00693271044718
49328460,8.205,0.0230486026808,0.00733740434852
49358520,8.21,0.0234097060074,0.00708422275036
49388580,8.215,0.0233661428659,0.0065985128129
49418640,8.22,0.0230199697735,0.00671321101455
49448700,8.225,0.0223919190782,0.00594744139905
49478760,8.23,0.0225514986901,0.00668251162557
49508820,8.235,0.0226259820561,0.00692858813261
49538880,8.24,0.0228640966864,0.00657135999064
49568940,8.245,0.0228522144292,0.00585516164569
49599000,8.25,0.0222746025977,0.00594228849985
49629060,8.255,0.0227238678513,0.00616210843494
49659120,8.26,0.0230398067623,0.00653597101409
49689180,8.265,0.0231935879479,0.00675108083188
49719240,8.27,0.0232951292785,0.00645016699446
49749300,8.275,0.0225315620882,0.00656690878952
49779360,8.28,0.0228227307158,0.00644403881405
49809420,8.285,0.0226453212459,0.00654555083181
49839480,8.29,0.0226385476998,0.00641811655242
49869540,8.295,0.0226185282278,0.0061420284922
49899600,8.3,0.0220835335274,0.00549927388499
49929660,8.305,0.0226565843492,0.00527205185336
49959720,8.31,0.0223029236799,0.0053391526629
49989780,8.315,0.0220634696278,0.00522958051325
50019840,8.32,0.0219845105441,0.00545076065587
50049900,8.325,0.021776336034,0.00546468797422
50079960,8.33,0.0224431898744,0.00556801292695
50110020,8.335,0.0226789500107,0.00566107883935
50140080,8.34,0.0225383168742,0.00568882522696
50170140,8.345,0.0224165230743,0.00543205802745
50200200,8.35,0.0221892436335,0.00488209817756
50230260,8.355,0.0228247777346,0.00526688301834
50260320,8.36,0.0230485970112,0.00536272076361
50290380,8.365,0.0232176887179,0.0057229499168
50320440,8.37,0.0232619708022,0.00586454596805
50350500,8.375,0.0226207807475,0.00620178799067
50380560,8.38,0.0231938814235,0.00653096773462
50410620,8.385,0.0230719778345,0.00728271183337
50440680,8.39,0.0234128892774,0.00730474491955
50470740,8.395,0.0228562832645,0.00652157713589
50500800,8.4,0.0221272751742,0.00617679847853
50530860,8.405,0.0225052756164,0.00584320070627
50560920,8.41,0.0228211682508,0.00540571153549
50590980,8.415,0.0229053803987,0.00521730469846
50621040,8.42,0.0228574259713,0.00506498716382
50651100,8.425,0.0224868506081,0.00460358444319
50681160,8.43,0.0233781482953,0.00470273797284
50711220,8.435,0.0235786917076,0.0057277954631
50741280,8.44,0.0238044673329,0.0057307213584
50771340,8.445,0.023349896905,0.00567457602048
50801400,8.45,0.0224237330731,0.00489258849362
50831460,8.455,0.02287697949,0.00511505865377
50861520,8.46,0.0229861574141,0.00498148595433
50891580,8.465,0.0230410338843,0.00497837765649
50921640,8.47,0.0229996672292,0.00491582347033
50951700,8.475,0.0224535456798,0.00460721843475
50981760,8.48,0.0229357244768,0.00538258659118
51011820,8.485,0.0232158657588,0.0052159051438
51041880,8.49,0.0229804839108,0.00515918917416
51071940,8.495,0.0226350195341,0.00503163518598
51102000,8.5,0.0219973014635,0.00499878017212
51132060,8.505,0.022864558548,0.00577134039695
51162120,8.51,0.0231382915878,0.00563597000207
51192180,8.515,0.0231372140236,0.00613337929469
51222240,8.52,0.0228996294235,0.00579592306397
51252300,8.525,0.022171053017,0.00546044948299
51282360,8.53,0.0227563540741,0.00582783010333
51312420,8.535,0.022727976729,0.0063636481434
51342480,8.54,0.022591663388,0.00657161305118
51372540,8.545,0.0224907817254,0.00624015653199
51402600,8.55,0.0219934551942,0.0059702696454
51432660,8.555,0.0224394083789,0.00608287135836
51462720,8.56,0.0224267474753,0.00591403695944
51492780,8.565,0.0224018831683,0.00595833034855
51522840,8.57,0.0222007861641,0.00599570384912
51552900,8.575,0.021973245383,0.00582119721772
51582960,8.58,0.0227647418459,0.00601849448158
51613020,8.585,0.0229788132354,0.00600002311926
51643080,8.59,0.0230999393111,0.00617293790356
51673140,8.595,0.0230570863791,0.00623509982611
51703200,8.6,0.0224897223596,0.00611963862037
51733260,8.605,0.0229676859761,0.00654732355058
51763320,8.61,0.0233499116818,0.00654243635971
51793380,8.615,0.0229094291045,0.00602813257379
51823440,8.62,0.0224061426593,0.00609361401567
51853500,8.625,0.0220784122976,0.00571697253157
51883560,8.63,0.0229292651908,0.00569669361104
51913620,8.635,0.0234046737733,0.00595103844473
51943680,8.64,0.0238683612948,0.00641783575458
51973740,8.645,0.0239729903933,0.00671640923549
52003800,8.65,0.0228375793677,0.00690970159253
52033860,8.655,0.023660009007,0.00716592987756
52063920,8.66,0.0236293094092,0.00703923548806
52093980,8.665,0.0234875333157,0.00668194967769
52124040,8.67,0.0231142588607,0.00638119047499
52154100,8.675,0.0225004024549,0.00616946315153
52184160,8.68,0.0234724799621,0.00644111735149
52214220,8.685,0.0238510928616,0.00709502543302
52244280,8.69,0.0237944982044,0.00761529334619
52274340,8.695,0.0239213619351,0.00719766780191
52304400,8.7,0.0230103537785,0.00576422040585
52334460,8.705,0.0230981970281,0.00697113172773
52364520,8.71,0.02322533865,0.00730283970557
52394580,8.715,0.0232699825088,0.00699477325408
52424640,8.72,0.0231639373992,0.00610232547942
52454700,8.725,0.0226462791573,0.00595905779797
52484760,8.73,0.0230233927133,0.00636976552917
52514820,8.735,0.0231958221768,0.00682602087323
52544880,8.74,0.0233400652649,0.00671140542341
52574940,8.745,0.0231737684355,0.00688258210986
52605000,8.75,0.0228843042693,0.00642700440295
52635060,8.755,0.0233480057747,0.00677646624499
52665120,8.76,0.0236405772942,0.00722713268056
52695180,8.765,0.0236356885989,0.00772254179419
52725240,8.77,0.0232738549635,0.00719934243447
52755300,8.775,0.0227880725061,0.00714709452115
52785360,8.78,0.0234333873502,0.00739428815077
52815420,8.785,0.0231880351736,0.00760714095255
52845480,8.79,0.0228005674061,0.00726995713507
52875540,8.795,0.0226019035539,0.00708701320028
52905600,8.8,0.022405126268,0.006644967381
52935660,8.805,0.0230000885763,0.00594688924267
52965720,8.81,0.0229992428932,0.00629415824889
52995780,8.815,0.0229850263268,0.00588338634087
53025840,8.82,0.0227376907936,0.00615627668021
53055900,8.825,0.0224520756574,0.0061794215485
53085960,8.83,0.0228905601449,0.00627411395927
53116020,8.835,0.023135312388,0.006646065248
53146080,8.84,0.0234115525651,0.00620507881386
53176140,8.845,0.0230823857126,0.0056732964131
53206200,8.85,0.0226627312762,0.00525730400373
53236260,8.855,0.0231323055447,0.00565919400003
53266320,8.86,0.0233987869691,0.00600877741165
53296380,8.865,0.0233816058288,0.00677717045724
53326440,8.87,0.0230386407705,0.00687952661234
53356500,8.875,0.0226895069718,0.00650869883645
53386560,8.88,0.0234278848054,0.00691650580056
53416620,8.885,0.0238202148601,0.00738221901581
53446680,8.89,0.0234468554453,0.007783060942
53476740,8.895,0.0227681389803,0.00760518189657
53506800,8.9,0.0221460409797,0.00707795713463
53536860,8.905,0.0226282747741,0.0069753645599
53566920,8.91,0.0228348716957,0.00681648246245
53596980,8.915,0.0225329645887,0.00632594173529
53627040,8.92,0.0221038416841,0.00569507576906
53657100,8.925,0.0217464511612,0.0051368345769
53687160,8.93,0.0227051224875,0.00534304431111
53717220,8.935,0.0230960296521,0.0053157435336
53747280,8.94,0.0233245221286,0.00544624575587
53777340,8.945,0.0233726303253,0.00522309753636
53807400,8.95,0.0228504662615,0.00530706720664
53837460,8.955,0.0234304535661,0.00584046405201
53867520,8.96,0.0234120592813,0.00622862550399
53897580,8.965,0.0229837991138,0.00617308253439
53927640,8.97,0.0229586355063,0.00602885692422
53957700,8.975,0.0224243915865,0.00561593549476
53987760,8.98,0.0229296529536,0.0060231866399
54017820,8.985,0.0225238011575,0.00682077135001
54047880,8.99,0.0226544804073,0.00725031053549
54077940,8.995,0.0229721204371,0.00699763354065
54108000,9.0,0.0225439872311,0.00674592975131
54138060,9.005,0.0230673947566,0.00687356844876
54168120,9.01,0.0229140930832,0.00636900302246
54198180,9.015,0.0226859890144,0.00594868145637
54228240,9.02,0.0222643988695,0.00637342227989
54258300,9.025,0.0217491123311,0.00631462715582
54288360,9.03,0.022551940759,0.00640275302393
54318420,9.035,0.0229312514184,0.00670871243054
54348480,9.04,0.0225035743991,0.00696469016789
54378540,9.045,0.0223900522462,0.00698193565924
54408600,9.05,0.0219393229555,0.00644754934367
54438660,9.055,0.0221380813199,0.00601644610296
54468720,9.06,0.0222788624688,0.00564992897841
54498780,9.065,0.0224218531904,0.00574583859521
54528840,9.07,0.0224549902519,0.00564159239606
54558900,9.075,0.0219712965737,0.0061052789386
54588960,9.08,0.0227344701574,0.00726217545256
54619020,9.085,0.0230618905924,0.00686869703929
54649080,9.09,0.0230847152821,0.00649984692028
54679140,9.095,0.022861675513,0.00649017121224
54709200,9.1,0.0224089945915,0.00626675741396
54739260,9.105,0.0233533042783,0.00645402617571
54769320,9.11,0.023700819332,0.00689568479929
54799380,9.115,0.0237547342726,0.00678155623821
54829440,9.12,0.0235973051941,0.00641376863606
54859500,9.125,0.0230254679561,0.0062136134262
54889560,9.13,0.0236980984733,0.00671087962075
54919620,9.135,0.0236118408086,0.00612300381802
54949680,9.14,0.0232365709013,0.00608053018527
54979740,9.145,0.0230190459414,0.00612010359748
55009800,9.15,0.0225935397322,0.00573365175231
55039860,9.155,0.0233724497463,0.00594254002293
55069920,9.16,0.0234697700631,0.00651420191502
55099980,9.165,0.0236746370974,0.00676730301324
55130040,9.17,0.0235054956519,0.00621465282074
55160100,9.175,0.0227767280522,0.00579088072068
55190160,9.18,0.0235432749117,0.0065279688495
55220220,9.185,0.0236761862619,0.00758260968694
55250280,9.19,0.023455478758,0.00767923345284
55280340,9.195,0.022939946157,0.00838904414766
55310400,9.2,0.0223624802443,0.00810266726557
55340460,9.205,0.022779421868,0.00867872496607
55370520,9.21,0.0227129740165,0.00912899211206
55400580,9.215,0.022635819193,0.0081219626047
55430640,9.22,0.021965800661,0.00713540807607
55460700,9.225,0.0214996729384,0.00654529576644
55490760,9.23,0.0221734704559,0.00682800924556
55520820,9.235,0.022626648003,0.00674036496613
55550880,9.24,0.0229259271968,0.00668671462806
55580940,9.245,0.0227583095692,0.00633483943604
55611000,9.25,0.0218968930947,0.00622773933546
55641060,9.255,0.0225653748975,0.00641993742368
55671120,9.26,0.0230843684337,0.00620779783966
55701180,9.265,0.0231758817844,0.006370592319
55731240,9.27,0.0226492227422,0.00580929791388
55761300,9.275,0.0219186760262,0.00562507073158
55791360,9.28,0.0222181641431,0.00583398502178
55821420,9.285,0.0225807617523,0.0059681067108
55851480,9.29,0.0223856680041,0.00602061767465
55881540,9.295,0.0224589209803,0.00595220986366
55911600,9.3,0.0224355557853,0.00552724393175
55941660,9.305,0.0230986213551,0.00571059719445
55971720,9.31,0.0237324697712,0.00609457284053
56001780,9.315,0.0242638058828,0.00643342636388
56031840,9.32,0.0240349946961,0.00662693911347
56061900,9.325,0.0232436778802,0.00595052526825
56091960,9.33,0.0238578591375,0.00572697923198
56122020,9.335,0.0234549536227,0.00545385822324
56152080,9.34,0.0231349391738,0.00615830457348
56182140,9.345,0.0229626234321,0.00665116663212
56212200,9.35,0.022480829748,0.00667806542494
56242260,9.355,0.0228055752197,0.00672012346279
56272320,9.36,0.0228466707862,0.00648269035476
56302380,9.365,0.0226115151864,0.00658040567009
56332440,9.37,0.0224520637138,0.00574116714831
56362500,9.375,0.0219884425763,0.00587727696648
56392560,9.38,0.0223023149494,0.0057433316327
56422620,9.385,0.0225168717936,0.00578704864541
56452680,9.39,0.0224311556015,0.00544696020034
56482740,9.395,0.0224806341029,0.00519710183918
56512800,9.4,0.022221540596,0.00520741132775
56542860,9.405,0.022471589075,0.0055273997687
56572920,9.41,0.0224710452399,0.00562809518172
56602980,9.415,0.0222765059348,0.00564599486975
56633040,9.42,0.0222253441926,0.00560363445535
56663100,9.425,0.0219230688999,0.005570499188
56693160,9.43,0.0224331781968,0.00586053320533
56723220,9.435,0.022570510255,0.00555482748719
56753280,9.44,0.0226466490877,0.00587280444287
56783340,9.445,0.0225978531754,0.00558083252278
56813400,9.45,0.0221431752827,0.00582669844358
56843460,9.455,0.0229825008256,0.00614836963523
56873520,9.46,0.0233462523637,0.00606911248344
56903580,9.465,0.023063650079,0.00617606131637
56933640,9.47,0.0227917490512,0.00546131052773
56963700,9.475,0.0224984534689,0.00509562021576
56993760,9.48,0.0230255780918,0.00498147651359
57023820,9.485,0.0233469080679,0.00557327699163
57053880,9.49,0.0229489591237,0.0061768748918
57083940,9.495,0.0227915492421,0.00612963915005
57114000,9.5,0.0224378839385,0.00597701784282
57144060,9.505,0.0230717446291,0.00648417767185
57174120,9.51,0.0231789044429,0.00671648977914
57204180,9.515,0.0228738635724,0.0064221951412
57234240,9.52,0.0225638299495,0.0061243352163
57264300,9.525,0.0221667369592,0.00541493576316
57294360,9.53,0.0226319223011,0.00589011080377
57324420,9.535,0.0230654855824,0.00566192998467
57354480,9.54,0.0232326353533,0.00542476367034
57384540,9.545,0.0231234389282,0.00586777363045
57414600,9.55,0.0223818130726,0.00575399124213
57444660,9.555,0.0225502824923,0.00622175698553
57474720,9.56,0.0228589077854,0.00598332331973
57504780,9.565,0.0229654292657,0.00573927547092
57534840,9.57,0.0228688592732,0.00562935372234
57564900,9.575,0.0224350927156,0.00545999319595
57594960,9.58,0.023207223493,0.00548372217787
57625020,9.585,0.0235664282246,0.00525672646237
57655080,9.59,0.0237208849333,0.00524094411224
57685140,9.595,0.0234149845873,0.00554736797719
57715200,9.6,0.0228387200011,0.00539121440356
57745260,9.605,0.0233831337494,0.00547617856294
57775320,9.61,0.0235955112337,0.00527207499816
57805380,9.615,0.0233884411688,0.00574946557167
57835440,9.62,0.023025859081,0.00650233857295
57865500,9.625,0.022463240285,0.00569907470151
57895560,9.63,0.0228739318284,0.00554349277907
57925620,9.635,0.0231359658496,0.00566387659198
57955680,9.64,0.0231976815627,0.00588072851253
57985740,9.645,0.0229100429863,0.0057994868791
58015800,9.65,0.0223133980807,0.0052773575945
58045860,9.655,0.0228691754941,0.00580787621514
58075920,9.66,0.0229268821012,0.0057169044771
58105980,9.665,0.0230044200862,0.0053549453448
58136040,9.67,0.0228166603706,0.00586381529306
58166100,9.675,0.0224472200996,0.00571230777206
58196160,9.68,0.0228118548396,0.00633478534988
58226220,9.685,0.0230112938088,0.00647618814014
58256280,9.69,0.0228762500586,0.00647750613999
58286340,9.695,0.0224553430689,0.00613778019381
58316400,9.7,0.0218983057924,0.00552089904979
58346460,9.705,0.0225015301558,0.00563939450998
58376520,9.71,0.0229354595805,0.00575014529306
58406580,9.715,0.0231064876491,0.00578846313019
58436640,9.72,0.0229188953394,0.00593944621818
58466700,9.725,0.0224842919247,0.00567648092482
58496760,9.73,0.0232078977568,0.00609640983269
58526820,9.735,0.0235622895023,0.00603036697833
58556880,9.74,0.0236663683538,0.00606809848934
58586940,9.745,0.0231981041439,0.00600530359437
58617000,9.75,0.0220683304277,0.00546155933386
58647060,9.755,0.0223679395628,0.00609108642539
58677120,9.76,0.0225468432842,0.00567050036857
58707180,9.765,0.0224264306774,0.0056572504737
58737240,9.77,0.0219648291711,0.0063826425213
58767300,9.775,0.0211240596784,0.00667385400172
58797360,9.78,0.0219397650565,0.00668236669165
58827420,9.785,0.0220413434794,0.00666910571992
58857480,9.79,0.0222378153099,0.00645201536518
58887540,9.795,0.0221890916556,0.00616510652829
58917600,9.8,0.0218463815088,0.00574915992649
58947660,9.805,0.0221844158931,0.00540142692103
58977720,9.81,0.0223636948714,0.00533276045212
59007780,9.815,0.0224789663406,0.00591970765021
59037840,9.82,0.022480821452,0.00602621849757
59067900,9.825,0.021937525042,0.00604633001177
59097960,9.83,0.0224179054581,0.00647467316242
59128020,9.835,0.0226716324444,0.00619777193571
59158080,9.84,0.0227364263164,0.00618911490859
59188140,9.845,0.0227669418527,0.00633775299533
59218200,9.85,0.0223033730861,0.00621607370502
59248260,9.855,0.022976270828,0.00705333480831
59278320,9.86,0.0233292532232,0.00725853400959
59308380,9.865,0.0234456306181,0.00698708227288
59338440,9.87,0.0225437118747,0.00694169715535
59368500,9.875,0.021809476902,0.00703447187859
59398560,9.88,0.0222650592998,0.00652898318102
59428620,9.885,0.0224484477459,0.00626389767224
59458680,9.89,0.0225050907387,0.00617866763786
59488740,9.895,0.0226748269005,0.00609086956333
59518800,9.9,0.022272116848,0.00593658239607
59548860,9.905,0.0228246315768,0.00629013971442
59578920,9.91,0.0229306740797,0.00618715830261
59608980,9.915,0.0229985332268,0.00625515821876
59639040,9.92,0.0229201579405,0.006590787425
59669100,9.925,0.0221638510526,0.00711220007547
59699160,9.93,0.0223643744053,0.00742852136415
59729220,9.935,0.0223335505221,0.00724464633562
59759280,9.94,0.0220216864261,0.00732067377049
59789340,9.945,0.0218504407985,0.00734186458043
59819400,9.95,0.0217097648284,0.00694620657545
59849460,9.955,0.0225204314672,0.00700249981869
59879520,9.96,0.0226874381062,0.00711786534617
59909580,9.965,0.022803755981,0.00716061021527
59939640,9.97,0.0225412054083,0.00656563372791
59969700,9.975,0.0219494450901,0.00661536160601
59999760,9.98,0.0227256669621,0.00710871790802
60029820,9.985,0.0230958117268,0.00685776155156
60059880,9.99,0.0230359817118,0.00765642973578
60089940,9.995,0.023190625003,0.00734119084538
60120000,10.0,0.0224780476118,0.00655982604479
60120001,10.0000001663,0.0224779512984,0.00655974717804
