30060,0.005,0.0,0.0,0.0,0.0,0.0,0.0
60120,0.01,0.0,0.0,0.0,0.0,0.0,0.0
90180,0.015,0.0,0.0,0.0,0.0,0.0,0.0
120240,0.02,0.0,0.0,0.0,0.0,0.0,0.0
150300,0.025,0.0,0.0,0.0,0.0,0.0,0.0
180360,0.03,0.0,0.0,0.0,0.0,0.0,0.0
210420,0.035,0.0,0.0,0.0,0.0,0.0,0.0
240480,0.04,0.0,0.0,0.0,0.0,0.0,0.0
270540,0.045,0.0,0.0,0.0,0.0,0.0,0.0
300600,0.05,0.0,0.0,0.0,0.0,0.0,0.0
330660,0.055,0.0,0.0,0.0,0.0,0.0,0.0
360720,0.06,0.0,0.0,0.0,0.0,0.0,0.0
390780,0.065,0.0,0.0,0.0,0.0,0.0,0.0
420840,0.07,0.0,0.0,0.0,0.0,0.0,0.0
450900,0.075,0.0,0.0,0.0,0.0,0.0,0.0
480960,0.08,0.0,0.0,0.0,0.0,0.0,0.0
511020,0.085,0.0,0.0,0.0,0.0,0.0,0.0
541080,0.09,0.0,0.0,0.0,0.0,0.0,0.0
571140,0.095,0.0,0.0,0.0,0.0,0.0,0.0
601200,0.1,0.0,0.0,0.0,0.0,0.0,0.0
631260,0.105,0.0,0.0,0.0,0.0,0.0,0.0
661320,0.11,0.0,0.0,0.0,0.0,0.0,0.0
691380,0.115,0.0,0.0,0.0,0.0,0.0,0.0
721440,0.12,0.0,0.0,0.0,0.0,0.0,0.0
751500,0.125,0.0,0.0,0.0,0.0,0.0,0.0
781560,0.13,0.0,0.0,0.0,0.0,0.0,0.0
811620,0.135,0.0,0.0,0.0,0.0,0.0,0.0
841680,0.14,0.0,0.0,0.0,0.0,0.0,0.0
871740,0.145,0.0,0.0,0.0,0.0,0.0,0.0
901800,0.15,0.0,0.0,0.0,0.0,0.0,0.0
931860,0.155,0.0,0.0,0.0,0.0,0.0,0.0
961920,0.16,0.0,0.0,0.0,0.0,0.0,0.0
991980,0.165,0.0,0.0,0.0,0.0,0.0,0.0
1022040,0.17,0.0,0.0,0.0,0.0,0.0,0.0
1052100,0.175,0.0,0.0,0.0,0.0,0.0,0.0
1082160,0.18,0.0,0.0,0.0,0.0,0.0,0.0
1112220,0.185,0.0,0.0,0.0,0.0,0.0,0.0
1142280,0.19,0.0,0.0,0.0,0.0,0.0,0.0
1172340,0.195,0.0,0.0,0.0,0.0,0.0,0.0
1202400,0.2,0.0,0.0,0.0,0.0,0.0,0.0
1232460,0.205,0.0,0.0,0.0,0.0,0.0,0.0
1262520,0.21,0.0,0.0,0.0,0.0,0.0,0.0
1292580,0.215,0.0,0.0,0.0,0.0,0.0,0.0
1322640,0.22,0.0,0.0,0.0,0.0,0.0,0.0
1352700,0.225,0.0,0.0,0.0,0.0,0.0,0.0
1382760,0.23,0.0,0.0,0.0,0.0,0.0,0.0
1412820,0.235,0.0,0.0,0.0,0.0,0.0,0.0
1442880,0.24,0.0,0.0,0.0,0.0,0.0,0.0
1472940,0.245,0.0,0.0,0.0,0.0,0.0,0.0
1503000,0.25,0.0,0.0,0.0,0.0,0.0,0.0
1533060,0.255,0.0,0.0,0.0,0.0,0.0,0.0
1563120,0.26,0.0,0.0,0.0,0.0,0.0,0.0
1593180,0.265,0.0,0.0,0.0,0.0,0.0,0.0
1623240,0.27,0.0,0.0,0.0,0.0,0.0,0.0
1653300,0.275,0.0,0.0,0.0,0.0,0.0,0.0
1683360,0.28,0.0,0.0,0.0,0.0,0.0,0.0
1713420,0.285,0.0,0.0,0.0,0.0,0.0,0.0
1743480,0.29,0.0,0.0,0.0,0.0,0.0,0.0
1773540,0.295,0.0,0.0,0.0,0.0,0.0,0.0
1803600,0.3,0.0,0.0,0.0,0.0,0.0,0.0
1833660,0.305,0.0,0.0,0.0,0.0,0.0,0.0
1863720,0.31,0.0,0.0,0.0,0.0,0.0,0.0
1893780,0.315,0.0,0.0,0.0,0.0,0.0,0.0
1923840,0.32,0.0,0.0,0.0,0.0,0.0,0.0
1953900,0.325,0.0,0.0,0.0,0.0,0.0,0.0
1983960,0.33,0.0,0.0,0.0,0.0,0.0,0.0
2014020,0.335,0.0,0.0,0.0,0.0,0.0,0.0
2044080,0.34,0.0,0.0,0.0,0.0,0.0,0.0
2074140,0.345,0.0,0.0,0.0,0.0,0.0,0.0
2104200,0.35,0.0,0.0,0.0,0.0,0.0,0.0
2134260,0.355,0.0,0.0,0.0,0.0,0.0,0.0
2164320,0.36,0.0,0.0,0.0,0.0,0.0,0.0
2194380,0.365,0.0,0.0,0.0,0.0,0.0,0.0
2224440,0.37,0.0,0.0,0.0,0.0,0.0,0.0
2254500,0.375,0.0,0.0,0.0,0.0,0.0,0.0
2284560,0.38,0.0,0.0,0.0,0.0,0.0,0.0
2314620,0.385,0.0,0.0,0.0,0.0,0.0,0.0
2344680,0.39,0.0,0.0,0.0,0.0,0.0,0.0
2374740,0.395,0.0,0.0,0.0,0.0,0.0,0.0
2404800,0.4,0.0,0.0,0.0,0.0,0.0,0.0
2434860,0.405,0.0,0.0,0.0,0.0,0.0,0.0
2464920,0.41,0.0,0.0,0.0,0.0,0.0,0.0
2494980,0.415,0.0,0.0,0.0,0.0,0.0,0.0
2525040,0.42,0.0,0.0,0.0,0.0,0.0,0.0
2555100,0.425,0.0,0.0,0.0,0.0,0.0,0.0
2585160,0.43,0.0,0.0,0.0,0.0,0.0,0.0
2615220,0.435,0.0,0.0,0.0,0.0,0.0,0.0
2645280,0.44,0.0,0.0,0.0,0.0,0.0,0.0
2675340,0.445,0.0,0.0,0.0,0.0,0.0,0.0
2705400,0.45,0.0,0.0,0.0,0.0,0.0,0.0
2735460,0.455,0.0,0.0,0.0,0.0,0.0,0.0
2765520,0.46,0.0,0.0,0.0,0.0,0.0,0.0
2795580,0.465,0.0,0.0,0.0,0.0,0.0,0.0
2825640,0.47,0.0,0.0,0.0,0.0,0.0,0.0
2855700,0.475,0.0,0.0,0.0,0.0,0.0,0.0
2885760,0.48,0.0,0.0,0.0,0.0,0.0,0.0
2915820,0.485,0.0,0.0,0.0,0.0,0.0,0.0
2945880,0.49,0.0,0.0,0.0,0.0,0.0,0.0
2975940,0.495,0.0,0.0,0.0,0.0,0.0,0.0
3006000,0.5,0.0,0.0,0.0,0.0,0.0,0.0
3036060,0.505,0.0,0.0,0.0,0.0,0.0,0.0
3066120,0.51,0.0,0.0,0.0,0.0,0.0,0.0
3096180,0.515,0.0,0.0,0.0,0.0,0.0,0.0
3126240,0.52,0.0,0.0,0.0,0.0,0.0,0.0
3156300,0.525,0.0,0.0,0.0,0.0,0.0,0.0
3186360,0.53,0.0,0.0,0.0,0.0,0.0,0.0
3216420,0.535,0.0,0.0,0.0,0.0,0.0,0.0
3246480,0.54,0.0,0.0,0.0,0.0,0.0,0.0
3276540,0.545,0.0,0.0,0.0,0.0,0.0,0.0
3306600,0.55,0.0,0.0,0.0,0.0,0.0,0.0
3336660,0.555,0.0,0.0,0.0,0.0,0.0,0.0
3366720,0.56,0.0,0.0,0.0,0.0,0.0,0.0
3396780,0.565,0.0,0.0,0.0,0.0,0.0,0.0
3426840,0.57,0.0,0.0,0.0,0.0,0.0,0.0
3456900,0.575,0.0,0.0,0.0,0.0,0.0,0.0
3486960,0.58,0.0,0.0,0.0,0.0,0.0,0.0
3517020,0.585,0.0,0.0,0.0,0.0,0.0,0.0
3547080,0.59,0.0,0.0,0.0,0.0,0.0,0.0
3577140,0.595,0.0,0.0,0.0,0.0,0.0,0.0
3607200,0.6,0.0,0.0,0.0,0.0,0.0,0.0
3637260,0.605,0.0,0.0,0.0,0.0,0.0,0.0
3667320,0.61,0.0,0.0,0.0,0.0,0.0,0.0
3697380,0.615,0.0,0.0,0.0,0.0,0.0,0.0
3727440,0.62,0.0,0.0,0.0,0.0,0.0,0.0
3757500,0.625,0.0,0.0,0.0,0.0,0.0,0.0
3787560,0.63,0.0,0.0,0.0,0.0,0.0,0.0
3817620,0.635,0.0,0.0,0.0,0.0,0.0,0.0
3847680,0.64,0.0,0.0,0.0,0.0,0.0,0.0
3877740,0.645,0.0,0.0,0.0,0.0,0.0,0.0
3907800,0.65,0.0,0.0,0.0,0.0,0.0,0.0
3937860,0.655,0.0,0.0,0.0,0.0,0.0,0.0
3967920,0.66,0.0,0.0,0.0,0.0,0.0,0.0
3997980,0.665,0.0,0.0,0.0,0.0,0.0,0.0
4028040,0.67,0.0,0.0,0.0,0.0,0.0,0.0
4058100,0.675,0.0,0.0,0.0,0.0,0.0,0.0
4088160,0.68,0.0,0.0,0.0,0.0,0.0,0.0
4118220,0.685,0.0,0.0,0.0,0.0,0.0,0.0
4148280,0.69,0.0,0.0,0.0,0.0,0.0,0.0
4178340,0.695,0.0,0.0,0.0,0.0,0.0,0.0
4208400,0.7,0.0,0.0,0.0,0.0,0.0,0.0
4238460,0.705,0.0,0.0,0.0,0.0,0.0,0.0
4268520,0.71,0.0,0.0,0.0,0.0,0.0,0.0
4298580,0.715,0.0,0.0,0.0,0.0,0.0,0.0
4328640,0.72,0.000666075075367,-4.21961303818e-05,-0.000786127145488,0.0029868304409,0.000161793591843,0.00296729332966
4358700,0.725,0.000404743969769,-9.54427019768e-05,-0.000335278303799,0.000797203215719,0.000187988542426,0.00066038029449
4388760,0.73,-0.000150072454643,2.35869731011e-06,0.000147713735133,0.000295693001728,4.6474237358e-06,0.000291045534252
4418820,0.735,0.0,0.0,0.0,0.0,0.0,0.0
4448880,0.74,0.0,0.0,0.0,0.0,0.0,0.0
4478940,0.745,0.0,0.0,0.0,0.0,0.0,0.0
4509000,0.75,0.0,0.0,0.0,0.0,0.0,0.0
4539060,0.755,0.0,0.0,0.0,0.0,0.0,0.0
4569120,0.76,0.0,0.0,0.0,0.0,0.0,0.0
4599180,0.765,0.0,0.0,0.0,0.0,0.0,0.0
4629240,0.77,0.0,0.0,0.0,0.0,0.0,0.0
4659300,0.775,0.0,0.0,0.0,0.0,0.0,0.0
4689360,0.78,0.0,0.0,0.0,0.0,0.0,0.0
4719420,0.785,0.0,0.0,0.0,0.0,0.0,0.0
4749480,0.79,0.0,0.0,0.0,0.0,0.0,0.0
4779540,0.795,0.0,0.0,0.0,0.0,0.0,0.0
4809600,0.8,0.0,0.0,0.0,0.0,0.0,0.0
4839660,0.805,0.0,0.0,0.0,0.0,0.0,0.0
4869720,0.81,0.0,0.0,0.0,0.0,0.0,0.0
4899780,0.815,0.0,0.0,0.0,0.0,0.0,0.0
4929840,0.82,0.0,0.0,0.0,0.0,0.0,0.0
4959900,0.825,0.0,0.0,0.0,0.0,0.0,0.0
4989960,0.83,0.0,0.0,0.0,0.0,0.0,0.0
5020020,0.835,0.0,0.0,0.0,0.0,0.0,0.0
5050080,0.84,0.0,0.0,0.0,0.0,0.0,0.0
5080140,0.845,0.0,0.0,0.0,0.0,0.0,0.0
5110200,0.85,0.0,0.0,0.0,0.0,0.0,0.0
5140260,0.855,0.0,0.0,0.0,0.0,0.0,0.0
5170320,0.86,0.0,0.0,0.0,0.0,0.0,0.0
5200380,0.865,0.0,0.0,0.0,0.0,0.0,0.0
5230440,0.87,0.0,0.0,0.0,0.0,0.0,0.0
5260500,0.875,0.0,0.0,0.0,0.0,0.0,0.0
5290560,0.88,0.0,0.0,0.0,0.0,0.0,0.0
5320620,0.885,0.000853462913517,-4.95200406275e-05,-0.000888542729896,0.00177657254984,9.84207674166e-05,0.00184563758656
5350680,0.89,0.0,0.0,0.0,0.0,0.0,0.0
5380740,0.895,0.0,0.0,0.0,0.0,0.0,0.0
5410800,0.9,0.0,0.0,0.0,0.0,0.0,0.0
5440860,0.905,0.0,0.0,0.0,0.0,0.0,0.0
5470920,0.91,0.0,0.0,0.0,0.0,0.0,0.0
5500980,0.915,0.0,0.0,0.0,0.0,0.0,0.0
5531040,0.92,0.0,0.0,0.0,0.0,0.0,0.0
5561100,0.925,0.0,0.0,0.0,0.0,0.0,0.0
5591160,0.93,0.0,0.0,0.0,0.0,0.0,0.0
5621220,0.935,0.0,0.0,0.0,0.0,0.0,0.0
5651280,0.94,0.0,0.0,0.0,0.0,0.0,0.0
5681340,0.945,0.0,0.0,0.0,0.0,0.0,0.0
5711400,0.95,0.0,0.0,0.0,0.0,0.0,0.0
5741460,0.955,0.0,0.0,0.0,0.0,0.0,0.0
5771520,0.96,0.0,0.0,0.0,0.0,0.0,0.0
5801580,0.965,0.0,0.0,0.0,0.0,0.0,0.0
5831640,0.97,0.0,0.0,0.0,0.0,0.0,0.0
5861700,0.975,0.0,0.0,0.0,0.0,0.0,0.0
5891760,0.98,0.0,0.0,0.0,0.0,0.0,0.0
5921820,0.985,0.0,0.0,0.0,0.0,0.0,0.0
5951880,0.99,0.0,0.0,0.0,0.0,0.0,0.0
5981940,0.995,0.0,0.0,0.0,0.0,0.0,0.0
6012000,1.0,0.0,0.0,0.0,0.0,0.0,0.0
6042060,1.005,0.0,0.0,0.0,0.0,0.0,0.0
6072120,1.01,0.0,0.0,0.0,0.0,0.0,0.0
6102180,1.015,0.0,0.0,0.0,0.0,0.0,0.0
6132240,1.02,0.0,0.0,0.0,0.0,0.0,0.0
6162300,1.025,0.0,0.0,0.0,0.0,0.0,0.0
6192360,1.03,0.0,0.0,0.0,0.0,0.0,0.0
6222420,1.035,0.0,0.0,0.0,0.0,0.0,0.0
6252480,1.04,0.0,0.0,0.0,0.0,0.0,0.0
6282540,1.045,0.0,0.0,0.0,0.0,0.0,0.0
6312600,1.05,0.0,0.0,0.0,0.0,0.0,0.0
6342660,1.055,0.0,0.0,0.0,0.0,0.0,0.0
6372720,1.06,0.0,0.0,0.0,0.0,0.0,0.0
6402780,1.065,0.0,0.0,0.0,0.0,0.0,0.0
6432840,1.07,0.0,0.0,0.0,0.0,0.0,0.0
6462900,1.075,0.0,0.0,0.0,0.0,0.0,0.0
6492960,1.08,0.0,0.0,0.0,0.0,0.0,0.0
6523020,1.085,0.0,0.0,0.0,0.0,0.0,0.0
6553080,1.09,0.0,0.0,0.0,0.0,0.0,0.0
6583140,1.095,0.0,0.0,0.0,0.0,0.0,0.0
6613200,1.1,0.0,0.0,0.0,0.0,0.0,0.0
6643260,1.105,0.0,0.0,0.0,0.0,0.0,0.0
6673320,1.11,0.0,0.0,0.0,0.0,0.0,0.0
6703380,1.115,0.0,0.0,0.0,0.0,0.0,0.0
6733440,1.12,0.0,0.0,0.0,0.0,0.0,0.0
6763500,1.125,0.0,0.0,0.0,0.0,0.0,0.0
6793560,1.13,0.0,0.0,0.0,0.0,0.0,0.0
6823620,1.135,0.0,0.0,0.0,0.0,0.0,0.0
6853680,1.14,0.0,0.0,0.0,0.0,0.0,0.0
6883740,1.145,0.0,0.0,0.0,0.0,0.0,0.0
6913800,1.15,0.0,0.0,0.0,0.0,0.0,0.0
6943860,1.155,0.0,0.0,0.0,0.0,0.0,0.0
6973920,1.16,0.0,0.0,0.0,0.0,0.0,0.0
7003980,1.165,0.0,0.0,0.0,0.0,0.0,0.0
7034040,1.17,0.0,0.0,0.0,0.0,0.0,0.0
7064100,1.175,0.0,0.0,0.0,0.0,0.0,0.0
7094160,1.18,0.0,0.0,0.0,0.0,0.0,0.0
7124220,1.185,0.0,0.0,0.0,0.0,0.0,0.0
7154280,1.19,0.0,0.0,0.0,0.0,0.0,0.0
7184340,1.195,0.0,0.0,0.0,0.0,0.0,0.0
7214400,1.2,0.0,0.0,0.0,0.0,0.0,0.0
7244460,1.205,0.0,0.0,0.0,0.0,0.0,0.0
7274520,1.21,0.0,0.0,0.0,0.0,0.0,0.0
7304580,1.215,0.0,0.0,0.0,0.0,0.0,0.0
7334640,1.22,0.0,0.0,0.0,0.0,0.0,0.0
7364700,1.225,0.0,0.0,0.0,0.0,0.0,0.0
7394760,1.23,0.0,0.0,0.0,0.0,0.0,0.0
7424820,1.235,0.0,0.0,0.0,0.0,0.0,0.0
7454880,1.24,0.0,0.0,0.0,0.0,0.0,0.0
7484940,1.245,0.0,0.0,0.0,0.0,0.0,0.0
7515000,1.25,0.0,0.0,0.0,0.0,0.0,0.0
7545060,1.255,0.0,0.0,0.0,0.0,0.0,0.0
7575120,1.26,0.0,0.0,0.0,0.0,0.0,0.0
7605180,1.265,0.0,0.0,0.0,0.0,0.0,0.0
7635240,1.27,0.0,0.0,0.0,0.0,0.0,0.0
7665300,1.275,0.0,0.0,0.0,0.0,0.0,0.0
7695360,1.28,0.0,0.0,0.0,0.0,0.0,0.0
7725420,1.285,0.0,0.0,0.0,0.0,0.0,0.0
7755480,1.29,0.0,0.0,0.0,0.0,0.0,0.0
7785540,1.295,0.0,0.0,0.0,0.0,0.0,0.0
7815600,1.3,0.0,0.0,0.0,0.0,0.0,0.0
7845660,1.305,0.0,0.0,0.0,0.0,0.0,0.0
7875720,1.31,0.0,0.0,0.0,0.0,0.0,0.0
7905780,1.315,0.0,0.0,0.0,0.0,0.0,0.0
7935840,1.32,0.0,0.0,0.0,0.0,0.0,0.0
7965900,1.325,0.0,0.0,0.0,0.0,0.0,0.0
7995960,1.33,0.0,0.0,0.0,0.0,0.0,0.0
8026020,1.335,0.0,0.0,0.0,0.0,0.0,0.0
8056080,1.34,0.0,0.0,0.0,0.0,0.0,0.0
8086140,1.345,0.0,0.0,0.0,0.0,0.0,0.0
8116200,1.35,0.0,0.0,0.0,0.0,0.0,0.0
8146260,1.355,0.0,0.0,0.0,0.0,0.0,0.0
8176320,1.36,0.0,0.0,0.0,0.0,0.0,0.0
8206380,1.365,0.0,0.0,0.0,0.0,0.0,0.0
8236440,1.37,0.0,0.0,0.0,0.0,0.0,0.0
8266500,1.375,0.0,0.0,0.0,0.0,0.0,0.0
8296560,1.38,0.0,0.0,0.0,0.0,0.0,0.0
8326620,1.385,0.0,0.0,0.0,0.0,0.0,0.0
8356680,1.39,0.0,0.0,0.0,0.0,0.0,0.0
8386740,1.395,0.0,0.0,0.0,0.0,0.0,0.0
8416800,1.4,0.0,0.0,0.0,0.0,0.0,0.0
8446860,1.405,0.0,0.0,0.0,0.0,0.0,0.0
8476920,1.41,0.0,0.0,0.0,0.0,0.0,0.0
8506980,1.415,0.0,0.0,0.0,0.0,0.0,0.0
8537040,1.42,0.0,0.0,0.0,0.0,0.0,0.0
8567100,1.425,0.0,0.0,0.0,0.0,0.0,0.0
8597160,1.43,0.0,0.0,0.0,0.0,0.0,0.0
8627220,1.435,0.0,0.0,0.0,0.0,0.0,0.0
8657280,1.44,0.0,0.0,0.0,0.0,0.0,0.0
8687340,1.445,0.0,0.0,0.0,0.0,0.0,0.0
8717400,1.45,0.0,0.0,0.0,0.0,0.0,0.0
8747460,1.455,0.0,0.0,0.0,0.0,0.0,0.0
8777520,1.46,0.0,0.0,0.0,0.0,0.0,0.0
8807580,1.465,0.0,0.0,0.0,0.0,0.0,0.0
8837640,1.47,0.0,0.0,0.0,0.0,0.0,0.0
8867700,1.475,0.0,0.0,0.0,0.0,0.0,0.0
8897760,1.48,0.0,0.0,0.0,0.0,0.0,0.0
8927820,1.485,0.0,0.0,0.0,0.0,0.0,0.0
8957880,1.49,0.0,0.0,0.0,0.0,0.0,0.0
8987940,1.495,0.0,0.0,0.0,0.0,0.0,0.0
9018000,1.5,0.0,0.0,0.0,0.0,0.0,0.0
9048060,1.505,0.0,0.0,0.0,0.0,0.0,0.0
9078120,1.51,0.0,0.0,0.0,0.0,0.0,0.0
9108180,1.515,0.0,0.0,0.0,0.0,0.0,0.0
9138240,1.52,0.0,0.0,0.0,0.0,0.0,0.0
9168300,1.525,0.0,0.0,0.0,0.0,0.0,0.0
9198360,1.53,0.0,0.0,0.0,0.0,0.0,0.0
9228420,1.535,0.0,0.0,0.0,0.0,0.0,0.0
9258480,1.54,0.0,0.0,0.0,0.0,0.0,0.0
9288540,1.545,0.0,0.0,0.0,0.0,0.0,0.0
9318600,1.55,0.0,0.0,0.0,0.0,0.0,0.0
9348660,1.555,0.0,0.0,0.0,0.0,0.0,0.0
9378720,1.56,0.0,0.0,0.0,0.0,0.0,0.0
9408780,1.565,0.0,0.0,0.0,0.0,0.0,0.0
9438840,1.57,0.0,0.0,0.0,0.0,0.0,0.0
9468900,1.575,0.0,0.0,0.0,0.0,0.0,0.0
9498960,1.58,0.0,0.0,0.0,0.0,0.0,0.0
9529020,1.585,0.0,0.0,0.0,0.0,0.0,0.0
9559080,1.59,0.0,0.0,0.0,0.0,0.0,0.0
9589140,1.595,0.0,0.0,0.0,0.0,0.0,0.0
9619200,1.6,0.0,0.0,0.0,0.0,0.0,0.0
9649260,1.605,0.0,0.0,0.0,0.0,0.0,0.0
9679320,1.61,0.0,0.0,0.0,0.0,0.0,0.0
9709380,1.615,0.0,0.0,0.0,0.0,0.0,0.0
9739440,1.62,0.0,0.0,0.0,0.0,0.0,0.0
9769500,1.625,0.0,0.0,0.0,0.0,0.0,0.0
9799560,1.63,0.0,0.0,0.0,0.0,0.0,0.0
9829620,1.635,0.0,0.0,0.0,0.0,0.0,0.0
9859680,1.64,0.0,0.0,0.0,0.0,0.0,0.0
9889740,1.645,0.0,0.0,0.0,0.0,0.0,0.0
9919800,1.65,0.0,0.0,0.0,0.0,0.0,0.0
9949860,1.655,0.0,0.0,0.0,0.0,0.0,0.0
9979920,1.66,0.0,0.0,0.0,0.0,0.0,0.0
10009980,1.665,0.0,0.0,0.0,0.0,0.0,0.0
10040040,1.67,0.0,0.0,0.0,0.0,0.0,0.0
10070100,1.675,0.0,0.0,0.0,0.0,0.0,0.0
10100160,1.68,0.0,0.0,0.0,0.0,0.0,0.0
10130220,1.685,0.0,0.0,0.0,0.0,0.0,0.0
10160280,1.69,0.0,0.0,0.0,0.0,0.0,0.0
10190340,1.695,0.0,0.0,0.0,0.0,0.0,0.0
10220400,1.7,0.0,0.0,0.0,0.0,0.0,0.0
10250460,1.705,0.0,0.0,0.0,0.0,0.0,0.0
10280520,1.71,0.0,0.0,0.0,0.0,0.0,0.0
10310580,1.715,0.0,0.0,0.0,0.0,0.0,0.0
10340640,1.72,0.0,0.0,0.0,0.0,0.0,0.0
10370700,1.725,0.0,0.0,0.0,0.0,0.0,0.0
10400760,1.73,0.0,0.0,0.0,0.0,0.0,0.0
10430820,1.735,0.0,0.0,0.0,0.0,0.0,0.0
10460880,1.74,0.0,0.0,0.0,0.0,0.0,0.0
10490940,1.745,0.0,0.0,0.0,0.0,0.0,0.0
10521000,1.75,0.0,0.0,0.0,0.0,0.0,0.0
10551060,1.755,0.0,0.0,0.0,0.0,0.0,0.0
10581120,1.76,0.0,0.0,0.0,0.0,0.0,0.0
10611180,1.765,0.0,0.0,0.0,0.0,0.0,0.0
10641240,1.77,0.0,0.0,0.0,0.0,0.0,0.0
10671300,1.775,0.0,0.0,0.0,0.0,0.0,0.0
10701360,1.78,0.0,0.0,0.0,0.0,0.0,0.0
10731420,1.785,0.00047745137809,-0.000292556205232,-0.000190544987013,0.000933002050967,0.000571692850895,0.000472747927878
10761480,1.79,0.000518063158286,-0.000513903545667,-6.13548911225e-05,0.00113281906803,0.00100423432439,0.000655503937192
10791540,1.795,0.000520308664353,-0.000444557091268,-0.0002167084227,0.00121042018754,0.00088569916626,0.00100412486846
10821600,1.8,0.000388458130545,8.01862949673e-05,-0.000468647836208,0.000765121856406,0.000157937965612,0.000923066539855
10851660,1.805,0.0,0.0,0.0,0.0,0.0,0.0
10881720,1.81,0.0,0.0,0.0,0.0,0.0,0.0
10911780,1.815,0.0,0.0,0.0,0.0,0.0,0.0
10941840,1.82,0.0,0.0,0.0,0.0,0.0,0.0
10971900,1.825,0.0,0.0,0.0,0.0,0.0,0.0
11001960,1.83,0.0,0.0,0.0,0.0,0.0,0.0
11032020,1.835,0.0,0.0,0.0,0.0,0.0,0.0
11062080,1.84,0.0,0.0,0.0,0.0,0.0,0.0
11092140,1.845,0.0,0.0,0.0,0.0,0.0,0.0
11122200,1.85,0.0,0.0,0.0,0.0,0.0,0.0
11152260,1.855,0.0,0.0,0.0,0.0,0.0,0.0
11182320,1.86,0.0,0.0,0.0,0.0,0.0,0.0
11212380,1.865,0.0,0.0,0.0,0.0,0.0,0.0
11242440,1.87,0.0,0.0,0.0,0.0,0.0,0.0
11272500,1.875,0.0,0.0,0.0,0.0,0.0,0.0
11302560,1.88,0.0,0.0,0.0,0.0,0.0,0.0
11332620,1.885,0.0,0.0,0.0,0.0,0.0,0.0
11362680,1.89,0.0,0.0,0.0,0.0,0.0,0.0
11392740,1.895,0.0,0.0,0.0,0.0,0.0,0.0
11422800,1.9,0.0,0.0,0.0,0.0,0.0,0.0
11452860,1.905,0.0,0.0,0.0,0.0,0.0,0.0
11482920,1.91,0.0,0.0,0.0,0.0,0.0,0.0
11512980,1.915,0.0,0.0,0.0,0.0,0.0,0.0
11543040,1.92,0.0,0.0,0.0,0.0,0.0,0.0
11573100,1.925,0.0,0.0,0.0,0.0,0.0,0.0
11603160,1.93,0.0,0.0,0.0,0.0,0.0,0.0
11633220,1.935,0.0,0.0,0.0,0.0,0.0,0.0
11663280,1.94,0.0,0.0,0.0,0.0,0.0,0.0
11693340,1.945,0.0,0.0,0.0,0.0,0.0,0.0
11723400,1.95,0.0,0.0,0.0,0.0,0.0,0.0
11753460,1.955,0.0,0.0,0.0,0.0,0.0,0.0
11783520,1.96,0.0,0.0,0.0,0.0,0.0,0.0
11813580,1.965,0.0,0.0,0.0,0.0,0.0,0.0
11843640,1.97,0.0,0.0,0.0,0.0,0.0,0.0
11873700,1.975,0.0,0.0,0.0,0.0,0.0,0.0
11903760,1.98,0.0,0.0,0.0,0.0,0.0,0.0
11933820,1.985,0.0,0.0,0.0,0.0,0.0,0.0
11963880,1.99,0.0,0.0,0.0,0.0,0.0,0.0
11993940,1.995,0.0,0.0,0.0,0.0,0.0,0.0
12024000,2.0,0.0,0.0,0.0,0.0,0.0,0.0
12054060,2.005,0.0,0.0,0.0,0.0,0.0,0.0
12084120,2.01,0.0,0.0,0.0,0.0,0.0,0.0
12114180,2.015,0.0,0.0,0.0,0.0,0.0,0.0
12144240,2.02,0.0,0.0,0.0,0.0,0.0,0.0
12174300,2.025,0.0,0.0,0.0,0.0,0.0,0.0
12204360,2.03,0.0,0.0,0.0,0.0,0.0,0.0
12234420,2.035,0.0,0.0,0.0,0.0,0.0,0.0
12264480,2.04,0.0,0.0,0.0,0.0,0.0,0.0
12294540,2.045,0.0,0.0,0.0,0.0,0.0,0.0
12324600,2.05,-0.000285052814208,-0.000915430840616,0.00119732896971,0.000873682594347,0.00177579428383,0.0023538846196
12354660,2.055,-0.000119875196736,-1.68157880538e-05,0.000136690905313,0.000236159539569,3.31278602447e-05,0.000269287243242
12384720,2.06,0.0,0.0,0.0,0.0,0.0,0.0
12414780,2.065,0.0,0.0,0.0,0.0,0.0,0.0
12444840,2.07,0.0,0.0,0.0,0.0,0.0,0.0
12474900,2.075,0.0,0.0,0.0,0.0,0.0,0.0
12504960,2.08,0.0,0.0,0.0,0.0,0.0,0.0
12535020,2.085,0.0,0.0,0.0,0.0,0.0,0.0
12565080,2.09,0.0,0.0,0.0,0.0,0.0,0.0
12595140,2.095,0.0,0.0,0.0,0.0,0.0,0.0
12625200,2.1,0.0,0.0,0.0,0.0,0.0,0.0
12655260,2.105,0.0,0.0,0.0,0.0,0.0,0.0
12685320,2.11,0.0,0.0,0.0,0.0,0.0,0.0
12715380,2.115,0.0,0.0,0.0,0.0,0.0,0.0
12745440,2.12,0.0,0.0,0.0,0.0,0.0,0.0
12775500,2.125,0.0,0.0,0.0,0.0,0.0,0.0
12805560,2.13,0.0,0.0,0.0,0.0,0.0,0.0
12835620,2.135,0.0,0.0,0.0,0.0,0.0,0.0
12865680,2.14,0.0,0.0,0.0,0.0,0.0,0.0
12895740,2.145,0.0,0.0,0.0,0.0,0.0,0.0
12925800,2.15,0.0,0.0,0.0,0.0,0.0,0.0
12955860,2.155,0.0,0.0,0.0,0.0,0.0,0.0
12985920,2.16,0.0,0.0,0.0,0.0,0.0,0.0
13015980,2.165,0.0,0.0,0.0,0.0,0.0,0.0
13046040,2.17,0.0,0.0,0.0,0.0,0.0,0.0
13076100,2.175,0.0,0.0,0.0,0.0,0.0,0.0
13106160,2.18,0.0,0.0,0.0,0.0,0.0,0.0
13136220,2.185,0.0,0.0,0.0,0.0,0.0,0.0
13166280,2.19,0.0,0.0,0.0,0.0,0.0,0.0
13196340,2.195,0.0,0.0,0.0,0.0,0.0,0.0
13226400,2.2,0.0,0.0,0.0,0.0,0.0,0.0
13256460,2.205,0.0,0.0,0.0,0.0,0.0,0.0
13286520,2.21,0.0,0.0,0.0,0.0,0.0,0.0
13316580,2.215,0.0,0.0,0.0,0.0,0.0,0.0
13346640,2.22,0.0,0.0,0.0,0.0,0.0,0.0
13376700,2.225,0.0,0.0,0.0,0.0,0.0,0.0
13406760,2.23,0.0,0.0,0.0,0.0,0.0,0.0
13436820,2.235,0.0,0.0,0.0,0.0,0.0,0.0
13466880,2.24,0.0,0.0,0.0,0.0,0.0,0.0
13496940,2.245,0.0,0.0,0.0,0.0,0.0,0.0
13527000,2.25,0.0,0.0,0.0,0.0,0.0,0.0
13557060,2.255,0.0,0.0,0.0,0.0,0.0,0.0
13587120,2.26,0.0,0.0,0.0,0.0,0.0,0.0
13617180,2.265,0.0,0.0,0.0,0.0,0.0,0.0
13647240,2.27,0.0,0.0,0.0,0.0,0.0,0.0
13677300,2.275,0.0,0.0,0.0,0.0,0.0,0.0
13707360,2.28,0.0,0.0,0.0,0.0,0.0,0.0
13737420,2.285,0.0,0.0,0.0,0.0,0.0,0.0
13767480,2.29,0.0,0.0,0.0,0.0,0.0,0.0
13797540,2.295,0.0,0.0,0.0,0.0,0.0,0.0
13827600,2.3,0.0,0.0,0.0,0.0,0.0,0.0
13857660,2.305,0.0,0.0,0.0,0.0,0.0,0.0
13887720,2.31,0.0,0.0,0.0,0.0,0.0,0.0
13917780,2.315,0.0,0.0,0.0,0.0,0.0,0.0
13947840,2.32,0.0,0.0,0.0,0.0,0.0,0.0
13977900,2.325,0.0,0.0,0.0,0.0,0.0,0.0
14007960,2.33,-0.000124258391114,-0.000404516034614,0.000522960444961,0.000994712894635,0.0009007240326,0.00130495588428
14038020,2.335,-0.000245738424525,-0.000621504201367,0.000818214793181,0.000837135363077,0.0013514396376,0.00160725962425
14068080,2.34,0.0,0.0,0.0,0.0,0.0,0.0
14098140,2.345,0.0,0.0,0.0,0.0,0.0,0.0
14128200,2.35,0.0,0.0,0.0,0.0,0.0,0.0
14158260,2.355,0.0,0.0,0.0,0.0,0.0,0.0
14188320,2.36,0.0,0.0,0.0,0.0,0.0,0.0
14218380,2.365,0.0,0.0,0.0,0.0,0.0,0.0
14248440,2.37,0.0,0.0,0.0,0.0,0.0,0.0
14278500,2.375,0.0,0.0,0.0,0.0,0.0,0.0
14308560,2.38,0.0,0.0,0.0,0.0,0.0,0.0
14338620,2.385,0.0,0.0,0.0,0.0,0.0,0.0
14368680,2.39,0.0,0.0,0.0,0.0,0.0,0.0
14398740,2.395,0.0,0.0,0.0,0.0,0.0,0.0
14428800,2.4,0.0,0.0,0.0,0.0,0.0,0.0
14458860,2.405,0.0,0.0,0.0,0.0,0.0,0.0
14488920,2.41,0.0,0.0,0.0,0.0,0.0,0.0
14518980,2.415,0.0,0.0,0.0,0.0,0.0,0.0
14549040,2.42,0.0,0.0,0.0,0.0,0.0,0.0
14579100,2.425,0.0,0.0,0.0,0.0,0.0,0.0
14609160,2.43,0.0,0.0,0.0,0.0,0.0,0.0
14639220,2.435,0.0,0.0,0.0,0.0,0.0,0.0
14669280,2.44,0.0,0.0,0.0,0.0,0.0,0.0
14699340,2.445,0.0,0.0,0.0,0.0,0.0,0.0
14729400,2.45,0.0,0.0,0.0,0.0,0.0,0.0
14759460,2.455,0.0,0.0,0.0,0.0,0.0,0.0
14789520,2.46,0.0,0.0,0.0,0.0,0.0,0.0
14819580,2.465,0.0,0.0,0.0,0.0,0.0,0.0
14849640,2.47,0.0,0.0,0.0,0.0,0.0,0.0
14879700,2.475,0.0,0.0,0.0,0.0,0.0,0.0
14909760,2.48,0.0,0.0,0.0,0.0,0.0,0.0
14939820,2.485,0.0,0.0,0.0,0.0,0.0,0.0
14969880,2.49,0.0,0.0,0.0,0.0,0.0,0.0
14999940,2.495,0.0,0.0,0.0,0.0,0.0,0.0
15030000,2.5,0.0,0.0,0.0,0.0,0.0,0.0
15060060,2.505,0.0,0.0,0.0,0.0,0.0,0.0
15090120,2.51,0.0,0.0,0.0,0.0,0.0,0.0
15120180,2.515,0.0,0.0,0.0,0.0,0.0,0.0
15150240,2.52,0.0,0.0,0.0,0.0,0.0,0.0
15180300,2.525,0.0,0.0,0.0,0.0,0.0,0.0
15210360,2.53,0.0,0.0,0.0,0.0,0.0,0.0
15240420,2.535,0.0,0.0,0.0,0.0,0.0,0.0
15270480,2.54,0.0,0.0,0.0,0.0,0.0,0.0
15300540,2.545,0.0,0.0,0.0,0.0,0.0,0.0
15330600,2.55,0.0,0.0,0.0,0.0,0.0,0.0
15360660,2.555,0.0,0.0,0.0,0.0,0.0,0.0
15390720,2.56,0.0,0.0,0.0,0.0,0.0,0.0
15420780,2.565,0.0,0.0,0.0,0.0,0.0,0.0
15450840,2.57,0.0,0.0,0.0,0.0,0.0,0.0
15480900,2.575,0.0,0.0,0.0,0.0,0.0,0.0
15510960,2.58,0.0,0.0,0.0,0.0,0.0,0.0
15541020,2.585,0.0,0.0,0.0,0.0,0.0,0.0
15571080,2.59,0.0,0.0,0.0,0.0,0.0,0.0
15601140,2.595,-0.000355119918325,-9.47869238138e-05,0.000443278650555,0.000702820558159,0.000187593529012,0.000877296182293
15631200,2.6,0.0,0.0,0.0,0.0,0.0,0.0
15661260,2.605,6.46291879595e-05,-0.000427982215997,0.000358785485992,0.000593232425414,0.000828071855934,0.00108650797315
15691320,2.61,0.0002968350951,-0.000539327174542,0.000155412823993,0.00102295794144,0.00104350516841,0.00105157948994
15721380,2.615,0.0,0.0,0.0,0.0,0.0,0.0
15751440,2.62,0.0,0.0,0.0,0.0,0.0,0.0
15781500,2.625,0.0,0.0,0.0,0.0,0.0,0.0
15811560,2.63,0.0,0.0,0.0,0.0,0.0,0.0
15841620,2.635,0.0,0.0,0.0,0.0,0.0,0.0
15871680,2.64,0.0,0.0,0.0,0.0,0.0,0.0
15901740,2.645,0.0,0.0,0.0,0.0,0.0,0.0
15931800,2.65,0.0,0.0,0.0,0.0,0.0,0.0
15961860,2.655,0.0,0.0,0.0,0.0,0.0,0.0
15991920,2.66,0.0,0.0,0.0,0.0,0.0,0.0
16021980,2.665,0.0,0.0,0.0,0.0,0.0,0.0
16052040,2.67,0.0,0.0,0.0,0.0,0.0,0.0
16082100,2.675,0.0,0.0,0.0,0.0,0.0,0.0
16112160,2.68,0.0,0.0,0.0,0.0,0.0,0.0
16142220,2.685,0.0,0.0,0.0,0.0,0.0,0.0
16172280,2.69,0.0,0.0,0.0,0.0,0.0,0.0
16202340,2.695,-8.16297922037e-05,0.000165007148163,-8.33776804349e-05,0.000160752230005,0.000324945909059,0.000164194318039
16232400,2.7,-4.70523737814e-05,0.00014572630691,-9.86741548669e-05,9.265947895e-05,0.000286976460111,0.000194317417826
16262460,2.705,0.0,0.0,0.0,0.0,0.0,0.0
16292520,2.71,0.0,0.0,0.0,0.0,0.0,0.0
16322580,2.715,0.0,0.0,0.0,0.0,0.0,0.0
16352640,2.72,0.0,0.0,0.0,0.0,0.0,0.0
16382700,2.725,0.0,0.0,0.0,0.0,0.0,0.0
16412760,2.73,0.0,0.0,0.0,0.0,0.0,0.0
16442820,2.735,0.0,0.0,0.0,0.0,0.0,0.0
16472880,2.74,0.0,0.0,0.0,0.0,0.0,0.0
16502940,2.745,0.0,0.0,0.0,0.0,0.0,0.0
16533000,2.75,0.0,0.0,0.0,0.0,0.0,0.0
16563060,2.755,0.0,0.0,0.0,0.0,0.0,0.0
16593120,2.76,0.0,0.0,0.0,0.0,0.0,0.0
16623180,2.765,0.0,0.0,0.0,0.0,0.0,0.0
16653240,2.77,0.0,0.0,0.0,0.0,0.0,0.0
16683300,2.775,0.0,0.0,0.0,0.0,0.0,0.0
16713360,2.78,0.0,0.0,0.0,0.0,0.0,0.0
16743420,2.785,0.0,0.0,0.0,0.0,0.0,0.0
16773480,2.79,0.0,0.0,0.0,0.0,0.0,0.0
16803540,2.795,0.0,0.0,0.0,0.0,0.0,0.0
16833600,2.8,0.0,0.0,0.0,0.0,0.0,0.0
16863660,2.805,0.0,0.0,0.0,0.0,0.0,0.0
16893720,2.81,0.0,0.0,0.0,0.0,0.0,0.0
16923780,2.815,0.0,0.0,0.0,0.0,0.0,0.0
16953840,2.82,0.0,0.0,0.0,0.0,0.0,0.0
16983900,2.825,0.0,0.0,0.0,0.0,0.0,0.0
17013960,2.83,0.0,0.0,0.0,0.0,0.0,0.0
17044020,2.835,0.0,0.0,0.0,0.0,0.0,0.0
17074080,2.84,0.0,0.0,0.0,0.0,0.0,0.0
17104140,2.845,0.0,0.0,0.0,0.0,0.0,0.0
17134200,2.85,0.0,0.0,0.0,0.0,0.0,0.0
17164260,2.855,0.0,0.0,0.0,0.0,0.0,0.0
17194320,2.86,0.0,0.0,0.0,0.0,0.0,0.0
17224380,2.865,0.0,0.0,0.0,0.0,0.0,0.0
17254440,2.87,0.0,0.0,0.0,0.0,0.0,0.0
17284500,2.875,0.0,0.0,0.0,0.0,0.0,0.0
17314560,2.88,0.0,0.0,0.0,0.0,0.0,0.0
17344620,2.885,0.0,0.0,0.0,0.0,0.0,0.0
17374680,2.89,0.0,0.0,0.0,0.0,0.0,0.0
17404740,2.895,0.0,0.0,0.0,0.0,0.0,0.0
17434800,2.9,0.0,0.0,0.0,0.0,0.0,0.0
17464860,2.905,0.0,0.0,0.0,0.0,0.0,0.0
17494920,2.91,0.0,0.0,0.0,0.0,0.0,0.0
17524980,2.915,0.0,0.0,0.0,0.0,0.0,0.0
17555040,2.92,0.0,0.0,0.0,0.0,0.0,0.0
17585100,2.925,0.0,0.0,0.0,0.0,0.0,0.0
17615160,2.93,0.0,0.0,0.0,0.0,0.0,0.0
17645220,2.935,0.0,0.0,0.0,0.0,0.0,0.0
17675280,2.94,0.0,0.0,0.0,0.0,0.0,0.0
17705340,2.945,0.0,0.0,0.0,0.0,0.0,0.0
17735400,2.95,0.0,0.0,0.0,0.0,0.0,0.0
17765460,2.955,0.0,0.0,0.0,0.0,0.0,0.0
17795520,2.96,0.0,0.0,0.0,0.0,0.0,0.0
17825580,2.965,0.0,0.0,0.0,0.0,0.0,0.0
17855640,2.97,0.0,0.0,0.0,0.0,0.0,0.0
17885700,2.975,0.0,0.0,0.0,0.0,0.0,0.0
17915760,2.98,0.0,0.0,0.0,0.0,0.0,0.0
17945820,2.985,0.0,0.0,0.0,0.0,0.0,0.0
17975880,2.99,0.0,0.0,0.0,0.0,0.0,0.0
18005940,2.995,0.0,0.0,0.0,0.0,0.0,0.0
18036000,3.0,0.0,0.0,0.0,0.0,0.0,0.0
18066060,3.005,0.0,0.0,0.0,0.0,0.0,0.0
18096120,3.01,0.0,0.0,0.0,0.0,0.0,0.0
18126180,3.015,0.0,0.0,0.0,0.0,0.0,0.0
18156240,3.02,0.0,0.0,0.0,0.0,0.0,0.0
18186300,3.025,0.0,0.0,0.0,0.0,0.0,0.0
18216360,3.03,0.0,0.0,0.0,0.0,0.0,0.0
18246420,3.035,0.0,0.0,0.0,0.0,0.0,0.0
18276480,3.04,0.0,0.0,0.0,0.0,0.0,0.0
18306540,3.045,0.0,0.0,0.0,0.0,0.0,0.0
18336600,3.05,0.0,0.0,0.0,0.0,0.0,0.0
18366660,3.055,0.0,0.0,0.0,0.0,0.0,0.0
18396720,3.06,0.0,0.0,0.0,0.0,0.0,0.0
18426780,3.065,0.0,0.0,0.0,0.0,0.0,0.0
18456840,3.07,0.0,0.0,0.0,0.0,0.0,0.0
18486900,3.075,0.0,0.0,0.0,0.0,0.0,0.0
18516960,3.08,0.0,0.0,0.0,0.0,0.0,0.0
18547020,3.085,0.0,0.0,0.0,0.0,0.0,0.0
18577080,3.09,0.0,0.0,0.0,0.0,0.0,0.0
18607140,3.095,0.0,0.0,0.0,0.0,0.0,0.0
18637200,3.1,0.0,0.0,0.0,0.0,0.0,0.0
18667260,3.105,0.0,0.0,0.0,0.0,0.0,0.0
18697320,3.11,0.0,0.0,0.0,0.0,0.0,0.0
18727380,3.115,0.0,0.0,0.0,0.0,0.0,0.0
18757440,3.12,0.0,0.0,0.0,0.0,0.0,0.0
18787500,3.125,0.0,0.0,0.0,0.0,0.0,0.0
18817560,3.13,0.0,0.0,0.0,0.0,0.0,0.0
18847620,3.135,0.0,0.0,0.0,0.0,0.0,0.0
18877680,3.14,0.0,0.0,0.0,0.0,0.0,0.0
18907740,3.145,0.0,0.0,0.0,0.0,0.0,0.0
18937800,3.15,0.0,0.0,0.0,0.0,0.0,0.0
18967860,3.155,0.0,0.0,0.0,0.0,0.0,0.0
18997920,3.16,0.0,0.0,0.0,0.0,0.0,0.0
19027980,3.165,0.0,0.0,0.0,0.0,0.0,0.0
19058040,3.17,0.0,0.0,0.0,0.0,0.0,0.0
19088100,3.175,0.0,0.0,0.0,0.0,0.0,0.0
19118160,3.18,0.0,0.0,0.0,0.0,0.0,0.0
19148220,3.185,0.0,0.0,0.0,0.0,0.0,0.0
19178280,3.19,0.0,0.0,0.0,0.0,0.0,0.0
19208340,3.195,0.0,0.0,0.0,0.0,0.0,0.0
19238400,3.2,0.0,0.0,0.0,0.0,0.0,0.0
19268460,3.205,0.0,0.0,0.0,0.0,0.0,0.0
19298520,3.21,0.0,0.0,0.0,0.0,0.0,0.0
19328580,3.215,0.0,0.0,0.0,0.0,0.0,0.0
19358640,3.22,0.0,0.0,0.0,0.0,0.0,0.0
19388700,3.225,0.0,0.0,0.0,0.0,0.0,0.0
19418760,3.23,0.0,0.0,0.0,0.0,0.0,0.0
19448820,3.235,0.0,0.0,0.0,0.0,0.0,0.0
19478880,3.24,0.0,0.0,0.0,0.0,0.0,0.0
19508940,3.245,0.0,0.0,0.0,0.0,0.0,0.0
19539000,3.25,0.0,0.0,0.0,0.0,0.0,0.0
19569060,3.255,0.0,0.0,0.0,0.0,0.0,0.0
19599120,3.26,0.0,0.0,0.0,0.0,0.0,0.0
19629180,3.265,0.0,0.0,0.0,0.0,0.0,0.0
19659240,3.27,0.0,0.0,0.0,0.0,0.0,0.0
19689300,3.275,0.0,0.0,0.0,0.0,0.0,0.0
19719360,3.28,0.0,0.0,0.0,0.0,0.0,0.0
19749420,3.285,0.0,0.0,0.0,0.0,0.0,0.0
19779480,3.29,0.0,0.0,0.0,0.0,0.0,0.0
19809540,3.295,0.0,0.0,0.0,0.0,0.0,0.0
19839600,3.3,0.0,0.0,0.0,0.0,0.0,0.0
19869660,3.305,0.0,0.0,0.0,0.0,0.0,0.0
19899720,3.31,0.0,0.0,0.0,0.0,0.0,0.0
19929780,3.315,0.0,0.0,0.0,0.0,0.0,0.0
19959840,3.32,0.0,0.0,0.0,0.0,0.0,0.0
19989900,3.325,0.0,0.0,0.0,0.0,0.0,0.0
20019960,3.33,0.0,0.0,0.0,0.0,0.0,0.0
20050020,3.335,0.0,0.0,0.0,0.0,0.0,0.0
20080080,3.34,0.0,0.0,0.0,0.0,0.0,0.0
20110140,3.345,0.0,0.0,0.0,0.0,0.0,0.0
20140200,3.35,0.0,0.0,0.0,0.0,0.0,0.0
20170260,3.355,0.0,0.0,0.0,0.0,0.0,0.0
20200320,3.36,0.0,0.0,0.0,0.0,0.0,0.0
20230380,3.365,0.0,0.0,0.0,0.0,0.0,0.0
20260440,3.37,0.0,0.0,0.0,0.0,0.0,0.0
20290500,3.375,0.0,0.0,0.0,0.0,0.0,0.0
20320560,3.38,0.0,0.0,0.0,0.0,0.0,0.0
20350620,3.385,0.0,0.0,0.0,0.0,0.0,0.0
20380680,3.39,0.0,0.0,0.0,0.0,0.0,0.0
20410740,3.395,0.0,0.0,0.0,0.0,0.0,0.0
20440800,3.4,0.0,0.0,0.0,0.0,0.0,0.0
20470860,3.405,0.0,0.0,0.0,0.0,0.0,0.0
20500920,3.41,0.0,0.0,0.0,0.0,0.0,0.0
20530980,3.415,0.0,0.0,0.0,0.0,0.0,0.0
20561040,3.42,0.0,0.0,0.0,0.0,0.0,0.0
20591100,3.425,0.0,0.0,0.0,0.0,0.0,0.0
20621160,3.43,0.0,0.0,0.0,0.0,0.0,0.0
20651220,3.435,0.0,0.0,0.0,0.0,0.0,0.0
20681280,3.44,0.0,0.0,0.0,0.0,0.0,0.0
20711340,3.445,0.0,0.0,0.0,0.0,0.0,0.0
20741400,3.45,0.0,0.0,0.0,0.0,0.0,0.0
20771460,3.455,0.0,0.0,0.0,0.0,0.0,0.0
20801520,3.46,0.0,0.0,0.0,0.0,0.0,0.0
20831580,3.465,0.0,0.0,0.0,0.0,0.0,0.0
20861640,3.47,0.0,0.0,0.0,0.0,0.0,0.0
20891700,3.475,0.0,0.0,0.0,0.0,0.0,0.0
20921760,3.48,0.0,0.0,0.0,0.0,0.0,0.0
20951820,3.485,0.0,0.0,0.0,0.0,0.0,0.0
20981880,3.49,0.0,0.0,0.0,0.0,0.0,0.0
21011940,3.495,0.0,0.0,0.0,0.0,0.0,0.0
21042000,3.5,0.0,0.0,0.0,0.0,0.0,0.0
21072060,3.505,0.0,0.0,0.0,0.0,0.0,0.0
21102120,3.51,0.0,0.0,0.0,0.0,0.0,0.0
21132180,3.515,0.0,0.0,0.0,0.0,0.0,0.0
21162240,3.52,0.0,0.0,0.0,0.0,0.0,0.0
21192300,3.525,0.0,0.0,0.0,0.0,0.0,0.0
21222360,3.53,0.0,0.0,0.0,0.0,0.0,0.0
21252420,3.535,0.0,0.0,0.0,0.0,0.0,0.0
21282480,3.54,0.0,0.0,0.0,0.0,0.0,0.0
21312540,3.545,0.0,0.0,0.0,0.0,0.0,0.0
21342600,3.55,0.0,0.0,0.0,0.0,0.0,0.0
21372660,3.555,0.0,0.0,0.0,0.0,0.0,0.0
21402720,3.56,0.0,0.0,0.0,0.0,0.0,0.0
21432780,3.565,0.0,0.0,0.0,0.0,0.0,0.0
21462840,3.57,0.0,0.0,0.0,0.0,0.0,0.0
21492900,3.575,0.0,0.0,0.0,0.0,0.0,0.0
21522960,3.58,0.0,0.0,0.0,0.0,0.0,0.0
21553020,3.585,0.0,0.0,0.0,0.0,0.0,0.0
21583080,3.59,0.0,0.0,0.0,0.0,0.0,0.0
21613140,3.595,0.0,0.0,0.0,0.0,0.0,0.0
21643200,3.6,0.0,0.0,0.0,0.0,0.0,0.0
21673260,3.605,0.0,0.0,0.0,0.0,0.0,0.0
21703320,3.61,0.0,0.0,0.0,0.0,0.0,0.0
21733380,3.615,0.0,0.0,0.0,0.0,0.0,0.0
21763440,3.62,0.0,0.0,0.0,0.0,0.0,0.0
21793500,3.625,0.0,0.0,0.0,0.0,0.0,0.0
21823560,3.63,0.0,0.0,0.0,0.0,0.0,0.0
21853620,3.635,0.0,0.0,0.0,0.0,0.0,0.0
21883680,3.64,0.0,0.0,0.0,0.0,0.0,0.0
21913740,3.645,0.0,0.0,0.0,0.0,0.0,0.0
21943800,3.65,0.0,0.0,0.0,0.0,0.0,0.0
21973860,3.655,0.0,0.0,0.0,0.0,0.0,0.0
22003920,3.66,0.0,0.0,0.0,0.0,0.0,0.0
22033980,3.665,0.0,0.0,0.0,0.0,0.0,0.0
22064040,3.67,0.0,0.0,0.0,0.0,0.0,0.0
22094100,3.675,0.0,0.0,0.0,0.0,0.0,0.0
22124160,3.68,0.0,0.0,0.0,0.0,0.0,0.0
22154220,3.685,0.0,0.0,0.0,0.0,0.0,0.0
22184280,3.69,0.0,0.0,0.0,0.0,0.0,0.0
22214340,3.695,0.0,0.0,0.0,0.0,0.0,0.0
22244400,3.7,0.0,0.0,0.0,0.0,0.0,0.0
22274460,3.705,0.0,0.0,0.0,0.0,0.0,0.0
22304520,3.71,0.0,0.0,0.0,0.0,0.0,0.0
22334580,3.715,0.0,0.0,0.0,0.0,0.0,0.0
22364640,3.72,0.0,0.0,0.0,0.0,0.0,0.0
22394700,3.725,0.0,0.0,0.0,0.0,0.0,0.0
22424760,3.73,0.0,0.0,0.0,0.0,0.0,0.0
22454820,3.735,0.0,0.0,0.0,0.0,0.0,0.0
22484880,3.74,0.0,0.0,0.0,0.0,0.0,0.0
22514940,3.745,0.0,0.0,0.0,0.0,0.0,0.0
22545000,3.75,0.0,0.0,0.0,0.0,0.0,0.0
22575060,3.755,0.0,0.0,0.0,0.0,0.0,0.0
22605120,3.76,0.0,0.0,0.0,0.0,0.0,0.0
22635180,3.765,0.0,0.0,0.0,0.0,0.0,0.0
22665240,3.77,0.0,0.0,0.0,0.0,0.0,0.0
22695300,3.775,0.0,0.0,0.0,0.0,0.0,0.0
22725360,3.78,0.0,0.0,0.0,0.0,0.0,0.0
22755420,3.785,0.0,0.0,0.0,0.0,0.0,0.0
22785480,3.79,0.0,0.0,0.0,0.0,0.0,0.0
22815540,3.795,0.0,0.0,0.0,0.0,0.0,0.0
22845600,3.8,0.0,0.0,0.0,0.0,0.0,0.0
22875660,3.805,0.0,0.0,0.0,0.0,0.0,0.0
22905720,3.81,0.0,0.0,0.0,0.0,0.0,0.0
22935780,3.815,0.0,0.0,0.0,0.0,0.0,0.0
22965840,3.82,0.0,0.0,0.0,0.0,0.0,0.0
22995900,3.825,0.0,0.0,0.0,0.0,0.0,0.0
23025960,3.83,0.0,0.0,0.0,0.0,0.0,0.0
23056020,3.835,0.0,0.0,0.0,0.0,0.0,0.0
23086080,3.84,0.0,0.0,0.0,0.0,0.0,0.0
23116140,3.845,0.0,0.0,0.0,0.0,0.0,0.0
23146200,3.85,0.0,0.0,0.0,0.0,0.0,0.0
23176260,3.855,0.0,0.0,0.0,0.0,0.0,0.0
23206320,3.86,0.0,0.0,0.0,0.0,0.0,0.0
23236380,3.865,0.0,0.0,0.0,0.0,0.0,0.0
23266440,3.87,0.0,0.0,0.0,0.0,0.0,0.0
23296500,3.875,0.0,0.0,0.0,0.0,0.0,0.0
23326560,3.88,0.0,0.0,0.0,0.0,0.0,0.0
23356620,3.885,0.0,0.0,0.0,0.0,0.0,0.0
23386680,3.89,0.0,0.0,0.0,0.0,0.0,0.0
23416740,3.895,0.0,0.0,0.0,0.0,0.0,0.0
23446800,3.9,0.0,0.0,0.0,0.0,0.0,0.0
23476860,3.905,0.0,0.0,0.0,0.0,0.0,0.0
23506920,3.91,0.0,0.0,0.0,0.0,0.0,0.0
23536980,3.915,0.0,0.0,0.0,0.0,0.0,0.0
23567040,3.92,0.0,0.0,0.0,0.0,0.0,0.0
23597100,3.925,0.0,0.0,0.0,0.0,0.0,0.0
23627160,3.93,0.0,0.0,0.0,0.0,0.0,0.0
23657220,3.935,0.0,0.0,0.0,0.0,0.0,0.0
23687280,3.94,0.0,0.0,0.0,0.0,0.0,0.0
23717340,3.945,0.0,0.0,0.0,0.0,0.0,0.0
23747400,3.95,0.0,0.0,0.0,0.0,0.0,0.0
23777460,3.955,0.0,0.0,0.0,0.0,0.0,0.0
23807520,3.96,0.0,0.0,0.0,0.0,0.0,0.0
23837580,3.965,0.0,0.0,0.0,0.0,0.0,0.0
23867640,3.97,0.0,0.0,0.0,0.0,0.0,0.0
23897700,3.975,0.0,0.0,0.0,0.0,0.0,0.0
23927760,3.98,0.0,0.0,0.0,0.0,0.0,0.0
23957820,3.985,0.0,0.0,0.0,0.0,0.0,0.0
23987880,3.99,0.0,0.0,0.0,0.0,0.0,0.0
24017940,3.995,0.0,0.0,0.0,0.0,0.0,0.0
24048000,4.0,0.0,0.0,0.0,0.0,0.0,0.0
24078060,4.005,0.0,0.0,0.0,0.0,0.0,0.0
24108120,4.01,0.0,0.0,0.0,0.0,0.0,0.0
24138180,4.015,0.0,0.0,0.0,0.0,0.0,0.0
24168240,4.02,0.0,0.0,0.0,0.0,0.0,0.0
24198300,4.025,0.0,0.0,0.0,0.0,0.0,0.0
24228360,4.03,0.0,0.0,0.0,0.0,0.0,0.0
24258420,4.035,0.0,0.0,0.0,0.0,0.0,0.0
24288480,4.04,0.0,0.0,0.0,0.0,0.0,0.0
24318540,4.045,0.0,0.0,0.0,0.0,0.0,0.0
24348600,4.05,0.0,0.0,0.0,0.0,0.0,0.0
24378660,4.055,0.0,0.0,0.0,0.0,0.0,0.0
24408720,4.06,0.0,0.0,0.0,0.0,0.0,0.0
24438780,4.065,0.0,0.0,0.0,0.0,0.0,0.0
24468840,4.07,0.0,0.0,0.0,0.0,0.0,0.0
24498900,4.075,0.0,0.0,0.0,0.0,0.0,0.0
24528960,4.08,0.0,0.0,0.0,0.0,0.0,0.0
24559020,4.085,0.0,0.0,0.0,0.0,0.0,0.0
24589080,4.09,0.0,0.0,0.0,0.0,0.0,0.0
24619140,4.095,0.0,0.0,0.0,0.0,0.0,0.0
24649200,4.1,0.0,0.0,0.0,0.0,0.0,0.0
24679260,4.105,0.0,0.0,0.0,0.0,0.0,0.0
24709320,4.11,0.0,0.0,0.0,0.0,0.0,0.0
24739380,4.115,0.0,0.0,0.0,0.0,0.0,0.0
24769440,4.12,0.0,0.0,0.0,0.0,0.0,0.0
24799500,4.125,0.0,0.0,0.0,0.0,0.0,0.0
24829560,4.13,0.0,0.0,0.0,0.0,0.0,0.0
24859620,4.135,0.0,0.0,0.0,0.0,0.0,0.0
24889680,4.14,0.0,0.0,0.0,0.0,0.0,0.0
24919740,4.145,0.0,0.0,0.0,0.0,0.0,0.0
24949800,4.15,0.0,0.0,0.0,0.0,0.0,0.0
24979860,4.155,0.0,0.0,0.0,0.0,0.0,0.0
25009920,4.16,0.0,0.0,0.0,0.0,0.0,0.0
25039980,4.165,0.0,0.0,0.0,0.0,0.0,0.0
25070040,4.17,0.0,0.0,0.0,0.0,0.0,0.0
25100100,4.175,0.0,0.0,0.0,0.0,0.0,0.0
25130160,4.18,0.0,0.0,0.0,0.0,0.0,0.0
25160220,4.185,0.0,0.0,0.0,0.0,0.0,0.0
25190280,4.19,0.0,0.0,0.0,0.0,0.0,0.0
25220340,4.195,0.0,0.0,0.0,0.0,0.0,0.0
25250400,4.2,0.0,0.0,0.0,0.0,0.0,0.0
25280460,4.205,0.0,0.0,0.0,0.0,0.0,0.0
25310520,4.21,0.0,0.0,0.0,0.0,0.0,0.0
25340580,4.215,0.0,0.0,0.0,0.0,0.0,0.0
25370640,4.22,0.0,0.0,0.0,0.0,0.0,0.0
25400700,4.225,0.0,0.0,0.0,0.0,0.0,0.0
25430760,4.23,0.0,0.0,0.0,0.0,0.0,0.0
25460820,4.235,0.0,0.0,0.0,0.0,0.0,0.0
25490880,4.24,0.0,0.0,0.0,0.0,0.0,0.0
25520940,4.245,0.0,0.0,0.0,0.0,0.0,0.0
25551000,4.25,0.0,0.0,0.0,0.0,0.0,0.0
25581060,4.255,0.0,0.0,0.0,0.0,0.0,0.0
25611120,4.26,0.0,0.0,0.0,0.0,0.0,0.0
25641180,4.265,0.0,0.0,0.0,0.0,0.0,0.0
25671240,4.27,0.0,0.0,0.0,0.0,0.0,0.0
25701300,4.275,0.0,0.0,0.0,0.0,0.0,0.0
25731360,4.28,0.0,0.0,0.0,0.0,0.0,0.0
25761420,4.285,0.0,0.0,0.0,0.0,0.0,0.0
25791480,4.29,0.0,0.0,0.0,0.0,0.0,0.0
25821540,4.295,0.0,0.0,0.0,0.0,0.0,0.0
25851600,4.3,0.0,0.0,0.0,0.0,0.0,0.0
25881660,4.305,0.0,0.0,0.0,0.0,0.0,0.0
25911720,4.31,0.0,0.0,0.0,0.0,0.0,0.0
25941780,4.315,0.0,0.0,0.0,0.0,0.0,0.0
25971840,4.32,0.0,0.0,0.0,0.0,0.0,0.0
26001900,4.325,0.0,0.0,0.0,0.0,0.0,0.0
26031960,4.33,0.0,0.0,0.0,0.0,0.0,0.0
26062020,4.335,0.0,0.0,0.0,0.0,0.0,0.0
26092080,4.34,0.0,0.0,0.0,0.0,0.0,0.0
26122140,4.345,0.0,0.0,0.0,0.0,0.0,0.0
26152200,4.35,0.0,0.0,0.0,0.0,0.0,0.0
26182260,4.355,0.0,0.0,0.0,0.0,0.0,0.0
26212320,4.36,0.0,0.0,0.0,0.0,0.0,0.0
26242380,4.365,0.0,0.0,0.0,0.0,0.0,0.0
26272440,4.37,0.0,0.0,0.0,0.0,0.0,0.0
26302500,4.375,0.0,0.0,0.0,0.0,0.0,0.0
26332560,4.38,0.0,0.0,0.0,0.0,0.0,0.0
26362620,4.385,0.0,0.0,0.0,0.0,0.0,0.0
26392680,4.39,0.0,0.0,0.0,0.0,0.0,0.0
26422740,4.395,0.0,0.0,0.0,0.0,0.0,0.0
26452800,4.4,0.0,0.0,0.0,0.0,0.0,0.0
26482860,4.405,0.0,0.0,0.0,0.0,0.0,0.0
26512920,4.41,0.0,0.0,0.0,0.0,0.0,0.0
26542980,4.415,0.0,0.0,0.0,0.0,0.0,0.0
26573040,4.42,0.0,0.0,0.0,0.0,0.0,0.0
26603100,4.425,0.0,0.0,0.0,0.0,0.0,0.0
26633160,4.43,0.0,0.0,0.0,0.0,0.0,0.0
26663220,4.435,0.0,0.0,0.0,0.0,0.0,0.0
26693280,4.44,0.0,0.0,0.0,0.0,0.0,0.0
26723340,4.445,0.0,0.0,0.0,0.0,0.0,0.0
26753400,4.45,0.0,0.0,0.0,0.0,0.0,0.0
26783460,4.455,0.0,0.0,0.0,0.0,0.0,0.0
26813520,4.46,0.0,0.0,0.0,0.0,0.0,0.0
26843580,4.465,0.0,0.0,0.0,0.0,0.0,0.0
26873640,4.47,0.0,0.0,0.0,0.0,0.0,0.0
26903700,4.475,0.0,0.0,0.0,0.0,0.0,0.0
26933760,4.48,0.0,0.0,0.0,0.0,0.0,0.0
26963820,4.485,0.0,0.0,0.0,0.0,0.0,0.0
26993880,4.49,0.0,0.0,0.0,0.0,0.0,0.0
27023940,4.495,0.0,0.0,0.0,0.0,0.0,0.0
27054000,4.5,0.0,0.0,0.0,0.0,0.0,0.0
27084060,4.505,0.0,0.0,0.0,0.0,0.0,0.0
27114120,4.51,0.0,0.0,0.0,0.0,0.0,0.0
27144180,4.515,0.0,0.0,0.0,0.0,0.0,0.0
27174240,4.52,0.0,0.0,0.0,0.0,0.0,0.0
27204300,4.525,0.0,0.0,0.0,0.0,0.0,0.0
27234360,4.53,0.0,0.0,0.0,0.0,0.0,0.0
27264420,4.535,0.0,0.0,0.0,0.0,0.0,0.0
27294480,4.54,0.0,0.0,0.0,0.0,0.0,0.0
27324540,4.545,0.0,0.0,0.0,0.0,0.0,0.0
27354600,4.55,0.0,0.0,0.0,0.0,0.0,0.0
27384660,4.555,0.0,0.0,0.0,0.0,0.0,0.0
27414720,4.56,0.0,0.0,0.0,0.0,0.0,0.0
27444780,4.565,0.0,0.0,0.0,0.0,0.0,0.0
27474840,4.57,0.0,0.0,0.0,0.0,0.0,0.0
27504900,4.575,0.0,0.0,0.0,0.0,0.0,0.0
27534960,4.58,0.0,0.0,0.0,0.0,0.0,0.0
27565020,4.585,0.0,0.0,0.0,0.0,0.0,0.0
27595080,4.59,0.0,0.0,0.0,0.0,0.0,0.0
27625140,4.595,0.0,0.0,0.0,0.0,0.0,0.0
27655200,4.6,0.0,0.0,0.0,0.0,0.0,0.0
27685260,4.605,0.0,0.0,0.0,0.0,0.0,0.0
27715320,4.61,0.0,0.0,0.0,0.0,0.0,0.0
27745380,4.615,0.0,0.0,0.0,0.0,0.0,0.0
27775440,4.62,0.0,0.0,0.0,0.0,0.0,0.0
27805500,4.625,0.0,0.0,0.0,0.0,0.0,0.0
27835560,4.63,0.0,0.0,0.0,0.0,0.0,0.0
27865620,4.635,0.0,0.0,0.0,0.0,0.0,0.0
27895680,4.64,0.0,0.0,0.0,0.0,0.0,0.0
27925740,4.645,0.0,0.0,0.0,0.0,0.0,0.0
27955800,4.65,0.0,0.0,0.0,0.0,0.0,0.0
27985860,4.655,0.0,0.0,0.0,0.0,0.0,0.0
28015920,4.66,0.0,0.0,0.0,0.0,0.0,0.0
28045980,4.665,0.0,0.0,0.0,0.0,0.0,0.0
28076040,4.67,0.0,0.0,0.0,0.0,0.0,0.0
28106100,4.675,0.0,0.0,0.0,0.0,0.0,0.0
28136160,4.68,0.0,0.0,0.0,0.0,0.0,0.0
28166220,4.685,0.0,0.0,0.0,0.0,0.0,0.0
28196280,4.69,0.0,0.0,0.0,0.0,0.0,0.0
28226340,4.695,0.0,0.0,0.0,0.0,0.0,0.0
28256400,4.7,0.0,0.0,0.0,0.0,0.0,0.0
28286460,4.705,0.0,0.0,0.0,0.0,0.0,0.0
28316520,4.71,0.0,0.0,0.0,0.0,0.0,0.0
28346580,4.715,0.0,0.0,0.0,0.0,0.0,0.0
28376640,4.72,0.0,0.0,0.0,0.0,0.0,0.0
28406700,4.725,0.0,0.0,0.0,0.0,0.0,0.0
28436760,4.73,0.0,0.0,0.0,0.0,0.0,0.0
28466820,4.735,0.0,0.0,0.0,0.0,0.0,0.0
28496880,4.74,0.0,0.0,0.0,0.0,0.0,0.0
28526940,4.745,0.0,0.0,0.0,0.0,0.0,0.0
28557000,4.75,0.0,0.0,0.0,0.0,0.0,0.0
28587060,4.755,0.0,0.0,0.0,0.0,0.0,0.0
28617120,4.76,0.0,0.0,0.0,0.0,0.0,0.0
28647180,4.765,9.93942504554e-05,-0.000384942857316,0.000263458291436,0.000285082013745,0.000756160113295,0.000638712555563
28677240,4.77,0.0,0.0,0.0,0.0,0.0,0.0
28707300,4.775,0.0,0.0,0.0,0.0,0.0,0.0
28737360,4.78,0.0,0.0,0.0,0.0,0.0,0.0
28767420,4.785,0.0,0.0,0.0,0.0,0.0,0.0
28797480,4.79,0.0,0.0,0.0,0.0,0.0,0.0
28827540,4.795,0.0,0.0,0.0,0.0,0.0,0.0
28857600,4.8,0.0,0.0,0.0,0.0,0.0,0.0
28887660,4.805,0.0,0.0,0.0,0.0,0.0,0.0
28917720,4.81,0.0,0.0,0.0,0.0,0.0,0.0
28947780,4.815,0.0,0.0,0.0,0.0,0.0,0.0
28977840,4.82,0.0,0.0,0.0,0.0,0.0,0.0
29007900,4.825,0.0,0.0,0.0,0.0,0.0,0.0
29037960,4.83,0.0,0.0,0.0,0.0,0.0,0.0
29068020,4.835,0.0,0.0,0.0,0.0,0.0,0.0
29098080,4.84,0.0,0.0,0.0,0.0,0.0,0.0
29128140,4.845,0.0,0.0,0.0,0.0,0.0,0.0
29158200,4.85,0.0,0.0,0.0,0.0,0.0,0.0
29188260,4.855,0.0,0.0,0.0,0.0,0.0,0.0
29218320,4.86,0.0,0.0,0.0,0.0,0.0,0.0
29248380,4.865,0.0,0.0,0.0,0.0,0.0,0.0
29278440,4.87,0.0,0.0,0.0,0.0,0.0,0.0
29308500,4.875,0.0,0.0,0.0,0.0,0.0,0.0
29338560,4.88,0.0,0.0,0.0,0.0,0.0,0.0
29368620,4.885,0.0,0.0,0.0,0.0,0.0,0.0
29398680,4.89,0.0,0.0,0.0,0.0,0.0,0.0
29428740,4.895,0.0,0.0,0.0,0.0,0.0,0.0
29458800,4.9,0.0,0.0,0.0,0.0,0.0,0.0
29488860,4.905,0.0,0.0,0.0,0.0,0.0,0.0
29518920,4.91,0.0,0.0,0.0,0.0,0.0,0.0
29548980,4.915,0.0,0.0,0.0,0.0,0.0,0.0
29579040,4.92,0.0,0.0,0.0,0.0,0.0,0.0
29609100,4.925,0.0,0.0,0.0,0.0,0.0,0.0
29639160,4.93,0.0,0.0,0.0,0.0,0.0,0.0
29669220,4.935,0.0,0.0,0.0,0.0,0.0,0.0
29699280,4.94,0.0,0.0,0.0,0.0,0.0,0.0
29729340,4.945,0.0,0.0,0.0,0.0,0.0,0.0
29759400,4.95,0.0,0.0,0.0,0.0,0.0,0.0
29789460,4.955,0.0,0.0,0.0,0.0,0.0,0.0
29819520,4.96,0.0,0.0,0.0,0.0,0.0,0.0
29849580,4.965,0.0,0.0,0.0,0.0,0.0,0.0
29879640,4.97,0.0,0.0,0.0,0.0,0.0,0.0
29909700,4.975,0.0,0.0,0.0,0.0,0.0,0.0
29939760,4.98,0.0,0.0,0.0,0.0,0.0,0.0
29969820,4.985,0.0,0.0,0.0,0.0,0.0,0.0
29999880,4.99,0.0,0.0,0.0,0.0,0.0,0.0
30029940,4.995,0.0,0.0,0.0,0.0,0.0,0.0
30060000,5.0,0.0,0.0,0.0,0.0,0.0,0.0
30090060,5.005,0.0,0.0,0.0,0.0,0.0,0.0
30120120,5.01,0.0,0.0,0.0,0.0,0.0,0.0
30150180,5.015,0.0,0.0,0.0,0.0,0.0,0.0
30180240,5.02,0.0,0.0,0.0,0.0,0.0,0.0
30210300,5.025,0.0,0.0,0.0,0.0,0.0,0.0
30240360,5.03,0.0,0.0,0.0,0.0,0.0,0.0
30270420,5.035,0.0,0.0,0.0,0.0,0.0,0.0
30300480,5.04,0.0,0.0,0.0,0.0,0.0,0.0
30330540,5.045,0.0,0.0,0.0,0.0,0.0,0.0
30360600,5.05,0.0,0.0,0.0,0.0,0.0,0.0
30390660,5.055,0.0,0.0,0.0,0.0,0.0,0.0
30420720,5.06,0.0,0.0,0.0,0.0,0.0,0.0
30450780,5.065,0.0,0.0,0.0,0.0,0.0,0.0
30480840,5.07,0.0,0.0,0.0,0.0,0.0,0.0
30510900,5.075,0.0,0.0,0.0,0.0,0.0,0.0
30540960,5.08,0.0,0.0,0.0,0.0,0.0,0.0
30571020,5.085,0.0,0.0,0.0,0.0,0.0,0.0
30601080,5.09,0.0,0.0,0.0,0.0,0.0,0.0
30631140,5.095,2.21479317682e-05,-5.46642396586e-05,3.25162451988e-05,4.36155043177e-05,0.000107649256183,6.40336284084e-05
30661200,5.1,0.0,0.0,0.0,0.0,0.0,0.0
30691260,5.105,0.0,0.0,0.0,0.0,0.0,0.0
30721320,5.11,0.0,0.0,0.0,0.0,0.0,0.0
30751380,5.115,0.0,0.0,0.0,0.0,0.0,0.0
30781440,5.12,0.0,0.0,0.0,0.0,0.0,0.0
30811500,5.125,0.0,0.0,0.0,0.0,0.0,0.0
30841560,5.13,0.0,0.0,0.0,0.0,0.0,0.0
30871620,5.135,0.0,0.0,0.0,0.0,0.0,0.0
30901680,5.14,0.0,0.0,0.0,0.0,0.0,0.0
30931740,5.145,0.0,0.0,0.0,0.0,0.0,0.0
30961800,5.15,0.0,0.0,0.0,0.0,0.0,0.0
30991860,5.155,0.0,0.0,0.0,0.0,0.0,0.0
31021920,5.16,0.0,0.0,0.0,0.0,0.0,0.0
31051980,5.165,0.0,0.0,0.0,0.0,0.0,0.0
31082040,5.17,0.0,0.0,0.0,0.0,0.0,0.0
31112100,5.175,0.0,0.0,0.0,0.0,0.0,0.0
31142160,5.18,0.0,0.0,0.0,0.0,0.0,0.0
31172220,5.185,0.0,0.0,0.0,0.0,0.0,0.0
31202280,5.19,0.0,0.0,0.0,0.0,0.0,0.0
31232340,5.195,0.0,0.0,0.0,0.0,0.0,0.0
31262400,5.2,0.0,0.0,0.0,0.0,0.0,0.0
31292460,5.205,0.0,0.0,0.0,0.0,0.0,0.0
31322520,5.21,0.0,0.0,0.0,0.0,0.0,0.0
31352580,5.215,0.0,0.0,0.0,0.0,0.0,0.0
31382640,5.22,0.0,0.0,0.0,0.0,0.0,0.0
31412700,5.225,0.0,0.0,0.0,0.0,0.0,0.0
31442760,5.23,0.0,0.0,0.0,0.0,0.0,0.0
31472820,5.235,0.0,0.0,0.0,0.0,0.0,0.0
31502880,5.24,0.0,0.0,0.0,0.0,0.0,0.0
31532940,5.245,0.0,0.0,0.0,0.0,0.0,0.0
31563000,5.25,0.0,0.0,0.0,0.0,0.0,0.0
31593060,5.255,0.0,0.0,0.0,0.0,0.0,0.0
31623120,5.26,0.0,0.0,0.0,0.0,0.0,0.0
31653180,5.265,0.0,0.0,0.0,0.0,0.0,0.0
31683240,5.27,0.0,0.0,0.0,0.0,0.0,0.0
31713300,5.275,0.0,0.0,0.0,0.0,0.0,0.0
31743360,5.28,0.0,0.0,0.0,0.0,0.0,0.0
31773420,5.285,0.0,0.0,0.0,0.0,0.0,0.0
31803480,5.29,0.0,0.0,0.0,0.0,0.0,0.0
31833540,5.295,0.0,0.0,0.0,0.0,0.0,0.0
31863600,5.3,0.0,0.0,0.0,0.0,0.0,0.0
31893660,5.305,0.0,0.0,0.0,0.0,0.0,0.0
31923720,5.31,0.0,0.0,0.0,0.0,0.0,0.0
31953780,5.315,0.0,0.0,0.0,0.0,0.0,0.0
31983840,5.32,0.0,0.0,0.0,0.0,0.0,0.0
32013900,5.325,0.0,0.0,0.0,0.0,0.0,0.0
32043960,5.33,0.0,0.0,0.0,0.0,0.0,0.0
32074020,5.335,0.0,0.0,0.0,0.0,0.0,0.0
32104080,5.34,0.0,0.0,0.0,0.0,0.0,0.0
32134140,5.345,0.0,0.0,0.0,0.0,0.0,0.0
32164200,5.35,0.0,0.0,0.0,0.0,0.0,0.0
32194260,5.355,0.0,0.0,0.0,0.0,0.0,0.0
32224320,5.36,0.0,0.0,0.0,0.0,0.0,0.0
32254380,5.365,0.0,0.0,0.0,0.0,0.0,0.0
32284440,5.37,0.0,0.0,0.0,0.0,0.0,0.0
32314500,5.375,0.0,0.0,0.0,0.0,0.0,0.0
32344560,5.38,0.0,0.0,0.0,0.0,0.0,0.0
32374620,5.385,0.0,0.0,0.0,0.0,0.0,0.0
32404680,5.39,0.0,0.0,0.0,0.0,0.0,0.0
32434740,5.395,0.0,0.0,0.0,0.0,0.0,0.0
32464800,5.4,0.0,0.0,0.0,0.0,0.0,0.0
32494860,5.405,0.0,0.0,0.0,0.0,0.0,0.0
32524920,5.41,0.0,0.0,0.0,0.0,0.0,0.0
32554980,5.415,0.0,0.0,0.0,0.0,0.0,0.0
32585040,5.42,0.0,0.0,0.0,0.0,0.0,0.0
32615100,5.425,0.0,0.0,0.0,0.0,0.0,0.0
32645160,5.43,0.0,0.0,0.0,0.0,0.0,0.0
32675220,5.435,0.0,0.0,0.0,0.0,0.0,0.0
32705280,5.44,0.0,0.0,0.0,0.0,0.0,0.0
32735340,5.445,0.0,0.0,0.0,0.0,0.0,0.0
32765400,5.45,0.0,0.0,0.0,0.0,0.0,0.0
32795460,5.455,0.0,0.0,0.0,0.0,0.0,0.0
32825520,5.46,0.0,0.0,0.0,0.0,0.0,0.0
32855580,5.465,0.0,0.0,0.0,0.0,0.0,0.0
32885640,5.47,0.0,0.0,0.0,0.0,0.0,0.0
32915700,5.475,0.0,0.0,0.0,0.0,0.0,0.0
32945760,5.48,0.0,0.0,0.0,0.0,0.0,0.0
32975820,5.485,0.0,0.0,0.0,0.0,0.0,0.0
33005880,5.49,0.0,0.0,0.0,0.0,0.0,0.0
33035940,5.495,0.0,0.0,0.0,0.0,0.0,0.0
33066000,5.5,0.0,0.0,0.0,0.0,0.0,0.0
33096060,5.505,0.0,0.0,0.0,0.0,0.0,0.0
33126120,5.51,0.0,0.0,0.0,0.0,0.0,0.0
33156180,5.515,0.0,0.0,0.0,0.0,0.0,0.0
33186240,5.52,0.0,0.0,0.0,0.0,0.0,0.0
33216300,5.525,0.0,0.0,0.0,0.0,0.0,0.0
33246360,5.53,0.0,0.0,0.0,0.0,0.0,0.0
33276420,5.535,0.0,0.0,0.0,0.0,0.0,0.0
33306480,5.54,0.0,0.0,0.0,0.0,0.0,0.0
33336540,5.545,0.0,0.0,0.0,0.0,0.0,0.0
33366600,5.55,0.0,0.0,0.0,0.0,0.0,0.0
33396660,5.555,0.0,0.0,0.0,0.0,0.0,0.0
33426720,5.56,0.0,0.0,0.0,0.0,0.0,0.0
33456780,5.565,0.0,0.0,0.0,0.0,0.0,0.0
33486840,5.57,0.0,0.0,0.0,0.0,0.0,0.0
33516900,5.575,0.0,0.0,0.0,0.0,0.0,0.0
33546960,5.58,0.0,0.0,0.0,0.0,0.0,0.0
33577020,5.585,0.0,0.0,0.0,0.0,0.0,0.0
33607080,5.59,0.0,0.0,0.0,0.0,0.0,0.0
33637140,5.595,0.0,0.0,0.0,0.0,0.0,0.0
33667200,5.6,0.0,0.0,0.0,0.0,0.0,0.0
33697260,5.605,0.0,0.0,0.0,0.0,0.0,0.0
33727320,5.61,0.0,0.0,0.0,0.0,0.0,0.0
33757380,5.615,0.0,0.0,0.0,0.0,0.0,0.0
33787440,5.62,0.0,0.0,0.0,0.0,0.0,0.0
33817500,5.625,0.0,0.0,0.0,0.0,0.0,0.0
33847560,5.63,0.0,0.0,0.0,0.0,0.0,0.0
33877620,5.635,0.0,0.0,0.0,0.0,0.0,0.0
33907680,5.64,0.0,0.0,0.0,0.0,0.0,0.0
33937740,5.645,0.0,0.0,0.0,0.0,0.0,0.0
33967800,5.65,0.0,0.0,0.0,0.0,0.0,0.0
33997860,5.655,0.0,0.0,0.0,0.0,0.0,0.0
34027920,5.66,0.0,0.0,0.0,0.0,0.0,0.0
34057980,5.665,0.0,0.0,0.0,0.0,0.0,0.0
34088040,5.67,0.0,0.0,0.0,0.0,0.0,0.0
34118100,5.675,0.0,0.0,0.0,0.0,0.0,0.0
34148160,5.68,0.0,0.0,0.0,0.0,0.0,0.0
34178220,5.685,0.0,0.0,0.0,0.0,0.0,0.0
34208280,5.69,0.0,0.0,0.0,0.0,0.0,0.0
34238340,5.695,0.0,0.0,0.0,0.0,0.0,0.0
34268400,5.7,0.0,0.0,0.0,0.0,0.0,0.0
34298460,5.705,0.0,0.0,0.0,0.0,0.0,0.0
34328520,5.71,0.0,0.0,0.0,0.0,0.0,0.0
34358580,5.715,0.0,0.0,0.0,0.0,0.0,0.0
34388640,5.72,0.0,0.0,0.0,0.0,0.0,0.0
34418700,5.725,0.0,0.0,0.0,0.0,0.0,0.0
34448760,5.73,0.0,0.0,0.0,0.0,0.0,0.0
34478820,5.735,0.0,0.0,0.0,0.0,0.0,0.0
34508880,5.74,0.0,0.0,0.0,0.0,0.0,0.0
34538940,5.745,0.0,0.0,0.0,0.0,0.0,0.0
34569000,5.75,0.0,0.0,0.0,0.0,0.0,0.0
34599060,5.755,0.0,0.0,0.0,0.0,0.0,0.0
34629120,5.76,0.0,0.0,0.0,0.0,0.0,0.0
34659180,5.765,0.0,0.0,0.0,0.0,0.0,0.0
34689240,5.77,0.0,0.0,0.0,0.0,0.0,0.0
34719300,5.775,0.0,0.0,0.0,0.0,0.0,0.0
34749360,5.78,0.0,0.0,0.0,0.0,0.0,0.0
34779420,5.785,0.0,0.0,0.0,0.0,0.0,0.0
34809480,5.79,0.0,0.0,0.0,0.0,0.0,0.0
34839540,5.795,0.0,0.0,0.0,0.0,0.0,0.0
34869600,5.8,0.0,0.0,0.0,0.0,0.0,0.0
34899660,5.805,0.0,0.0,0.0,0.0,0.0,0.0
34929720,5.81,0.0,0.0,0.0,0.0,0.0,0.0
34959780,5.815,0.0,0.0,0.0,0.0,0.0,0.0
34989840,5.82,0.0,0.0,0.0,0.0,0.0,0.0
35019900,5.825,0.0,0.0,0.0,0.0,0.0,0.0
35049960,5.83,0.0,0.0,0.0,0.0,0.0,0.0
35080020,5.835,0.0,0.0,0.0,0.0,0.0,0.0
35110080,5.84,0.0,0.0,0.0,0.0,0.0,0.0
35140140,5.845,0.0,0.0,0.0,0.0,0.0,0.0
35170200,5.85,0.0,0.0,0.0,0.0,0.0,0.0
35200260,5.855,0.0,0.0,0.0,0.0,0.0,0.0
35230320,5.86,0.0,0.0,0.0,0.0,0.0,0.0
35260380,5.865,0.0,0.0,0.0,0.0,0.0,0.0
35290440,5.87,0.0,0.0,0.0,0.0,0.0,0.0
35320500,5.875,0.0,0.0,0.0,0.0,0.0,0.0
35350560,5.88,0.0,0.0,0.0,0.0,0.0,0.0
35380620,5.885,0.0,0.0,0.0,0.0,0.0,0.0
35410680,5.89,0.0,0.0,0.0,0.0,0.0,0.0
35440740,5.895,0.0,0.0,0.0,0.0,0.0,0.0
35470800,5.9,0.0,0.0,0.0,0.0,0.0,0.0
35500860,5.905,0.0,0.0,0.0,0.0,0.0,0.0
35530920,5.91,0.0,0.0,0.0,0.0,0.0,0.0
35560980,5.915,0.0,0.0,0.0,0.0,0.0,0.0
35591040,5.92,0.0,0.0,0.0,0.0,0.0,0.0
35621100,5.925,0.0,0.0,0.0,0.0,0.0,0.0
35651160,5.93,0.0,0.0,0.0,0.0,0.0,0.0
35681220,5.935,0.0,0.0,0.0,0.0,0.0,0.0
35711280,5.94,0.0,0.0,0.0,0.0,0.0,0.0
35741340,5.945,0.0,0.0,0.0,0.0,0.0,0.0
35771400,5.95,0.0,0.0,0.0,0.0,0.0,0.0
35801460,5.955,0.0,0.0,0.0,0.0,0.0,0.0
35831520,5.96,0.0,0.0,0.0,0.0,0.0,0.0
35861580,5.965,0.0,0.0,0.0,0.0,0.0,0.0
35891640,5.97,0.0,0.0,0.0,0.0,0.0,0.0
35921700,5.975,0.0,0.0,0.0,0.0,0.0,0.0
35951760,5.98,0.0,0.0,0.0,0.0,0.0,0.0
35981820,5.985,0.0,0.0,0.0,0.0,0.0,0.0
36011880,5.99,0.0,0.0,0.0,0.0,0.0,0.0
36041940,5.995,0.0,0.0,0.0,0.0,0.0,0.0
36072000,6.0,0.0,0.0,0.0,0.0,0.0,0.0
36102060,6.005,0.0,0.0,0.0,0.0,0.0,0.0
36132120,6.01,0.0,0.0,0.0,0.0,0.0,0.0
36162180,6.015,0.0,0.0,0.0,0.0,0.0,0.0
36192240,6.02,0.0,0.0,0.0,0.0,0.0,0.0
36222300,6.025,0.0,0.0,0.0,0.0,0.0,0.0
36252360,6.03,0.0,0.0,0.0,0.0,0.0,0.0
36282420,6.035,0.0,0.0,0.0,0.0,0.0,0.0
36312480,6.04,0.0,0.0,0.0,0.0,0.0,0.0
36342540,6.045,0.0,0.0,0.0,0.0,0.0,0.0
36372600,6.05,0.0,0.0,0.0,0.0,0.0,0.0
36402660,6.055,0.0,0.0,0.0,0.0,0.0,0.0
36432720,6.06,0.0,0.0,0.0,0.0,0.0,0.0
36462780,6.065,0.0,0.0,0.0,0.0,0.0,0.0
36492840,6.07,0.0,0.0,0.0,0.0,0.0,0.0
36522900,6.075,-0.000351342650401,-0.000166317920755,0.000517658867127,0.000692062315066,0.000327607152571,0.0010196661111
36552960,6.08,-0.000448934094603,-0.000287337228,0.000710732342919,0.000884294487071,0.000565986699841,0.00139997540882
36583020,6.085,0.0,0.0,0.0,0.0,0.0,0.0
36613080,6.09,0.0,0.0,0.0,0.0,0.0,0.0
36643140,6.095,0.0,0.0,0.0,0.0,0.0,0.0
36673200,6.1,0.0,0.0,0.0,0.0,0.0,0.0
36703260,6.105,0.0,0.0,0.0,0.0,0.0,0.0
36733320,6.11,0.0,0.0,0.0,0.0,0.0,0.0
36763380,6.115,0.0,0.0,0.0,0.0,0.0,0.0
36793440,6.12,0.0,0.0,0.0,0.0,0.0,0.0
36823500,6.125,0.0,0.0,0.0,0.0,0.0,0.0
36853560,6.13,0.0,0.0,0.0,0.0,0.0,0.0
36883620,6.135,0.0,0.0,0.0,0.0,0.0,0.0
36913680,6.14,0.0,0.0,0.0,0.0,0.0,0.0
36943740,6.145,0.0,0.0,0.0,0.0,0.0,0.0
36973800,6.15,0.0,0.0,0.0,0.0,0.0,0.0
37003860,6.155,0.0,0.0,0.0,0.0,0.0,0.0
37033920,6.16,0.0,0.0,0.0,0.0,0.0,0.0
37063980,6.165,0.0,0.0,0.0,0.0,0.0,0.0
37094040,6.17,0.0,0.0,0.0,0.0,0.0,0.0
37124100,6.175,0.0,0.0,0.0,0.0,0.0,0.0
37154160,6.18,0.0,0.0,0.0,0.0,0.0,0.0
37184220,6.185,0.0,0.0,0.0,0.0,0.0,0.0
37214280,6.19,0.0,0.0,0.0,0.0,0.0,0.0
37244340,6.195,0.0,0.0,0.0,0.0,0.0,0.0
37274400,6.2,0.0,0.0,0.0,0.0,0.0,0.0
37304460,6.205,0.0,0.0,0.0,0.0,0.0,0.0
37334520,6.21,0.0,0.0,0.0,0.0,0.0,0.0
37364580,6.215,0.0,0.0,0.0,0.0,0.0,0.0
37394640,6.22,0.0,0.0,0.0,0.0,0.0,0.0
37424700,6.225,0.0,0.0,0.0,0.0,0.0,0.0
37454760,6.23,0.0,0.0,0.0,0.0,0.0,0.0
37484820,6.235,0.0,0.0,0.0,0.0,0.0,0.0
37514880,6.24,0.0,0.0,0.0,0.0,0.0,0.0
37544940,6.245,0.0,0.0,0.0,0.0,0.0,0.0
37575000,6.25,0.0,0.0,0.0,0.0,0.0,0.0
37605060,6.255,0.0,0.0,0.0,0.0,0.0,0.0
37635120,6.26,0.0,0.0,0.0,0.0,0.0,0.0
37665180,6.265,0.0,0.0,0.0,0.0,0.0,0.0
37695240,6.27,0.0,0.0,0.0,0.0,0.0,0.0
37725300,6.275,0.0,0.0,0.0,0.0,0.0,0.0
37755360,6.28,0.0,0.0,0.0,0.0,0.0,0.0
37785420,6.285,0.0,0.0,0.0,0.0,0.0,0.0
37815480,6.29,0.0,0.0,0.0,0.0,0.0,0.0
37845540,6.295,0.0,0.0,0.0,0.0,0.0,0.0
37875600,6.3,0.0,0.0,0.0,0.0,0.0,0.0
37905660,6.305,0.0,0.0,0.0,0.0,0.0,0.0
37935720,6.31,0.0,0.0,0.0,0.0,0.0,0.0
37965780,6.315,0.0,0.0,0.0,0.0,0.0,0.0
37995840,6.32,0.0,0.0,0.0,0.0,0.0,0.0
38025900,6.325,0.0,0.0,0.0,0.0,0.0,0.0
38055960,6.33,0.0,0.0,0.0,0.0,0.0,0.0
38086020,6.335,0.0,0.0,0.0,0.0,0.0,0.0
38116080,6.34,0.0,0.0,0.0,0.0,0.0,0.0
38146140,6.345,0.0,0.0,0.0,0.0,0.0,0.0
38176200,6.35,0.0,0.0,0.0,0.0,0.0,0.0
38206260,6.355,0.0,0.0,0.0,0.0,0.0,0.0
38236320,6.36,0.0,0.0,0.0,0.0,0.0,0.0
38266380,6.365,0.0,0.0,0.0,0.0,0.0,0.0
38296440,6.37,0.0,0.0,0.0,0.0,0.0,0.0
38326500,6.375,0.0,0.0,0.0,0.0,0.0,0.0
38356560,6.38,0.0,0.0,0.0,0.0,0.0,0.0
38386620,6.385,0.0,0.0,0.0,0.0,0.0,0.0
38416680,6.39,0.0,0.0,0.0,0.0,0.0,0.0
38446740,6.395,0.0,0.0,0.0,0.0,0.0,0.0
38476800,6.4,0.0,0.0,0.0,0.0,0.0,0.0
38506860,6.405,0.0,0.0,0.0,0.0,0.0,0.0
38536920,6.41,0.0,0.0,0.0,0.0,0.0,0.0
38566980,6.415,0.0,0.0,0.0,0.0,0.0,0.0
38597040,6.42,0.0,0.0,0.0,0.0,0.0,0.0
38627100,6.425,0.0,0.0,0.0,0.0,0.0,0.0
38657160,6.43,0.0,0.0,0.0,0.0,0.0,0.0
38687220,6.435,0.0,0.0,0.0,0.0,0.0,0.0
38717280,6.44,0.0,0.0,0.0,0.0,0.0,0.0
38747340,6.445,0.0,0.0,0.0,0.0,0.0,0.0
38777400,6.45,0.0,0.0,0.0,0.0,0.0,0.0
38807460,6.455,0.0,0.0,0.0,0.0,0.0,0.0
38837520,6.46,0.0,0.0,0.0,0.0,0.0,0.0
38867580,6.465,0.0,0.0,0.0,0.0,0.0,0.0
38897640,6.47,0.0,0.0,0.0,0.0,0.0,0.0
38927700,6.475,0.0,0.0,0.0,0.0,0.0,0.0
38957760,6.48,0.0,0.0,0.0,0.0,0.0,0.0
38987820,6.485,0.0,0.0,0.0,0.0,0.0,0.0
39017880,6.49,0.0,0.0,0.0,0.0,0.0,0.0
39047940,6.495,0.0,0.0,0.0,0.0,0.0,0.0
39078000,6.5,0.0,0.0,0.0,0.0,0.0,0.0
39108060,6.505,0.0,0.0,0.0,0.0,0.0,0.0
39138120,6.51,0.0,0.0,0.0,0.0,0.0,0.0
39168180,6.515,0.0,0.0,0.0,0.0,0.0,0.0
39198240,6.52,0.0,0.0,0.0,0.0,0.0,0.0
39228300,6.525,0.0,0.0,0.0,0.0,0.0,0.0
39258360,6.53,0.0,0.0,0.0,0.0,0.0,0.0
39288420,6.535,0.0,0.0,0.0,0.0,0.0,0.0
39318480,6.54,0.0,0.0,0.0,0.0,0.0,0.0
39348540,6.545,0.0,0.0,0.0,0.0,0.0,0.0
39378600,6.55,0.0,0.0,0.0,0.0,0.0,0.0
39408660,6.555,0.0,0.0,0.0,0.0,0.0,0.0
39438720,6.56,0.0,0.0,0.0,0.0,0.0,0.0
39468780,6.565,0.0,0.0,0.0,0.0,0.0,0.0
39498840,6.57,0.0,0.0,0.0,0.0,0.0,0.0
39528900,6.575,0.0,0.0,0.0,0.0,0.0,0.0
39558960,6.58,0.0,0.0,0.0,0.0,0.0,0.0
39589020,6.585,0.0,0.0,0.0,0.0,0.0,0.0
39619080,6.59,0.0,0.0,0.0,0.0,0.0,0.0
39649140,6.595,0.0,0.0,0.0,0.0,0.0,0.0
39679200,6.6,0.0,0.0,0.0,0.0,0.0,0.0
39709260,6.605,0.0,0.0,0.0,0.0,0.0,0.0
39739320,6.61,0.0,0.0,0.0,0.0,0.0,0.0
39769380,6.615,0.0,0.0,0.0,0.0,0.0,0.0
39799440,6.62,0.0,0.0,0.0,0.0,0.0,0.0
39829500,6.625,0.0,0.0,0.0,0.0,0.0,0.0
39859560,6.63,0.0,0.0,0.0,0.0,0.0,0.0
39889620,6.635,0.0,0.0,0.0,0.0,0.0,0.0
39919680,6.64,0.0,0.0,0.0,0.0,0.0,0.0
39949740,6.645,0.0,0.0,0.0,0.0,0.0,0.0
39979800,6.65,0.0,0.0,0.0,0.0,0.0,0.0
40009860,6.655,0.0,0.0,0.0,0.0,0.0,0.0
40039920,6.66,0.0,0.0,0.0,0.0,0.0,0.0
40069980,6.665,-0.000696992206592,0.000131805119732,0.000565184011983,0.0013728581745,0.000259615149714,0.00111323696823
40100040,6.67,-0.000337428726132,6.77534696874e-05,0.000269674654397,0.000664629791551,0.000133453292348,0.000531175313356
40130100,6.675,0.0,0.0,0.0,0.0,0.0,0.0
40160160,6.68,0.0,0.0,0.0,0.0,0.0,0.0
40190220,6.685,0.0,0.0,0.0,0.0,0.0,0.0
40220280,6.69,0.0,0.0,0.0,0.0,0.0,0.0
40250340,6.695,0.0,0.0,0.0,0.0,0.0,0.0
40280400,6.7,0.0,0.0,0.0,0.0,0.0,0.0
40310460,6.705,0.0,0.0,0.0,0.0,0.0,0.0
40340520,6.71,0.0,0.0,0.0,0.0,0.0,0.0
40370580,6.715,0.0,0.0,0.0,0.0,0.0,0.0
40400640,6.72,0.0,0.0,0.0,0.0,0.0,0.0
40430700,6.725,0.0,0.0,0.0,0.0,0.0,0.0
40460760,6.73,0.0,0.0,0.0,0.0,0.0,0.0
40490820,6.735,0.0,0.0,0.0,0.0,0.0,0.0
40520880,6.74,0.0,0.0,0.0,0.0,0.0,0.0
40550940,6.745,0.0,0.0,0.0,0.0,0.0,0.0
40581000,6.75,0.0,0.0,0.0,0.0,0.0,0.0
40611060,6.755,0.0,0.0,0.0,0.0,0.0,0.0
40641120,6.76,0.0,0.0,0.0,0.0,0.0,0.0
40671180,6.765,0.0,0.0,0.0,0.0,0.0,0.0
40701240,6.77,0.000361589449856,-0.000435940948927,7.24285553515e-05,0.000701717372065,0.000846007363264,0.00040339647693
40731300,6.775,0.000116506411299,-2.10921670813e-06,-0.000123652301821,0.000229571362455,4.1561296756e-06,0.000243652062433
40761360,6.78,0.0,0.0,0.0,0.0,0.0,0.0
40791420,6.785,0.0,0.0,0.0,0.0,0.0,0.0
40821480,6.79,0.0,0.0,0.0,0.0,0.0,0.0
40851540,6.795,0.0,0.0,0.0,0.0,0.0,0.0
40881600,6.8,0.0,0.0,0.0,0.0,0.0,0.0
40911660,6.805,0.0,0.0,0.0,0.0,0.0,0.0
40941720,6.81,0.0,0.0,0.0,0.0,0.0,0.0
40971780,6.815,0.0,0.0,0.0,0.0,0.0,0.0
41001840,6.82,0.0,0.0,0.0,0.0,0.0,0.0
41031900,6.825,0.0,0.0,0.0,0.0,0.0,0.0
41061960,6.83,0.0,0.0,0.0,0.0,0.0,0.0
41092020,6.835,0.0,0.0,0.0,0.0,0.0,0.0
41122080,6.84,0.0,0.0,0.0,0.0,0.0,0.0
41152140,6.845,0.0,0.0,0.0,0.0,0.0,0.0
41182200,6.85,0.0,0.0,0.0,0.0,0.0,0.0
41212260,6.855,0.0,0.0,0.0,0.0,0.0,0.0
41242320,6.86,0.0,0.0,0.0,0.0,0.0,0.0
41272380,6.865,0.0,0.0,0.0,0.0,0.0,0.0
41302440,6.87,0.0,0.0,0.0,0.0,0.0,0.0
41332500,6.875,0.0,0.0,0.0,0.0,0.0,0.0
41362560,6.88,0.0,0.0,0.0,0.0,0.0,0.0
41392620,6.885,0.0,0.0,0.0,0.0,0.0,0.0
41422680,6.89,0.0,0.0,0.0,0.0,0.0,0.0
41452740,6.895,0.0,0.0,0.0,0.0,0.0,0.0
41482800,6.9,0.0,0.0,0.0,0.0,0.0,0.0
41512860,6.905,0.0,0.0,0.0,0.0,0.0,0.0
41542920,6.91,0.0,0.0,0.0,0.0,0.0,0.0
41572980,6.915,0.0,0.0,0.0,0.0,0.0,0.0
41603040,6.92,0.0,0.0,0.0,0.0,0.0,0.0
41633100,6.925,0.0,0.0,0.0,0.0,0.0,0.0
41663160,6.93,0.0,0.0,0.0,0.0,0.0,0.0
41693220,6.935,0.0,0.0,0.0,0.0,0.0,0.0
41723280,6.94,0.0,0.0,0.0,0.0,0.0,0.0
41753340,6.945,0.0,0.0,0.0,0.0,0.0,0.0
41783400,6.95,0.0,0.0,0.0,0.0,0.0,0.0
41813460,6.955,0.0,0.0,0.0,0.0,0.0,0.0
41843520,6.96,0.0,0.0,0.0,0.0,0.0,0.0
41873580,6.965,0.0,0.0,0.0,0.0,0.0,0.0
41903640,6.97,0.0,0.0,0.0,0.0,0.0,0.0
41933700,6.975,0.0,0.0,0.0,0.0,0.0,0.0
41963760,6.98,0.0,0.0,0.0,0.0,0.0,0.0
41993820,6.985,0.0,0.0,0.0,0.0,0.0,0.0
42023880,6.99,0.0,0.0,0.0,0.0,0.0,0.0
42053940,6.995,0.0,0.0,0.0,0.0,0.0,0.0
42084000,7.0,0.0,0.0,0.0,0.0,0.0,0.0
42114060,7.005,0.0,0.0,0.0,0.0,0.0,0.0
42144120,7.01,0.0,0.0,0.0,0.0,0.0,0.0
42174180,7.015,0.0,0.0,0.0,0.0,0.0,0.0
42204240,7.02,0.0,0.0,0.0,0.0,0.0,0.0
42234300,7.025,0.0,0.0,0.0,0.0,0.0,0.0
42264360,7.03,0.0,0.0,0.0,0.0,0.0,0.0
42294420,7.035,0.0,0.0,0.0,0.0,0.0,0.0
42324480,7.04,0.0,0.0,0.0,0.0,0.0,0.0
42354540,7.045,0.0,0.0,0.0,0.0,0.0,0.0
42384600,7.05,0.0,0.0,0.0,0.0,0.0,0.0
42414660,7.055,0.0,0.0,0.0,0.0,0.0,0.0
42444720,7.06,0.0,0.0,0.0,0.0,0.0,0.0
42474780,7.065,0.0,0.0,0.0,0.0,0.0,0.0
42504840,7.07,0.0,0.0,0.0,0.0,0.0,0.0
42534900,7.075,0.0,0.0,0.0,0.0,0.0,0.0
42564960,7.08,0.0,0.0,0.0,0.0,0.0,0.0
42595020,7.085,0.0,0.0,0.0,0.0,0.0,0.0
42625080,7.09,0.0,0.0,0.0,0.0,0.0,0.0
42655140,7.095,0.0,0.0,0.0,0.0,0.0,0.0
42685200,7.1,0.0,0.0,0.0,0.0,0.0,0.0
42715260,7.105,0.0,0.0,0.0,0.0,0.0,0.0
42745320,7.11,0.0,0.0,0.0,0.0,0.0,0.0
42775380,7.115,0.0,0.0,0.0,0.0,0.0,0.0
42805440,7.12,0.0,0.0,0.0,0.0,0.0,0.0
42835500,7.125,0.0,0.0,0.0,0.0,0.0,0.0
42865560,7.13,0.0,0.0,0.0,0.0,0.0,0.0
42895620,7.135,0.0,0.0,0.0,0.0,0.0,0.0
42925680,7.14,0.0,0.0,0.0,0.0,0.0,0.0
42955740,7.145,0.0,0.0,0.0,0.0,0.0,0.0
42985800,7.15,0.0,0.0,0.0,0.0,0.0,0.0
43015860,7.155,0.0,0.0,0.0,0.0,0.0,0.0
43045920,7.16,0.0,0.0,0.0,0.0,0.0,0.0
43075980,7.165,0.0,0.0,0.0,0.0,0.0,0.0
43106040,7.17,0.0,0.0,0.0,0.0,0.0,0.0
43136100,7.175,0.0,0.0,0.0,0.0,0.0,0.0
43166160,7.18,0.0,0.0,0.0,0.0,0.0,0.0
43196220,7.185,0.0,0.0,0.0,0.0,0.0,0.0
43226280,7.19,0.0,0.0,0.0,0.0,0.0,0.0
43256340,7.195,0.0,0.0,0.0,0.0,0.0,0.0
43286400,7.2,0.0,0.0,0.0,0.0,0.0,0.0
43316460,7.205,0.0,0.0,0.0,0.0,0.0,0.0
43346520,7.21,0.0,0.0,0.0,0.0,0.0,0.0
43376580,7.215,0.0,0.0,0.0,0.0,0.0,0.0
43406640,7.22,0.0,0.0,0.0,0.0,0.0,0.0
43436700,7.225,0.0,0.0,0.0,0.0,0.0,0.0
43466760,7.23,0.0,0.0,0.0,0.0,0.0,0.0
43496820,7.235,0.0,0.0,0.0,0.0,0.0,0.0
43526880,7.24,0.0,0.0,0.0,0.0,0.0,0.0
43556940,7.245,0.0,0.0,0.0,0.0,0.0,0.0
43587000,7.25,0.0,0.0,0.0,0.0,0.0,0.0
43617060,7.255,0.0,0.0,0.0,0.0,0.0,0.0
43647120,7.26,0.0,0.0,0.0,0.0,0.0,0.0
43677180,7.265,0.0,0.0,0.0,0.0,0.0,0.0
43707240,7.27,0.0,0.0,0.0,0.0,0.0,0.0
43737300,7.275,0.0,0.0,0.0,0.0,0.0,0.0
43767360,7.28,0.0,0.0,0.0,0.0,0.0,0.0
43797420,7.285,0.0,0.0,0.0,0.0,0.0,0.0
43827480,7.29,0.0,0.0,0.0,0.0,0.0,0.0
43857540,7.295,0.0,0.0,0.0,0.0,0.0,0.0
43887600,7.3,0.0,0.0,0.0,0.0,0.0,0.0
43917660,7.305,0.0,0.0,0.0,0.0,0.0,0.0
43947720,7.31,0.0,0.0,0.0,0.0,0.0,0.0
43977780,7.315,0.0,0.0,0.0,0.0,0.0,0.0
44007840,7.32,0.0,0.0,0.0,0.0,0.0,0.0
44037900,7.325,0.0,0.0,0.0,0.0,0.0,0.0
44067960,7.33,0.0,0.0,0.0,0.0,0.0,0.0
44098020,7.335,0.0,0.0,0.0,0.0,0.0,0.0
44128080,7.34,0.0,0.0,0.0,0.0,0.0,0.0
44158140,7.345,0.0,0.0,0.0,0.0,0.0,0.0
44188200,7.35,0.0,0.0,0.0,0.0,0.0,0.0
44218260,7.355,0.0,0.0,0.0,0.0,0.0,0.0
44248320,7.36,0.0,0.0,0.0,0.0,0.0,0.0
44278380,7.365,0.0,0.0,0.0,0.0,0.0,0.0
44308440,7.37,0.0,0.0,0.0,0.0,0.0,0.0
44338500,7.375,0.0,0.0,0.0,0.0,0.0,0.0
44368560,7.38,0.0,0.0,0.0,0.0,0.0,0.0
44398620,7.385,0.0,0.0,0.0,0.0,0.0,0.0
44428680,7.39,0.0,0.0,0.0,0.0,0.0,0.0
44458740,7.395,0.0,0.0,0.0,0.0,0.0,0.0
44488800,7.4,0.0,0.0,0.0,0.0,0.0,0.0
44518860,7.405,0.0,0.0,0.0,0.0,0.0,0.0
44548920,7.41,0.0,0.0,0.0,0.0,0.0,0.0
44578980,7.415,0.0,0.0,0.0,0.0,0.0,0.0
44609040,7.42,0.0,0.0,0.0,0.0,0.0,0.0
44639100,7.425,0.0,0.0,0.0,0.0,0.0,0.0
44669160,7.43,0.0,0.0,0.0,0.0,0.0,0.0
44699220,7.435,0.0,0.0,0.0,0.0,0.0,0.0
44729280,7.44,0.0,0.0,0.0,0.0,0.0,0.0
44759340,7.445,0.0,0.0,0.0,0.0,0.0,0.0
44789400,7.45,0.0,0.0,0.0,0.0,0.0,0.0
44819460,7.455,0.0,0.0,0.0,0.0,0.0,0.0
44849520,7.46,0.0,0.0,0.0,0.0,0.0,0.0
44879580,7.465,0.0,0.0,0.0,0.0,0.0,0.0
44909640,7.47,0.0,0.0,0.0,0.0,0.0,0.0
44939700,7.475,0.0,0.0,0.0,0.0,0.0,0.0
44969760,7.48,0.0,0.0,0.0,0.0,0.0,0.0
44999820,7.485,0.0,0.0,0.0,0.0,0.0,0.0
45029880,7.49,0.0,0.0,0.0,0.0,0.0,0.0
45059940,7.495,0.0,0.0,0.0,0.0,0.0,0.0
45090000,7.5,0.0,0.0,0.0,0.0,0.0,0.0
45120060,7.505,0.0,0.0,0.0,0.0,0.0,0.0
45150120,7.51,0.0,0.0,0.0,0.0,0.0,0.0
45180180,7.515,0.0,0.0,0.0,0.0,0.0,0.0
45210240,7.52,0.0,0.0,0.0,0.0,0.0,0.0
45240300,7.525,0.0,0.0,0.0,0.0,0.0,0.0
45270360,7.53,0.0,0.0,0.0,0.0,0.0,0.0
45300420,7.535,0.0,0.0,0.0,0.0,0.0,0.0
45330480,7.54,0.0,0.0,0.0,0.0,0.0,0.0
45360540,7.545,0.0,0.0,0.0,0.0,0.0,0.0
45390600,7.55,0.0,0.0,0.0,0.0,0.0,0.0
45420660,7.555,0.0,0.0,0.0,0.0,0.0,0.0
45450720,7.56,0.0,0.0,0.0,0.0,0.0,0.0
45480780,7.565,0.0,0.0,0.0,0.0,0.0,0.0
45510840,7.57,0.0,0.0,0.0,0.0,0.0,0.0
45540900,7.575,0.0,0.0,0.0,0.0,0.0,0.0
45570960,7.58,0.0,0.0,0.0,0.0,0.0,0.0
45601020,7.585,0.0,0.0,0.0,0.0,0.0,0.0
45631080,7.59,0.0,0.0,0.0,0.0,0.0,0.0
45661140,7.595,0.0,0.0,0.0,0.0,0.0,0.0
45691200,7.6,0.0,0.0,0.0,0.0,0.0,0.0
45721260,7.605,0.0,0.0,0.0,0.0,0.0,0.0
45751320,7.61,0.0,0.0,0.0,0.0,0.0,0.0
45781380,7.615,0.0,0.0,0.0,0.0,0.0,0.0
45811440,7.62,0.0,0.0,0.0,0.0,0.0,0.0
45841500,7.625,0.0,0.0,0.0,0.0,0.0,0.0
45871560,7.63,0.0,0.0,0.0,0.0,0.0,0.0
45901620,7.635,0.0,0.0,0.0,0.0,0.0,0.0
45931680,7.64,0.0,0.0,0.0,0.0,0.0,0.0
45961740,7.645,0.0,0.0,0.0,0.0,0.0,0.0
45991800,7.65,0.0,0.0,0.0,0.0,0.0,0.0
46021860,7.655,0.0,0.0,0.0,0.0,0.0,0.0
46051920,7.66,0.0,0.0,0.0,0.0,0.0,0.0
46081980,7.665,0.0,0.0,0.0,0.0,0.0,0.0
46112040,7.67,0.0,0.0,0.0,0.0,0.0,0.0
46142100,7.675,0.0,0.0,0.0,0.0,0.0,0.0
46172160,7.68,0.0,0.0,0.0,0.0,0.0,0.0
46202220,7.685,0.0,0.0,0.0,0.0,0.0,0.0
46232280,7.69,0.0,0.0,0.0,0.0,0.0,0.0
46262340,7.695,0.0,0.0,0.0,0.0,0.0,0.0
46292400,7.7,0.0,0.0,0.0,0.0,0.0,0.0
46322460,7.705,0.0,0.0,0.0,0.0,0.0,0.0
46352520,7.71,0.0,0.0,0.0,0.0,0.0,0.0
46382580,7.715,0.0,0.0,0.0,0.0,0.0,0.0
46412640,7.72,0.0,0.0,0.0,0.0,0.0,0.0
46442700,7.725,0.0,0.0,0.0,0.0,0.0,0.0
46472760,7.73,0.0,0.0,0.0,0.0,0.0,0.0
46502820,7.735,0.0,0.0,0.0,0.0,0.0,0.0
46532880,7.74,0.0,0.0,0.0,0.0,0.0,0.0
46562940,7.745,0.0,0.0,0.0,0.0,0.0,0.0
46593000,7.75,0.0,0.0,0.0,0.0,0.0,0.0
46623060,7.755,0.0,0.0,0.0,0.0,0.0,0.0
46653120,7.76,0.0,0.0,0.0,0.0,0.0,0.0
46683180,7.765,0.0,0.0,0.0,0.0,0.0,0.0
46713240,7.77,0.0,0.0,0.0,0.0,0.0,0.0
46743300,7.775,0.0,0.0,0.0,0.0,0.0,0.0
46773360,7.78,0.0,0.0,0.0,0.0,0.0,0.0
46803420,7.785,0.0,0.0,0.0,0.0,0.0,0.0
46833480,7.79,0.0,0.0,0.0,0.0,0.0,0.0
46863540,7.795,0.0,0.0,0.0,0.0,0.0,0.0
46893600,7.8,0.0,0.0,0.0,0.0,0.0,0.0
46923660,7.805,0.0,0.0,0.0,0.0,0.0,0.0
46953720,7.81,0.0,0.0,0.0,0.0,0.0,0.0
46983780,7.815,0.0,0.0,0.0,0.0,0.0,0.0
47013840,7.82,0.0,0.0,0.0,0.0,0.0,0.0
47043900,7.825,0.0,0.0,0.0,0.0,0.0,0.0
47073960,7.83,0.0,0.0,0.0,0.0,0.0,0.0
47104020,7.835,0.0,0.0,0.0,0.0,0.0,0.0
47134080,7.84,0.0,0.0,0.0,0.0,0.0,0.0
47164140,7.845,0.0,0.0,0.0,0.0,0.0,0.0
47194200,7.85,0.0,0.0,0.0,0.0,0.0,0.0
47224260,7.855,0.0,0.0,0.0,0.0,0.0,0.0
47254320,7.86,0.0,0.0,0.0,0.0,0.0,0.0
47284380,7.865,0.0,0.0,0.0,0.0,0.0,0.0
47314440,7.87,0.0,0.0,0.0,0.0,0.0,0.0
47344500,7.875,0.0,0.0,0.0,0.0,0.0,0.0
47374560,7.88,0.0,0.0,0.0,0.0,0.0,0.0
47404620,7.885,0.0,0.0,0.0,0.0,0.0,0.0
47434680,7.89,0.0,0.0,0.0,0.0,0.0,0.0
47464740,7.895,0.0,0.0,0.0,0.0,0.0,0.0
47494800,7.9,0.0,0.0,0.0,0.0,0.0,0.0
47524860,7.905,0.0,0.0,0.0,0.0,0.0,0.0
47554920,7.91,0.0,0.0,0.0,0.0,0.0,0.0
47584980,7.915,0.0,0.0,0.0,0.0,0.0,0.0
47615040,7.92,0.0,0.0,0.0,0.0,0.0,0.0
47645100,7.925,0.0,0.0,0.0,0.0,0.0,0.0
47675160,7.93,0.0,0.0,0.0,0.0,0.0,0.0
47705220,7.935,0.0,0.0,0.0,0.0,0.0,0.0
47735280,7.94,0.0,0.0,0.0,0.0,0.0,0.0
47765340,7.945,0.0,0.0,0.0,0.0,0.0,0.0
47795400,7.95,0.0,0.0,0.0,0.0,0.0,0.0
47825460,7.955,0.000132006146932,-1.59498764008e-05,-0.000117176053637,0.000260016201361,3.14169178505e-05,0.000230804951627
47855520,7.96,0.0,0.0,0.0,0.0,0.0,0.0
47885580,7.965,0.000137406606781,1.42301179455e-05,-0.000151637666886,0.00027063324506,2.80273495387e-05,0.000298662450257
47915640,7.97,0.000445697951703,-0.000375591002404,-0.000116221588949,0.000911244773638,0.000791966460959,0.000265382965605
47945700,7.975,0.000505773089689,-0.000196878966497,-0.000401232296293,0.000980849570642,0.000381808865861,0.000778112820888
47975760,7.98,0.0,0.0,0.0,0.0,0.0,0.0
48005820,7.985,0.0,0.0,0.0,0.0,0.0,0.0
48035880,7.99,0.0,0.0,0.0,0.0,0.0,0.0
48065940,7.995,0.0,0.0,0.0,0.0,0.0,0.0
48096000,8.0,0.0,0.0,0.0,0.0,0.0,0.0
48126060,8.005,0.0,0.0,0.0,0.0,0.0,0.0
48156120,8.01,0.0,0.0,0.0,0.0,0.0,0.0
48186180,8.015,0.0,0.0,0.0,0.0,0.0,0.0
48216240,8.02,0.0,0.0,0.0,0.0,0.0,0.0
48246300,8.025,0.0,0.0,0.0,0.0,0.0,0.0
48276360,8.03,0.0,0.0,0.0,0.0,0.0,0.0
48306420,8.035,0.0,0.0,0.0,0.0,0.0,0.0
48336480,8.04,0.0,0.0,0.0,0.0,0.0,0.0
48366540,8.045,0.0,0.0,0.0,0.0,0.0,0.0
48396600,8.05,0.0,0.0,0.0,0.0,0.0,0.0
48426660,8.055,0.0,0.0,0.0,0.0,0.0,0.0
48456720,8.06,0.0,0.0,0.0,0.0,0.0,0.0
48486780,8.065,0.0,0.0,0.0,0.0,0.0,0.0
48516840,8.07,0.0,0.0,0.0,0.0,0.0,0.0
48546900,8.075,0.0,0.0,0.0,0.0,0.0,0.0
48576960,8.08,0.0,0.0,0.0,0.0,0.0,0.0
48607020,8.085,0.0,0.0,0.0,0.0,0.0,0.0
48637080,8.09,0.0,0.0,0.0,0.0,0.0,0.0
48667140,8.095,0.0,0.0,0.0,0.0,0.0,0.0
48697200,8.1,0.0,0.0,0.0,0.0,0.0,0.0
48727260,8.105,0.0,0.0,0.0,0.0,0.0,0.0
48757320,8.11,0.0,0.0,0.0,0.0,0.0,0.0
48787380,8.115,0.0,0.0,0.0,0.0,0.0,0.0
48817440,8.12,0.0,0.0,0.0,0.0,0.0,0.0
48847500,8.125,0.0,0.0,0.0,0.0,0.0,0.0
48877560,8.13,0.0,0.0,0.0,0.0,0.0,0.0
48907620,8.135,0.0,0.0,0.0,0.0,0.0,0.0
48937680,8.14,0.0,0.0,0.0,0.0,0.0,0.0
48967740,8.145,0.0,0.0,0.0,0.0,0.0,0.0
48997800,8.15,0.0,0.0,0.0,0.0,0.0,0.0
49027860,8.155,0.0,0.0,0.0,0.0,0.0,0.0
49057920,8.16,0.0,0.0,0.0,0.0,0.0,0.0
49087980,8.165,0.0,0.0,0.0,0.0,0.0,0.0
49118040,8.17,0.0,0.0,0.0,0.0,0.0,0.0
49148100,8.175,0.0,0.0,0.0,0.0,0.0,0.0
49178160,8.18,0.0,0.0,0.0,0.0,0.0,0.0
49208220,8.185,0.0,0.0,0.0,0.0,0.0,0.0
49238280,8.19,0.0,0.0,0.0,0.0,0.0,0.0
49268340,8.195,0.0,0.0,0.0,0.0,0.0,0.0
49298400,8.2,0.0,0.0,0.0,0.0,0.0,0.0
49328460,8.205,0.0,0.0,0.0,0.0,0.0,0.0
49358520,8.21,0.0,0.0,0.0,0.0,0.0,0.0
49388580,8.215,0.0,0.0,0.0,0.0,0.0,0.0
49418640,8.22,0.0,0.0,0.0,0.0,0.0,0.0
49448700,8.225,0.0,0.0,0.0,0.0,0.0,0.0
49478760,8.23,0.0,0.0,0.0,0.0,0.0,0.0
49508820,8.235,0.0,0.0,0.0,0.0,0.0,0.0
49538880,8.24,0.0,0.0,0.0,0.0,0.0,0.0
49568940,8.245,0.0,0.0,0.0,0.0,0.0,0.0
49599000,8.25,0.0,0.0,0.0,0.0,0.0,0.0
49629060,8.255,0.0,0.0,0.0,0.0,0.0,0.0
49659120,8.26,0.0,0.0,0.0,0.0,0.0,0.0
49689180,8.265,0.0,0.0,0.0,0.0,0.0,0.0
49719240,8.27,0.0,0.0,0.0,0.0,0.0,0.0
49749300,8.275,0.0,0.0,0.0,0.0,0.0,0.0
49779360,8.28,0.0,0.0,0.0,0.0,0.0,0.0
49809420,8.285,0.0,0.0,0.0,0.0,0.0,0.0
49839480,8.29,0.0,0.0,0.0,0.0,0.0,0.0
49869540,8.295,0.0,0.0,0.0,0.0,0.0,0.0
49899600,8.3,0.0,0.0,0.0,0.0,0.0,0.0
49929660,8.305,0.0,0.0,0.0,0.0,0.0,0.0
49959720,8.31,0.0,0.0,0.0,0.0,0.0,0.0
49989780,8.315,0.0,0.0,0.0,0.0,0.0,0.0
50019840,8.32,0.0,0.0,0.0,0.0,0.0,0.0
50049900,8.325,0.0,0.0,0.0,0.0,0.0,0.0
50079960,8.33,0.0,0.0,0.0,0.0,0.0,0.0
50110020,8.335,0.0,0.0,0.0,0.0,0.0,0.0
50140080,8.34,0.0,0.0,0.0,0.0,0.0,0.0
50170140,8.345,0.0,0.0,0.0,0.0,0.0,0.0
50200200,8.35,0.0,0.0,0.0,0.0,0.0,0.0
50230260,8.355,0.0,0.0,0.0,0.0,0.0,0.0
50260320,8.36,0.0,0.0,0.0,0.0,0.0,0.0
50290380,8.365,0.0,0.0,0.0,0.0,0.0,0.0
50320440,8.37,0.0,0.0,0.0,0.0,0.0,0.0
50350500,8.375,0.0,0.0,0.0,0.0,0.0,0.0
50380560,8.38,0.0,0.0,0.0,0.0,0.0,0.0
50410620,8.385,0.0,0.0,0.0,0.0,0.0,0.0
50440680,8.39,0.0,0.0,0.0,0.0,0.0,0.0
50470740,8.395,0.0,0.0,0.0,0.0,0.0,0.0
50500800,8.4,0.0,0.0,0.0,0.0,0.0,0.0
50530860,8.405,0.0,0.0,0.0,0.0,0.0,0.0
50560920,8.41,0.0,0.0,0.0,0.0,0.0,0.0
50590980,8.415,0.0,0.0,0.0,0.0,0.0,0.0
50621040,8.42,0.0,0.0,0.0,0.0,0.0,0.0
50651100,8.425,0.0,0.0,0.0,0.0,0.0,0.0
50681160,8.43,0.0,0.0,0.0,0.0,0.0,0.0
50711220,8.435,0.0,0.0,0.0,0.0,0.0,0.0
50741280,8.44,0.0,0.0,0.0,0.0,0.0,0.0
50771340,8.445,0.0,0.0,0.0,0.0,0.0,0.0
50801400,8.45,0.0,0.0,0.0,0.0,0.0,0.0
50831460,8.455,0.0,0.0,0.0,0.0,0.0,0.0
50861520,8.46,0.0,0.0,0.0,0.0,0.0,0.0
50891580,8.465,0.0,0.0,0.0,0.0,0.0,0.0
50921640,8.47,0.0,0.0,0.0,0.0,0.0,0.0
50951700,8.475,0.0,0.0,0.0,0.0,0.0,0.0
50981760,8.48,0.0,0.0,0.0,0.0,0.0,0.0
51011820,8.485,0.0,0.0,0.0,0.0,0.0,0.0
51041880,8.49,0.0,0.0,0.0,0.0,0.0,0.0
51071940,8.495,0.0,0.0,0.0,0.0,0.0,0.0
51102000,8.5,0.0,0.0,0.0,0.0,0.0,0.0
51132060,8.505,0.0,0.0,0.0,0.0,0.0,0.0
51162120,8.51,0.0,0.0,0.0,0.0,0.0,0.0
51192180,8.515,0.0,0.0,0.0,0.0,0.0,0.0
51222240,8.52,0.0,0.0,0.0,0.0,0.0,0.0
51252300,8.525,0.0,0.0,0.0,0.0,0.0,0.0
51282360,8.53,0.0,0.0,0.0,0.0,0.0,0.0
51312420,8.535,0.0,0.0,0.0,0.0,0.0,0.0
51342480,8.54,0.0,0.0,0.0,0.0,0.0,0.0
51372540,8.545,0.0,0.0,0.0,0.0,0.0,0.0
51402600,8.55,0.0,0.0,0.0,0.0,0.0,0.0
51432660,8.555,0.0,0.0,0.0,0.0,0.0,0.0
51462720,8.56,0.0,0.0,0.0,0.0,0.0,0.0
51492780,8.565,0.0,0.0,0.0,0.0,0.0,0.0
51522840,8.57,0.0,0.0,0.0,0.0,0.0,0.0
51552900,8.575,0.0,0.0,0.0,0.0,0.0,0.0
51582960,8.58,0.0,0.0,0.0,0.0,0.0,0.0
51613020,8.585,0.0,0.0,0.0,0.0,0.0,0.0
51643080,8.59,0.0,0.0,0.0,0.0,0.0,0.0
51673140,8.595,0.0,0.0,0.0,0.0,0.0,0.0
51703200,8.6,0.0,0.0,0.0,0.0,0.0,0.0
51733260,8.605,0.0,0.0,0.0,0.0,0.0,0.0
51763320,8.61,0.0,0.0,0.0,0.0,0.0,0.0
51793380,8.615,0.0,0.0,0.0,0.0,0.0,0.0
51823440,8.62,0.0,0.0,0.0,0.0,0.0,0.0
51853500,8.625,0.0,0.0,0.0,0.0,0.0,0.0
51883560,8.63,0.0,0.0,0.0,0.0,0.0,0.0
51913620,8.635,0.0,0.0,0.0,0.0,0.0,0.0
51943680,8.64,0.0,0.0,0.0,0.0,0.0,0.0
51973740,8.645,0.0,0.0,0.0,0.0,0.0,0.0
52003800,8.65,-0.000203799605719,-9.10336418385e-06,0.000214558689086,0.000401393399757,1.79295258501e-05,0.0004225839464
52033860,8.655,-2.65506798304e-05,-2.45919941587e-06,2.90098785793e-05,5.22928766491e-05,4.8435148377e-06,5.71363901731e-05
52063920,8.66,0.0,0.0,0.0,0.0,0.0,0.0
52093980,8.665,0.0,0.0,0.0,0.0,0.0,0.0
52124040,8.67,0.0,0.0,0.0,0.0,0.0,0.0
52154100,8.675,0.0,0.0,0.0,0.0,0.0,0.0
52184160,8.68,0.0,0.0,0.0,0.0,0.0,0.0
52214220,8.685,0.0,0.0,0.0,0.0,0.0,0.0
52244280,8.69,0.0,0.0,0.0,0.0,0.0,0.0
52274340,8.695,0.0,0.0,0.0,0.0,0.0,0.0
52304400,8.7,0.0,0.0,0.0,0.0,0.0,0.0
52334460,8.705,0.000803967032728,-0.000154133291938,-0.000753634285934,0.00160956926574,0.000301318664435,0.00151993461852
52364520,8.71,5.43418902654e-08,-4.77310788536e-09,-4.9568782549e-08,1.07037667838e-07,9.40162982729e-09,9.76360383439e-08
52394580,8.715,0.0,0.0,0.0,0.0,0.0,0.0
52424640,8.72,0.0,0.0,0.0,0.0,0.0,0.0
52454700,8.725,0.0,0.0,0.0,0.0,0.0,0.0
52484760,8.73,0.0,0.0,0.0,0.0,0.0,0.0
52514820,8.735,0.0,0.0,0.0,0.0,0.0,0.0
52544880,8.74,0.0,0.0,0.0,0.0,0.0,0.0
52574940,8.745,0.0,0.0,0.0,0.0,0.0,0.0
52605000,8.75,0.0,0.0,0.0,0.0,0.0,0.0
52635060,8.755,0.0,0.0,0.0,0.0,0.0,0.0
52665120,8.76,0.0,0.0,0.0,0.0,0.0,0.0
52695180,8.765,0.0,0.0,0.0,0.0,0.0,0.0
52725240,8.77,0.0,0.0,0.0,0.0,0.0,0.0
52755300,8.775,0.0,0.0,0.0,0.0,0.0,0.0
52785360,8.78,0.0,0.0,0.0,0.0,0.0,0.0
52815420,8.785,0.0,0.0,0.0,0.0,0.0,0.0
52845480,8.79,0.0,0.0,0.0,0.0,0.0,0.0
52875540,8.795,0.0,0.0,0.0,0.0,0.0,0.0
52905600,8.8,0.0,0.0,0.0,0.0,0.0,0.0
52935660,8.805,0.0,0.0,0.0,0.0,0.0,0.0
52965720,8.81,0.0,0.0,0.0,0.0,0.0,0.0
52995780,8.815,0.0,0.0,0.0,0.0,0.0,0.0
53025840,8.82,0.0,0.0,0.0,0.0,0.0,0.0
53055900,8.825,0.0,0.0,0.0,0.0,0.0,0.0
53085960,8.83,0.0,0.0,0.0,0.0,0.0,0.0
53116020,8.835,0.0,0.0,0.0,0.0,0.0,0.0
53146080,8.84,0.0,0.0,0.0,0.0,0.0,0.0
53176140,8.845,0.0,0.0,0.0,0.0,0.0,0.0
53206200,8.85,0.0,0.0,0.0,0.0,0.0,0.0
53236260,8.855,0.0,0.0,0.0,0.0,0.0,0.0
53266320,8.86,0.0,0.0,0.0,0.0,0.0,0.0
53296380,8.865,0.0,0.0,0.0,0.0,0.0,0.0
53326440,8.87,0.0,0.0,0.0,0.0,0.0,0.0
53356500,8.875,0.0,0.0,0.0,0.0,0.0,0.0
53386560,8.88,0.0,0.0,0.0,0.0,0.0,0.0
53416620,8.885,0.0,0.0,0.0,0.0,0.0,0.0
53446680,8.89,0.0,0.0,0.0,0.0,0.0,0.0
53476740,8.895,0.0,0.0,0.0,0.0,0.0,0.0
53506800,8.9,0.0,0.0,0.0,0.0,0.0,0.0
53536860,8.905,0.0,0.0,0.0,0.0,0.0,0.0
53566920,8.91,0.0,0.0,0.0,0.0,0.0,0.0
53596980,8.915,0.0,0.0,0.0,0.0,0.0,0.0
53627040,8.92,0.0,0.0,0.0,0.0,0.0,0.0
53657100,8.925,0.0,0.0,0.0,0.0,0.0,0.0
53687160,8.93,0.0,0.0,0.0,0.0,0.0,0.0
53717220,8.935,0.0,0.0,0.0,0.0,0.0,0.0
53747280,8.94,0.0,0.0,0.0,0.0,0.0,0.0
53777340,8.945,0.0,0.0,0.0,0.0,0.0,0.0
53807400,8.95,0.0,0.0,0.0,0.0,0.0,0.0
53837460,8.955,0.0,0.0,0.0,0.0,0.0,0.0
53867520,8.96,0.0,0.0,0.0,0.0,0.0,0.0
53897580,8.965,0.0,0.0,0.0,0.0,0.0,0.0
53927640,8.97,0.0,0.0,0.0,0.0,0.0,0.0
53957700,8.975,0.0,0.0,0.0,0.0,0.0,0.0
53987760,8.98,0.0,0.0,0.0,0.0,0.0,0.0
54017820,8.985,0.0,0.0,0.0,0.0,0.0,0.0
54047880,8.99,0.0,0.0,0.0,0.0,0.0,0.0
54077940,8.995,0.0,0.0,0.0,0.0,0.0,0.0
54108000,9.0,0.0,0.0,0.0,0.0,0.0,0.0
54138060,9.005,0.0,0.0,0.0,0.0,0.0,0.0
54168120,9.01,0.0,0.0,0.0,0.0,0.0,0.0
54198180,9.015,0.0,0.0,0.0,0.0,0.0,0.0
54228240,9.02,0.0,0.0,0.0,0.0,0.0,0.0
54258300,9.025,0.0,0.0,0.0,0.0,0.0,0.0
54288360,9.03,0.0,0.0,0.0,0.0,0.0,0.0
54318420,9.035,0.0,0.0,0.0,0.0,0.0,0.0
54348480,9.04,0.0,0.0,0.0,0.0,0.0,0.0
54378540,9.045,-9.06013569831e-05,7.03327198832e-05,5.09823600672e-06,0.000178450192852,0.000138528691455,1.00415846837e-05
54408600,9.05,0.0,0.0,0.0,0.0,0.0,0.0
54438660,9.055,0.0,0.0,0.0,0.0,0.0,0.0
54468720,9.06,0.0,0.0,0.0,0.0,0.0,0.0
54498780,9.065,0.0,0.0,0.0,0.0,0.0,0.0
54528840,9.07,0.0,0.0,0.0,0.0,0.0,0.0
54558900,9.075,0.0,0.0,0.0,0.0,0.0,0.0
54588960,9.08,0.0,0.0,0.0,0.0,0.0,0.0
54619020,9.085,0.0,0.0,0.0,0.0,0.0,0.0
54649080,9.09,0.0,0.0,0.0,0.0,0.0,0.0
54679140,9.095,0.0,0.0,0.0,0.0,0.0,0.0
54709200,9.1,0.0,0.0,0.0,0.0,0.0,0.0
54739260,9.105,0.0,0.0,0.0,0.0,0.0,0.0
54769320,9.11,0.0,0.0,0.0,0.0,0.0,0.0
54799380,9.115,0.0,0.0,0.0,0.0,0.0,0.0
54829440,9.12,0.0,0.0,0.0,0.0,0.0,0.0
54859500,9.125,0.0,0.0,0.0,0.0,0.0,0.0
54889560,9.13,0.0,0.0,0.0,0.0,0.0,0.0
54919620,9.135,0.0,0.0,0.0,0.0,0.0,0.0
54949680,9.14,0.0,0.0,0.0,0.0,0.0,0.0
54979740,9.145,0.0,0.0,0.0,0.0,0.0,0.0
55009800,9.15,0.0,0.0,0.0,0.0,0.0,0.0
55039860,9.155,0.0,0.0,0.0,0.0,0.0,0.0
55069920,9.16,0.0,0.0,0.0,0.0,0.0,0.0
55099980,9.165,0.0,0.0,0.0,0.0,0.0,0.0
55130040,9.17,0.0,0.0,0.0,0.0,0.0,0.0
55160100,9.175,0.0,0.0,0.0,0.0,0.0,0.0
55190160,9.18,0.0,0.0,0.0,0.0,0.0,0.0
55220220,9.185,0.0,0.0,0.0,0.0,0.0,0.0
55250280,9.19,0.0,0.0,0.0,0.0,0.0,0.0
55280340,9.195,0.0,0.0,0.0,0.0,0.0,0.0
55310400,9.2,0.0,0.0,0.0,0.0,0.0,0.0
55340460,9.205,0.0,0.0,0.0,0.0,0.0,0.0
55370520,9.21,0.0,0.0,0.0,0.0,0.0,0.0
55400580,9.215,0.0,0.0,0.0,0.0,0.0,0.0
55430640,9.22,0.0,0.0,0.0,0.0,0.0,0.0
55460700,9.225,0.0,0.0,0.0,0.0,0.0,0.0
55490760,9.23,0.0,0.0,0.0,0.0,0.0,0.0
55520820,9.235,0.0,0.0,0.0,0.0,0.0,0.0
55550880,9.24,0.0,0.0,0.0,0.0,0.0,0.0
55580940,9.245,0.0,0.0,0.0,0.0,0.0,0.0
55611000,9.25,0.0,0.0,0.0,0.0,0.0,0.0
55641060,9.255,0.0,0.0,0.0,0.0,0.0,0.0
55671120,9.26,0.0,0.0,0.0,0.0,0.0,0.0
55701180,9.265,0.0,0.0,0.0,0.0,0.0,0.0
55731240,9.27,0.0,0.0,0.0,0.0,0.0,0.0
55761300,9.275,0.0,0.0,0.0,0.0,0.0,0.0
55791360,9.28,0.0,0.0,0.0,0.0,0.0,0.0
55821420,9.285,0.0,0.0,0.0,0.0,0.0,0.0
55851480,9.29,0.0,0.0,0.0,0.0,0.0,0.0
55881540,9.295,0.0,0.0,0.0,0.0,0.0,0.0
55911600,9.3,0.0,0.0,0.0,0.0,0.0,0.0
55941660,9.305,0.0,0.0,0.0,0.0,0.0,0.0
55971720,9.31,0.0,0.0,0.0,0.0,0.0,0.0
56001780,9.315,0.0,0.0,0.0,0.0,0.0,0.0
56031840,9.32,0.0,0.0,0.0,0.0,0.0,0.0
56061900,9.325,0.0,0.0,0.0,0.0,0.0,0.0
56091960,9.33,0.0,0.0,0.0,0.0,0.0,0.0
56122020,9.335,0.0,0.0,0.0,0.0,0.0,0.0
56152080,9.34,0.0,0.0,0.0,0.0,0.0,0.0
56182140,9.345,0.0,0.0,0.0,0.0,0.0,0.0
56212200,9.35,0.00040739168998,-9.2331805885e-05,-0.000333065620812,0.000803406951637,0.000385995391359,0.000942720533422
56242260,9.355,0.000430441659895,0.000268710872593,-0.000705036964807,0.000897199836869,0.000525125962681,0.00142284634909
56272320,9.36,0.0,0.0,0.0,0.0,0.0,0.0
56302380,9.365,0.0,0.0,0.0,0.0,0.0,0.0
56332440,9.37,0.0,0.0,0.0,0.0,0.0,0.0
56362500,9.375,0.0,0.0,0.0,0.0,0.0,0.0
56392560,9.38,0.0,0.0,0.0,0.0,0.0,0.0
56422620,9.385,0.0,0.0,0.0,0.0,0.0,0.0
56452680,9.39,0.0,0.0,0.0,0.0,0.0,0.0
56482740,9.395,0.0,0.0,0.0,0.0,0.0,0.0
56512800,9.4,0.0,0.0,0.0,0.0,0.0,0.0
56542860,9.405,0.0,0.0,0.0,0.0,0.0,0.0
56572920,9.41,0.0,0.0,0.0,0.0,0.0,0.0
56602980,9.415,0.0,0.0,0.0,0.0,0.0,0.0
56633040,9.42,0.0,0.0,0.0,0.0,0.0,0.0
56663100,9.425,0.0,0.0,0.0,0.0,0.0,0.0
56693160,9.43,0.0,0.0,0.0,0.0,0.0,0.0
56723220,9.435,0.0,0.0,0.0,0.0,0.0,0.0
56753280,9.44,0.0,0.0,0.0,0.0,0.0,0.0
56783340,9.445,0.0,0.0,0.0,0.0,0.0,0.0
56813400,9.45,0.0,0.0,0.0,0.0,0.0,0.0
56843460,9.455,0.0,0.0,0.0,0.0,0.0,0.0
56873520,9.46,0.0,0.0,0.0,0.0,0.0,0.0
56903580,9.465,0.0,0.0,0.0,0.0,0.0,0.0
56933640,9.47,0.0,0.0,0.0,0.0,0.0,0.0
56963700,9.475,0.0,0.0,0.0,0.0,0.0,0.0
56993760,9.48,0.0,0.0,0.0,0.0,0.0,0.0
57023820,9.485,0.0,0.0,0.0,0.0,0.0,0.0
57053880,9.49,0.0,0.0,0.0,0.0,0.0,0.0
57083940,9.495,0.0,0.0,0.0,0.0,0.0,0.0
57114000,9.5,0.0,0.0,0.0,0.0,0.0,0.0
57144060,9.505,0.0,0.0,0.0,0.0,0.0,0.0
57174120,9.51,0.0,0.0,0.0,0.0,0.0,0.0
57204180,9.515,0.0,0.0,0.0,0.0,0.0,0.0
57234240,9.52,0.0,0.0,0.0,0.0,0.0,0.0
57264300,9.525,0.0,0.0,0.0,0.0,0.0,0.0
57294360,9.53,0.0,0.0,0.0,0.0,0.0,0.0
57324420,9.535,0.0,0.0,0.0,0.0,0.0,0.0
57354480,9.54,0.0,0.0,0.0,0.0,0.0,0.0
57384540,9.545,0.0,0.0,0.0,0.0,0.0,0.0
57414600,9.55,0.0,0.0,0.0,0.0,0.0,0.0
57444660,9.555,0.0,0.0,0.0,0.0,0.0,0.0
57474720,9.56,0.0,0.0,0.0,0.0,0.0,0.0
57504780,9.565,0.0,0.0,0.0,0.0,0.0,0.0
57534840,9.57,0.0,0.0,0.0,0.0,0.0,0.0
57564900,9.575,0.0,0.0,0.0,0.0,0.0,0.0
57594960,9.58,0.0,0.0,0.0,0.0,0.0,0.0
57625020,9.585,0.0,0.0,0.0,0.0,0.0,0.0
57655080,9.59,0.0,0.0,0.0,0.0,0.0,0.0
57685140,9.595,0.0,0.0,0.0,0.0,0.0,0.0
57715200,9.6,0.0,0.0,0.0,0.0,0.0,0.0
57745260,9.605,0.0,0.0,0.0,0.0,0.0,0.0
57775320,9.61,0.0,0.0,0.0,0.0,0.0,0.0
57805380,9.615,0.0,0.0,0.0,0.0,0.0,0.0
57835440,9.62,0.0,0.0,0.0,0.0,0.0,0.0
57865500,9.625,0.0,0.0,0.0,0.0,0.0,0.0
57895560,9.63,0.0,0.0,0.0,0.0,0.0,0.0
57925620,9.635,0.0,0.0,0.0,0.0,0.0,0.0
57955680,9.64,0.0,0.0,0.0,0.0,0.0,0.0
57985740,9.645,0.0,0.0,0.0,0.0,0.0,0.0
58015800,9.65,0.0,0.0,0.0,0.0,0.0,0.0
58045860,9.655,0.0,0.0,0.0,0.0,0.0,0.0
58075920,9.66,0.0,0.0,0.0,0.0,0.0,0.0
58105980,9.665,0.0,0.0,0.0,0.0,0.0,0.0
58136040,9.67,0.0,0.0,0.0,0.0,0.0,0.0
58166100,9.675,0.0,0.0,0.0,0.0,0.0,0.0
58196160,9.68,0.0,0.0,0.0,0.0,0.0,0.0
58226220,9.685,0.0,0.0,0.0,0.0,0.0,0.0
58256280,9.69,0.0,0.0,0.0,0.0,0.0,0.0
58286340,9.695,0.0,0.0,0.0,0.0,0.0,0.0
58316400,9.7,0.0,0.0,0.0,0.0,0.0,0.0
58346460,9.705,0.0,0.0,0.0,0.0,0.0,0.0
58376520,9.71,0.0,0.0,0.0,0.0,0.0,0.0
58406580,9.715,0.0,0.0,0.0,0.0,0.0,0.0
58436640,9.72,0.0,0.0,0.0,0.0,0.0,0.0
58466700,9.725,0.0,0.0,0.0,0.0,0.0,0.0
58496760,9.73,0.0,0.0,0.0,0.0,0.0,0.0
58526820,9.735,0.0,0.0,0.0,0.0,0.0,0.0
58556880,9.74,0.0,0.0,0.0,0.0,0.0,0.0
58586940,9.745,0.0,0.0,0.0,0.0,0.0,0.0
58617000,9.75,0.0,0.0,0.0,0.0,0.0,0.0
58647060,9.755,0.0,0.0,0.0,0.0,0.0,0.0
58677120,9.76,0.0,0.0,0.0,0.0,0.0,0.0
58707180,9.765,0.0,0.0,0.0,0.0,0.0,0.0
58737240,9.77,0.0,0.0,0.0,0.0,0.0,0.0
58767300,9.775,0.0,0.0,0.0,0.0,0.0,0.0
58797360,9.78,0.0,0.0,0.0,0.0,0.0,0.0
58827420,9.785,0.0,0.0,0.0,0.0,0.0,0.0
58857480,9.79,0.0,0.0,0.0,0.0,0.0,0.0
58887540,9.795,0.0,0.0,0.0,0.0,0.0,0.0
58917600,9.8,0.0,0.0,0.0,0.0,0.0,0.0
58947660,9.805,0.0,0.0,0.0,0.0,0.0,0.0
58977720,9.81,0.0,0.0,0.0,0.0,0.0,0.0
59007780,9.815,0.0,0.0,0.0,0.0,0.0,0.0
59037840,9.82,0.0,0.0,0.0,0.0,0.0,0.0
59067900,9.825,0.0,0.0,0.0,0.0,0.0,0.0
59097960,9.83,0.0,0.0,0.0,0.0,0.0,0.0
59128020,9.835,0.0,0.0,0.0,0.0,0.0,0.0
59158080,9.84,0.0,0.0,0.0,0.0,0.0,0.0
59188140,9.845,0.0,0.0,0.0,0.0,0.0,0.0
59218200,9.85,0.0,0.0,0.0,0.0,0.0,0.0
59248260,9.855,0.0,0.0,0.0,0.0,0.0,0.0
59278320,9.86,0.0,0.0,0.0,0.0,0.0,0.0
59308380,9.865,0.0,0.0,0.0,0.0,0.0,0.0
59338440,9.87,0.0,0.0,0.0,0.0,0.0,0.0
59368500,9.875,0.0,0.0,0.0,0.0,0.0,0.0
59398560,9.88,0.0,0.0,0.0,0.0,0.0,0.0
59428620,9.885,0.0,0.0,0.0,0.0,0.0,0.0
59458680,9.89,0.0,0.0,0.0,0.0,0.0,0.0
59488740,9.895,0.0,0.0,0.0,0.0,0.0,0.0
59518800,9.9,0.0,0.0,0.0,0.0,0.0,0.0
59548860,9.905,0.0,0.0,0.0,0.0,0.0,0.0
59578920,9.91,0.0,0.0,0.0,0.0,0.0,0.0
59608980,9.915,0.0,0.0,0.0,0.0,0.0,0.0
59639040,9.92,0.0,0.0,0.0,0.0,0.0,0.0
59669100,9.925,0.0,0.0,0.0,0.0,0.0,0.0
59699160,9.93,0.0,0.0,0.0,0.0,0.0,0.0
59729220,9.935,0.0,0.0,0.0,0.0,0.0,0.0
59759280,9.94,0.0,0.0,0.0,0.0,0.0,0.0
59789340,9.945,0.0,0.0,0.0,0.0,0.0,0.0
59819400,9.95,0.0,0.0,0.0,0.0,0.0,0.0
59849460,9.955,0.0,0.0,0.0,0.0,0.0,0.0
59879520,9.96,0.0,0.0,0.0,0.0,0.0,0.0
59909580,9.965,0.0,0.0,0.0,0.0,0.0,0.0
59939640,9.97,0.0,0.0,0.0,0.0,0.0,0.0
59969700,9.975,0.0,0.0,0.0,0.0,0.0,0.0
59999760,9.98,0.0,0.0,0.0,0.0,0.0,0.0
60029820,9.985,0.0,0.0,0.0,0.0,0.0,0.0
60059880,9.99,0.0,0.0,0.0,0.0,0.0,0.0
60089940,9.995,0.0,0.0,0.0,0.0,0.0,0.0
60120000,10.0,0.0,0.0,0.0,0.0,0.0,0.0
60120001,10.0000001663,0.0,0.0,0.0,0.0,0.0,0.0
