3006,0.0005,0.240998376442,0.296605398457
6012,0.001,0.399304814346,0.458615045215
9018,0.0015,0.434906591436,0.498120227776
12024,0.002,0.50656569592,0.598279539438
15030,0.0025,0.5485783453,0.639243279318
18036,0.003,0.51156058434,0.577175579777
21042,0.0035,0.473771654366,0.51454261688
24048,0.004,0.447458699174,0.470079490163
27054,0.0045,0.440571108814,0.448512673512
30060,0.005,0.451045540844,0.433370135664
33066,0.0055,0.484595930859,0.461362433094
36072,0.006,0.514473898563,0.493220902096
39078,0.0065,0.560126834189,0.565509387116
42084,0.007,0.605730840533,0.622531604431
45090,0.0075,0.698684210675,0.733124479349
48096,0.008,0.871375296055,1.01420558442
51102,0.0085,0.876960741056,1.00807925639
54108,0.009,0.785998193409,0.841820140501
57114,0.0095,0.709326888232,0.745080048592
60120,0.01,0.647217590028,0.646739952921
60121,0.010000166334,0.647192049638,0.646702749742
