3006,0.0005,0.0185155461634,0.0
6012,0.001,0.0185780404755,0.0
9018,0.0015,0.0185758282194,0.0
12024,0.002,0.0185215609214,0.0
15030,0.0025,0.0185398342245,0.0
18036,0.003,0.0185294436802,0.0
21042,0.0035,0.0185367678695,0.0
24048,0.004,0.0185153941697,0.0
27054,0.0045,0.0185330763711,0.0
30060,0.005,0.0185460738542,0.0
33066,0.0055,0.0185116792826,0.0
36072,0.006,0.0184333436857,0.0
39078,0.0065,0.0184327483468,0.0
42084,0.007,0.0185040481134,0.0
45090,0.0075,0.0185291129595,0.0
48096,0.008,0.0185125627841,0.0
51102,0.0085,0.0184937714013,0.0
54108,0.009,0.0185068772901,0.0
57114,0.0095,0.0184979160281,0.0
60120,0.01,0.0185007253346,0.0
63126,0.0105,0.0184829927036,0.0
66132,0.011,0.018517400389,0.0
69138,0.0115,0.0185115416688,0.0
72144,0.012,0.0184653093286,0.0
75150,0.0125,0.0183786029265,0.0
78156,0.013,0.0184578484226,0.0
81162,0.0135,0.0184972026232,0.0
84168,0.014,0.0185022852147,0.0
87174,0.0145,0.0184671252329,0.0
90180,0.015,0.018482484636,0.0
93186,0.0155,0.0184775381451,0.0
96192,0.016,0.0184815222694,0.0
99198,0.0165,0.0184681365787,0.0
102204,0.017,0.0184808217502,0.0
105210,0.0175,0.018493620024,0.0
108216,0.018,0.0184757849025,0.0
111222,0.0185,0.0184214187465,0.0
114228,0.019,0.0184193491418,0.0
117234,0.0195,0.0184700111167,0.0
120240,0.02,0.0184881274944,0.0
123246,0.0205,0.0184737419395,0.0
126252,0.021,0.0184563360856,0.0
129258,0.0215,0.0184722533047,0.0
132264,0.022,0.0184678261883,0.0
135270,0.0225,0.0184638584629,0.0
138276,0.023,0.0184448374491,0.0
141282,0.0235,0.0184727119952,0.0
144288,0.024,0.0184710356197,0.0
147294,0.0245,0.018439568289,0.0
150300,0.025,0.0183781632133,0.0
153306,0.0255,0.0184357577595,0.0
156312,0.026,0.0184607565199,0.0
159318,0.0265,0.0184595548995,0.0
162324,0.027,0.0184343269987,0.0
165330,0.0275,0.0184492837107,0.0
168336,0.028,0.0184504882176,0.0
171342,0.0285,0.0184521315659,0.0
174348,0.029,0.0184380625982,0.0
177354,0.0295,0.0184498155848,0.0
180360,0.03,0.0184620884178,0.0
183366,0.0305,0.0184483116493,0.0
186372,0.031,0.0184074157941,0.0
189378,0.0315,0.0184078619011,0.0
192384,0.032,0.0184497717294,0.0
195390,0.0325,0.0184786547502,0.0
198396,0.033,0.0184562417884,0.0
201402,0.0335,0.0184386265058,0.0
204408,0.034,0.0184483785118,0.0
207414,0.0345,0.0184421428881,0.0
210420,0.035,0.0184458261484,0.0
213426,0.0355,0.0184372808047,0.0
216432,0.036,0.0184574663198,0.0
219438,0.0365,0.0184534560913,0.0
222444,0.037,0.0184265919925,0.0
225450,0.0375,0.0183777050083,0.0
228456,0.038,0.018429140201,0.0
231462,0.0385,0.0184544075456,0.0
234468,0.039,0.0184571893088,0.0
237474,0.0395,0.0184364936997,0.0
240480,0.04,0.0184466150077,0.0
243486,0.0405,0.018443435933,0.0
246492,0.041,0.0184478105806,0.0
249498,0.0415,0.0184405276393,0.0
252504,0.042,0.0184533133222,0.0
255510,0.0425,0.0184595255947,0.0
258516,0.043,0.0184440158394,0.0
261522,0.0435,0.0184063330004,0.0
264528,0.044,0.0184062043587,0.0
267534,0.0445,0.0184426455998,0.0
270540,0.045,0.0184574424719,0.0
273546,0.0455,0.0184488969784,0.0
276552,0.046,0.0184360634951,0.0
279558,0.0465,0.0184422080714,0.0
282564,0.047,0.0184352169089,0.0
285570,0.0475,0.0184414685065,0.0
288576,0.048,0.0184340822229,0.0
291582,0.0485,0.0184572042279,0.0
294588,0.049,0.0184543382066,0.0
297594,0.0495,0.0184289792521,0.0
300600,0.05,0.0183794390805,0.0
303606,0.0505,0.0184261671937,0.0
306612,0.051,0.0184518159422,0.0
309618,0.0515,0.018455445258,0.0
312624,0.052,0.0184358284452,0.0
315630,0.0525,0.0184426930242,0.0
318636,0.053,0.0184395538874,0.0
321642,0.0535,0.018444816274,0.0
324648,0.054,0.0184351025567,0.0
327654,0.0545,0.0184452629985,0.0
330660,0.055,0.0184539488243,0.0
333666,0.0555,0.0184389870848,0.0
336672,0.056,0.0184055360553,0.0
339678,0.0565,0.0184045164606,0.0
342684,0.057,0.0184384962413,0.0
345690,0.0575,0.0184528004135,0.0
348696,0.058,0.0184439178735,0.0
351702,0.0585,0.0184350008575,0.0
354708,0.059,0.0184440644525,0.0
357714,0.0595,0.0184397956948,0.0
360720,0.06,0.0184409011405,0.0
363726,0.0605,0.0184322780852,0.0
366732,0.061,0.0184595019688,0.0
369738,0.0615,0.0184611416508,0.0
372744,0.062,0.0184312908057,0.0
375750,0.0625,0.0183788021426,0.0
378756,0.063,0.0184307411757,0.0
381762,0.0635,0.0184572858292,0.0
384768,0.064,0.0184595912026,0.0
387774,0.0645,0.0184360123065,0.0
390780,0.065,0.0184520950787,0.0
393786,0.0655,0.0184526053827,0.0
396792,0.066,0.0184556597961,0.0
399798,0.0665,0.0184457349824,0.0
402804,0.067,0.0184662321856,0.0
405810,0.0675,0.0184710267065,0.0
408816,0.068,0.0184529220919,0.0
411822,0.0685,0.0184103301781,0.0
414828,0.069,0.0184105152462,0.0
417834,0.0695,0.0184540777024,0.0
420840,0.07,0.0184704706793,0.0
423846,0.0705,0.0184655893477,0.0
426852,0.071,0.0184530793571,0.0
429858,0.0715,0.0184503884585,0.0
432864,0.072,0.0184420584714,0.0
435870,0.0725,0.0184559131049,0.0
438876,0.073,0.0184510474149,0.0
441882,0.0735,0.0184774842995,0.0
444888,0.074,0.0184744495999,0.0
447894,0.0745,0.0184415336732,0.0
450900,0.075,0.0183782606462,0.0
453906,0.0755,0.0184435107124,0.0
456912,0.076,0.0184784332699,0.0
459918,0.0765,0.0184863419624,0.0
462924,0.077,0.0184536832799,0.0
465930,0.0775,0.01846295436,0.0
468936,0.078,0.0184557215033,0.0
471942,0.0785,0.0184627724669,0.0
474948,0.079,0.0184536618626,0.0
477954,0.0795,0.0184589359256,0.0
480960,0.08,0.0184627054427,0.0
483966,0.0805,0.018447228577,0.0
486972,0.081,0.018408937792,0.0
489978,0.0815,0.0184101001688,0.0
492984,0.082,0.018453493163,0.0
495990,0.0825,0.0184703929943,0.0
498996,0.083,0.01845995231,0.0
502002,0.0835,0.0184493906975,0.0
505008,0.084,0.018465922987,0.0
508014,0.0845,0.0184615801767,0.0
511020,0.085,0.0184652470889,0.0
514026,0.0855,0.0184586300151,0.0
517032,0.086,0.0184749734643,0.0
520038,0.0865,0.0184607178684,0.0
523044,0.087,0.0184307688552,0.0
526050,0.0875,0.0183783495686,0.0
529056,0.088,0.0184288726475,0.0
532062,0.0885,0.0184560563539,0.0
535068,0.089,0.0184599567256,0.0
538074,0.0895,0.0184425675971,0.0
541080,0.09,0.0184541436749,0.0
544086,0.0905,0.0184549494987,0.0
547092,0.091,0.0184574115975,0.0
550098,0.0915,0.0184458440743,0.0
553104,0.092,0.0184554250607,0.0
556110,0.0925,0.0184675930416,0.0
559116,0.093,0.018450977783,0.0
562122,0.0935,0.0184080134763,0.0
565128,0.094,0.0184086968762,0.0
568134,0.0945,0.0184485444083,0.0
571140,0.095,0.018468628903,0.0
574146,0.0955,0.0184653244607,0.0
577152,0.096,0.0184594858485,0.0
580158,0.0965,0.0184664026527,0.0
583164,0.097,0.0184643164692,0.0
586170,0.0975,0.0184638453857,0.0
589176,0.098,0.018447302477,0.0
592182,0.0985,0.0184691307791,0.0
595188,0.099,0.0184618424674,0.0
598194,0.0995,0.0184302723477,0.0
601200,0.1,0.0183782270481,0.0
604206,0.1005,0.0184279488828,0.0
607212,0.101,0.0184542879597,0.0
610218,0.1015,0.0184606358569,0.0
613224,0.102,0.0184425228008,0.0
616230,0.1025,0.0184556693986,0.0
619236,0.103,0.0184589864859,0.0
622242,0.1035,0.0184685186543,0.0
625248,0.104,0.0184611150234,0.0
628254,0.1045,0.0184574021577,0.0
631260,0.105,0.0184627634493,0.0
634266,0.1055,0.018446281748,0.0
637272,0.106,0.0184071065978,0.0
640278,0.1065,0.0184076356526,0.0
643284,0.107,0.0184478993202,0.0
646290,0.1075,0.0184617534556,0.0
649296,0.108,0.0184541370746,0.0
652302,0.1085,0.0184437424907,0.0
655308,0.109,0.0184564103033,0.0
658314,0.1095,0.0184546961298,0.0
661320,0.11,0.018454782585,0.0
664326,0.1105,0.0184399737219,0.0
667332,0.111,0.0184661217947,0.0
670338,0.1115,0.0184547303904,0.0
673344,0.112,0.0184262451445,0.0
676350,0.1125,0.0183787453969,0.0
679356,0.113,0.0184253219045,0.0
682362,0.1135,0.0184519139352,0.0
685368,0.114,0.0184562247599,0.0
688374,0.1145,0.0184476518001,0.0
691380,0.115,0.0184501285945,0.0
694386,0.1155,0.0184439554402,0.0
697392,0.116,0.0184497082377,0.0
700398,0.1165,0.0184420515697,0.0
703404,0.117,0.0184552318904,0.0
706410,0.1175,0.0184632872171,0.0
709416,0.118,0.0184469077397,0.0
712422,0.1185,0.0184068950976,0.0
715428,0.119,0.0184067722287,0.0
718434,0.1195,0.0184462650044,0.0
721440,0.12,0.0184623219664,0.0
724446,0.1205,0.0184518655198,0.0
727452,0.121,0.0184413669381,0.0
730458,0.1215,0.0184529043565,0.0
733464,0.122,0.0184489703746,0.0
736470,0.1225,0.0184494999572,0.0
739476,0.123,0.0184378152738,0.0
742482,0.1235,0.0184598442219,0.0
745488,0.124,0.0184558671015,0.0
748494,0.1245,0.0184307498462,0.0
751500,0.125,0.0183794351483,0.0
754506,0.1255,0.0184317873228,0.0
757512,0.126,0.0184613148314,0.0
760518,0.1265,0.018459351586,0.0
763524,0.127,0.0184372979505,0.0
766530,0.1275,0.0184445080649,0.0
769536,0.128,0.0184416765165,0.0
772542,0.1285,0.0184454415857,0.0
775548,0.129,0.0184370976353,0.0
778554,0.1295,0.0184466819134,0.0
781560,0.13,0.0184527130326,0.0
784566,0.1305,0.0184377795042,0.0
787572,0.131,0.0184035039236,0.0
790578,0.1315,0.0184039192964,0.0
793584,0.132,0.0184393034723,0.0
796590,0.1325,0.0184539630025,0.0
799596,0.133,0.0184469944468,0.0
802602,0.1335,0.0184384763617,0.0
805608,0.134,0.0184454306206,0.0
808614,0.1345,0.0184394370479,0.0
811620,0.135,0.0184419013531,0.0
814626,0.1355,0.0184349062686,0.0
817632,0.136,0.0184509730277,0.0
820638,0.1365,0.018448749058,0.0
823644,0.137,0.0184223911589,0.0
826650,0.1375,0.0183792054025,0.0
829656,0.138,0.0184240173935,0.0
832662,0.1385,0.0184437880945,0.0
835668,0.139,0.0184457682932,0.0
838674,0.1395,0.0184300049267,0.0
841680,0.14,0.0184409819269,0.0
844686,0.1405,0.018442289157,0.0
847692,0.141,0.0184448888003,0.0
850698,0.1415,0.0184343995013,0.0
853704,0.142,0.0184426616887,0.0
856710,0.1425,0.0184503957458,0.0
859716,0.143,0.0184374102844,0.0
862722,0.1435,0.0184034616016,0.0
865728,0.144,0.0184034349374,0.0
868734,0.1445,0.0184367052717,0.0
871740,0.145,0.0184495790786,0.0
874746,0.1455,0.0184425741649,0.0
877752,0.146,0.0184356618736,0.0
880758,0.1465,0.0184511467688,0.0
883764,0.147,0.0184498554851,0.0
886770,0.1475,0.0184448971534,0.0
889776,0.148,0.0184288293604,0.0
892782,0.1485,0.0184461046978,0.0
895788,0.149,0.0184443024613,0.0
898794,0.1495,0.0184215395143,0.0
901800,0.15,0.0183778624333,0.0
904806,0.1505,0.0184217069774,0.0
907812,0.151,0.0184446558909,0.0
910818,0.1515,0.018449074602,0.0
913824,0.152,0.0184314111225,0.0
916830,0.1525,0.0184482112518,0.0
919836,0.153,0.0184547741714,0.0
922842,0.1535,0.0184536458529,0.0
925848,0.154,0.0184366657744,0.0
928854,0.1545,0.0184451020157,0.0
931860,0.155,0.0184510267662,0.0
934866,0.1555,0.0184379274225,0.0
937872,0.156,0.0184026440573,0.0
940878,0.1565,0.0184033943723,0.0
943884,0.157,0.0184398072709,0.0
946890,0.1575,0.0184520797307,0.0
949896,0.158,0.0184447288881,0.0
952902,0.1585,0.0184350218287,0.0
955908,0.159,0.0184447903647,0.0
958914,0.1595,0.0184412389872,0.0
961920,0.16,0.0184417291984,0.0
964926,0.1605,0.0184311390636,0.0
967932,0.161,0.0184526051125,0.0
970938,0.1615,0.018450929187,0.0
973944,0.162,0.0184257656217,0.0
976950,0.1625,0.0183774725733,0.0
979956,0.163,0.0184248344292,0.0
982962,0.1635,0.0184490225184,0.0
985968,0.164,0.018450777164,0.0
988974,0.1645,0.0184288243468,0.0
991980,0.165,0.0184398956959,0.0
994986,0.1655,0.0184419909207,0.0
997992,0.166,0.0184445231079,0.0
1000998,0.1665,0.0184301835312,0.0
1004004,0.167,0.0184403729583,0.0
1007010,0.1675,0.0184504025984,0.0
1010016,0.168,0.0184385922083,0.0
1013022,0.1685,0.0184041139005,0.0
1016028,0.169,0.0184050149029,0.0
1019034,0.1695,0.0184461229507,0.0
1022040,0.17,0.018459619138,0.0
1025046,0.1705,0.0184433819321,0.0
1028052,0.171,0.0184312115334,0.0
1031058,0.1715,0.0184454912676,0.0
1034064,0.172,0.018437987547,0.0
1037070,0.1725,0.0184364279091,0.0
1040076,0.173,0.0184236946436,0.0
1043082,0.1735,0.0184429671722,0.0
1046088,0.174,0.0184402984765,0.0
1049094,0.1745,0.0184176197582,0.0
1052100,0.175,0.0183789255032,0.0
1055106,0.1755,0.0184172587243,0.0
1058112,0.176,0.0184382154995,0.0
1061118,0.1765,0.0184367013383,0.0
1064124,0.177,0.018418444977,0.0
1067130,0.1775,0.0184255211522,0.0
1070136,0.178,0.01842483342,0.0
1073142,0.1785,0.0184266776893,0.0
1076148,0.179,0.0184192912504,0.0
1079154,0.1795,0.0184251442623,0.0
1082160,0.18,0.0184321400578,0.0
1085166,0.1805,0.0184231315111,0.0
1088172,0.181,0.0183984900821,0.0
1091178,0.1815,0.0183987645404,0.0
1094184,0.182,0.0184244819765,0.0
1097190,0.1825,0.0184354871303,0.0
1100196,0.183,0.0184309529489,0.0
1103202,0.1835,0.0184235877966,0.0
1106208,0.184,0.0184325428982,0.0
1109214,0.1845,0.0184289401844,0.0
1112220,0.185,0.0184296213814,0.0
1115226,0.1855,0.0184189089305,0.0
1118232,0.186,0.0184319875307,0.0
1121238,0.1865,0.0184315182844,0.0
1124244,0.187,0.0184138725002,0.0
1127250,0.1875,0.0183795228621,0.0
1130256,0.188,0.0184148431408,0.0
1133262,0.1885,0.0184343516666,0.0
1136268,0.189,0.0184363639491,0.0
1139274,0.1895,0.0184222201168,0.0
1142280,0.19,0.0184340264842,0.0
1145286,0.1905,0.0184366223281,0.0
1148292,0.191,0.0184429941765,0.0
1151298,0.1915,0.0184406197509,0.0
1154304,0.192,0.0184409729275,0.0
1157310,0.1925,0.018444832585,0.0
1160316,0.193,0.0184329581242,0.0
1163322,0.1935,0.0184027965378,0.0
1166328,0.194,0.0184042071591,0.0
1169334,0.1945,0.0184384606912,0.0
1172340,0.195,0.0184585928984,0.0
1175346,0.1955,0.0184402245993,0.0
1178352,0.196,0.0184303038793,0.0
1181358,0.1965,0.0184406541388,0.0
1184364,0.197,0.018439335182,0.0
1187370,0.1975,0.0184373375613,0.0
1190376,0.198,0.0184244107402,0.0
1193382,0.1985,0.0184398874266,0.0
1196388,0.199,0.0184376061015,0.0
1199394,0.1995,0.018416726754,0.0
1202400,0.2,0.0183778729649,0.0
1205406,0.2005,0.018416477221,0.0
1208412,0.201,0.0184375630125,0.0
1211418,0.2015,0.0184403203805,0.0
1214424,0.202,0.0184258377514,0.0
1217430,0.2025,0.01843641306,0.0
1220436,0.203,0.0184381524253,0.0
1223442,0.2035,0.0184398207549,0.0
1226448,0.204,0.0184295011957,0.0
1229454,0.2045,0.018436380718,0.0
1232460,0.205,0.0184413785406,0.0
1235466,0.2055,0.0184288013126,0.0
1238472,0.206,0.0183989994403,0.0
1241478,0.2065,0.0183987752656,0.0
1244484,0.207,0.0184282830771,0.0
1247490,0.2075,0.0184406077425,0.0
1250496,0.208,0.0184363192284,0.0
1253502,0.2085,0.0184306565814,0.0
1256508,0.209,0.0184391032457,0.0
1259514,0.2095,0.0184374437341,0.0
1262520,0.21,0.0184388209048,0.0
1265526,0.2105,0.0184311367451,0.0
1268532,0.211,0.0184432461491,0.0
1271538,0.2115,0.0184382179043,0.0
1274544,0.212,0.0184167643151,0.0
1277550,0.2125,0.0183792521413,0.0
1280556,0.213,0.018414665872,0.0
1283562,0.2135,0.018433630747,0.0
1286568,0.214,0.0184365576069,0.0
1289574,0.2145,0.0184233119854,0.0
1292580,0.215,0.0184325352408,0.0
1295586,0.2155,0.0184327007516,0.0
1298592,0.216,0.0184350000689,0.0
1301598,0.2165,0.018426611055,0.0
1304604,0.217,0.0184361969406,0.0
1307610,0.2175,0.0184419270903,0.0
1310616,0.218,0.0184294906405,0.0
1313622,0.2185,0.0183986626536,0.0
1316628,0.219,0.0183983705679,0.0
1319634,0.2195,0.0184257929367,0.0
1322640,0.22,0.0184393434762,0.0
1325646,0.2205,0.0184330398812,0.0
1328652,0.221,0.0184255599953,0.0
1331658,0.2215,0.0184365377294,0.0
1334664,0.222,0.0184366990105,0.0
1337670,0.2225,0.0184372416714,0.0
1340676,0.223,0.0184266809871,0.0
1343682,0.2235,0.0184440424923,0.0
1346688,0.224,0.01844045267,0.0
1349694,0.2245,0.0184182694306,0.0
1352700,0.225,0.0183787220563,0.0
1355706,0.2255,0.0184177451112,0.0
1358712,0.226,0.0184378828948,0.0
1361718,0.2265,0.0184422618244,0.0
1364724,0.227,0.0184277170461,0.0
1367730,0.2275,0.0184365089799,0.0
1370736,0.228,0.0184304098177,0.0
1373742,0.2285,0.0184318131827,0.0
1376748,0.229,0.0184243690743,0.0
1379754,0.2295,0.0184331992339,0.0
1382760,0.23,0.0184404694023,0.0
1385766,0.2305,0.0184280960665,0.0
1388772,0.231,0.0183997445435,0.0
1391778,0.2315,0.0183991403482,0.0
1394784,0.232,0.0184274493927,0.0
1397790,0.2325,0.0184398842637,0.0
1400796,0.233,0.0184357711137,0.0
1403802,0.2335,0.018430333969,0.0
1406808,0.234,0.0184396744967,0.0
1409814,0.2345,0.0184329129853,0.0
1412820,0.235,0.0184386714483,0.0
1415826,0.2355,0.0184331586327,0.0
1418832,0.236,0.018446456836,0.0
1421838,0.2365,0.0184408495197,0.0
1424844,0.237,0.0184182967659,0.0
1427850,0.2375,0.0183793401118,0.0
1430856,0.238,0.0184175079687,0.0
1433862,0.2385,0.0184398586919,0.0
1436868,0.239,0.0184487043566,0.0
1439874,0.2395,0.0184333815393,0.0
1442880,0.24,0.0184359184775,0.0
1445886,0.2405,0.018429290653,0.0
1448892,0.241,0.018433822883,0.0
1451898,0.2415,0.0184308859887,0.0
1454904,0.242,0.0184397278032,0.0
1457910,0.2425,0.0184474784109,0.0
1460916,0.243,0.0184374339498,0.0
1463922,0.2435,0.0184040377552,0.0
1466928,0.244,0.0184026295072,0.0
1469934,0.2445,0.0184341321148,0.0
1472940,0.245,0.0184470257014,0.0
1475946,0.2455,0.0184471818188,0.0
1478952,0.246,0.0184403695258,0.0
1481958,0.2465,0.0184364354477,0.0
1484964,0.247,0.018428799021,0.0
1487970,0.2475,0.0184417154197,0.0
1490976,0.248,0.0184413720331,0.0
1493982,0.2485,0.0184560244315,0.0
1496988,0.249,0.0184457200304,0.0
1499994,0.2495,0.0184212791922,0.0
1503000,0.25,0.0183786829768,0.0
1506006,0.2505,0.0184185242997,0.0
1509012,0.251,0.0184393462361,0.0
1512018,0.2515,0.0184459760802,0.0
1515024,0.252,0.0184337180125,0.0
1518030,0.2525,0.0184333829032,0.0
1521036,0.253,0.0184209382809,0.0
1524042,0.2535,0.0184287118038,0.0
1527048,0.254,0.0184340834533,0.0
1530054,0.2545,0.0184407624962,0.0
1533060,0.255,0.0184411274594,0.0
1536066,0.2555,0.0184270613901,0.0
1539072,0.256,0.0183997068572,0.0
1542078,0.2565,0.0184000904674,0.0
1545084,0.257,0.0184282831548,0.0
1548090,0.2575,0.0184415337957,0.0
1551096,0.258,0.0184402983995,0.0
1554102,0.2585,0.0184328455116,0.0
1557108,0.259,0.0184342807734,0.0
1560114,0.2595,0.018427667569,0.0
1563120,0.26,0.0184369189499,0.0
1566126,0.2605,0.0184342453531,0.0
1569132,0.261,0.0184465749176,0.0
1572138,0.2615,0.0184426427113,0.0
1575144,0.262,0.018420982382,0.0
1578150,0.2625,0.0183780516989,0.0
1581156,0.263,0.0184208917853,0.0
1584162,0.2635,0.0184443612184,0.0
1587168,0.264,0.0184502117103,0.0
1590174,0.2645,0.0184384033038,0.0
1593180,0.265,0.0184402792464,0.0
1596186,0.2655,0.0184302146221,0.0
1599192,0.266,0.0184377005332,0.0
1602198,0.2665,0.0184380226349,0.0
1605204,0.267,0.0184460881804,0.0
1608210,0.2675,0.0184488978339,0.0
1611216,0.268,0.0184352618576,0.0
1614222,0.2685,0.0184034724113,0.0
1617228,0.269,0.0184040267148,0.0
1620234,0.2695,0.0184374788255,0.0
1623240,0.27,0.0184510569197,0.0
1626246,0.2705,0.0184477486411,0.0
1629252,0.271,0.0184399413456,0.0
1632258,0.2715,0.018435790693,0.0
1635264,0.272,0.0184281296799,0.0
1638270,0.2725,0.0184406134876,0.0
1641276,0.273,0.0184399049131,0.0
1644282,0.2735,0.0184499745733,0.0
1647288,0.274,0.0184435589492,0.0
1650294,0.2745,0.0184195231271,0.0
1653300,0.275,0.0183788361637,0.0
1656306,0.2755,0.018419101453,0.0
1659312,0.276,0.0184426152994,0.0
1662318,0.2765,0.0184483780388,0.0
1665324,0.277,0.0184379246872,0.0
1668330,0.2775,0.0184439565087,0.0
1671336,0.278,0.0184313539587,0.0
1674342,0.2785,0.0184365619343,0.0
1677348,0.279,0.0184326026025,0.0
1680354,0.2795,0.0184394497515,0.0
1683360,0.28,0.018442679031,0.0
1686366,0.2805,0.0184296085134,0.0
1689372,0.281,0.0184005957373,0.0
1692378,0.2815,0.0184009874321,0.0
1695384,0.282,0.018431450853,0.0
1698390,0.2825,0.0184452529758,0.0
1701396,0.283,0.0184432983858,0.0
1704402,0.2835,0.0184375235129,0.0
1707408,0.284,0.0184436488625,0.0
1710414,0.2845,0.0184439451711,0.0
1713420,0.285,0.0184527819022,0.0
1716426,0.2855,0.0184476867249,0.0
1719432,0.286,0.0184602522912,0.0
1722438,0.2865,0.0184527817474,0.0
1725444,0.287,0.0184255243657,0.0
1728450,0.2875,0.0183793995368,0.0
1731456,0.288,0.0184253200638,0.0
1734462,0.2885,0.0184525346156,0.0
1737468,0.289,0.0184605494128,0.0
1740474,0.2895,0.0184493682674,0.0
1743480,0.29,0.0184536033038,0.0
1746486,0.2905,0.0184472607653,0.0
1749492,0.291,0.0184488792954,0.0
1752498,0.2915,0.0184399019873,0.0
1755504,0.292,0.0184449290768,0.0
1758510,0.2925,0.018451290267,0.0
1761516,0.293,0.0184347228494,0.0
1764522,0.2935,0.018400723059,0.0
1767528,0.294,0.0184000046607,0.0
1770534,0.2945,0.0184317472972,0.0
1773540,0.295,0.0184439189059,0.0
1776546,0.2955,0.018438239929,0.0
1779552,0.296,0.0184307420845,0.0
1782558,0.2965,0.0184350909798,0.0
1785564,0.297,0.0184310961864,0.0
1788570,0.2975,0.0184343896482,0.0
1791576,0.298,0.0184286245978,0.0
1794582,0.2985,0.0184398532226,0.0
1797588,0.299,0.0184319539543,0.0
1800594,0.2995,0.0184112564954,0.0
1803600,0.3,0.0183767659813,0.0
1806606,0.3005,0.018412520865,0.0
1809612,0.301,0.0184326163086,0.0
1812618,0.3015,0.0184358927992,0.0
1815624,0.302,0.0184236822082,0.0
1818630,0.3025,0.0184333637223,0.0
1821636,0.303,0.0184316848619,0.0
1824642,0.3035,0.0184345961817,0.0
1827648,0.304,0.0184298198664,0.0
1830654,0.3045,0.0184388191401,0.0
1833660,0.305,0.0184451166312,0.0
1836666,0.3055,0.018427523751,0.0
1839672,0.306,0.0183981086967,0.0
1842678,0.3065,0.0183981165115,0.0
1845684,0.307,0.0184255914361,0.0
1848690,0.3075,0.0184370735792,0.0
1851696,0.308,0.0184305263029,0.0
1854702,0.3085,0.0184229196573,0.0
1857708,0.309,0.0184315578377,0.0
1860714,0.3095,0.0184294954019,0.0
1863720,0.31,0.0184321312585,0.0
1866726,0.3105,0.0184269940745,0.0
1869732,0.311,0.0184464161988,0.0
1872738,0.3115,0.0184409712915,0.0
1875744,0.312,0.0184172053436,0.0
1878750,0.3125,0.0183788738443,0.0
1881756,0.313,0.0184152053699,0.0
1884762,0.3135,0.0184356249615,0.0
1887768,0.314,0.0184392025671,0.0
1890774,0.3145,0.0184259251243,0.0
1893780,0.315,0.0184326448325,0.0
1896786,0.3155,0.0184307900651,0.0
1899792,0.316,0.0184368252807,0.0
1902798,0.3165,0.0184376076039,0.0
1905804,0.317,0.0184512142326,0.0
1908810,0.3175,0.0184561884206,0.0
1911816,0.318,0.0184404498838,0.0
1914822,0.3185,0.0184039255758,0.0
1917828,0.319,0.0184038845925,0.0
1920834,0.3195,0.0184344133286,0.0
1923840,0.32,0.0184478418178,0.0
1926846,0.3205,0.0184414732218,0.0
1929852,0.321,0.0184330185637,0.0
1932858,0.3215,0.018436994461,0.0
1935864,0.322,0.0184315187388,0.0
1938870,0.3225,0.0184374224881,0.0
1941876,0.323,0.018432994572,0.0
1944882,0.3235,0.018445551623,0.0
1947888,0.324,0.0184401079808,0.0
1950894,0.3245,0.0184184677459,0.0
1953900,0.325,0.0183792359226,0.0
1956906,0.3255,0.0184210624136,0.0
1959912,0.326,0.0184438470882,0.0
1962918,0.3265,0.0184517756585,0.0
1965924,0.327,0.0184409312687,0.0
1968930,0.3275,0.0184483987368,0.0
1971936,0.328,0.0184432159073,0.0
1974942,0.3285,0.0184511776757,0.0
1977948,0.329,0.0184488582443,0.0
1980954,0.3295,0.0184498709981,0.0
1983960,0.33,0.0184488322975,0.0
1986966,0.3305,0.0184335844277,0.0
1989972,0.331,0.0184024205694,0.0
1992978,0.3315,0.0184036501754,0.0
1995984,0.332,0.0184415110177,0.0
1998990,0.3325,0.0184527041596,0.0
2001996,0.333,0.0184445351183,0.0
2005002,0.3335,0.0184336058106,0.0
2008008,0.334,0.0184323600104,0.0
2011014,0.3345,0.0184245513608,0.0
2014020,0.335,0.0184335712713,0.0
2017026,0.3355,0.0184336518209,0.0
2020032,0.336,0.0184539963219,0.0
2023038,0.3365,0.0184490760024,0.0
2026044,0.337,0.0184212547714,0.0
2029050,0.3375,0.0183782685578,0.0
2032056,0.338,0.0184196339501,0.0
2035062,0.3385,0.0184410294178,0.0
2038068,0.339,0.0184460348879,0.0
2041074,0.3395,0.0184342955683,0.0
2044080,0.34,0.018440002013,0.0
2047086,0.3405,0.018428646715,0.0
2050092,0.341,0.0184366597324,0.0
2053098,0.3415,0.0184352100484,0.0
2056104,0.342,0.018449405343,0.0
2059110,0.3425,0.0184557804395,0.0
2062116,0.343,0.0184414555331,0.0
2065122,0.3435,0.0184035843472,0.0
2068128,0.344,0.0184028857074,0.0
2071134,0.3445,0.0184379933602,0.0
2074140,0.345,0.0184527574218,0.0
2077146,0.3455,0.0184482373396,0.0
2080152,0.346,0.0184362047228,0.0
2083158,0.3465,0.0184373393864,0.0
2086164,0.347,0.0184312207101,0.0
2089170,0.3475,0.0184360631065,0.0
2092176,0.348,0.0184299840434,0.0
2095182,0.3485,0.0184452112334,0.0
2098188,0.349,0.0184417640476,0.0
2101194,0.3495,0.0184192758686,0.0
2104200,0.35,0.0183785931956,0.0
2107206,0.3505,0.0184201107147,0.0
2110212,0.351,0.0184442517812,0.0
2113218,0.3515,0.0184487206426,0.0
2116224,0.352,0.0184320038522,0.0
2119230,0.3525,0.0184368235595,0.0
2122236,0.353,0.0184294881444,0.0
2125242,0.3535,0.0184341356489,0.0
2128248,0.354,0.0184284340103,0.0
2131254,0.3545,0.0184398118144,0.0
2134260,0.355,0.0184469234096,0.0
2137266,0.3555,0.018439136175,0.0
2140272,0.356,0.0184036994538,0.0
2143278,0.3565,0.0184038649199,0.0
2146284,0.357,0.0184368914047,0.0
2149290,0.3575,0.0184481478878,0.0
2152296,0.358,0.0184373277215,0.0
2155302,0.3585,0.0184269195915,0.0
2158308,0.359,0.0184330529542,0.0
2161314,0.3595,0.0184293873045,0.0
2164320,0.36,0.0184337458718,0.0
2167326,0.3605,0.0184251190033,0.0
2170332,0.361,0.0184460528134,0.0
2173338,0.3615,0.0184451817922,0.0
2176344,0.362,0.0184244377817,0.0
2179350,0.3625,0.0183787427221,0.0
2182356,0.363,0.018421319061,0.0
2185362,0.3635,0.0184424992512,0.0
2188368,0.364,0.0184458133586,0.0
2191374,0.3645,0.018429309093,0.0
2194380,0.365,0.018440122172,0.0
2197386,0.3655,0.0184396046824,0.0
2200392,0.366,0.0184449365904,0.0
2203398,0.3665,0.0184355006645,0.0
2206404,0.367,0.0184446712923,0.0
2209410,0.3675,0.0184525617648,0.0
2212416,0.368,0.0184393671495,0.0
2215422,0.3685,0.0184052680748,0.0
2218428,0.369,0.0184065689563,0.0
2221434,0.3695,0.0184436195111,0.0
2224440,0.37,0.0184525176722,0.0
2227446,0.3705,0.0184421995827,0.0
2230452,0.371,0.0184326378963,0.0
2233458,0.3715,0.0184442561967,0.0
2236464,0.372,0.0184404303325,0.0
2239470,0.3725,0.0184409865369,0.0
2242476,0.373,0.018430609363,0.0
2245482,0.3735,0.0184506134474,0.0
2248488,0.374,0.0184483553208,0.0
2251494,0.3745,0.0184248934053,0.0
2254500,0.375,0.0183798041753,0.0
2257506,0.3755,0.0184258164968,0.0
2260512,0.376,0.0184508362604,0.0
2263518,0.3765,0.0184534013976,0.0
2266524,0.377,0.0184339445541,0.0
2269530,0.3775,0.0184444423773,0.0
2272536,0.378,0.0184458988885,0.0
2275542,0.3785,0.0184476740597,0.0
2278548,0.379,0.0184356018366,0.0
2281554,0.3795,0.018443620725,0.0
2284560,0.38,0.0184517632918,0.0
2287566,0.3805,0.0184402265248,0.0
2290572,0.381,0.018403986186,0.0
2293578,0.3815,0.0184024498871,0.0
2296584,0.382,0.0184370975827,0.0
2299590,0.3825,0.0184533625832,0.0
2302596,0.383,0.0184493126824,0.0
2305602,0.3835,0.0184346958781,0.0
2308608,0.384,0.0184427230548,0.0
2311614,0.3845,0.0184376951929,0.0
2314620,0.385,0.0184347934291,0.0
2317626,0.3855,0.0184244561251,0.0
2320632,0.386,0.0184388169848,0.0
2323638,0.3865,0.018435223251,0.0
2326644,0.387,0.0184156174671,0.0
2329650,0.3875,0.0183793481291,0.0
2332656,0.388,0.0184182026782,0.0
2335662,0.3885,0.0184415859929,0.0
2338668,0.389,0.0184470917176,0.0
2341674,0.3895,0.0184264142831,0.0
2344680,0.39,0.0184333353946,0.0
2347686,0.3905,0.0184305636617,0.0
2350692,0.391,0.0184390827737,0.0
2353698,0.3915,0.0184377599021,0.0
2356704,0.392,0.0184433268316,0.0
2359710,0.3925,0.0184419539698,0.0
2362716,0.393,0.0184232973966,0.0
2365722,0.3935,0.0183962241154,0.0
2368728,0.394,0.0183957344725,0.0
2371734,0.3945,0.0184210402558,0.0
2374740,0.395,0.0184428797882,0.0
2377746,0.3955,0.018430631075,0.0
2380752,0.396,0.0184251376908,0.0
2383758,0.3965,0.01842608148,0.0
2386764,0.397,0.0184281368298,0.0
2389770,0.3975,0.0184358690787,0.0
2392776,0.398,0.0184271027501,0.0
2395782,0.3985,0.018438632524,0.0
2398788,0.399,0.0184337295082,0.0
2401794,0.3995,0.0184243704712,0.0
2404800,0.4,0.0183789779819,0.0
2407806,0.4005,0.0184117216699,0.0
2410812,0.401,0.0184232318093,0.0
2413818,0.4015,0.0184262049311,0.0
2416824,0.402,0.0184206143452,0.0
2419830,0.4025,0.0184206098884,0.0
2422836,0.403,0.0184135401691,0.0
2425842,0.4035,0.0184209051374,0.0
2428848,0.404,0.0184276962298,0.0
2431854,0.4045,0.018435430959,0.0
2434860,0.405,0.0184259830825,0.0
2437866,0.4055,0.0184133085663,0.0
2440872,0.406,0.0183927730755,0.0
2443878,0.4065,0.0183933495162,0.0
2446884,0.407,0.0184140976439,0.0
2449890,0.4075,0.0184270439819,0.0
2452896,0.408,0.0184343096076,0.0
2455902,0.4085,0.0184317951271,0.0
2458908,0.409,0.0184194285752,0.0
2461914,0.4095,0.0184080110849,0.0
2464920,0.41,0.0184197117515,0.0
2467926,0.4105,0.0184242552774,0.0
2470932,0.411,0.0184258690191,0.0
2473938,0.4115,0.018419873594,0.0
2476944,0.412,0.0184053832415,0.0
2479950,0.4125,0.0183784904053,0.0
2482956,0.413,0.0184058110072,0.0
2485962,0.4135,0.018421027473,0.0
2488968,0.414,0.0184305034177,0.0
2491974,0.4145,0.0184297883371,0.0
2494980,0.415,0.018424635889,0.0
2497986,0.4155,0.0184134948599,0.0
2500992,0.416,0.0184245235209,0.0
2503998,0.4165,0.0184350049401,0.0
2507004,0.417,0.018445959525,0.0
2510010,0.4175,0.0184433878392,0.0
2513016,0.418,0.0184184528208,0.0
2516022,0.4185,0.0183942962658,0.0
2519028,0.419,0.0183946381857,0.0
2522034,0.4195,0.0184184523911,0.0
2525040,0.42,0.0184387249056,0.0
2528046,0.4205,0.0184386310761,0.0
2531052,0.421,0.0184328759109,0.0
2534058,0.4215,0.0184299508045,0.0
2537064,0.422,0.0184241734797,0.0
2540070,0.4225,0.0184362409009,0.0
2543076,0.423,0.0184400034165,0.0
2546082,0.4235,0.0184454752525,0.0
2549088,0.424,0.0184402059484,0.0
2552094,0.4245,0.018415649886,0.0
2555100,0.425,0.0183798317911,0.0
2558106,0.4255,0.018419344296,0.0
2561112,0.426,0.0184548489964,0.0
2564118,0.4265,0.0184750407111,0.0
2567124,0.427,0.0184689020583,0.0
2570130,0.4275,0.0184642596842,0.0
2573136,0.428,0.0184468729836,0.0
2576142,0.4285,0.0184490496382,0.0
2579148,0.429,0.0184475684861,0.0
2582154,0.4295,0.0184574658225,0.0
2585160,0.43,0.0184613642629,0.0
2588166,0.4305,0.0184356091174,0.0
2591172,0.431,0.0183995438715,0.0
2594178,0.4315,0.0183992475849,0.0
2597184,0.432,0.0184273341505,0.0
2600190,0.4325,0.018438436031,0.0
2603196,0.433,0.0184364643361,0.0
2606202,0.4335,0.0184308834404,0.0
2609208,0.434,0.0184345646474,0.0
2612214,0.4345,0.0184301467723,0.0
2615220,0.435,0.0184374843382,0.0
2618226,0.4355,0.0184348022887,0.0
2621232,0.436,0.0184490032904,0.0
2624238,0.4365,0.0184453503291,0.0
2627244,0.437,0.0184236938666,0.0
2630250,0.4375,0.0183793198674,0.0
2633256,0.438,0.0184268237499,0.0
2636262,0.4385,0.0184553395849,0.0
2639268,0.439,0.018453956694,0.0
2642274,0.4395,0.018430751129,0.0
2645280,0.44,0.0184337533946,0.0
2648286,0.4405,0.0184287698203,0.0
2651292,0.441,0.0184328539284,0.0
2654298,0.4415,0.0184270640616,0.0
2657304,0.442,0.0184370331102,0.0
2660310,0.4425,0.018445442253,0.0
2663316,0.443,0.0184394485346,0.0
2666322,0.4435,0.0184052272662,0.0
2669328,0.444,0.0184022313433,0.0
2672334,0.4445,0.0184365572782,0.0
2675340,0.445,0.018443004016,0.0
2678346,0.4455,0.0184355313519,0.0
2681352,0.446,0.0184275394391,0.0
2684358,0.4465,0.0184343363881,0.0
2687364,0.447,0.0184310708427,0.0
2690370,0.4475,0.018436115727,0.0
2693376,0.448,0.0184297283462,0.0
2696382,0.4485,0.0184483910424,0.0
2699388,0.449,0.0184503146074,0.0
2702394,0.4495,0.0184234826577,0.0
2705400,0.45,0.0183785380311,0.0
2708406,0.4505,0.0184276204939,0.0
2711412,0.451,0.0184589786691,0.0
2714418,0.4515,0.0184696792644,0.0
2717424,0.452,0.0184539509342,0.0
2720430,0.4525,0.0184558984534,0.0
2723436,0.453,0.0184600172034,0.0
2726442,0.4535,0.0184702552953,0.0
2729448,0.454,0.0184536768055,0.0
2732454,0.4545,0.0184573974706,0.0
2735460,0.455,0.0184594959285,0.0
2738466,0.4555,0.0184415229227,0.0
2741472,0.456,0.018406086987,0.0
2744478,0.4565,0.0184060369521,0.0
2747484,0.457,0.0184412278314,0.0
2750490,0.4575,0.0184605011098,0.0
2753496,0.458,0.018455217469,0.0
2756502,0.4585,0.0184450304107,0.0
2759508,0.459,0.0184445771112,0.0
2762514,0.4595,0.018438900607,0.0
2765520,0.46,0.0184448136214,0.0
2768526,0.4605,0.0184381342545,0.0
2771532,0.461,0.0184513457957,0.0
2774538,0.4615,0.0184452674042,0.0
2777544,0.462,0.0184215827093,0.0
2780550,0.4625,0.0183792107185,0.0
2783556,0.463,0.0184216907902,0.0
2786562,0.4635,0.0184475948737,0.0
2789568,0.464,0.0184606594021,0.0
2792574,0.4645,0.0184441254991,0.0
2795580,0.465,0.0184544025408,0.0
2798586,0.4655,0.0184531525843,0.0
2801592,0.466,0.0184512747238,0.0
2804598,0.4665,0.0184468267834,0.0
2807604,0.467,0.0184535520837,0.0
2810610,0.4675,0.0184566894509,0.0
2813616,0.468,0.0184410499281,0.0
2816622,0.4685,0.0184049800024,0.0
2819628,0.469,0.0184054561605,0.0
2822634,0.4695,0.0184411302869,0.0
2825640,0.47,0.0184594190492,0.0
2828646,0.4705,0.0184644581532,0.0
2831652,0.471,0.0184556170529,0.0
2834658,0.4715,0.0184556403449,0.0
2837664,0.472,0.0184482086838,0.0
2840670,0.4725,0.0184610635826,0.0
2843676,0.473,0.0184641353532,0.0
2846682,0.4735,0.0184735568445,0.0
2849688,0.474,0.0184628999644,0.0
2852694,0.4745,0.0184321682007,0.0
2855700,0.475,0.018379492487,0.0
2858706,0.4755,0.0184267027739,0.0
2861712,0.476,0.018453983071,0.0
2864718,0.4765,0.0184635135406,0.0
2867724,0.477,0.0184529315887,0.0
2870730,0.4775,0.018457064685,0.0
2873736,0.478,0.0184484896987,0.0
2876742,0.4785,0.0184567090446,0.0
2879748,0.479,0.0184564224106,0.0
2882754,0.4795,0.0184670543748,0.0
2885760,0.48,0.0184735198899,0.0
2888766,0.4805,0.0184563530515,0.0
2891772,0.481,0.0184113344279,0.0
2894778,0.4815,0.0184087738701,0.0
2897784,0.482,0.0184497530914,0.0
2900790,0.4825,0.0184687515207,0.0
2903796,0.483,0.0184666939276,0.0
2906802,0.4835,0.0184580303398,0.0
2909808,0.484,0.0184634002763,0.0
2912814,0.4845,0.0184611635497,0.0
2915820,0.485,0.0184659309694,0.0
2918826,0.4855,0.018456483979,0.0
2921832,0.486,0.0184715106692,0.0
2924838,0.4865,0.0184617913795,0.0
2927844,0.487,0.0184318892549,0.0
2930850,0.4875,0.0183796353037,0.0
2933856,0.488,0.0184347843245,0.0
2936862,0.4885,0.0184634700787,0.0
2939868,0.489,0.0184686179035,0.0
2942874,0.4895,0.0184477479448,0.0
2945880,0.49,0.0184554831534,0.0
2948886,0.4905,0.0184506749425,0.0
2951892,0.491,0.0184597363339,0.0
2954898,0.4915,0.0184605896049,0.0
2957904,0.492,0.0184734623611,0.0
2960910,0.4925,0.0184801908647,0.0
2963916,0.493,0.0184602153701,0.0
2966922,0.4935,0.0184114226678,0.0
2969928,0.494,0.0184112206968,0.0
2972934,0.4945,0.018455124198,0.0
2975940,0.495,0.0184728598326,0.0
2978946,0.4955,0.018461875579,0.0
2981952,0.496,0.0184492691075,0.0
2984958,0.4965,0.0184549767609,0.0
2987964,0.497,0.0184441978706,0.0
2990970,0.4975,0.0184505153567,0.0
2993976,0.498,0.0184438335116,0.0
2996982,0.4985,0.0184612583569,0.0
2999988,0.499,0.0184567845804,0.0
3002994,0.4995,0.0184298736517,0.0
3006000,0.5,0.0183785964377,0.0
3009006,0.5005,0.0184325938467,0.0
3012012,0.501,0.0184607256421,0.0
3015018,0.5015,0.0184629475959,0.0
3018024,0.502,0.0184395930838,0.0
3021030,0.5025,0.0184492597868,0.0
3024036,0.503,0.0184429770798,0.0
3027042,0.5035,0.0184478487811,0.0
3030048,0.504,0.0184389628138,0.0
3033054,0.5045,0.0184513663088,0.0
3036060,0.505,0.0184607788568,0.0
3039066,0.5055,0.0184463315307,0.0
3042072,0.506,0.0184092026097,0.0
3045078,0.5065,0.0184099468839,0.0
3048084,0.507,0.0184504918747,0.0
3051090,0.5075,0.0184657123856,0.0
3054096,0.508,0.0184514136798,0.0
3057102,0.5085,0.0184378450913,0.0
3060108,0.509,0.0184437539157,0.0
3063114,0.5095,0.0184381256783,0.0
3066120,0.51,0.0184439830354,0.0
3069126,0.5105,0.0184362798999,0.0
3072132,0.511,0.0184569528669,0.0
3075138,0.5115,0.0184544546127,0.0
3078144,0.512,0.0184290007729,0.0
3081150,0.5125,0.0183793613985,0.0
3084156,0.513,0.0184302226442,0.0
3087162,0.5135,0.0184564075072,0.0
3090168,0.514,0.0184583688458,0.0
3093174,0.5145,0.0184339298849,0.0
3096180,0.515,0.0184457632413,0.0
3099186,0.5155,0.0184452069938,0.0
3102192,0.516,0.0184483558661,0.0
3105198,0.5165,0.0184344842559,0.0
3108204,0.517,0.0184473713909,0.0
3111210,0.5175,0.0184610230649,0.0
3114216,0.518,0.0184492597101,0.0
3117222,0.5185,0.0184097354825,0.0
3120228,0.519,0.018410385777,0.0
3123234,0.5195,0.0184515334109,0.0
3126240,0.52,0.0184663656227,0.0
3129246,0.5205,0.018454490441,0.0
3132252,0.521,0.0184406335635,0.0
3135258,0.5215,0.0184508297207,0.0
3138264,0.522,0.0184441725008,0.0
3141270,0.5225,0.0184467611919,0.0
3144276,0.523,0.018436112997,0.0
3147282,0.5235,0.0184595124191,0.0
3150288,0.524,0.0184565350698,0.0
3153294,0.5245,0.018427184937,0.0
3156300,0.525,0.0183781312791,0.0
3159306,0.5255,0.0184253085159,0.0
3162312,0.526,0.0184496185891,0.0
3165318,0.5265,0.018455388913,0.0
3168324,0.527,0.0184397171683,0.0
3171330,0.5275,0.0184480541476,0.0
3174336,0.528,0.0184399149528,0.0
3177342,0.5285,0.0184492619148,0.0
3180348,0.529,0.0184500281797,0.0
3183354,0.5295,0.0184603606331,0.0
3186360,0.53,0.0184631176157,0.0
3189366,0.5305,0.0184441883991,0.0
3192372,0.531,0.0184054764677,0.0
3195378,0.5315,0.018404886818,0.0
3198384,0.532,0.0184397628531,0.0
3201390,0.5325,0.0184551461921,0.0
3204396,0.533,0.0184522080354,0.0
3207402,0.5335,0.0184433159033,0.0
3210408,0.534,0.0184444587522,0.0
3213414,0.5345,0.0184351072681,0.0
3216420,0.535,0.0184497933272,0.0
3219426,0.5355,0.018448471609,0.0
3222432,0.536,0.0184639305405,0.0
3225438,0.5365,0.0184579876988,0.0
3228444,0.537,0.018429371295,0.0
3231450,0.5375,0.0183776114142,0.0
3234456,0.538,0.0184296950757,0.0
3237462,0.5385,0.0184561387975,0.0
3240468,0.539,0.0184656022145,0.0
3243474,0.5395,0.018453346942,0.0
3246480,0.54,0.0184565175874,0.0
3249486,0.5405,0.0184332780683,0.0
3252492,0.541,0.0184421857293,0.0
3255498,0.5415,0.0184467373122,0.0
3258504,0.542,0.0184579432436,0.0
3261510,0.5425,0.0184588091459,0.0
3264516,0.543,0.018435480809,0.0
3267522,0.5435,0.0184010381487,0.0
3270528,0.544,0.0184012515092,0.0
3273534,0.5445,0.0184340907784,0.0
3276540,0.545,0.0184505594543,0.0
3279546,0.5455,0.0184527109738,0.0
3282552,0.546,0.0184448450984,0.0
3285558,0.5465,0.0184376459024,0.0
3288564,0.547,0.0184294048745,0.0
3291570,0.5475,0.0184406572512,0.0
3294576,0.548,0.0184457869854,0.0
3297582,0.5485,0.0184463891201,0.0
3300588,0.549,0.0184387352295,0.0
3303594,0.5495,0.0184162199256,0.0
3306600,0.55,0.0183793239827,0.0
3309606,0.5505,0.018415393579,0.0
3312612,0.551,0.0184354604519,0.0
3315618,0.5515,0.0184383878356,0.0
3318624,0.552,0.0184281555996,0.0
3321630,0.5525,0.0184286045115,0.0
3324636,0.553,0.0184223778987,0.0
3327642,0.5535,0.0184276651944,0.0
3330648,0.554,0.0184249067043,0.0
3333654,0.5545,0.0184298016755,0.0
3336660,0.555,0.0184331544812,0.0
3339666,0.5555,0.0184265544976,0.0
3342672,0.556,0.018399848037,0.0
3345678,0.5565,0.0184002283081,0.0
3348684,0.557,0.0184266216842,0.0
3351690,0.5575,0.0184426967299,0.0
3354696,0.558,0.0184431191974,0.0
3357702,0.5585,0.0184249747175,0.0
3360708,0.559,0.018429587479,0.0
3363714,0.5595,0.0184263339642,0.0
3366720,0.56,0.0184305607406,0.0
3369726,0.5605,0.0184244889923,0.0
3372732,0.561,0.0184426602842,0.0
3375738,0.5615,0.0184408203591,0.0
3378744,0.562,0.0184195220477,0.0
3381750,0.5625,0.018380679313,0.0
3384756,0.563,0.0184170354214,0.0
3387762,0.5635,0.0184394920979,0.0
3390768,0.564,0.0184412141694,0.0
3393774,0.5645,0.0184249379284,0.0
3396780,0.565,0.0184277278684,0.0
3399786,0.5655,0.0184218830831,0.0
3402792,0.566,0.0184295663534,0.0
3405798,0.5665,0.0184265060203,0.0
3408804,0.567,0.0184360238497,0.0
3411810,0.5675,0.0184441995754,0.0
3414816,0.568,0.0184311544054,0.0
3417822,0.5685,0.0184003966575,0.0
3420828,0.569,0.0184008928449,0.0
3423834,0.5695,0.0184335827388,0.0
3426840,0.57,0.0184472213059,0.0
3429846,0.5705,0.0184398522555,0.0
3432852,0.571,0.018428811938,0.0
3435858,0.5715,0.0184340195883,0.0
3438864,0.572,0.0184328322417,0.0
3441870,0.5725,0.0184452185454,0.0
3444876,0.573,0.0184386173625,0.0
3447882,0.5735,0.0184502470552,0.0
3450888,0.574,0.0184474189378,0.0
3453894,0.5745,0.0184243906875,0.0
3456900,0.575,0.0183786077083,0.0
3459906,0.5755,0.018423421201,0.0
3462912,0.576,0.0184483002892,0.0
3465918,0.5765,0.0184536573119,0.0
3468924,0.577,0.0184380571439,0.0
3471930,0.5775,0.0184437891698,0.0
3474936,0.578,0.0184357756181,0.0
3477942,0.5785,0.0184407091447,0.0
3480948,0.579,0.0184415306,0.0
3483954,0.5795,0.0184502580502,0.0
3486960,0.58,0.0184529759391,0.0
3489966,0.5805,0.0184370443749,0.0
3492972,0.581,0.0184023887665,0.0
3495978,0.5815,0.0184028950531,0.0
3498984,0.582,0.0184404714847,0.0
3501990,0.5825,0.0184600603837,0.0
3504996,0.583,0.0184597936641,0.0
3508002,0.5835,0.0184497798364,0.0
3511008,0.584,0.0184427257978,0.0
3514014,0.5845,0.0184325482546,0.0
3517020,0.585,0.0184470527399,0.0
3520026,0.5855,0.0184488729318,0.0
3523032,0.586,0.0184576020196,0.0
3526038,0.5865,0.0184536091045,0.0
3529044,0.587,0.018427465327,0.0
3532050,0.5875,0.0183781875525,0.0
3535056,0.588,0.018425440001,0.0
3538062,0.5885,0.0184526923739,0.0
3541068,0.589,0.0184592044399,0.0
3544074,0.5895,0.0184489514493,0.0
3547080,0.59,0.0184481699288,0.0
3550086,0.5905,0.0184338427989,0.0
3553092,0.591,0.0184427324174,0.0
3556098,0.5915,0.0184465703377,0.0
3559104,0.592,0.018454689581,0.0
3562110,0.5925,0.0184569493203,0.0
3565116,0.593,0.0184404775914,0.0
3568122,0.5935,0.0184046639543,0.0
3571128,0.594,0.0184049725486,0.0
3574134,0.5945,0.018440390775,0.0
3577140,0.595,0.0184546122582,0.0
3580146,0.5955,0.0184594229821,0.0
3583152,0.596,0.018441238618,0.0
3586158,0.5965,0.0184355676151,0.0
3589164,0.597,0.0184270827933,0.0
3592170,0.5975,0.0184356357953,0.0
3595176,0.598,0.0184308372618,0.0
3598182,0.5985,0.0184462231724,0.0
3601188,0.599,0.0184425351829,0.0
3604194,0.5995,0.0184203793543,0.0
3607200,0.6,0.0183787995109,0.0
3610206,0.6005,0.0184207874504,0.0
3613212,0.601,0.0184420953625,0.0
3616218,0.6015,0.0184453405395,0.0
3619224,0.602,0.0184301774009,0.0
3622230,0.6025,0.0184291832476,0.0
3625236,0.603,0.018419222018,0.0
3628242,0.6035,0.0184247006173,0.0
3631248,0.604,0.0184207199681,0.0
3634254,0.6045,0.0184355910703,0.0
3637260,0.605,0.0184488466757,0.0
3640266,0.6055,0.0184384293079,0.0
3643272,0.606,0.0184050845021,0.0
3646278,0.6065,0.0184054447397,0.0
3649284,0.607,0.0184401435204,0.0
3652290,0.6075,0.0184518904162,0.0
3655296,0.608,0.0184383101769,0.0
3658302,0.6085,0.0184229507398,0.0
3661308,0.609,0.0184316696874,0.0
3664314,0.6095,0.0184218186985,0.0
3667320,0.61,0.0184275952964,0.0
3670326,0.6105,0.0184232536106,0.0
3673332,0.611,0.0184481253748,0.0
3676338,0.6115,0.0184489496043,0.0
3679344,0.612,0.0184261364723,0.0
3682350,0.6125,0.0183791578935,0.0
3685356,0.613,0.0184272725304,0.0
3688362,0.6135,0.018450107453,0.0
3691368,0.614,0.0184479515836,0.0
3694374,0.6145,0.0184237302343,0.0
3697380,0.615,0.0184309366089,0.0
3700386,0.6155,0.0184237665459,0.0
3703392,0.616,0.0184297805975,0.0
3706398,0.6165,0.0184267754452,0.0
3709404,0.617,0.0184417518665,0.0
3712410,0.6175,0.0184511989951,0.0
3715416,0.618,0.0184395336341,0.0
3718422,0.6185,0.0184035634245,0.0
3721428,0.619,0.0184035795162,0.0
3724434,0.6195,0.0184395482765,0.0
3727440,0.62,0.0184528090612,0.0
3730446,0.6205,0.0184414636782,0.0
3733452,0.621,0.0184278154188,0.0
3736458,0.6215,0.0184354829872,0.0
3739464,0.622,0.0184350441177,0.0
3742470,0.6225,0.0184414343735,0.0
3745476,0.623,0.0184339422057,0.0
3748482,0.6235,0.0184536411419,0.0
3751488,0.624,0.0184499154279,0.0
3754494,0.6245,0.0184240902172,0.0
3757500,0.625,0.0183788087313,0.0
3760506,0.6255,0.0184249938681,0.0
3763512,0.626,0.0184446595561,0.0
3766518,0.6265,0.0184468890715,0.0
3769524,0.627,0.0184302298054,0.0
3772530,0.6275,0.0184377804307,0.0
3775536,0.628,0.018432925818,0.0
3778542,0.6285,0.01844124369,0.0
3781548,0.629,0.018435305904,0.0
3784554,0.6295,0.0184462875882,0.0
3787560,0.63,0.0184522885541,0.0
3790566,0.6305,0.0184370774413,0.0
3793572,0.631,0.018402913662,0.0
3796578,0.6315,0.0184033369155,0.0
3799584,0.632,0.0184379131624,0.0
3802590,0.6325,0.0184529234914,0.0
3805596,0.633,0.0184465094082,0.0
3808602,0.6335,0.018437789871,0.0
3811608,0.634,0.018443980223,0.0
3814614,0.6345,0.0184400648442,0.0
3817620,0.635,0.0184449001883,0.0
3820626,0.6355,0.0184356272388,0.0
3823632,0.636,0.0184554666128,0.0
3826638,0.6365,0.0184518198262,0.0
3829644,0.637,0.0184275426572,0.0
3832650,0.6375,0.0183804026303,0.0
3835656,0.638,0.0184257663687,0.0
3838662,0.6385,0.0184493770491,0.0
3841668,0.639,0.0184517576884,0.0
3844674,0.6395,0.0184321064297,0.0
3847680,0.64,0.0184446403123,0.0
3850686,0.6405,0.0184460886907,0.0
3853692,0.641,0.0184448211166,0.0
3856698,0.6415,0.018430168932,0.0
3859704,0.642,0.0184360370261,0.0
3862710,0.6425,0.018444541815,0.0
3865716,0.643,0.0184339677371,0.0
3868722,0.6435,0.0184027536498,0.0
3871728,0.644,0.0184031591023,0.0
3874734,0.6445,0.0184347006372,0.0
3877740,0.645,0.0184450625449,0.0
3880746,0.6455,0.0184360474421,0.0
3883752,0.646,0.0184274890888,0.0
3886758,0.6465,0.0184415645933,0.0
3889764,0.647,0.0184424110195,0.0
3892770,0.6475,0.0184504563984,0.0
3895776,0.648,0.0184394272135,0.0
3898782,0.6485,0.0184449396493,0.0
3901788,0.649,0.0184416204586,0.0
3904794,0.6495,0.0184193804199,0.0
3907800,0.65,0.0183786185016,0.0
3910806,0.6505,0.0184191805614,0.0
3913812,0.651,0.018440860753,0.0
3916818,0.6515,0.0184442870255,0.0
3919824,0.652,0.018431389614,0.0
3922830,0.6525,0.0184496431183,0.0
3925836,0.653,0.0184559115719,0.0
3928842,0.6535,0.018457537242,0.0
3931848,0.654,0.0184383924339,0.0
3934854,0.6545,0.0184573440536,0.0
3937860,0.655,0.018464002301,0.0
3940866,0.6555,0.0184406598123,0.0
3943872,0.656,0.0184040294416,0.0
3946878,0.6565,0.0184037664059,0.0
3949884,0.657,0.018436890159,0.0
3952890,0.6575,0.0184500520075,0.0
3955896,0.658,0.0184619529906,0.0
3958902,0.6585,0.018455579529,0.0
3961908,0.659,0.0184506431736,0.0
3964914,0.6595,0.0184378883753,0.0
3967920,0.66,0.0184409676015,0.0
3970926,0.6605,0.018432495718,0.0
3973932,0.661,0.0184465766926,0.0
3976938,0.6615,0.0184433546197,0.0
3979944,0.662,0.0184215798297,0.0
3982950,0.6625,0.0183790539564,0.0
3985956,0.663,0.0184228729115,0.0
3988962,0.6635,0.0184463305644,0.0
3991968,0.664,0.018449374479,0.0
3994974,0.6645,0.0184335314952,0.0
3997980,0.665,0.0184386695416,0.0
4000986,0.6655,0.0184301627305,0.0
4003992,0.666,0.0184326576417,0.0
4006998,0.6665,0.0184286061401,0.0
4010004,0.667,0.0184318949651,0.0
4013010,0.6675,0.0184341216605,0.0
4016016,0.668,0.0184233452695,0.0
4019022,0.6685,0.0183977508093,0.0
4022028,0.669,0.0183988943617,0.0
4025034,0.6695,0.0184332028496,0.0
4028040,0.67,0.018462441804,0.0
4031046,0.6705,0.0184619625858,0.0
4034052,0.671,0.0184345101509,0.0
4037058,0.6715,0.0184270352468,0.0
4040064,0.672,0.0184189789029,0.0
4043070,0.6725,0.0184269147126,0.0
4046076,0.673,0.0184255094286,0.0
4049082,0.6735,0.018433391025,0.0
4052088,0.674,0.0184268126812,0.0
4055094,0.6745,0.0184094008921,0.0
4058100,0.675,0.0183788788134,0.0
4061106,0.6755,0.0184097747912,0.0
4064112,0.676,0.018429746278,0.0
4067118,0.6765,0.0184409762826,0.0
4070124,0.677,0.0184507777066,0.0
4073130,0.6775,0.0184389467113,0.0
4076136,0.678,0.0184245467309,0.0
4079142,0.6785,0.018430951628,0.0
4082148,0.679,0.0184260772699,0.0
4085154,0.6795,0.0184296296493,0.0
4088160,0.68,0.0184301596776,0.0
4091166,0.6805,0.0184178530519,0.0
4094172,0.681,0.0183945253888,0.0
4097178,0.6815,0.0183937988806,0.0
4100184,0.682,0.018414775232,0.0
4103190,0.6825,0.0184248964485,0.0
4106196,0.683,0.0184245269511,0.0
4109202,0.6835,0.0184210330425,0.0
4112208,0.684,0.0184187013161,0.0
4115214,0.6845,0.0184147777064,0.0
4118220,0.685,0.0184222774879,0.0
4121226,0.6855,0.0184235468048,0.0
4124232,0.686,0.0184316747882,0.0
4127238,0.6865,0.0184305155298,0.0
4130244,0.687,0.0184130934768,0.0
4133250,0.6875,0.0183793382488,0.0
4136256,0.688,0.0184114125696,0.0
4139262,0.6885,0.0184330581604,0.0
4142268,0.689,0.0184440968201,0.0
4145274,0.6895,0.0184446429008,0.0
4148280,0.69,0.0184358252324,0.0
4151286,0.6905,0.0184254881679,0.0
4154292,0.691,0.0184321970099,0.0
4157298,0.6915,0.018438854626,0.0
4160304,0.692,0.018451542749,0.0
4163310,0.6925,0.0184419624744,0.0
4166316,0.693,0.0184265983726,0.0
4169322,0.6935,0.0183981747333,0.0
4172328,0.694,0.0183971284176,0.0
4175334,0.6945,0.0184228686247,0.0
4178340,0.695,0.0184341601505,0.0
4181346,0.6955,0.0184330709108,0.0
4184352,0.696,0.0184285168059,0.0
4187358,0.6965,0.0184312980906,0.0
4190364,0.697,0.0184278988915,0.0
4193370,0.6975,0.0184371844924,0.0
4196376,0.698,0.0184343069359,0.0
4199382,0.6985,0.018448599238,0.0
4202388,0.699,0.0184385298918,0.0
4205394,0.6995,0.0184191833305,0.0
4208400,0.7,0.0183786847891,0.0
4211406,0.7005,0.0184200713169,0.0
4214412,0.701,0.0184397542713,0.0
4217418,0.7015,0.018440153928,0.0
4220424,0.702,0.0184273026869,0.0
4223430,0.7025,0.0184321674336,0.0
4226436,0.703,0.0184272191397,0.0
4229442,0.7035,0.0184288589209,0.0
4232448,0.704,0.0184240898527,0.0
4235454,0.7045,0.0184306052524,0.0
4238460,0.705,0.0184359321903,0.0
4241466,0.7055,0.0184261603746,0.0
4244472,0.706,0.0183980106848,0.0
4247478,0.7065,0.018398266478,0.0
4250484,0.707,0.0184276909489,0.0
4253490,0.7075,0.0184407586847,0.0
4256496,0.708,0.0184399584639,0.0
4259502,0.7085,0.0184371841674,0.0
4262508,0.709,0.0184380526027,0.0
4265514,0.7095,0.0184310446407,0.0
4268520,0.71,0.0184341018556,0.0
4271526,0.7105,0.0184310325799,0.0
4274532,0.711,0.0184483337017,0.0
4277538,0.7115,0.0184471233853,0.0
4280544,0.712,0.0184206931204,0.0
4283550,0.7125,0.0183793717483,0.0
4286556,0.713,0.018423599272,0.0
4289562,0.7135,0.018443084946,0.0
4292568,0.714,0.018446010292,0.0
4295574,0.7145,0.0184302249301,0.0
4298580,0.715,0.018439488412,0.0
4301586,0.7155,0.018440394465,0.0
4304592,0.716,0.0184438546695,0.0
4307598,0.7165,0.0184328796436,0.0
4310604,0.717,0.0184412042459,0.0
4313610,0.7175,0.0184483545027,0.0
4316616,0.718,0.0184361642818,0.0
4319622,0.7185,0.0184045846425,0.0
4322628,0.719,0.0184063281925,0.0
4325634,0.7195,0.018441072453,0.0
4328640,0.72,0.0184559376595,0.0
4331646,0.7205,0.0184520054961,0.0
4334652,0.721,0.0184429514579,0.0
4337658,0.7215,0.018449620365,0.0
4340664,0.722,0.0184453989134,0.0
4343670,0.7225,0.0184462503271,0.0
4346676,0.723,0.0184368249799,0.0
4349682,0.7235,0.0184532601566,0.0
4352688,0.724,0.0184486589677,0.0
4355694,0.7245,0.0184249360211,0.0
4358700,0.725,0.0183797387877,0.0
4361706,0.7255,0.0184267083278,0.0
4364712,0.726,0.0184534550285,0.0
4367718,0.7265,0.0184605833418,0.0
4370724,0.727,0.0184444548944,0.0
4373730,0.7275,0.0184484215005,0.0
4376736,0.728,0.0184388226792,0.0
4379742,0.7285,0.0184441430714,0.0
4382748,0.729,0.0184396912793,0.0
4385754,0.7295,0.018447284144,0.0
4388760,0.73,0.0184505158555,0.0
4391766,0.7305,0.0184352882543,0.0
4394772,0.731,0.0184014804632,0.0
4397778,0.7315,0.0184007998726,0.0
4400784,0.732,0.0184293394367,0.0
4403790,0.7325,0.0184410258529,0.0
4406796,0.733,0.0184372850513,0.0
4409802,0.7335,0.0184295152296,0.0
4412808,0.734,0.0184311916627,0.0
4415814,0.7345,0.0184310457745,0.0
4418820,0.735,0.0184317893507,0.0
4421826,0.7355,0.018426374656,0.0
4424832,0.736,0.0184418001497,0.0
4427838,0.7365,0.0184354945392,0.0
4430844,0.737,0.0184161074483,0.0
4433850,0.7375,0.0183778840163,0.0
4436856,0.738,0.0184171951512,0.0
4439862,0.7385,0.0184353919592,0.0
4442868,0.739,0.0184391099617,0.0
4445874,0.7395,0.0184267218928,0.0
4448880,0.74,0.018431972164,0.0
4451886,0.7405,0.0184271771968,0.0
4454892,0.741,0.0184339124962,0.0
4457898,0.7415,0.0184337409783,0.0
4460904,0.742,0.0184432210146,0.0
4463910,0.7425,0.0184489243554,0.0
4466916,0.743,0.0184360287784,0.0
4469922,0.7435,0.0184028365772,0.0
4472928,0.744,0.0184033769681,0.0
4475934,0.7445,0.0184396735956,0.0
4478940,0.745,0.0184621442187,0.0
4481946,0.7455,0.018458433869,0.0
4484952,0.746,0.0184471989938,0.0
4487958,0.7465,0.018445853844,0.0
4490964,0.747,0.0184354626498,0.0
4493970,0.7475,0.0184431222196,0.0
4496976,0.748,0.018444491231,0.0
4499982,0.7485,0.0184616614893,0.0
4502988,0.749,0.0184566100081,0.0
4505994,0.7495,0.0184287165588,0.0
4509000,0.75,0.018378545934,0.0
4512006,0.7505,0.0184229778525,0.0
4515012,0.751,0.0184440171082,0.0
4518018,0.7515,0.0184511524382,0.0
4521024,0.752,0.0184391279163,0.0
4524030,0.7525,0.0184451021703,0.0
4527036,0.753,0.018439551846,0.0
4530042,0.7535,0.0184406176601,0.0
4533048,0.754,0.0184379425866,0.0
4536054,0.7545,0.0184480722207,0.0
4539060,0.755,0.0184532543837,0.0
4542066,0.7555,0.0184398754098,0.0
4545072,0.756,0.018404561456,0.0
4548078,0.7565,0.0184052795359,0.0
4551084,0.757,0.0184417563494,0.0
4554090,0.7575,0.0184546815275,0.0
4557096,0.758,0.0184510093769,0.0
4560102,0.7585,0.0184462280065,0.0
4563108,0.759,0.0184489480306,0.0
4566114,0.7595,0.0184406141119,0.0
4569120,0.76,0.0184419098941,0.0
4572126,0.7605,0.0184312232499,0.0
4575132,0.761,0.0184474652982,0.0
4578138,0.7615,0.0184460481637,0.0
4581144,0.762,0.0184257378986,0.0
4584150,0.7625,0.018378567267,0.0
4587156,0.763,0.0184203492991,0.0
4590162,0.7635,0.0184409128657,0.0
4593168,0.764,0.0184453874294,0.0
4596174,0.7645,0.0184333925431,0.0
4599180,0.765,0.0184415363774,0.0
4602186,0.7655,0.0184374303383,0.0
4605192,0.766,0.0184457423072,0.0
4608198,0.7665,0.0184442754175,0.0
4611204,0.767,0.0184528857715,0.0
4614210,0.7675,0.0184622105332,0.0
4617216,0.768,0.0184442641236,0.0
4620222,0.7685,0.0184088327668,0.0
4623228,0.769,0.0184102118554,0.0
4626234,0.7695,0.0184486745105,0.0
4629240,0.77,0.0184663793441,0.0
4632246,0.7705,0.0184626697352,0.0
4635252,0.771,0.0184467598531,0.0
4638258,0.7715,0.0184447360757,0.0
4641264,0.772,0.0184387066627,0.0
4644270,0.7725,0.018447812637,0.0
4647276,0.773,0.0184416857181,0.0
4650282,0.7735,0.0184525380151,0.0
4653288,0.774,0.0184473802969,0.0
4656294,0.7745,0.0184232832973,0.0
4659300,0.775,0.0183781241673,0.0
4662306,0.7755,0.0184209423231,0.0
4665312,0.776,0.0184441578958,0.0
4668318,0.7765,0.0184481408092,0.0
4671324,0.777,0.018432924353,0.0
4674330,0.7775,0.0184395007208,0.0
4677336,0.778,0.0184351970811,0.0
4680342,0.7785,0.0184424856827,0.0
4683348,0.779,0.0184348990244,0.0
4686354,0.7795,0.0184439637598,0.0
4689360,0.78,0.0184509705292,0.0
4692366,0.7805,0.0184382965139,0.0
4695372,0.781,0.0184071668423,0.0
4698378,0.7815,0.0184090616022,0.0
4701384,0.782,0.0184440831072,0.0
4704390,0.7825,0.0184565550917,0.0
4707396,0.783,0.0184450002261,0.0
4710402,0.7835,0.0184364833081,0.0
4713408,0.784,0.0184447419014,0.0
4716414,0.7845,0.0184416296151,0.0
4719420,0.785,0.0184475348082,0.0
4722426,0.7855,0.0184430930727,0.0
4725432,0.786,0.0184580210926,0.0
4728438,0.7865,0.0184523917486,0.0
4731444,0.787,0.0184258065795,0.0
4734450,0.7875,0.0183789043518,0.0
4737456,0.788,0.0184219968573,0.0
4740462,0.7885,0.0184463480442,0.0
4743468,0.789,0.0184509841859,0.0
4746474,0.7895,0.0184386838652,0.0
4749480,0.79,0.0184455363589,0.0
4752486,0.7905,0.0184366408779,0.0
4755492,0.791,0.0184487524189,0.0
4758498,0.7915,0.0184512440949,0.0
4761504,0.792,0.018457737069,0.0
4764510,0.7925,0.0184635602737,0.0
4767516,0.793,0.0184469508679,0.0
4770522,0.7935,0.0184067580722,0.0
4773528,0.794,0.0184050971042,0.0
4776534,0.7945,0.0184403866704,0.0
4779540,0.795,0.0184583469696,0.0
4782546,0.7955,0.0184595800481,0.0
4785552,0.796,0.0184517335508,0.0
4788558,0.7965,0.0184483669116,0.0
4791564,0.797,0.0184375254013,0.0
4794570,0.7975,0.0184511008179,0.0
4797576,0.798,0.0184464170345,0.0
4800582,0.7985,0.0184623082213,0.0
4803588,0.799,0.0184520127845,0.0
4806594,0.7995,0.0184249623388,0.0
4809600,0.8,0.0183787416701,0.0
4812606,0.8005,0.0184279141274,0.0
4815612,0.801,0.0184532948127,0.0
4818618,0.8015,0.0184482909455,0.0
4821624,0.802,0.01843278426,0.0
4824630,0.8025,0.0184387088833,0.0
4827636,0.803,0.0184302406184,0.0
4830642,0.8035,0.018436228962,0.0
4833648,0.804,0.0184336405312,0.0
4836654,0.8045,0.018442475429,0.0
4839660,0.805,0.0184477048374,0.0
4842666,0.8055,0.0184360548491,0.0
4845672,0.806,0.0184053202373,0.0
4848678,0.8065,0.0184100340983,0.0
4851684,0.807,0.0184470785171,0.0
4854690,0.8075,0.0184624865378,0.0
4857696,0.808,0.0184505741731,0.0
4860702,0.8085,0.0184382415473,0.0
4863708,0.809,0.0184493611684,0.0
4866714,0.8095,0.0184455038263,0.0
4869720,0.81,0.0184514698731,0.0
4872726,0.8105,0.0184418790633,0.0
4875732,0.811,0.0184586820177,0.0
4878738,0.8115,0.0184566137795,0.0
4881744,0.812,0.0184328409307,0.0
4884750,0.8125,0.0183785782491,0.0
4887756,0.813,0.0184329885688,0.0
4890762,0.8135,0.0184605401624,0.0
4893768,0.814,0.0184661586614,0.0
4896774,0.8145,0.0184367564081,0.0
4899780,0.815,0.0184462139121,0.0
4902786,0.8155,0.0184453892214,0.0
4905792,0.816,0.0184526213102,0.0
4908798,0.8165,0.0184418277259,0.0
4911804,0.817,0.0184568119495,0.0
4914810,0.8175,0.0184770026661,0.0
4917816,0.818,0.0184531427384,0.0
4920822,0.8185,0.0184106752865,0.0
4923828,0.819,0.01841219472,0.0
4926834,0.8195,0.0184632832498,0.0
4929840,0.82,0.0184723269563,0.0
4932846,0.8205,0.0184584166507,0.0
4935852,0.821,0.0184472782421,0.0
4938858,0.8215,0.018456068947,0.0
4941864,0.822,0.0184479216899,0.0
4944870,0.8225,0.0184521442949,0.0
4947876,0.823,0.0184375070257,0.0
4950882,0.8235,0.0184519885592,0.0
4953888,0.824,0.0184471800594,0.0
4956894,0.8245,0.0184236858155,0.0
4959900,0.825,0.0183795215474,0.0
4962906,0.8255,0.0184230336839,0.0
4965912,0.826,0.0184447760197,0.0
4968918,0.8265,0.018448964647,0.0
4971924,0.827,0.0184359800806,0.0
4974930,0.8275,0.0184435727596,0.0
4977936,0.828,0.0184388010594,0.0
4980942,0.8285,0.0184440036207,0.0
4983948,0.829,0.0184403881128,0.0
4986954,0.8295,0.0184497792234,0.0
4989960,0.83,0.0184588867521,0.0
4992966,0.8305,0.0184417966687,0.0
4995972,0.831,0.01840517232,0.0
4998978,0.8315,0.018405294654,0.0
5001984,0.832,0.0184418856646,0.0
5004990,0.8325,0.0184564032829,0.0
5007996,0.833,0.0184439773268,0.0
5011002,0.8335,0.0184401679941,0.0
5014008,0.834,0.0184461724949,0.0
5017014,0.8345,0.0184398517269,0.0
5020020,0.835,0.0184433187755,0.0
5023026,0.8355,0.0184367116871,0.0
5026032,0.836,0.0184507634224,0.0
5029038,0.8365,0.0184438280045,0.0
5032044,0.837,0.0184206443255,0.0
5035050,0.8375,0.0183785378529,0.0
5038056,0.838,0.0184208398126,0.0
5041062,0.8385,0.0184424723018,0.0
5044068,0.839,0.0184471096711,0.0
5047074,0.8395,0.0184351590282,0.0
5050080,0.84,0.0184390528497,0.0
5053086,0.8405,0.0184321908733,0.0
5056092,0.841,0.0184430014068,0.0
5059098,0.8415,0.0184462246378,0.0
5062104,0.842,0.0184608137619,0.0
5065110,0.8425,0.0184544387626,0.0
5068116,0.843,0.0184367154839,0.0
5071122,0.8435,0.0184031274662,0.0
5074128,0.844,0.0184061614951,0.0
5077134,0.8445,0.0184446580106,0.0
5080140,0.845,0.0184596986824,0.0
5083146,0.8455,0.0184583133365,0.0
5086152,0.846,0.0184485810175,0.0
5089158,0.8465,0.0184438300496,0.0
5092164,0.847,0.0184340161452,0.0
5095170,0.8475,0.0184477330945,0.0
5098176,0.848,0.0184492876295,0.0
5101182,0.8485,0.018463733791,0.0
5104188,0.849,0.0184563366506,0.0
5107194,0.8495,0.0184288727908,0.0
5110200,0.85,0.0183791987398,0.0
5113206,0.8505,0.0184320144775,0.0
5116212,0.851,0.0184641548223,0.0
5119218,0.8515,0.0184713535583,0.0
5122224,0.852,0.0184519361041,0.0
5125230,0.8525,0.0184504787711,0.0
5128236,0.853,0.0184303548667,0.0
5131242,0.8535,0.0184366026803,0.0
5134248,0.854,0.0184390164956,0.0
5137254,0.8545,0.0184464241151,0.0
5140260,0.855,0.0184567519507,0.0
5143266,0.8555,0.0184359532042,0.0
5146272,0.856,0.0184026887048,0.0
5149278,0.8565,0.0184031558955,0.0
5152284,0.857,0.0184354657667,0.0
5155290,0.8575,0.0184494238817,0.0
5158296,0.858,0.0184462096564,0.0
5161302,0.8585,0.0184398553168,0.0
5164308,0.859,0.0184405753664,0.0
5167314,0.8595,0.0184323794807,0.0
5170320,0.86,0.0184427794156,0.0
5173326,0.8605,0.0184399804854,0.0
5176332,0.861,0.0184524642407,0.0
5179338,0.8615,0.0184467605362,0.0
5182344,0.862,0.0184227028523,0.0
5185350,0.8625,0.0183796036066,0.0
5188356,0.863,0.0184233205106,0.0
5191362,0.8635,0.0184495320366,0.0
5194368,0.864,0.0184569286274,0.0
5197374,0.8645,0.0184467645959,0.0
5200380,0.865,0.0184484532179,0.0
5203386,0.8655,0.0184323553226,0.0
5206392,0.866,0.0184424668804,0.0
5209398,0.8665,0.0184464070502,0.0
5212404,0.867,0.0184581173151,0.0
5215410,0.8675,0.0184597697177,0.0
5218416,0.868,0.0184467338061,0.0
5221422,0.8685,0.0184063756537,0.0
5224428,0.869,0.0184040009752,0.0
5227434,0.8695,0.0184422973299,0.0
5230440,0.87,0.0184626816846,0.0
5233446,0.8705,0.0184590268913,0.0
5236452,0.871,0.018450583639,0.0
5239458,0.8715,0.0184472585821,0.0
5242464,0.872,0.0184380330823,0.0
5245470,0.8725,0.0184535362526,0.0
5248476,0.873,0.0184533481476,0.0
5251482,0.8735,0.0184636454619,0.0
5254488,0.874,0.0184555914999,0.0
5257494,0.8745,0.0184267056685,0.0
5260500,0.875,0.0183779878537,0.0
5263506,0.8755,0.0184248233836,0.0
5266512,0.876,0.018449844518,0.0
5269518,0.8765,0.0184577501353,0.0
5272524,0.877,0.018446743263,0.0
5275530,0.8775,0.0184465112778,0.0
5278536,0.878,0.0184355353323,0.0
5281542,0.8785,0.0184425170591,0.0
5284548,0.879,0.0184440081993,0.0
5287554,0.8795,0.018452603113,0.0
5290560,0.88,0.0184537080056,0.0
5293566,0.8805,0.0184377467948,0.0
5296572,0.881,0.0184027419542,0.0
5299578,0.8815,0.0184044458111,0.0
5302584,0.882,0.0184437382801,0.0
5305590,0.8825,0.018464143636,0.0
5308596,0.883,0.0184641211641,0.0
5311602,0.8835,0.0184556033552,0.0
5314608,0.884,0.0184531306118,0.0
5317614,0.8845,0.0184426185143,0.0
5320620,0.885,0.0184617974163,0.0
5323626,0.8855,0.0184580970157,0.0
5326632,0.886,0.0184680557281,0.0
5329638,0.8865,0.01846028082,0.0
5332644,0.887,0.0184300055047,0.0
5335650,0.8875,0.0183782556242,0.0
5338656,0.888,0.0184309518405,0.0
5341662,0.8885,0.0184650967033,0.0
5344668,0.889,0.0184763347854,0.0
5347674,0.8895,0.0184601086235,0.0
5350680,0.89,0.0184563771924,0.0
5353686,0.8905,0.0184447029108,0.0
5356692,0.891,0.0184498190545,0.0
5359698,0.8915,0.0184466163846,0.0
5362704,0.892,0.018451902952,0.0
5365710,0.8925,0.0184533026349,0.0
5368716,0.893,0.0184462531768,0.0
5371722,0.8935,0.0184080961275,0.0
5374728,0.894,0.0184067155271,0.0
5377734,0.8945,0.0184381800605,0.0
5380740,0.895,0.0184532432623,0.0
5383746,0.8955,0.0184499491118,0.0
5386752,0.896,0.0184453182155,0.0
5389758,0.8965,0.0184474910582,0.0
5392764,0.897,0.0184462248593,0.0
5395770,0.8975,0.018455425478,0.0
5398776,0.898,0.0184424921512,0.0
5401782,0.8985,0.0184491086037,0.0
5404788,0.899,0.0184414905919,0.0
5407794,0.8995,0.0184179482282,0.0
5410800,0.9,0.0183786040496,0.0
5413806,0.9005,0.0184248131368,0.0
5416812,0.901,0.0184535238664,0.0
5419818,0.9015,0.0184504714765,0.0
5422824,0.902,0.01843932103,0.0
5425830,0.9025,0.0184437435875,0.0
5428836,0.903,0.018439726381,0.0
5431842,0.9035,0.0184446029392,0.0
5434848,0.904,0.0184392786095,0.0
5437854,0.9045,0.0184428073707,0.0
5440860,0.905,0.0184452630112,0.0
5443866,0.9055,0.0184346738429,0.0
5446872,0.906,0.0184038543146,0.0
5449878,0.9065,0.018403556748,0.0
5452884,0.907,0.0184335593678,0.0
5455890,0.9075,0.0184481499427,0.0
5458896,0.908,0.0184468811712,0.0
5461902,0.9085,0.0184438109376,0.0
5464908,0.909,0.0184459616294,0.0
5467914,0.9095,0.0184404449589,0.0
5470920,0.91,0.0184475307693,0.0
5473926,0.9105,0.0184435098275,0.0
5476932,0.911,0.0184538239383,0.0
5479938,0.9115,0.0184441038395,0.0
5482944,0.912,0.0184197035186,0.0
5485950,0.9125,0.0183787188176,0.0
5488956,0.913,0.0184178855859,0.0
5491962,0.9135,0.0184402347045,0.0
5494968,0.914,0.0184466869926,0.0
5497974,0.9145,0.0184402802938,0.0
5500980,0.915,0.0184453303298,0.0
5503986,0.9155,0.0184422861622,0.0
5506992,0.916,0.0184446975179,0.0
5509998,0.9165,0.0184466128297,0.0
5513004,0.917,0.0184524531094,0.0
5516010,0.9175,0.0184547606937,0.0
5519016,0.918,0.0184390387014,0.0
5522022,0.9185,0.0184027399072,0.0
5525028,0.919,0.0184029344369,0.0
5528034,0.9195,0.0184394664577,0.0
5531040,0.92,0.0184590736109,0.0
5534046,0.9205,0.018454225511,0.0
5537052,0.921,0.0184443772697,0.0
5540058,0.9215,0.0184445724473,0.0
5543064,0.922,0.0184393568194,0.0
5546070,0.9225,0.0184479418938,0.0
5549076,0.923,0.0184472671017,0.0
5552082,0.9235,0.0184670373686,0.0
5555088,0.924,0.018459972763,0.0
5558094,0.9245,0.0184291744777,0.0
5561100,0.925,0.0183786012644,0.0
5564106,0.9255,0.0184293500863,0.0
5567112,0.926,0.0184574863201,0.0
5570118,0.9265,0.0184583074932,0.0
5573124,0.927,0.0184446264894,0.0
5576130,0.9275,0.0184470400264,0.0
5579136,0.928,0.018433037369,0.0
5582142,0.9285,0.0184470448365,0.0
5585148,0.929,0.018456974844,0.0
5588154,0.9295,0.0184621505224,0.0
5591160,0.93,0.0184631594605,0.0
5594166,0.9305,0.0184434833608,0.0
5597172,0.931,0.0184050217303,0.0
5600178,0.9315,0.0184060797841,0.0
5603184,0.932,0.0184418268198,0.0
5606190,0.9325,0.0184512470008,0.0
5609196,0.933,0.0184491576809,0.0
5612202,0.9335,0.018437231624,0.0
5615208,0.934,0.0184308268636,0.0
5618214,0.9345,0.0184213203112,0.0
5621220,0.935,0.0184341742202,0.0
5624226,0.9355,0.0184366023973,0.0
5627232,0.936,0.0184525889442,0.0
5630238,0.9365,0.0184509005517,0.0
5633244,0.937,0.0184223818798,0.0
5636250,0.9375,0.0183777124264,0.0
5639256,0.938,0.0184182923585,0.0
5642262,0.9385,0.0184447181826,0.0
5645268,0.939,0.0184553410366,0.0
5648274,0.9395,0.0184468492794,0.0
5651280,0.94,0.0184421540423,0.0
5654286,0.9405,0.0184240664122,0.0
5657292,0.941,0.0184347221229,0.0
5660298,0.9415,0.0184424077851,0.0
5663304,0.942,0.0184531084878,0.0
5666310,0.9425,0.0184555483879,0.0
5669316,0.943,0.0184391854328,0.0
5672322,0.9435,0.0184040012967,0.0
5675328,0.944,0.0184039812547,0.0
5678334,0.9445,0.0184380594148,0.0
5681340,0.945,0.0184555370525,0.0
5684346,0.9455,0.0184592236377,0.0
5687352,0.946,0.0184577756821,0.0
5690358,0.9465,0.0184410561511,0.0
5693364,0.947,0.0184271249636,0.0
5696370,0.9475,0.0184332108925,0.0
5699376,0.948,0.0184311118823,0.0
5702382,0.9485,0.0184382470346,0.0
5705388,0.949,0.0184312401083,0.0
5708394,0.9495,0.0184108052861,0.0
5711400,0.95,0.0183790247665,0.0
5714406,0.9505,0.0184117617128,0.0
5717412,0.951,0.018433643027,0.0
5720418,0.9515,0.0184374916045,0.0
5723424,0.952,0.0184273596798,0.0
5726430,0.9525,0.0184295464691,0.0
5729436,0.953,0.0184238477324,0.0
5732442,0.9535,0.0184303826524,0.0
5735448,0.954,0.0184305659386,0.0
5738454,0.9545,0.0184422625486,0.0
5741460,0.955,0.0184495731113,0.0
5744466,0.9555,0.0184357122414,0.0
5747472,0.956,0.0184025677279,0.0
5750478,0.9565,0.0184033238158,0.0
5753484,0.957,0.0184409411254,0.0
5756490,0.9575,0.0184558348492,0.0
5759496,0.958,0.018455470026,0.0
5762502,0.9585,0.0184470816942,0.0
5765508,0.959,0.0184447460869,0.0
5768514,0.9595,0.018433760251,0.0
5771520,0.96,0.0184397567841,0.0
5774526,0.9605,0.0184305098915,0.0
5777532,0.961,0.0184456265687,0.0
5780538,0.9615,0.0184435959738,0.0
5783544,0.962,0.0184230462434,0.0
5786550,0.9625,0.0183789907743,0.0
5789556,0.963,0.018422914615,0.0
5792562,0.9635,0.0184463068263,0.0
5795568,0.964,0.0184530761077,0.0
5798574,0.9645,0.0184358554265,0.0
5801580,0.965,0.0184450838416,0.0
5804586,0.9655,0.0184399081844,0.0
5807592,0.966,0.0184441770572,0.0
5810598,0.9665,0.0184382714306,0.0
5813604,0.967,0.0184455450372,0.0
5816610,0.9675,0.0184499798529,0.0
5819616,0.968,0.0184403133589,0.0
5822622,0.9685,0.0184047190274,0.0
5825628,0.969,0.018403730805,0.0
5828634,0.9695,0.0184384370047,0.0
5831640,0.97,0.018452376781,0.0
5834646,0.9705,0.0184500975865,0.0
5837652,0.971,0.0184432281196,0.0
5840658,0.9715,0.0184473600601,0.0
5843664,0.972,0.018441676339,0.0
5846670,0.9725,0.0184515215329,0.0
5849676,0.973,0.0184485240541,0.0
5852682,0.9735,0.0184559849392,0.0
5855688,0.974,0.0184486281333,0.0
5858694,0.9745,0.0184239408123,0.0
5861700,0.975,0.0183786186973,0.0
5864706,0.9755,0.0184254037541,0.0
5867712,0.976,0.018452310209,0.0
5870718,0.9765,0.0184592045351,0.0
5873724,0.977,0.0184473182852,0.0
5876730,0.9775,0.0184478128442,0.0
5879736,0.978,0.0184348004114,0.0
5882742,0.9785,0.0184431440584,0.0
5885748,0.979,0.0184482906582,0.0
5888754,0.9795,0.0184614943079,0.0
5891760,0.98,0.0184645831848,0.0
5894766,0.9805,0.0184449454713,0.0
5897772,0.981,0.0184059415227,0.0
5900778,0.9815,0.0184053003009,0.0
5903784,0.982,0.0184399717928,0.0
5906790,0.9825,0.0184499512378,0.0
5909796,0.983,0.0184478573113,0.0
5912802,0.9835,0.0184419230247,0.0
5915808,0.984,0.0184446544192,0.0
5918814,0.9845,0.0184422267163,0.0
5921820,0.985,0.0184521993807,0.0
5924826,0.9855,0.018446798808,0.0
5927832,0.986,0.0184594660521,0.0
5930838,0.9865,0.0184496167914,0.0
5933844,0.987,0.0184219151361,0.0
5936850,0.9875,0.0183791628236,0.0
5939856,0.988,0.0184236008153,0.0
5942862,0.9885,0.0184506558782,0.0
5945868,0.989,0.0184574992413,0.0
5948874,0.9895,0.018444003086,0.0
5951880,0.99,0.0184511307333,0.0
5954886,0.9905,0.0184422991007,0.0
5957892,0.991,0.0184502226362,0.0
5960898,0.9915,0.0184477068471,0.0
5963904,0.992,0.0184567736871,0.0
5966910,0.9925,0.0184672194708,0.0
5969916,0.993,0.0184459008921,0.0
5972922,0.9935,0.0184104389868,0.0
5975928,0.994,0.018412067883,0.0
5978934,0.9945,0.0184599780298,0.0
5981940,0.995,0.0184766343105,0.0
5984946,0.9955,0.0184705727349,0.0
5987952,0.996,0.0184513978649,0.0
