6012,0.001,0.0174868717444,0.00568937424096,0.0173616571617,0.0233991943156,0.00780459514405,0.0233118528541
12024,0.002,0.0562291390176,0.0237692130575,0.0520937743227,0.0680823951792,0.0278993322688,0.0636396939391
18036,0.003,0.0807223214189,0.0437285620755,0.072839024292,0.0914717608314,0.0485125206597,0.082637503335
24048,0.004,0.0947662774113,0.0570331692041,0.0866839634476,0.101326070921,0.0589431137714,0.0907516850231
30060,0.005,0.10405778461,0.0662328227052,0.0971981094176,0.108146455311,0.0644406680378,0.0988554905683
36072,0.006,0.110780716509,0.0717697301559,0.103718164702,0.11383244499,0.0675489270227,0.102822314465
42084,0.007,0.114105575068,0.0765594524152,0.107147207873,0.115745952132,0.0709900756498,0.104960694321
48096,0.008,0.117084259014,0.0839595525568,0.109556402808,0.11676298783,0.0768613103567,0.105622123797
54108,0.009,0.118668746232,0.0906120307166,0.111322526177,0.116369359091,0.0830529903518,0.105659158925
60120,0.01,0.120079940769,0.0941571669555,0.112678337508,0.114706029189,0.0862661716426,0.106249949906
66132,0.011,0.12211311959,0.0974015053543,0.114687822776,0.114562260321,0.0901039831617,0.106873645603
72144,0.012,0.121440403739,0.0976361303619,0.113724800122,0.113155301541,0.0903568901147,0.105131675464
78156,0.013,0.119764578195,0.0966623320068,0.112442035209,0.110616311121,0.0886120928222,0.102417842662
84168,0.014,0.119635857286,0.096241212859,0.111789311284,0.10837936246,0.0870177362949,0.100791982648
90180,0.015,0.121825379999,0.0958617783381,0.112342161893,0.10799075485,0.0860189206743,0.0997195473214
96192,0.016,0.125382581689,0.0981550782919,0.116116607672,0.110983415593,0.0876347038422,0.101899976283
102204,0.017,0.127538034506,0.102070930943,0.119704250589,0.112133998304,0.0916304068465,0.103319707833
108216,0.018,0.13287133887,0.104905985275,0.125452641268,0.113611295946,0.094687191896,0.106591870129
114228,0.019,0.13465848299,0.104297249096,0.127466396126,0.112378802799,0.0940071173407,0.107018297433
120240,0.02,0.135161119092,0.102862053756,0.127410095131,0.111238884818,0.0919411445677,0.106193053544
126252,0.021,0.135389806118,0.101822635877,0.128352504451,0.109798185096,0.0898136710715,0.104760407053
132264,0.022,0.139222907189,0.103235206551,0.133586688951,0.111695402888,0.0898545577938,0.109483985701
138276,0.023,0.138625707401,0.102772077528,0.132988425571,0.111056081448,0.0890973895967,0.108721426493
144288,0.024,0.136035449402,0.10206315184,0.131092186783,0.108424701155,0.0871685689938,0.106437720407
150300,0.025,0.133902903256,0.102619911991,0.129463466881,0.105756618171,0.0867798618134,0.104509947237
156312,0.026,0.135435973992,0.1029935459,0.128580425612,0.105647646973,0.0862438564631,0.102501184917
162324,0.027,0.134185572535,0.102028863849,0.126835885031,0.104825735603,0.0851346059099,0.100135925151
168336,0.028,0.131172086208,0.100486823294,0.124993792357,0.102370295226,0.0836909699558,0.0982264724516
174348,0.029,0.128044163342,0.0987315151212,0.12300763857,0.0997965432045,0.0819438507821,0.0963402185144
180360,0.03,0.125364660268,0.0967581674302,0.124128556456,0.0973073231575,0.0800192157969,0.0976636770328
186372,0.031,0.123330318882,0.0950141336254,0.126362818246,0.0954194045565,0.0784656097889,0.0989737742078
192384,0.032,0.12154339219,0.0931863645292,0.128824590309,0.0936347660976,0.0766216727379,0.101086006255
198396,0.033,0.121060992802,0.0919762089852,0.13083866565,0.0928381100799,0.0755054972806,0.103413062434
204408,0.034,0.120074960683,0.0894353770047,0.1290453153,0.0910711885421,0.0727724370203,0.101675060398
210420,0.035,0.118635545307,0.087871717236,0.127345109391,0.0895839470483,0.0706901806182,0.0999621705084
216432,0.036,0.117442291368,0.0877965442311,0.125772457388,0.0885386040065,0.0706582465035,0.0989826505459
222444,0.037,0.115236441083,0.0872537330664,0.124692014953,0.0877828974964,0.0708775322529,0.0989058709921
228456,0.038,0.112854701947,0.0856933577982,0.123217085704,0.0863607085611,0.0699853057331,0.0983451196379
234468,0.039,0.113671780772,0.0855128499286,0.122441710006,0.0862589374213,0.070270290119,0.0978509871342
240480,0.04,0.117192189593,0.0880010601791,0.124402809429,0.0904895314796,0.0737097805089,0.0994431768075
246492,0.041,0.118774245628,0.090447175577,0.128145012165,0.0935570762755,0.0766632924236,0.103392886767
252504,0.042,0.118660164341,0.0912061022768,0.129763982128,0.095031674986,0.0783981429662,0.105952597666
258516,0.043,0.119266864206,0.0910348956734,0.129517432771,0.0955745608493,0.0783224595946,0.106364830302
264528,0.044,0.119939326188,0.0907419635942,0.128755005494,0.0962255000394,0.0783728527332,0.105975051953
270540,0.045,0.124607536064,0.0923564343907,0.135870698321,0.10211372507,0.0792084761409,0.111417387795
276552,0.046,0.126791329975,0.0935957771962,0.138082295637,0.103847209138,0.0798272409545,0.114169635588
282564,0.047,0.127354439949,0.0938353843907,0.137265721468,0.104254263217,0.0796914391151,0.113989207784
288576,0.048,0.127791972223,0.0932134675829,0.137139811043,0.104256723985,0.0790462314206,0.113385600277
294588,0.049,0.131052591204,0.0931653880956,0.137133923843,0.107536803264,0.0786127925937,0.113120270688
300600,0.05,0.131553825081,0.0925295369679,0.137581216794,0.1080451329,0.0779329003103,0.112653396462
306612,0.051,0.13034257304,0.0912209197851,0.135951909208,0.10700001329,0.0768363625506,0.112087689078
312624,0.052,0.127670457735,0.0894100901411,0.133241002439,0.104237182191,0.0752586790366,0.11053021971
318636,0.053,0.126543196197,0.0879118602856,0.131137123458,0.102992860734,0.0741161396235,0.109629605371
324648,0.054,0.126832591568,0.0868712934232,0.132096357536,0.102826075003,0.0733408368809,0.111980739058
330660,0.055,0.12931796955,0.0883871086344,0.136742464771,0.105914818613,0.074490914144,0.116964909166
336672,0.056,0.131077471419,0.0887440428775,0.137452098825,0.107047387473,0.0750444490928,0.117953232397
342684,0.057,0.132162925723,0.0888760569952,0.138558606047,0.107102932215,0.0747407843653,0.119171702037
348696,0.058,0.132938658412,0.0907089132143,0.143542822568,0.107122830412,0.0747448565908,0.122510742706
354708,0.059,0.132993049057,0.092771853742,0.144958372016,0.106858266033,0.0759442367281,0.123745768408
360720,0.06,0.131516549444,0.0930541342036,0.144584873724,0.105426171797,0.0760671403691,0.123732742838
366732,0.061,0.131323510218,0.0925902575975,0.145831002206,0.104050431553,0.0751444895603,0.124908627247
372744,0.062,0.134072014737,0.0939994271312,0.15225459691,0.106691906866,0.0756820128016,0.133380232921
378756,0.063,0.134656253226,0.0936471469592,0.151438065708,0.108483710786,0.0750309590289,0.133027454672
384768,0.064,0.136024188927,0.0931012335552,0.149605773253,0.110925646715,0.0728637035884,0.131220163595
390780,0.065,0.135048183412,0.093145567898,0.149742880561,0.110735948343,0.0730420882789,0.131888407539
396792,0.066,0.132472275313,0.0919949467185,0.149131018628,0.108385069318,0.0719296972195,0.130379107809
402804,0.067,0.131240324461,0.0909211804892,0.147521911687,0.107434456995,0.0706557399733,0.127774477914
408816,0.068,0.130658727511,0.0899939423052,0.145169907064,0.106969199545,0.0701454284951,0.12504710786
414828,0.069,0.129021084473,0.0887930646901,0.143113309258,0.105463766663,0.0694611774172,0.122509874805
420840,0.07,0.129300027939,0.0879525388484,0.143084652666,0.10458554309,0.0693367176568,0.120379796357
426852,0.071,0.130584184989,0.0891095033133,0.147141401584,0.105564086497,0.070482846075,0.126160787831
432864,0.072,0.132220908394,0.090708541613,0.149841285672,0.10761301522,0.0725820397893,0.127636454642
438876,0.073,0.134005957066,0.0925761157057,0.152664132419,0.110073052584,0.0746352666215,0.129843828585
444888,0.074,0.136918274419,0.096324843224,0.158347626982,0.113093978542,0.0778691046743,0.132856630956
450900,0.075,0.142892808398,0.103468027138,0.171587812168,0.119746553169,0.0867223892608,0.149435689032
456912,0.076,0.14439846647,0.110584796312,0.175353159369,0.12231236633,0.0958582602106,0.154991916401
462924,0.077,0.14483683217,0.117333674473,0.178866417669,0.121071484865,0.103852141075,0.157347263852
468936,0.078,0.146460462764,0.119936865012,0.183080726842,0.121310506708,0.106114868017,0.162924319796
474948,0.079,0.161444742056,0.125088838433,0.200254867409,0.140829815556,0.111385872229,0.185856205578
480960,0.08,0.162961750091,0.126829261914,0.203375119454,0.141087079775,0.112898646075,0.19128369653
486972,0.081,0.161730894116,0.124258135299,0.20205506962,0.138601984819,0.109927737563,0.187876828198
492984,0.082,0.158621348059,0.121978449884,0.198913142212,0.136392587769,0.106286420909,0.184148259724
498996,0.083,0.154439961729,0.120247473583,0.193449164858,0.130454720496,0.103612466671,0.176943862062
505008,0.084,0.151574772546,0.118905448613,0.191260703333,0.125912501623,0.103201428882,0.173272193243
511020,0.085,0.14849029565,0.116984843937,0.188232977644,0.122991207984,0.101388753415,0.171362777741
517032,0.086,0.145335997647,0.11459740551,0.183685234309,0.118663503432,0.099189364359,0.16578046694
523044,0.087,0.142444887881,0.111389349061,0.180177708018,0.115817454194,0.0967131534311,0.163196799319
529056,0.088,0.138843791835,0.108627810496,0.17687763794,0.113724885043,0.0940299925083,0.161785744617
535068,0.089,0.135357249452,0.10644252644,0.172707942336,0.112223703892,0.0932897933588,0.158847226387
541080,0.09,0.135910906243,0.107329084248,0.1701651742,0.110565488275,0.0943155489908,0.153065612042
547092,0.091,0.135059917365,0.106499993357,0.167054588972,0.107814539502,0.0929849725773,0.14726364983
553104,0.092,0.131451065314,0.104155666633,0.161697837641,0.104510657513,0.0903710203843,0.141671179935
559116,0.093,0.127292600677,0.101894756081,0.157141708367,0.101652446422,0.0881659055477,0.137917528451
565128,0.094,0.124194043781,0.0998958193842,0.15258829049,0.0988692272183,0.0860538907583,0.133707550655
571140,0.095,0.123084464763,0.0986580550768,0.150461400286,0.0973052269825,0.0838846181448,0.130950443967
577152,0.096,0.123480029669,0.099512618858,0.151528844406,0.0960193550522,0.084244694353,0.130055353236
583164,0.097,0.123892557493,0.100578801668,0.150484197862,0.0961309894176,0.0857129424368,0.129061841191
589176,0.098,0.122500881034,0.100159500145,0.148032634329,0.0947817598164,0.0855859026552,0.127220813718
595188,0.099,0.122250411873,0.0997603607872,0.146354899327,0.0930325274788,0.0849124216436,0.125851640404
601200,0.1,0.122565693875,0.100008516422,0.147436552525,0.0930462416909,0.0852133540196,0.127469978525
601201,0.100000166334,0.122565801985,0.100008443077,0.147436517936,0.093046164685,0.0852132771732,0.127469867353
