60120,0.01,0.00630875201011,0.00402850398816,6.29615969073,4.02046306204
120240,0.02,0.00676255764075,0.00479305877042,6.74905952171,4.78349178684
180360,0.03,0.00681247032825,0.00472127841516,6.79887258309,4.71185470575
240480,0.04,0.00690220955727,0.00470673439358,6.88843269189,4.69733971416
300600,0.05,0.006897404854,0.0047018895187,6.88363757885,4.69250450968
360720,0.06,0.00687534969006,0.00468361866184,6.86162643719,4.67427012159
420840,0.07,0.00688804133474,0.00466345021675,6.87429274924,4.65414193289
480960,0.08,0.00688208919662,0.00464769665675,6.86835249164,4.63841981711
541080,0.09,0.00680948762733,0.00453193105616,6.79589583566,4.52288528558
601200,0.1,0.00684946423856,0.00453493972416,6.83579265326,4.52588794826
661320,0.11,0.00674655043561,0.0044694772189,6.73308426708,4.46055610669
721440,0.12,0.00660267418249,0.00437509367627,6.58949519211,4.36636095436
781560,0.13,0.00658532472695,0.00433792635413,6.57218036622,4.32926781849
841680,0.14,0.00659265592578,0.00436378886074,6.57949693192,4.35507870333
901800,0.15,0.00666565117465,0.00434796088119,6.65234648169,4.33928231656
961920,0.16,0.00671437646916,0.004429986985,6.70097452012,4.42114469561
1022040,0.17,0.00683176129899,0.00458545692518,6.8181250489,4.57630431654
1082160,0.18,0.00679819728378,0.00449059975022,6.78462802772,4.48163647727
1142280,0.19,0.00673274182288,0.0044127634129,6.71930321644,4.40395550189
1202400,0.2,0.00672031512855,0.0043427943782,6.7069013259,4.33412612595
1262520,0.21,0.00685647375831,0.00432395614889,6.84278818194,4.31532549789
1322640,0.22,0.00679426963238,0.00426594375706,6.78070821595,4.25742889926
1382760,0.23,0.00670335593459,0.00417984431236,6.68997598263,4.17150130975
1442880,0.24,0.00664034496271,0.00410540186002,6.62709078115,4.09720744513
1503000,0.25,0.00653841038451,0.00399428373497,6.52535966518,3.98631111275
1563120,0.26,0.00654676712979,0.00390933768814,6.53369973033,3.90153461891
1623240,0.27,0.00647994523451,0.00385237049475,6.46701121209,3.84468113249
1683360,0.28,0.00642070672059,0.00378110323977,6.40789093872,3.77355612751
1743480,0.29,0.00633794446511,0.00372399489306,6.32529387735,3.71656176952
1803600,0.3,0.00633514232458,0.00366720533754,6.32249732992,3.6598855664
1863720,0.31,0.00628130218035,0.00359848909134,6.26876465104,3.59130647838
1923840,0.32,0.00630692116052,0.00364595955605,6.29433249553,3.63868219167
1983960,0.33,0.00623135356227,0.00355316273908,6.21891573081,3.54607059788
2044080,0.34,0.00619839374952,0.00353035140602,6.18602170611,3.52330479643
2104200,0.35,0.00613670736317,0.00350680928256,6.12445844628,3.49980966323
2164320,0.36,0.0061037028721,0.00352168164736,6.09151983243,3.51465234268
2224440,0.37,0.00600782970321,0.00346064151175,5.99583802716,3.45373404366
2284560,0.38,0.00596840277831,0.0034276546072,5.95648979871,3.42081298123
2344680,0.39,0.00605260654335,0.00350627844305,6.04052549236,3.49927988329
2404800,0.4,0.00609558035406,0.00358058634804,6.083413527,3.5734394691
2464920,0.41,0.00611034159178,0.00365308364925,6.09814530118,3.64579206512
2525040,0.42,0.0060709517245,0.00365241724736,6.05883405638,3.64512699337
2585160,0.43,0.0060556501511,0.00365533343282,6.04356302505,3.6480373581
2645280,0.44,0.00613762864876,0.00368195078773,6.12537789297,3.67460158456
2705400,0.45,0.00621433583102,0.00379814107565,6.20193196709,3.79055995574
2765520,0.46,0.0062019557444,0.00377569197779,6.18957659122,3.76815566645
2825640,0.47,0.00616399752281,0.00374578710933,6.15169413454,3.73831048836
2885760,0.48,0.00618924281362,0.00377045191049,6.17688903555,3.76292605837
2945880,0.49,0.00619751070504,0.00377577981784,6.18514042419,3.76824333118
3006000,0.5,0.00615192418838,0.00374446639695,6.13964489858,3.73699241213
3066120,0.51,0.00612315570843,0.00372136221437,6.11093384075,3.71393434568
3126240,0.52,0.00609166733573,0.00372564702848,6.07950831909,3.71821060727
3186360,0.53,0.00609007397281,0.00374597408621,6.07791813654,3.73849709202
3246480,0.54,0.00624989641752,0.00390771659831,6.23742157438,3.89991676478
3306600,0.55,0.00624963885251,0.00391552972711,6.23716452346,3.90771429851
3366720,0.56,0.00624226064203,0.0038843254278,6.22980103995,3.87657228323
3426840,0.57,0.00630279628457,0.00392803694756,6.29021585286,3.92019655445
3486960,0.58,0.00633127959165,0.00392539532525,6.31864230704,3.91756020484
3547080,0.59,0.00630943461961,0.00389545065839,6.29684093773,3.88767530777
3607200,0.6,0.00630135276558,0.0039061034562,6.28877521515,3.89830684252
3667320,0.61,0.00643970088182,0.00397855848346,6.42684718745,3.97061724896
3727440,0.62,0.00637496793416,0.00395534210772,6.36224344727,3.94744721329
3787560,0.63,0.00631553321343,0.00390806664769,6.30292735871,3.90026611546
3847680,0.64,0.00633286497976,0.0039388854022,6.3202245307,3.93102335549
3907800,0.65,0.00627588210737,0.00390598633526,6.26335539658,3.89818995535
3967920,0.66,0.00623527870785,0.00379372306938,6.22283304177,3.78615076785
4028040,0.67,0.00618607020381,0.00375688509377,6.17372275829,3.74938632112
4088160,0.68,0.00616378374484,0.00377792136803,6.15148078328,3.77038060682
4148280,0.69,0.0061397858166,0.00379418245324,6.12753075509,3.78660923477
4208400,0.7,0.00634089615159,0.00392280566594,6.32823967225,3.91497571451
4268520,0.71,0.00638757488912,0.00399284408113,6.37482523864,3.98487433246
4328640,0.72,0.00652480983554,0.00415094493067,6.51178626302,4.14265961144
4388760,0.73,0.00659368335744,0.00425107995453,6.58052231281,4.242594765
4448880,0.74,0.00692032431613,0.00449303529391,6.90651129354,4.48406715959
4509000,0.75,0.00694622930712,0.00465374998019,6.93236457797,4.64446105807
4569120,0.76,0.00707282817982,0.00483070373795,7.0587107583,4.82106161472
4629240,0.77,0.00719449698113,0.00493395948297,7.18013670772,4.92411126044
4689360,0.78,0.00774119604483,0.00563478716704,7.72574455572,5.62354008686
4749480,0.79,0.00766430178578,0.00561615838255,7.64900377822,5.60494848558
4809600,0.8,0.00759888915688,0.00558610436884,7.58372171345,5.57495445992
4869720,0.81,0.00746444978002,0.00541597392499,7.44955067866,5.40516359779
4929840,0.82,0.00731551527572,0.00522687594795,7.30091344883,5.21644306182
4989960,0.83,0.00729900814809,0.0051154241819,7.28443926955,5.10521375439
5050080,0.84,0.00720906717951,0.00496912479052,7.19467782387,4.95920637777
5110200,0.85,0.00706653597062,0.00484142396127,7.05243110841,4.83176044039
5170320,0.86,0.00701218011813,0.00472021624202,6.99818375062,4.71079465271
5230440,0.87,0.0068783358317,0.00461346405039,6.86460661846,4.60425553931
5290560,0.88,0.00682676648911,0.00462757855994,6.81314020869,4.61834187619
5350680,0.89,0.00680622787711,0.00449490232967,6.79264259192,4.48593046874
5410800,0.9,0.00674783033901,0.0043115266488,6.73436161578,4.30292080719
5470920,0.91,0.00662130236266,0.00418675159043,6.60808619028,4.17839480083
5531040,0.92,0.00649433267791,0.00409192412108,6.48136993804,4.08375660786
5591160,0.93,0.00638985217222,0.00401342557708,6.37709797627,4.00541474759
5651280,0.94,0.00635484215524,0.00400525888629,6.34215783956,3.99726435758
5711400,0.95,0.00633615112233,0.00393262970812,6.3235041141,3.92478014782
5771520,0.96,0.00637930893523,0.00399467128836,6.36657578366,3.98669789257
5831640,0.97,0.00634704348511,0.00393260583687,6.33437473564,3.92475632422
5891760,0.98,0.00631733208649,0.00386398509337,6.3047226412,3.85627254827
5951880,0.99,0.00629110586556,0.00383797563156,6.27854876802,3.83031500155
6012000,1.0,0.00623797694279,0.00382266495972,6.225525891,3.81503488994
6072120,1.01,0.00637106118184,0.00389471265221,6.35834449285,3.88693877467
6132240,1.02,0.00638706391212,0.0039613455572,6.37431528156,3.95343867984
6192360,1.03,0.00637056144249,0.00394247243667,6.35784575098,3.93460323021
6252480,1.04,0.00644010982095,0.00400856606839,6.42725531033,4.00056493851
6312600,1.05,0.00653196033666,0.00413014300237,6.51892249168,4.12189920397
6372720,1.06,0.00642219566878,0.00407569243201,6.40937691495,4.06755731738
6432840,1.07,0.0063499840783,0.0040181616171,6.33730945938,4.01014133443
6492960,1.08,0.00636023221851,0.00401692861533,6.34753714422,4.00891079374
6553080,1.09,0.00639634865356,0.00388319793329,6.38358149058,3.87544703921
6613200,1.1,0.00637799074513,0.00389761153406,6.36526022468,3.88983187032
6673320,1.11,0.00637696348999,0.00396393526362,6.36423501996,3.95602321719
6733440,1.12,0.00632253505913,0.00394031039537,6.30991522867,3.93244550436
6793560,1.13,0.00620633332609,0.00376863480522,6.19394543522,3.76111258006
6853680,1.14,0.00611625106616,0.00366814470421,6.1040429802,3.66082305809
6913800,1.15,0.00602182207579,0.00357900666385,6.00980247084,3.57186293797
6973920,1.16,0.00594938732567,0.00352912477594,5.93751230107,3.52208061472
7034040,1.17,0.00590669406161,0.00345327555065,5.89490425311,3.44638278508
7094160,1.18,0.00587550714295,0.00344647829848,5.86377958378,3.43959910028
7154280,1.19,0.00581422057388,0.00340587777223,5.8026153432,3.39907961301
7214400,1.2,0.00588846826305,0.00343513355039,5.87671483338,3.4282769964
7274520,1.21,0.00591684532744,0.00347778075151,5.90503525692,3.47083907337
7334640,1.22,0.00594332674005,0.00354124586835,5.93146381242,3.53417751332
7394760,1.23,0.00595649268794,0.00362904759254,5.94460348098,3.62180398457
7454880,1.24,0.00588619615653,0.00360183884874,5.87444726201,3.59464954964
7515000,1.25,0.00584466802327,0.00362332746706,5.83300201923,3.61609527651
7575120,1.26,0.00592109478967,0.00367126596673,5.9092762372,3.66393809055
7635240,1.27,0.00593619861503,0.00372239790558,5.9243499152,3.71496796964
7695360,1.28,0.00587961099057,0.00370896881055,5.86787524009,3.70156567919
7755480,1.29,0.00578863695135,0.00364966367592,5.77708278578,3.64237891808
7815600,1.3,0.00576268717817,0.00360874731289,5.75118480856,3.60154422445
7875720,1.31,0.00577340239069,0.00364505294006,5.76187863342,3.63777738529
7935840,1.32,0.00572300843625,0.00359048940062,5.71158526572,3.58332275511
7995960,1.33,0.00571417821187,0.00346546352593,5.70277266654,3.45854643306
8056080,1.34,0.00570772683761,0.00352621873373,5.69633416927,3.51918037298
8116200,1.35,0.00569233049959,0.00347315318021,5.68096856247,3.46622073874
8176320,1.36,0.00563220837082,0.00337509546789,5.62096643795,3.36835875039
8236440,1.37,0.00556021380836,0.00334673074945,5.54911557721,3.34005064815
8296560,1.38,0.0054741354356,0.00328018402128,5.46320901756,3.27363674779
8356680,1.39,0.00543681974092,0.00324800403557,5.42596780531,3.24152099359
8416800,1.4,0.00541636648211,0.00321525176567,5.40555537137,3.20883409748
8476920,1.41,0.00537867664844,0.00315737923016,5.36794076691,3.15107707601
8537040,1.42,0.00533163257855,0.00312333331403,5.32099059735,3.1170991158
8597160,1.43,0.00528761127838,0.0030946152275,5.27705716406,3.08843835079
8657280,1.44,0.00521445979309,0.0030589904408,5.20405168971,3.05288467146
8717400,1.45,0.00520618939443,0.0030590272921,5.19579779883,3.0529214492
8777520,1.46,0.00519750247354,0.00306290499468,5.1871282171,3.05679141186
8837640,1.47,0.00522252952294,0.00313934020036,5.21210531231,3.13307405226
8897760,1.48,0.00525411394663,0.00324073663444,5.24362669324,3.23426809825
8957880,1.49,0.00524309941608,0.00323108994471,5.23263414778,3.22464066338
9018000,1.5,0.0051910129082,0.00317250410997,5.18065160499,3.16617176644
9078120,1.51,0.00517888722634,0.00316647797638,5.16855012609,3.16015766106
9138240,1.52,0.00520083123409,0.00320496154994,5.19045033342,3.1985644211
9198360,1.53,0.00519551815152,0.00321537916454,5.18514785581,3.20896124206
9258480,1.54,0.00517192249334,0.00323128818838,5.16159929475,3.22483851136
9318600,1.55,0.0051730175816,0.00321712668763,5.16269219721,3.21070527708
9378720,1.56,0.00519514808266,0.00324748298895,5.18477852561,3.24100098698
9438840,1.57,0.0053573910697,0.00346769510913,5.34669767435,3.460773562
9498960,1.58,0.00537414790851,0.0034644504795,5.36342106638,3.45753540868
9559080,1.59,0.00543196544879,0.00346663277656,5.42112320239,3.45971334986
9619200,1.6,0.00554847719544,0.00358228849284,5.53740239066,3.57513821641
9679320,1.61,0.00574738458335,0.00390155866308,5.73591275783,3.89377112084
9739440,1.62,0.0056977786149,0.00382594849121,5.6864058033,3.81831186748
9799560,1.63,0.00570882003226,0.00387508449275,5.69742518189,3.86734979317
9859680,1.64,0.0057198748718,0.00389096201374,5.70845795589,3.88319562249
9919800,1.65,0.00567497880913,0.00384564048979,5.66365150612,3.83796456067
9979920,1.66,0.00568308686081,0.00388345663032,5.67174337406,3.87570521988
10040040,1.67,0.00568050583144,0.00382004410308,5.66916749645,3.81241926455
10100160,1.68,0.00563199127733,0.00381312639859,5.62074977777,3.80551536785
10160280,1.69,0.00571512279251,0.00395871037909,5.70371536179,3.95080876156
10220400,1.7,0.00568093059817,0.0039231386053,5.66959141534,3.91530798932
10280520,1.71,0.0056825026695,0.00385201575139,5.6711603488,3.8443270972
10340640,1.72,0.0056345543148,0.00377144552414,5.6233076994,3.76391768876
10400760,1.73,0.00561895943254,0.00375068448431,5.60774394465,3.74319808814
10460880,1.74,0.00565117383751,0.00369015085842,5.63989404942,3.68278528785
10521000,1.75,0.00561171757891,0.00375139804985,5.60051654582,3.74391022939
10581120,1.76,0.00565079792635,0.00367842753725,5.63951888857,3.67108536652
10641240,1.77,0.00574348255311,0.003708877454,5.73201851608,3.70147450499
10701360,1.78,0.00568674893863,0.00366215892233,5.67539814234,3.65484922388
10761480,1.79,0.0055902592146,0.00357646598679,5.57910101257,3.56932733213
10821600,1.8,0.00551561457371,0.00351164913748,5.50460536299,3.50463985776
10881720,1.81,0.0054575684501,0.00346841450606,5.4466750999,3.46149152301
10941840,1.82,0.00541396049232,0.00343077367862,5.40315418395,3.42392582697
11001960,1.83,0.00541265901762,0.00340509134811,5.40185530701,3.3982947586
11062080,1.84,0.00536885638818,0.00334067345169,5.35814010797,3.33400544081
11122200,1.85,0.00530675789519,0.00330164079334,5.29616556406,3.29505069195
11182320,1.86,0.00523707155696,0.00325155613641,5.22661832032,3.24506600441
11242440,1.87,0.0052806674594,0.00337850065049,5.27012720499,3.37175713621
11302560,1.88,0.0052177231331,0.00334319432908,5.20730851607,3.33652128651
11362680,1.89,0.00518167829873,0.00329979521636,5.17133562747,3.29320879876
11422800,1.9,0.00515174724226,0.00328277647595,5.14146431363,3.27622402789
11482920,1.91,0.00507892635129,0.0032297489045,5.06878877375,3.2233022999
11543040,1.92,0.00506845089732,0.00319172637758,5.05833422886,3.18535566625
11603160,1.93,0.00504735814228,0.00316368222867,5.03728357513,3.15736749368
11663280,1.94,0.00508574905752,0.00324485624438,5.0755978618,3.23837948541
11723400,1.95,0.00508329583319,0.0032276120707,5.07314953412,3.22116973124
11783520,1.96,0.00505375640543,0.00319166515863,5.0436690673,3.18529456949
11843640,1.97,0.00500306020928,0.00314524536883,4.99307406116,3.13896743396
11903760,1.98,0.00494946442286,0.00311235106975,4.93958525236,3.10613879216
11963880,1.99,0.00499099975707,0.0031533169576,4.98103768171,3.14702291178
12024000,2.0,0.0049154490056,0.00312875117137,4.90563773014,3.12250615905
12084120,2.01,0.00488571406959,0.00307645571793,4.8759621453,3.07031508776
12144240,2.02,0.00483900543487,0.00303732682598,4.82934674139,3.03126429739
12204360,2.03,0.00479830498127,0.00298866575529,4.78872752621,2.98270035458
12264480,2.04,0.00476805965303,0.00297413791514,4.7585425679,2.96820151211
12324600,2.05,0.00471361928618,0.00292647858663,4.70421086445,2.920637312
12384720,2.06,0.00464798153229,0.00287645267042,4.63870412404,2.87071124792
12444840,2.07,0.00462784539113,0.00285125603999,4.61860817478,2.84556491017
12504960,2.08,0.00463431921496,0.00283794941987,4.6250690768,2.83228485017
12565080,2.09,0.004700795475,0.0028336669586,4.6914126497,2.82801093673
12625200,2.1,0.00468641430124,0.0028238483333,4.67706018088,2.81821190948
12685320,2.11,0.00467925563373,0.00282075095243,4.66991580212,2.81512071101
12745440,2.12,0.00471071812606,0.00285660017602,4.70131549507,2.85089837926
12805560,2.13,0.00472351726952,0.00284320426327,4.71408909134,2.83752920486
12865680,2.14,0.00474905274819,0.00287418260577,4.73957360099,2.86844571434
12925800,2.15,0.00473087421428,0.00287344981998,4.72143135157,2.8677143912
12985920,2.16,0.00468135435226,0.00282996766914,4.67201033159,2.82431903108
13046040,2.17,0.00468510751297,0.00283099007876,4.67575600097,2.82533939996
13106160,2.18,0.00462839788538,0.00277482679187,4.61915956624,2.76928821544
13166280,2.19,0.00458567587533,0.00272425753324,4.57652282967,2.71881989345
13226400,2.2,0.00458869001139,0.00271066795889,4.57953094949,2.705257444
13286520,2.21,0.00457702020051,0.00272679886326,4.56788443165,2.72135615096
13346640,2.22,0.00462001331113,0.00271648110773,4.61079172768,2.71105898975
13406760,2.23,0.0046489762679,0.00273026483631,4.63969687415,2.72481520589
13466880,2.24,0.00465002729592,0.00275435469763,4.64074580431,2.74885698366
13527000,2.25,0.00468681878609,0.00283010224992,4.67746385837,2.82445334324
13587120,2.26,0.00473668073649,0.00286271926739,4.72722628392,2.85700525688
13647240,2.27,0.00479572718785,0.0029384527468,4.78615487809,2.93258757166
13707360,2.28,0.00490182816625,0.00304739959317,4.89204407809,3.04131695925
13767480,2.29,0.00506143935655,0.00330346675706,5.05133668318,3.29687301104
13827600,2.3,0.00505849623589,0.00332480368851,5.04839943702,3.3181673538
13887720,2.31,0.0050160526938,0.00329928970855,5.00604061258,3.29270429995
13947840,2.32,0.00503161882433,0.00330038911516,5.02157567299,3.29380151214
14007960,2.33,0.00503760886598,0.00330321642127,5.02755375846,3.29662317492
14068080,2.34,0.00505720037323,0.00335408532015,5.04710616091,3.34739053907
14128200,2.35,0.00509835592814,0.00333483750215,5.088179569,3.32818113987
14188320,2.36,0.00512341177029,0.00333684666376,5.11318539949,3.33018629118
14248440,2.37,0.0051737425246,0.00335690007454,5.16341569322,3.35019967519
14308560,2.38,0.00530991960571,0.0035832972859,5.29932096378,3.57614499591
14368680,2.39,0.00532828932211,0.00360108292964,5.31765401409,3.59389513936
14428800,2.4,0.00530122704117,0.00353829742429,5.29064574967,3.53123495438
14488920,2.41,0.00534975559926,0.00361742878524,5.33907744437,3.6102083685
14549040,2.42,0.00539597116767,0.00372774710382,5.38520076614,3.72030649084
14609160,2.43,0.00534332083756,0.00367631063455,5.33265552651,3.66897268918
14669280,2.44,0.00530432958351,0.00364485736304,5.29374209931,3.63758219864
14729400,2.45,0.00528426018302,0.00361101964321,5.27371275751,3.60381201917
14789520,2.46,0.00532462925639,0.00360467405195,5.31400125388,3.59747909376
14849640,2.47,0.00543590434023,0.00366413017588,5.42505423176,3.6568165428
14909760,2.48,0.0054199021442,0.00363295269044,5.40908397625,3.62570128786
14969880,2.49,0.0053761738017,0.00352366075552,5.36544291587,3.51662750052
15030000,2.5,0.00530834648449,0.00348068445886,5.29775098252,3.47373698489
15090120,2.51,0.00537618343824,0.00348139599958,5.36545253318,3.47444710537
15150240,2.52,0.00543209407042,0.00350923745767,5.42125156728,3.50223299168
15210360,2.53,0.00539236225205,0.00345548033623,5.38159905394,3.44858316989
15270480,2.54,0.00534269495086,0.00340009906505,5.33203088908,3.39331244017
15330600,2.55,0.00534371413853,0.00334480474317,5.33304804244,3.33812848619
15390720,2.56,0.00530429687455,0.00330881640799,5.29370945563,3.30221198402
15450840,2.57,0.00533420994854,0.00331173599002,5.3235628229,3.30512573854
15510960,2.58,0.00532254479561,0.00326559346283,5.3119209537,3.25907531221
15571080,2.59,0.00530779042606,0.00321699974724,5.29719603399,3.21057859006
15631200,2.6,0.00528347074872,0.00321086621614,5.27292489892,3.20445730154
15691320,2.61,0.00524554772635,0.00318594635412,5.2350775712,3.17958717976
15751440,2.62,0.00523975924088,0.00324351291254,5.2293006396,3.23703883487
15811560,2.63,0.00529867581358,0.00327926679097,5.28809961435,3.27272134828
15871680,2.64,0.00534723894801,0.00333851981213,5.33656581638,3.33185609993
15931800,2.65,0.00537269675514,0.00330722181182,5.36197280952,3.30062057068
15991920,2.66,0.00539492075563,0.00335063201587,5.38415245073,3.34394412761
16052040,2.67,0.00538598933411,0.00337220689193,5.3752388564,3.36547594005
16112160,2.68,0.00544697538473,0.00350402746188,5.43610317837,3.49703339509
16172280,2.69,0.00547030337851,0.00350469358047,5.45938460929,3.4976981841
16232400,2.7,0.00544274379217,0.00345029203046,5.4318800321,3.44340522002
16292520,2.71,0.00544525348646,0.00347100319542,5.43438471703,3.46407504533
16352640,2.72,0.00536827486276,0.00340180524721,5.35755974328,3.39501521677
16412760,2.73,0.00530455761176,0.00330480939588,5.29396967242,3.29821296994
16472880,2.74,0.00529687334743,0.0032064397151,5.28630074594,3.20003963583
16533000,2.75,0.00530119969627,0.00316397211521,5.29061845935,3.15765680161
16593120,2.76,0.0053498178965,0.00320724427501,5.33913961726,3.20084258983
16653240,2.77,0.00532327980112,0.00315353786427,5.31265449214,3.14724337751
16713360,2.78,0.00527865194969,0.0030988594623,5.26811571825,3.09267411407
16773480,2.79,0.00522188514352,0.00305279971395,5.21146221908,3.04670630135
16833600,2.8,0.00518410117747,0.00302128322867,5.17375367013,3.01525272323
16893720,2.81,0.00512905294132,0.00298663612988,5.1188153107,2.98067478032
16953840,2.82,0.00510412414899,0.0029634869931,5.09393627643,2.9575718494
17013960,2.83,0.00507789636518,0.0029309771688,5.0677608435,2.92512691497
17074080,2.84,0.00506162456606,0.00291508313435,5.05152152301,2.90926460514
17134200,2.85,0.00502833549669,0.002899457694,5.01829889889,2.89367035329
17194320,2.86,0.00500405152724,0.00290047770061,4.99406340044,2.89468832396
17254440,2.87,0.00496962696436,0.00290298512344,4.95970754926,2.89719074196
17314560,2.88,0.00497295956033,0.00290894087148,4.96303349334,2.90313460228
17374680,2.89,0.00503483466355,0.0029299611388,5.02478509336,2.92411291297
17434800,2.9,0.00505442345838,0.00294101514405,5.04433478881,2.93514485434
17494920,2.91,0.00503961683839,0.00293976163226,5.02955772295,2.93389384457
17555040,2.92,0.00507457113196,0.00294655691095,5.06444224747,2.94067555983
17615160,2.93,0.00510949291515,0.00294972518235,5.09929432649,2.94383750733
17675280,2.94,0.00514276371687,0.00302358922146,5.13249871943,3.01755411323
17735400,2.95,0.00521860534318,0.00304048102779,5.20818896525,3.03441220339
17795520,2.96,0.00518173826611,0.00299614110861,5.17139547516,2.99016078703
17855640,2.97,0.0051586152371,0.0029541874145,5.1483185999,2.94829083283
17915760,2.98,0.00512637021529,0.00293326311925,5.11613793942,2.92740830264
17975880,2.99,0.00510500637433,0.00291297203116,5.09481674084,2.90715771573
18036000,3.0,0.00507010456678,0.00290365338699,5.05998459759,2.89785767164
18096120,3.01,0.00506510657022,0.00290693560821,5.05499657707,2.90113334152
18156240,3.02,0.00501462193499,0.00286743279312,5.00461270957,2.86170937437
18216360,3.03,0.00500382932664,0.00280827244374,4.99384164335,2.80266710952
18276480,3.04,0.00500965310583,0.0028318047232,4.99965379823,2.82615241837
18336600,3.05,0.00496432994153,0.00282540734857,4.95442109933,2.81976781294
18396720,3.06,0.00493725403176,0.00282477941116,4.9273992333,2.8191411289
18456840,3.07,0.00493138985243,0.00284573810063,4.92154675891,2.84005798466
18516960,3.08,0.00489210286657,0.00281372960252,4.88233819019,2.80811337577
18577080,3.09,0.0048646653221,0.00279540925409,4.85495541128,2.7898295949
18637200,3.1,0.00486221480902,0.00281228307666,4.85250978944,2.80666973718
18697320,3.11,0.00485819603523,0.00276137676119,4.84849903715,2.75586503113
18757440,3.12,0.00483616962338,0.00270972073767,4.82651659019,2.70431211344
18817560,3.13,0.00479932593621,0.00268015010205,4.78974644333,2.67480050105
18877680,3.14,0.00477928633818,0.00267619127359,4.76974684449,2.67084957445
18937800,3.15,0.00479448488604,0.00268389289365,4.78491505593,2.67853582201
18997920,3.16,0.00485950768526,0.00276118016571,4.84980806912,2.75566882805
19058040,3.17,0.00488075108119,0.00282059117383,4.87100906306,2.81496125132
19118160,3.18,0.00489520552,0.00287159941682,4.8854346507,2.86586768146
19178280,3.19,0.00491401868617,0.00294242113377,4.90421026564,2.93654803769
19238400,3.2,0.00499952038323,0.00302468990225,4.98954130063,3.01865259706
19298520,3.21,0.00508109811893,0.00315378187831,5.07095620651,3.1474869045
19358640,3.22,0.00509687277458,0.00316863700851,5.08669937583,3.16231238374
19418760,3.23,0.00524989330826,0.00327859720707,5.2394144793,3.27205310087
19478880,3.24,0.005310683769,0.00333067033687,5.3000836018,3.32402229229
19539000,3.25,0.00529711288365,0.00327834339877,5.28653980404,3.27179979917
19599120,3.26,0.0052872514982,0.00328433395156,5.276698102,3.27777839477
19659240,3.27,0.005383418782,0.00343901981178,5.37267343513,3.43215550078
19719360,3.28,0.00534983646899,0.00341263045022,5.33915815269,3.40581881259
19779480,3.29,0.00529825697048,0.00335808419537,5.28768160726,3.35138143251
19839600,3.3,0.00525126250088,0.0033269284134,5.24078093901,3.32028783772
19899720,3.31,0.0051895504355,0.00328053177927,5.1791920514,3.27398381165
19959840,3.32,0.00521066624309,0.00329462045948,5.20026571167,3.28804437074
20019960,3.33,0.00526820758236,0.00330252951777,5.25769219797,3.29593764249
20080080,3.34,0.00528844884683,0.00336025766052,5.27789306071,3.3535505594
20140200,3.35,0.00542903407342,0.00349946492954,5.41819767806,3.4924799696
20200320,3.36,0.00566314532411,0.00377755075094,5.65184164082,3.77001072948
20260440,3.37,0.0057223131458,0.00387311572888,5.71089136307,3.86538495897
20320560,3.38,0.00571859023629,0.00389091090446,5.70717588452,3.88314461522
20380680,3.39,0.00568848233937,0.00385475692129,5.67712808321,3.8470627957
20440800,3.4,0.00566989831974,0.00384690328635,5.65858115743,3.83922483668
20500920,3.41,0.00566454379363,0.00380955452704,5.65323731899,3.80195062579
20561040,3.42,0.00567623458613,0.00379328349979,5.66490477658,3.78571207564
20621160,3.43,0.00564484537238,0.00376740907759,5.63357821595,3.75988929899
20681280,3.44,0.00560810934988,0.00371534956237,5.59691551884,3.70793369498
20741400,3.45,0.00559068678791,0.00370060495422,5.57952773245,3.69321851718
20801520,3.46,0.00560049876825,0.0036874906127,5.589320128,3.680130352
20861640,3.47,0.00565827407042,0.003782353441,5.6469801102,3.77480383334
20921760,3.48,0.00560229708803,0.00374069356526,5.59111485831,3.73322711104
20981880,3.49,0.00553745078532,0.00360860829933,5.52639798934,3.60140548836
21042000,3.5,0.0054558581953,0.00354974964226,5.44496825878,3.54266431363
21102120,3.51,0.00539932164732,0.00349128206455,5.3885445582,3.48431343767
21162240,3.52,0.0053439122449,0.00345713539214,5.33324575339,3.4502349223
21222360,3.53,0.0053002555225,0.0034345079431,5.28967617016,3.42765263782
21282480,3.54,0.00526829330612,0.00337366137321,5.25777775062,3.36692751817
21342600,3.55,0.00523014651652,0.00333288746619,5.21970710232,3.3262349962
21402720,3.56,0.00519446132211,0.00332944234773,5.18409313583,3.32279675422
21462840,3.57,0.0051983062382,0.00334224458681,5.18793037745,3.33557343993
21522960,3.58,0.00520849589486,0.00337129351666,5.19809969547,3.36456438789
21583080,3.59,0.00532852488898,0.00353099815213,5.31788911076,3.52395025163
21643200,3.6,0.00534259044513,0.00345289350793,5.33192659195,3.44600150492
21703320,3.61,0.00530323150972,0.00342707293532,5.29264621729,3.42023247037
21763440,3.62,0.00524842398523,0.00337881148624,5.23794808905,3.37206735153
21823560,3.63,0.00521101176875,0.00332868245728,5.20061054765,3.32203838052
21883680,3.64,0.00521085457881,0.00332812174219,5.20045367147,3.32147878462
21943800,3.65,0.00520199072571,0.00332177014819,5.19160751069,3.31513986845
22003920,3.66,0.00518394925424,0.00330863009366,5.17360205014,3.30202604157
22064040,3.67,0.00516809813633,0.00331128551751,5.15778257119,3.30467616518
22124160,3.68,0.00519752316684,0.00336056116545,5.1871488691,3.35385345853
22184280,3.69,0.0052732106917,0.00346501635183,5.26268532106,3.45810015153
22244400,3.7,0.00524666983263,0.00338066188188,5.23619743775,3.37391405377
22304520,3.71,0.00528492670907,0.00334593112596,5.27437795316,3.33925262072
22364640,3.72,0.00532526972713,0.00334140614569,5.31464044623,3.33473667235
22424760,3.73,0.00528191967238,0.0033178430034,5.27137691855,3.31122056228
22484880,3.74,0.00527220020717,0.00330416355661,5.26167685346,3.29756841977
22545000,3.75,0.00527428639557,0.00328522823968,5.26375887782,3.27867089789
22605120,3.76,0.00528108818168,0.00328540160823,5.2705470875,3.27884392039
22665240,3.77,0.0053060713613,0.00327752199544,5.2954804005,3.27098003537
22725360,3.78,0.00536139196771,0.00331210297959,5.35069058654,3.3054919956
22785480,3.79,0.00533920390342,0.00327799576737,5.3285468098,3.27145286164
22845600,3.8,0.00532008499321,0.00324831600656,5.30946606109,3.24183234187
22905720,3.81,0.00524389945676,0.00317629332996,5.23343259158,3.16995342311
22965840,3.82,0.00522871307316,0.00313683527594,5.21827652012,3.13057412768
23025960,3.83,0.00523494412405,0.00313001879476,5.22449513378,3.12377125226
23086080,3.84,0.00524257893955,0.00315711171934,5.23211471013,3.15081009914
23146200,3.85,0.00521679311398,0.00315487373605,5.20638035327,3.14857658289
23206320,3.86,0.00518839943122,0.00314855949305,5.17804334453,3.14227494316
23266440,3.87,0.00518148785607,0.00308753761525,5.17114556494,3.08137486552
23326560,3.88,0.00528590520358,0.00319759572482,5.27535449459,3.19121329822
23386680,3.89,0.0052756743358,0.00318804028829,5.26514404771,3.18167693442
23446800,3.9,0.00526323309163,0.00313796317246,5.25272763636,3.13169977291
23506920,3.91,0.00522586420044,0.00311392515154,5.21543333378,3.10770973208
23567040,3.92,0.00521980190808,0.00300329317476,5.20938314179,2.9972985776
23627160,3.93,0.00520883026765,0.00297878920253,5.19843340085,2.9728435155
23687280,3.94,0.0051788748937,0.00297179110317,5.16853781806,2.9658593844
23747400,3.95,0.00523658797637,0.00298195134348,5.22613570496,2.97599934479
23807520,3.96,0.00521468012302,0.00298917600212,5.20427157986,2.98320958295
23867640,3.97,0.00523895748623,0.00300789392519,5.22850048526,3.0018901449
23927760,3.98,0.00530501122426,0.00304682503601,5.2944223795,3.04074354891
23987880,3.99,0.00528789457553,0.00299478756944,5.27733989573,2.98880994954
24048000,4.0,0.00530274933064,0.00303403691722,5.29216500064,3.02798095531
24108120,4.01,0.0052541098972,0.00300479021701,5.2436226519,2.99879263174
24168240,4.02,0.00536333348385,0.00308409062172,5.3526282274,3.07793475222
24228360,4.03,0.00533016970161,0.00306060673181,5.31953064033,3.05449773634
24288480,4.04,0.00528010185659,0.00303004565165,5.26956273113,3.02399765634
24348600,4.05,0.00522962114978,0.00299304869762,5.21918278421,2.98707454853
24408720,4.06,0.00517656072953,0.00297416650909,5.16622827298,2.96823004899
24468840,4.07,0.00518943925675,0.00296217849302,5.17908109456,2.9562659611
24528960,4.08,0.00518418592211,0.00296007317352,5.17383824562,2.95416484383
24589080,4.09,0.00521398846628,0.00293020136466,5.20358130367,2.92435265934
24649200,4.1,0.00521582500094,0.00298514093981,5.2054141726,2.97918257466
24709320,4.11,0.00518846468719,0.00296709160758,5.17810847025,2.96116926904
24769440,4.12,0.00521218591568,0.00298758965004,5.20178235098,2.98162639725
24829560,4.13,0.00519649569939,0.00298867353848,5.18612345248,2.98270812224
24889680,4.14,0.00519591694807,0.00300879427771,5.18554585635,3.00278870031
24949800,4.15,0.00520353788145,0.00294817622077,5.19315157829,2.9422916375
25009920,4.16,0.00526749553354,0.00300909467014,5.2569815704,3.00308849316
25070040,4.17,0.00523238920508,0.00299333296466,5.22194531445,2.98735824816
25130160,4.18,0.00516204219984,0.00294035684077,5.1517387224,2.93448786504
25190280,4.19,0.00514711712577,0.00296389896848,5.13684343889,2.95798300247
25250400,4.2,0.00524444815916,0.00304325866259,5.23398019877,3.037184294
25310520,4.21,0.00524968987953,0.00308219013474,5.23921145661,3.07603805863
25370640,4.22,0.00530990446054,0.00314656829623,5.29930584884,3.14028772079
25430760,4.23,0.00527796535999,0.00314496409024,5.26743049899,3.13868671681
25490880,4.24,0.00523732902305,0.00310404880888,5.2268752725,3.09785310268
25551000,4.25,0.00517290298185,0.00307698780893,5.1625778262,3.0708461167
25611120,4.26,0.00523437949658,0.00302687791667,5.22393163331,3.02083624418
25671240,4.27,0.00527826323692,0.00309193289094,5.26772778136,3.08576136821
25731360,4.28,0.00526110754292,0.00310162756865,5.25060633026,3.09543669526
25791480,4.29,0.00525595358442,0.00311999955412,5.24546265911,3.1137720101
25851600,4.3,0.00530574819393,0.0031236506713,5.29515787817,3.11741583962
25911720,4.31,0.00532065784194,0.0031566370188,5.3100377664,3.15033634611
25971840,4.32,0.00530504709479,0.00313313726647,5.29445817843,3.12688349947
26031960,4.33,0.00541512963007,0.00325914704478,5.40432098809,3.25264176126
26092080,4.34,0.00537360420462,0.00319950096495,5.36287844773,3.19311473548
26152200,4.35,0.00535130403141,0.00314769961006,5.34062278583,3.1414167765
26212320,4.36,0.00536692897036,0.00317040881969,5.35621653728,3.16408065838
26272440,4.37,0.00534321186193,0.00315935124476,5.33254676839,3.15304515445
26332560,4.38,0.00538368003247,0.00318112112535,5.37293416414,3.17477158219
26392680,4.39,0.0053619579434,0.00316439794581,5.35125543253,3.15808178225
26452800,4.4,0.00533537624428,0.00316116698973,5.32472679069,3.15485727518
26512920,4.41,0.00532603907925,0.00313381839579,5.31540826273,3.12756326925
26573040,4.42,0.00532186709867,0.00313907746996,5.31124460945,3.13281184626
26633160,4.43,0.00531172064978,0.00313935382891,5.30111841296,3.1330876536
26693280,4.44,0.00527189073613,0.00311226595458,5.26136800013,3.10605384689
26753400,4.45,0.00530056149595,0.00311694624149,5.28998153288,3.11072479191
26813520,4.46,0.00535042738853,0.00313216846076,5.33974789274,3.12591662751
26873640,4.47,0.00550898963629,0.00318585469098,5.49799364899,3.17949569958
26933760,4.48,0.0054658759581,0.00318063391987,5.45496602605,3.17428534917
26993880,4.49,0.00538733715738,0.00312014624424,5.3765839894,3.11391840743
27054000,4.5,0.00533187277264,0.00307190455859,5.32123031202,3.06577301257
27114120,4.51,0.00536094657554,0.00307722031118,5.35024608338,3.07107815488
27174240,4.52,0.00536731597455,0.00308833056203,5.35660276901,3.08216622957
27234360,4.53,0.00536166198063,0.00306165997183,5.35096006051,3.05554887408
27294480,4.54,0.0053509551252,0.00301470870536,5.34027457605,3.00869132271
27354600,4.55,0.00542929093588,0.00307550810814,5.41845402783,3.0693693694
27414720,4.56,0.00538932568822,0.0030428005661,5.37856855111,3.03672711187
27474840,4.57,0.00536616072236,0.00303024144474,5.35544982271,3.02419305863
27534960,4.58,0.00533447153308,0.00298789269836,5.32382388531,2.98192884068
27595080,4.59,0.00534907149552,0.00297901629056,5.3383947061,2.97307015026
27655200,4.6,0.00530336791642,0.00296524829881,5.29278235172,2.95932963953
27715320,4.61,0.0053582129707,0.00296370906301,5.34751793483,2.95779347605
27775440,4.62,0.00540147920147,0.00306292442899,5.39069780585,3.05681080738
27835560,4.63,0.00533291456205,0.00304584807072,5.322270022,3.03976853365
27895680,4.64,0.00537723962481,0.00297253524515,5.36650661159,2.96660204107
27955800,4.65,0.00538916105768,0.0029912629941,5.37840424919,2.98529240928
28015920,4.66,0.00540338637718,0.00302298862671,5.39260117483,3.01695471727
28076040,4.67,0.00545845414608,0.00306264509118,5.44755902802,3.05653202713
28136160,4.68,0.00545829397343,0.00308929897117,5.44739917508,3.08313270576
28196280,4.69,0.00551646992372,0.00317283870521,5.50545900571,3.16650569382
28256400,4.7,0.00552627727566,0.00318912869257,5.5152467821,3.18276316624
28316520,4.71,0.00551780317395,0.00317922900373,5.50678959476,3.17288323726
28376640,4.72,0.00552414585279,0.00319900215059,5.51311961356,3.19261691675
28436760,4.73,0.00565280686308,0.00329447221806,5.64152381545,3.28789642521
28496880,4.74,0.00570939299108,0.00341260191501,5.69799699709,3.40579033435
28557000,4.75,0.00570880595759,0.00340545742663,5.69741113532,3.39866010642
28617120,4.76,0.00570302175903,0.00332270712843,5.69163848207,3.31607497847
28677240,4.77,0.00572249662653,0.00327715084272,5.71107447757,3.27060962347
28737360,4.78,0.00572045224114,0.00326636903463,5.70903417279,3.25984933596
28797480,4.79,0.00570821497156,0.00328334541296,5.6968213289,3.2767918293
28857600,4.8,0.00568677264174,0.0033003070932,5.67542179815,3.29371965389
28917720,4.81,0.00564077770386,0.00329883965803,5.62951866652,3.29225514773
28977840,4.82,0.0056319706498,0.00327761032662,5.62072919142,3.27106819024
29037960,4.83,0.00567728900121,0.00329120827099,5.66595708703,3.28463899301
29098080,4.84,0.00579113050548,0.00341367284819,5.77957136276,3.40685912993
29158200,4.85,0.00577966513261,0.00342935742073,5.76812887486,3.42251239594
29218320,4.86,0.00574510713364,0.00342445180515,5.73363985393,3.41761657201
29278440,4.87,0.00573419525813,0.00342128545796,5.72274975861,3.41445654487
29338560,4.88,0.00582725300183,0.00350366560283,5.81562175832,3.49667225831
29398680,4.89,0.00602919199786,0.00366375989749,6.01715768249,3.65644700349
29458800,4.9,0.00613038586003,0.00370717803191,6.11814956091,3.69977847496
29518920,4.91,0.00621737534502,0.00384371629292,6.20496541419,3.83604420452
29579040,4.92,0.00643643721396,0.00395240128031,6.42359003389,3.9445122558
29639160,4.93,0.00652753683642,0.00409354390561,6.51450782078,4.0853731593
29699280,4.94,0.00650986304091,0.00404892399804,6.49686930231,4.04084231342
29759400,4.95,0.00654711216624,0.0040896074946,6.53404407809,4.08144460538
29819520,4.96,0.00655599957324,0.00413173283358,6.54291374574,4.12348586185
29879640,4.97,0.00651315209446,0.00411924361865,6.50015179087,4.1110215755
29939760,4.98,0.00645314040413,0.00394291010729,6.44025988436,3.93504002723
29999880,4.99,0.00634827107114,0.00386140999526,6.3355998714,3.85370259008
30060000,5.0,0.00622325175482,0.00376039862222,6.21083009463,3.75289283655
30120120,5.01,0.00617772301954,0.00369977962103,6.16539223507,3.69239483137
30180240,5.02,0.0061244972054,0.00366119749712,6.11227266008,3.65388971768
30240360,5.03,0.0060642758649,0.00362669690682,6.05217152185,3.61945799083
30300480,5.04,0.00599616966721,0.00360314293729,5.98420126468,3.59595103522
30360600,5.05,0.00597463239402,0.00351904300768,5.96270698006,3.51201896974
30420720,5.06,0.00596579292332,0.00351710134876,5.95388515302,3.51008118639
30480840,5.07,0.00597355392001,0.00346817069098,5.9616306587,3.46124819459
30540960,5.08,0.00597561388203,0.00346491249111,5.96368650901,3.45799649811
30601080,5.09,0.0059977070333,0.00347056238401,5.98573556218,3.46363511378
30661200,5.1,0.00601323645388,0.00350935639337,6.00123398591,3.50235168999
30721320,5.11,0.00600508445996,0.00354478182531,5.99309826344,3.53770641248
30781440,5.12,0.00610104688856,0.00371506217923,6.08886915026,3.70764688546
30841560,5.13,0.00614661344421,0.00376192081143,6.1343447547,3.75441198746
30901680,5.14,0.00621050287881,0.00383255358638,6.19810666548,3.82490377882
30961800,5.15,0.00623021298662,0.00388861234994,6.21777743176,3.88085064864
31021920,5.16,0.00636954445529,0.00404606221453,6.3568307937,4.03798624205
31082040,5.17,0.00646628685676,0.00410874217016,6.45338009657,4.10054108798
31142160,5.18,0.00666308210644,0.00430020418275,6.64978254136,4.29162094086
31202280,5.19,0.00673077136323,0.00435641992,6.71733668985,4.34772447106
31262400,5.2,0.0068619431169,0.00444067538713,6.84824662365,4.4318117636
31322520,5.21,0.00690177967341,0.00450740858217,6.88800366608,4.49841175865
31382640,5.22,0.00693449581429,0.00454596393537,6.92065450528,4.53689015506
31442760,5.23,0.00694460470437,0.00452639122831,6.93074321793,4.51735651528
31502880,5.24,0.00701282769269,0.00453861305825,6.99883003263,4.52955395035
31563000,5.25,0.00701287520823,0.00458937095436,6.99887745333,4.5802105333
31623120,5.26,0.00719837533088,0.00477735504868,7.18400731624,4.76781940986
31683240,5.27,0.00753535567245,0.0052483026629,7.52031504237,5.23782700888
31743360,5.28,0.00761850871798,0.00534421349789,7.60330211375,5.33354640508
31803480,5.29,0.00780606094033,0.0054283548637,7.79047998037,5.41751982405
31863600,5.3,0.00778525253832,0.0053995987352,7.7697131121,5.38882109302
31923720,5.31,0.00775661513253,0.00545226778319,7.7411328668,5.44138501317
31983840,5.32,0.00775121218874,0.00542213047363,7.73574070732,5.41130785791
32043960,5.33,0.00774445904921,0.00544717932601,7.72900104711,5.43630671258
32104080,5.34,0.00799310963768,0.00581258326722,7.97715532703,5.80098130461
32164200,5.35,0.00792461726239,0.00577940578347,7.90879966307,5.76787004338
32224320,5.36,0.00782671347814,0.00570670030982,7.81109129555,5.69530969044
32284440,5.37,0.00775732008725,0.00562270011795,7.74183641442,5.61147716362
32344560,5.38,0.0077782365583,0.00562275186949,7.76271113603,5.61152881186
32404680,5.39,0.007668298928,0.00554488231582,7.65299294211,5.53381468645
32464800,5.4,0.00761200195792,0.00552230549407,7.59680834124,5.51128292822
32524920,5.41,0.00745710647161,0.00539621051949,7.44222202755,5.38543964021
32585040,5.42,0.00730650624365,0.00524676827549,7.29192239885,5.23629568412
32645160,5.43,0.00723395244337,0.00515669810728,7.21951341654,5.14640529668
32705280,5.44,0.00716953675918,0.00509684180158,7.15522630657,5.08666846465
32765400,5.45,0.00715694570922,0.00506468035509,7.14266038844,5.05457121266
32825520,5.46,0.00725156201385,0.0050883109753,7.23708783818,5.07815466597
32885640,5.47,0.00727215128871,0.00504931578111,7.25763601668,5.03923730649
32945760,5.48,0.00738838508734,0.00517868373691,7.37363781172,5.16834704283
33005880,5.49,0.00742707579292,0.00528963060359,7.41225129034,5.27907245868
33066000,5.5,0.00743931051567,0.00538184316264,7.42446159249,5.37110096072
33126120,5.51,0.00764646456549,0.00561296817848,7.63120216116,5.60176464918
33186240,5.52,0.00783438673192,0.00581234292281,7.81874923345,5.80074143993
33246360,5.53,0.00793632882125,0.00599508232133,7.92048784556,5.98311608915
33306480,5.54,0.00799534379951,0.00614021127283,7.97938502946,6.1279553621
33366600,5.55,0.00781277606742,0.00590643607395,7.79718170401,5.89464678039
33426720,5.56,0.00769445930818,0.00573045909817,7.67910110597,5.71902105606
33486840,5.57,0.00750280324655,0.00556118089684,7.48782759136,5.55008073537
33546960,5.58,0.00743186025561,0.00538931544051,7.41702620321,5.37855832387
33607080,5.59,0.00730349348554,0.00509762972717,7.28891565423,5.08745481754
33667200,5.6,0.00714946751935,0.00490624151686,7.1351971251,4.89644861962
33727320,5.61,0.00700552291636,0.00464921105532,6.99153983669,4.63993119294
33787440,5.62,0.0069071840791,0.00454599754922,6.89339728453,4.53692370182
33847560,5.63,0.00682620165757,0.00444569356932,6.81257650456,4.43681992946
33907680,5.64,0.00672770329722,0.00432285571055,6.71427474772,4.31422725603
33967800,5.65,0.00664146751767,0.004211019687,6.62821109548,4.20261445808
34027920,5.66,0.00659085609796,0.00415074753087,6.57770069657,4.14246260566
34088040,5.67,0.00649774915905,0.00411079929167,6.48477959985,4.10259410346
34148160,5.68,0.00641839644495,0.004038662533,6.4055852744,4.03060133034
34208280,5.69,0.00639107370578,0.00405213966708,6.37831707164,4.04405156396
34268400,5.7,0.00636826028436,0.0040887154169,6.35554918599,4.08055430828
34328520,5.71,0.00637305277913,0.00411657038789,6.3603321149,4.10835368053
34388640,5.72,0.00640801379173,0.004180402034,6.39522334504,4.17205791817
34448760,5.73,0.00642972455324,0.00425623003105,6.4168907717,4.24773456192
34508880,5.74,0.00673054771536,0.00469140232452,6.71711348838,4.68203824802
34569000,5.75,0.00670033208874,0.00471539237056,6.6869581724,4.70598040974
34629120,5.76,0.00667742626042,0.00467934119616,6.6640980643,4.67000119378
34689240,5.77,0.00668359241165,0.00473371761989,6.67025190783,4.72426908173
34749360,5.78,0.00667339837559,0.00477672070288,6.66007821916,4.76718633022
34809480,5.79,0.00658608602608,0.00472783963636,6.57294014579,4.7184028307
34869600,5.8,0.0065128200352,0.00467445207272,6.49982039441,4.66512182907
34929720,5.81,0.00650514039229,0.00475892415061,6.49215608013,4.74942530001
34989840,5.82,0.00644648691704,0.00466386198203,6.43361967769,4.65455287628
35049960,5.83,0.00642400276347,0.0045778873625,6.41118040266,4.56874986278
35110080,5.84,0.006346814992,0.00448410279252,6.3341466986,4.47515248754
35170200,5.85,0.00628261840384,0.00440391912536,6.27007824734,4.39512886762
35230320,5.86,0.00619653059715,0.00430786133057,6.18416227261,4.29926280496
35290440,5.87,0.00613009642825,0.00425104990908,6.11786070683,4.24256477952
35350560,5.88,0.00606249552897,0.0041888701943,6.05039473949,4.18050917595
35410680,5.89,0.00602100901396,0.00415507565852,6.0089910319,4.14678209433
35470800,5.9,0.00596201481908,0.00412445157609,5.9501145899,4.11621913781
35530920,5.91,0.00592861779365,0.00405636793009,5.9167842252,4.04827138732
35591040,5.92,0.00596611371744,0.00402242876967,5.95420530682,4.01439996973
35651160,5.93,0.00598588160435,0.00406074723078,5.97393373688,4.05264194689
35711280,5.94,0.00597564925349,0.00408382386711,5.96372180987,4.07567252206
35771400,5.95,0.00605103695138,0.00409027805193,6.03895903331,4.08211382428
35831520,5.96,0.00605901420635,0.00410403787259,6.04692036562,4.09584618023
35891640,5.97,0.00604680171332,0.0041184964314,6.03473224882,4.11027587964
35951760,5.98,0.00615804505633,0.00428044708168,6.14575354923,4.27190327513
36011880,5.99,0.00614713038886,0.0042849364197,6.13486066752,4.27638365239
36072000,6.0,0.0061763175197,0.00428749122363,6.16398954061,4.27893335692
36132120,6.01,0.00622552054785,0.0043496373671,6.21309435913,4.34095545618
36192240,6.02,0.00631253039693,0.00436805887952,6.29993053586,4.35934019912
36252360,6.03,0.00626194055601,0.00432405076382,6.24944167267,4.31541992397
36312480,6.04,0.00622075980485,0.004187711378,6.20834311862,4.17935267266
36372600,6.05,0.00618298290813,0.00412050271989,6.17064162488,4.11227816356
36432720,6.06,0.00610651600787,0.00403738238405,6.09432735316,4.02932373657
36492840,6.07,0.00606855551482,0.00399510139471,6.05644262956,3.98712714043
36552960,6.08,0.00601591966212,0.00394415204153,6.00391183844,3.93627948257
36613080,6.09,0.0059648502239,0.00389574568725,5.95294433523,3.88796974775
36673200,6.1,0.0059520062549,0.00390275775825,5.94012600289,3.89496782261
36733320,6.11,0.00596113114703,0.00389644005168,5.94923268167,3.88866272623
36793440,6.12,0.0059111805478,0.00388705778585,5.89938178423,3.87929918748
36853560,6.13,0.00580256396205,0.00376716203898,5.79098199805,3.75964275348
36913680,6.14,0.00585929238201,0.00386197260056,5.84759718763,3.85426407242
36973800,6.15,0.00580392360637,0.00377710214884,5.79233892851,3.76956302279
37033920,6.16,0.00589155587739,0.00388414839052,5.87979628482,3.87639559932
37094040,6.17,0.00587195572727,0.00389307548424,5.86023525675,3.88530487449
37154160,6.18,0.00617832842775,0.00423294120418,6.16599643488,4.22449221974
37214280,6.19,0.00607889195737,0.00419380377637,6.06675844049,4.18543291055
37274400,6.2,0.00602209326638,0.00410719927988,6.01007312014,4.09900127733
37334520,6.21,0.00596405234235,0.00402882132817,5.95214804626,4.02077976863
37394640,6.22,0.00589850201755,0.00398988061718,5.88672856043,3.98191678361
37454760,6.23,0.00583342319633,0.00397976163451,5.82177963706,3.97181799851
37514880,6.24,0.00579524134234,0.00397438146279,5.78367399435,3.96644856566
37575000,6.25,0.00580616927277,0.00397807964465,5.79458011255,3.97013936592
37635120,6.26,0.00597119850471,0.00417584594031,5.95927994482,4.16751091848
37695240,6.27,0.00599676635152,0.00416782566252,5.984796758,4.15950664922
37755360,6.28,0.0060627294341,0.00426466141207,6.05062817775,4.25614911384
37815480,6.29,0.00608970525602,0.00431703366835,6.07755015571,4.30841683468
37875600,6.3,0.00624179945781,0.0046059342854,6.22934077626,4.59674080379
37935720,6.31,0.00616975362545,0.00458217207883,6.15743874796,4.57302602677
37995840,6.32,0.00619207298369,0.00462147944052,6.17971355658,4.61225493066
38055960,6.33,0.00633792753091,0.00476114505985,6.32527697696,4.7516417763
38116080,6.34,0.00637011532439,0.00473749134941,6.35740052335,4.72803527885
38176200,6.35,0.00623913862168,0.00455886780162,6.22668525118,4.54976826509
38236320,6.36,0.0061029442869,0.00438064117323,6.09076276138,4.37189737848
38296440,6.37,0.0059871346615,0.00424261535871,5.97518429291,4.23414706458
38356560,6.38,0.00592879834154,0.0040876217749,5.91696441271,4.0794628492
38416680,6.39,0.00585639645236,0.0040163879329,5.84470703828,4.00837119052
38476800,6.4,0.00579300101207,0.00392009757914,5.7814381358,3.91227303308
38536920,6.41,0.00576079870532,0.00373525821129,5.74930010511,3.72780260608
38597040,6.42,0.00569288353156,0.00365740835338,5.68152049058,3.65010813711
38657160,6.43,0.00562642578262,0.00359112231438,5.61519539184,3.58395440557
38717280,6.44,0.00558436130542,0.0035414899792,5.57321487567,3.53442113693
38777400,6.45,0.00559120058172,0.00354029050074,5.58004050072,3.53322405264
38837520,6.46,0.00562420047015,0.00357744330221,5.61297452111,3.57030269682
38897640,6.47,0.00564756554515,0.00368876490342,5.63629295923,3.68140209923
38957760,6.48,0.00560089789653,0.00363650165816,5.58971845961,3.62924317182
39017880,6.49,0.00553599490329,0.00355709861685,5.52494501327,3.54999861961
39078000,6.5,0.00543198357154,0.00346035155511,5.42114128896,3.45344466578
39138120,6.51,0.00540778508424,0.00344854094558,5.39699110203,3.44165763032
39198240,6.52,0.0053719348453,0.00339338778203,5.36121242046,3.38661455293
39258360,6.53,0.00539335250471,0.00333603381963,5.38258733005,3.32937506949
39318480,6.54,0.00546308278848,0.00329795447988,5.45217843161,3.29137173641
39378600,6.55,0.00548522746957,0.00332926935178,5.47427891175,3.32262410357
39438720,6.56,0.00551335712455,0.00336865493107,5.50235241971,3.36193106893
39498840,6.57,0.00559586006262,0.00346458813017,5.58469068126,3.4576727846
39558960,6.58,0.00564675427615,0.00350012866162,5.63548330953,3.49314237687
39619080,6.59,0.0058266648295,0.00370647777874,5.81503475998,3.6990796195
39679200,6.6,0.00580603673843,0.00364313903083,5.79444784274,3.63586729624
39739320,6.61,0.005750312705,0.00359187269187,5.73883503493,3.5847032853
39799440,6.62,0.00571027707417,0.00355049120875,5.69887931554,3.54340439995
39859560,6.63,0.00571667293137,0.00356139208841,5.70526240656,3.55428352137
39919680,6.64,0.00597971551935,0.00385338789971,5.96777995943,3.8456965067
39979800,6.65,0.00609636368949,0.00393924113864,6.0841952989,3.93137838188
40039920,6.66,0.0060295754257,0.00381372703687,6.01754034501,3.80611480725
40100040,6.67,0.00597291432492,0.00374003860177,5.96099234024,3.73257345486
40160160,6.68,0.00588174302389,0.00365290112633,5.87000301785,3.64560990651
40220280,6.69,0.00580322123849,0.00358965130126,5.79163796256,3.58248632861
40280400,6.7,0.00584037823708,0.00364386264735,5.82872079549,3.63658946841
40340520,6.71,0.00591045979298,0.0036749261627,5.89866246805,3.66759098074
40400640,6.72,0.00589442030359,0.00366035399842,5.8826549936,3.65304790262
40460760,6.73,0.00584998707762,0.00361651061393,5.8383104567,3.60929202987
40520880,6.74,0.00583795157992,0.00359789640018,5.82629898195,3.59071497024
40581000,6.75,0.00582891713384,0.00362653176146,5.8172825687,3.61929317511
40641120,6.76,0.00586144866805,0.003602812365,5.84974916971,3.59562112275
40701240,6.77,0.00591839427378,0.00364691482534,5.90658111156,3.63963555423
40761360,6.78,0.00590798466099,0.00365877878031,5.89619227643,3.65147582866
40821480,6.79,0.00594720353683,0.00371112025206,5.93533287109,3.70371282641
40881600,6.8,0.00595285082406,0.00373988347748,5.94096888629,3.7324186402
40941720,6.81,0.00591678400916,0.00373111695158,5.90497406104,3.72366961236
41001840,6.82,0.00590665962727,0.00372036926258,5.8948698875,3.71294337583
41061960,6.83,0.00590394288635,0.00365982007334,5.89215856921,3.65251504326
41122080,6.84,0.00590856327414,0.00361412536115,5.89676973467,3.60691153807
41182200,6.85,0.00590440258001,0.00362269297701,5.89261734532,3.6154620529
41242320,6.86,0.00589568673772,0.00358458598713,5.88391889992,3.57743112488
41302440,6.87,0.00590292847271,0.00357396359803,5.89114618035,3.56682993816
41362560,6.88,0.00598170663952,0.00352347984029,5.96976710531,3.5164469464
41422680,6.89,0.00610796796982,0.00370436097102,6.09577641698,3.69696703695
41482800,6.9,0.00604809443941,0.00367000519987,6.03602239462,3.66267984019
41542920,6.91,0.00615764450713,0.00371302837003,6.14535379953,3.70561713576
41603040,6.92,0.00616377195885,0.00363898023769,6.15146902081,3.63171680408
41663160,6.93,0.00616003062875,0.00365798452767,6.14773515843,3.65068316134
41723280,6.94,0.00604048776034,0.00360831728754,6.02843089855,3.60111505743
41783400,6.95,0.00603479788288,0.00355871676898,6.02275237813,3.5516135419
41843520,6.96,0.00599964618776,0.00352228532853,5.98767084607,3.51525481889
41903640,6.97,0.00601655059019,0.00354667858721,6.00454150717,3.53959938843
41963760,6.98,0.00595218130206,0.00351150141447,5.94030070066,3.50449242961
42023880,6.99,0.00587434612822,0.00346978477805,5.86262088645,3.46285905993
42084000,7.0,0.00592817243853,0.00351592187967,5.91633975901,3.50890407153
42144120,7.01,0.00594245461177,0.00354583098225,5.93059342492,3.5387534753
42204240,7.02,0.00595749126199,0.00357776204695,5.94560006186,3.57062080534
42264360,7.03,0.00595455325009,0.00358289211007,5.94266791426,3.57574062881
42324480,7.04,0.00590894620004,0.00353947762513,5.89715189625,3.53241279953
42384600,7.05,0.00590981726736,0.0034997045562,5.89802122491,3.49271911796
42444720,7.06,0.00590604100343,0.00353328399739,5.89425249843,3.52623153432
42504840,7.07,0.00588275481735,0.00354692820419,5.87101279176,3.53984850717
42564960,7.08,0.00584011966411,0.00349605055305,5.82846273864,3.48907240823
42625080,7.09,0.00577961553204,0.00345095351485,5.7680793733,3.44406538408
42685200,7.1,0.00583252656291,0.00352463153893,5.82088479333,3.51759634624
42745320,7.11,0.00573957958864,0.00346769021457,5.72812334196,3.46076867722
42805440,7.12,0.00563596941401,0.00342675193301,5.62471997406,3.41991210879
42865560,7.13,0.00560224976509,0.00338189355332,5.59106762983,3.37514326678
42925680,7.14,0.00565356088409,0.0034447641721,5.64227633143,3.43788839531
42985800,7.15,0.00560502652283,0.00342683266946,5.59383884514,3.41999268409
43045920,7.16,0.00556642003365,0.00340112540683,5.55530941482,3.39433673336
43106040,7.17,0.00552117618055,0.00341589456369,5.51015586881,3.40907641087
43166160,7.18,0.00551166387793,0.00340377087238,5.50066255282,3.39697691854
43226280,7.19,0.00552070534964,0.00343035742865,5.50968597768,3.42351040783
43286400,7.2,0.00566950479107,0.00356994099694,5.65818841425,3.56281536621
43346520,7.21,0.00569320997751,0.00359032237057,5.68184628494,3.58315605845
43406640,7.22,0.00591557782118,0.00378140678038,5.90377028062,3.77385906225
43466760,7.23,0.0058406411298,0.00374694132085,5.82898316347,3.73946239605
43526880,7.24,0.00576852943147,0.00368287923938,5.75701540067,3.67552818301
43587000,7.25,0.00568219604574,0.00361303909077,5.67085433706,3.60582743589
43647120,7.26,0.00567181380811,0.00355261903815,5.66049282246,3.54552798218
43707240,7.27,0.00560674460916,0.00350443565528,5.59555350216,3.49744077373
43767360,7.28,0.00555864656174,0.00343559660734,5.54755145882,3.42873912908
43827480,7.29,0.00551965701759,0.00339684034067,5.50863973811,3.39006022023
43887600,7.3,0.00553922088775,0.00346500430755,5.52816455863,3.45808813129
43947720,7.31,0.00551866896541,0.00343500484211,5.50765365809,3.42814854502
44007840,7.32,0.00562253401572,0.00345168077304,5.61131139293,3.44479119066
44067960,7.33,0.00562022478756,0.00347524055121,5.60900677401,3.46830394332
44128080,7.34,0.00562245980571,0.00350506466189,5.61123733104,3.49806852484
44188200,7.35,0.0056922626677,0.00353910923626,5.68090086597,3.53204514597
44248320,7.36,0.00607338697921,0.00398443548339,6.06126445031,3.97648251836
44308440,7.37,0.00611572505908,0.00402852966415,6.10351802304,4.02048868678
44368560,7.38,0.00622299064026,0.00419123572042,6.21056950126,4.18286998046
44428680,7.39,0.00618163551711,0.00415003769558,6.16929692327,4.14175418721
44488800,7.4,0.00626236843922,0.00417952142617,6.24986870181,4.17117906803
44548920,7.41,0.00616508692056,0.00405687495631,6.15278135785,4.04877740151
44609040,7.42,0.00606028816341,0.00391489626088,6.04819177985,3.90708209669
44669160,7.43,0.0059130072577,0.00377031176939,5.901204848,3.76278619699
44729280,7.44,0.00576203753238,0.0036212214789,5.75053645947,3.61399349192
44789400,7.45,0.00576228905475,0.00361669274,5.75078747979,3.60947379242
44849520,7.46,0.00567849047622,0.00353500737541,5.66715616389,3.52795147246
44909640,7.47,0.00558176377589,0.00345997569702,5.57062253082,3.4530695579
44969760,7.48,0.00549963314612,0.00335074997478,5.48865583445,3.34406185108
45029880,7.49,0.00542921326413,0.00330681831976,5.4183765111,3.30021788399
45090000,7.5,0.00540056878533,0.00328306440526,5.38978920692,3.27651138249
45150120,7.51,0.00542215661259,0.00326211695568,5.4113339447,3.25560574419
45210240,7.52,0.0053866262892,0.00320103207237,5.37587454012,3.1946427868
45270360,7.53,0.00533184135904,0.0031418666365,5.32119896111,3.13559544561
45330480,7.54,0.00529895717523,0.00312314940347,5.2883804144,3.11691557233
45390600,7.55,0.00529970359324,0.00307563842099,5.28912534256,3.06949942215
45450720,7.56,0.00523983293578,0.0030192139389,5.22937418741,3.01318756377
45510840,7.57,0.00522943354782,0.00302445753238,5.21899555671,3.018420691
45570960,7.58,0.00523532329239,0.00304454210563,5.2248735453,3.03846517528
45631080,7.59,0.00522997711201,0.00307260488894,5.21953803594,3.06647194505
45691200,7.6,0.00547243276486,0.00335825215276,5.46150974537,3.35154905465
45751320,7.61,0.00557436512503,0.00345723521801,5.56323864773,3.45033454891
45811440,7.62,0.00557411301468,0.00349294347022,5.56298704059,3.48597152716
45871560,7.63,0.00559746552029,0.00353064709046,5.58629293442,3.52359989068
45931680,7.64,0.00584759319027,0.00379023715437,5.83592134758,3.78267181074
45991800,7.65,0.00585157310717,0.00383700948034,5.83989332053,3.82935077878
46051920,7.66,0.00601166648754,0.00411197914773,5.99966715323,4.10377160452
46112040,7.67,0.00597530275124,0.00414783418323,5.96337599924,4.13955507309
46172160,7.68,0.00595300579816,0.00409336470716,5.94112355105,4.08519431852
46232280,7.69,0.00587516851383,0.00397115825136,5.86344163057,3.96323178778
46292400,7.7,0.00590421878579,0.00401728568014,5.89243391795,4.00926714585
46352520,7.71,0.00587723959231,0.00399851984205,5.86550857516,3.99053876452
46412640,7.72,0.00582489674922,0.00396492624832,5.8132702088,3.95701222387
46472760,7.73,0.00576921918726,0.00394260403962,5.7577037797,3.93473457048
46532880,7.74,0.00580000392726,0.00393097822364,5.78842707311,3.92313195972
46593000,7.75,0.00580983885206,0.00392554821347,5.79824236733,3.91771278789
46653120,7.76,0.00587394958097,0.00400002613388,5.86222513071,3.99204204978
46713240,7.77,0.00592062934891,0.00409690662752,5.90881172546,4.08872916919
46773360,7.78,0.00594894530925,0.00415189639546,5.93707116692,4.1436091771
46833480,7.79,0.00607383706118,0.0043709569426,6.06171363391,4.36223247765
46893600,7.8,0.00614048074841,0.00438198279468,6.12822429981,4.37323632203
46953720,7.81,0.00616988721217,0.00450446910435,6.15757206803,4.49547814805
47013840,7.82,0.00613305811662,0.00443807948527,6.12081648365,4.42922104318
47073960,7.83,0.00609089814378,0.00438514431885,6.07874066246,4.37639153578
47134080,7.84,0.00605871320159,0.00435298986066,6.04661996167,4.34430125814
47194200,7.85,0.00606344524961,0.00434521766913,6.05134256448,4.33654457997
47254320,7.86,0.00607176653941,0.00439470324521,6.05964724492,4.38593138244
47314440,7.87,0.00604538276293,0.00441463152603,6.03331613066,4.40581988625
47374560,7.88,0.00606268637608,0.00444764964525,6.05058520567,4.43877210105
47434680,7.89,0.00630562165736,0.00472892683377,6.29303558619,4.71948785805
47494800,7.9,0.00641853825416,0.00481077998578,6.40572680056,4.80117763052
47554920,7.91,0.00657133128288,0.00496736616386,6.55821485318,4.95745126134
47615040,7.92,0.00672225300186,0.00504812332914,6.7088353312,5.03804723467
47675160,7.93,0.00673917720087,0.00506272190421,6.72572574937,5.05261667087
47735280,7.94,0.00675000607841,0.00513256837985,6.73653301239,5.12232373238
47795400,7.95,0.00679405549555,0.00518750877325,6.78049450653,5.17715446432
47855520,7.96,0.00701117810052,0.00535347262933,6.99718373305,5.34278705522
47915640,7.97,0.00717561058532,0.00557502867428,7.16128800931,5.56390087254
47975760,7.98,0.00721428132503,0.0055399755239,7.1998815619,5.52891768852
48035880,7.99,0.00709369115072,0.00541443480577,7.07953208655,5.40362755067
48096000,8.0,0.00697900389838,0.00530045483306,6.96507375088,5.28987508289
48156120,8.01,0.00700529143187,0.00516618696157,6.99130881424,5.15587521115
48216240,8.02,0.00700544199566,0.00514491744673,6.99145907751,5.13464815043
48276360,8.03,0.00698544243508,0.00507987217933,6.97149943621,5.0697327139
48336480,8.04,0.00699362038571,0.0050643446418,6.97966106359,5.05423616946
48396600,8.05,0.00700634835019,0.00504211438852,6.99236362295,5.03205028794
48456720,8.06,0.00702847567637,0.00506895075141,7.01444678281,5.05883308524
48516840,8.07,0.00713311688897,0.00521925776558,7.11887913071,5.20884008541
48576960,8.08,0.00733768936331,0.00549708104942,7.32304327676,5.48610883176
48637080,8.09,0.00723471008446,0.00538842937204,7.22026954537,5.37767402399
48697200,8.1,0.00722397558856,0.00520216812169,7.20955647561,5.19178455258
48757320,8.11,0.00716657879061,0.00510552765128,7.15227424213,5.09533697732
48817440,8.12,0.00709926385423,0.00498577620723,7.0850936669,4.97582455811
48877560,8.13,0.00701325400798,0.00489594632949,6.99925549699,4.88617398153
48937680,8.14,0.00695975373182,0.00481956464902,6.9458620078,4.8099447595
48997800,8.15,0.00686482198733,0.00469370341052,6.85111974783,4.68433474104
49057920,8.16,0.00686042068647,0.00460477823309,6.84672723201,4.59558705897
49118040,8.17,0.00679799092621,0.00454233563288,6.78442208204,4.53326909469
49178160,8.18,0.00690836422527,0.00464183840495,6.89457507512,4.63257325844
49238280,8.19,0.00688247426526,0.00462334592311,6.86873679168,4.61411768773
49298400,8.2,0.00683627268977,0.00456001484836,6.8226274349,4.55091302231
49358520,8.21,0.00676782123889,0.00446597425572,6.75431261366,4.45706013545
49418640,8.22,0.00667690126121,0.00437016471147,6.66357411298,4.36144182782
49478760,8.23,0.00664497002733,0.00431873925464,6.6317066141,4.3101190166
49538880,8.24,0.006628538887,0.00425858276755,6.61530827045,4.25008260234
49599000,8.25,0.00663609059339,0.00425175994965,6.62284490359,4.24327340285
49659120,8.26,0.00665507108422,0.00421949456428,6.6417875092,4.21107241944
49719240,8.27,0.00659909078108,0.00410604930373,6.58591894319,4.09785359653
49779360,8.28,0.00658608260264,0.00409497781696,6.57293672918,4.08680420854
49839480,8.29,0.00650515681206,0.00403160043635,6.49217246713,4.02355332969
49899600,8.3,0.00656243865945,0.00405223934582,6.54933997949,4.04415104374
49959720,8.31,0.00647439537874,0.00401106390563,6.46147243388,4.00305779005
50019840,8.32,0.00639150184978,0.00395502874246,6.37874436106,3.94713447351
50079960,8.33,0.00634435903027,0.0039088028983,6.33169563899,3.9010008965
50140080,8.34,0.00644347425848,0.00398450959766,6.43061303241,3.97655648469
50200200,8.35,0.00650296728493,0.00396856154088,6.48998731031,3.96064026036
50260320,8.36,0.00643570731446,0.00391494759264,6.42286159128,3.90713332599
50320440,8.37,0.0063628324423,0.00384990260984,6.35013217794,3.84221817349
50380560,8.38,0.00633618955523,0.00386553291846,6.32354247029,3.8578172839
50440680,8.39,0.0062789596508,0.00382275116432,6.2664267972,3.81512092248
50500800,8.4,0.00617561318924,0.00377400602623,6.16328661601,3.76647308007
50560920,8.41,0.00608371478778,0.00369076190126,6.07157164449,3.68339511104
50621040,8.42,0.00624886717651,0.00381234451723,6.23639438773,3.80473504713
50681160,8.43,0.00614211786766,0.00370633044799,6.12985815136,3.69893258283
50741280,8.44,0.00605568655072,0.00362123304238,6.04359935202,3.61400503232
50801400,8.45,0.00598369577548,0.00352963684809,5.97175227094,3.52259166476
50861520,8.46,0.0059262188334,0.00342891931424,5.91439005329,3.42207516391
50921640,8.47,0.00588230405519,0.00337199200007,5.87056292933,3.36526147712
50981760,8.48,0.00586798332104,0.00333804008194,5.85627077948,3.33137732729
51041880,8.49,0.00587907630545,0.00342520401475,5.86734162221,3.41836728019
51102000,8.5,0.00580791967405,0.00338828355525,5.79632702001,3.38152051422
51162120,8.51,0.00578411690712,0.00333254596987,5.77257176359,3.3258941815
51222240,8.52,0.0057691344268,0.00332706110463,5.75761918843,3.3204202641
51282360,8.53,0.00574946286223,0.00332460084358,5.73798688845,3.31796491375
51342480,8.54,0.00574621229609,0.00330264921807,5.73474281047,3.29605710386
51402600,8.55,0.00571486428625,0.00329561780907,5.70345737151,3.28903972961
51462720,8.56,0.00570153264227,0.00327666957069,5.6901523376,3.27012931207
51522840,8.57,0.00575655015849,0.00333028718372,5.74506003841,3.32363990391
51582960,8.58,0.00580707474127,0.0033077526396,5.79548377372,3.30115033892
51643080,8.59,0.00597050268712,0.00341950155326,5.95858551608,3.41267620085
51703200,8.6,0.00600121876819,0.00348884932086,5.98924028761,3.48188554976
51763320,8.61,0.00608742112473,0.00363910811601,6.07527058356,3.63184442716
51823440,8.62,0.00603293167101,0.00358672727174,6.02088989122,3.57956813547
51883560,8.63,0.00600347323342,0.00360316791492,5.99149025291,3.595975963
51943680,8.64,0.00605315488289,0.00368135391498,6.04107273741,3.67400590317
52003800,8.65,0.00612205768982,0.00379360153901,6.10983801379,3.78602948005
52063920,8.66,0.00613494969524,0.00383871401123,6.12270428666,3.83105190741
52124040,8.67,0.00608830941272,0.00381343240885,6.07615709853,3.80582076731
52184160,8.68,0.00611813265365,0.00381607143864,6.10592081203,3.80845452958
52244280,8.69,0.0060664154503,0.00380131299828,6.05430683662,3.79372554718
52304400,8.7,0.00606605684266,0.00375097718322,6.05394894477,3.74349020281
52364520,8.71,0.00612685314421,0.00380414587266,6.11462389642,3.79655276712
52424640,8.72,0.00614527457844,0.0038361596359,6.13300856132,3.82850263064
52484760,8.73,0.00619430585037,0.00386926861767,6.18194196644,3.86154552662
52544880,8.74,0.00616818962817,0.00387422366371,6.15587787242,3.86649068235
52605000,8.75,0.00614599609264,0.00394568856615,6.13372863537,3.93781294027
52665120,8.76,0.00633467214357,0.0041088222359,6.3220280874,4.10062099391
52725240,8.77,0.00645410969813,0.00428919005203,6.44122724364,4.28062879444
52785360,8.78,0.00684711966865,0.00473711495959,6.83345276312,4.72765964031
52845480,8.79,0.0070434318885,0.0050873754131,7.02937314222,5.07722097116
52905600,8.8,0.00712512098313,0.00520266746936,7.11089918476,5.19228290355
52965720,8.81,0.00719157487354,0.00529749114445,7.17722043267,5.28691730983
53025840,8.82,0.00729347243141,0.00549137114557,7.27891460221,5.48041032492
53085960,8.83,0.00728081306241,0.00539308243986,7.2662805014,5.38231780426
53146080,8.84,0.00734326588202,0.00546490634237,7.32860866469,5.45399834568
53206200,8.85,0.00734480117653,0.00549927449447,7.33014089474,5.48829789867
53266320,8.86,0.00736550450713,0.00546722349127,7.35080290133,5.45631086953
53326440,8.87,0.00729443317118,0.00539455347861,7.27987342433,5.3837859068
53386560,8.88,0.00725478558631,0.00532763733401,7.24030497636,5.31700332735
53446680,8.89,0.00726681978604,0.00532866063792,7.25231515573,5.31802458874
53506800,8.9,0.00733024416765,0.00538807777381,7.31561294177,5.37732312756
53566920,8.91,0.00760692911526,0.00581820379234,7.59174562401,5.80659061112
53627040,8.92,0.00756737465269,0.00576854815382,7.55227011246,5.75703408565
53687160,8.93,0.00748646908463,0.00567316856589,7.47152603257,5.66184487614
53747280,8.94,0.00735995181526,0.00552029889572,7.34526129267,5.50928033505
53807400,8.95,0.00733479330157,0.00541203004183,7.32015299558,5.40122758666
53867520,8.96,0.0074800965447,0.00549057548459,7.46516621228,5.47961625209
53927640,8.97,0.0074287906083,0.00541213337689,7.41396268294,5.40133071546
53987760,8.98,0.00727527288994,0.00526575331447,7.26075138716,5.25524282881
54047880,8.99,0.00709560604743,0.00511345806919,7.08144316111,5.10325156606
54108000,9.0,0.0069788037388,0.00501711566485,6.96487399082,5.00710146193
54168120,9.01,0.00692396029089,0.00487631459833,6.91014001087,4.86658143546
54228240,9.02,0.0068256132758,0.00471587421341,6.81198929721,4.70646129083
54288360,9.03,0.00670115128055,0.00456801127433,6.68777572909,4.55889348736
54348480,9.04,0.0066027725069,0.00445631062208,6.58959332026,4.4474157905
54408600,9.05,0.00648920353781,0.00432065093038,6.47625103574,4.31202687663
54468720,9.06,0.0064444765386,0.00420542318924,6.43161331197,4.19702913098
54528840,9.07,0.00635850661608,0.00412724157825,6.34581498611,4.1190035711
54588960,9.08,0.00631274905487,0.00408801733254,6.30014875735,4.0798576173
54649080,9.09,0.00624700958801,0.00400883752072,6.234540507,4.00083584902
54709200,9.1,0.00615266094083,0.00391218436318,6.14038018047,3.90437561196
54769320,9.11,0.00604335924355,0.00382699950375,6.03129665025,3.81936078219
54829440,9.12,0.00595407606941,0.00375591454636,5.94219168604,3.74841771093
54889560,9.13,0.00593278845617,0.00370110631213,5.92094656305,3.69371887438
54949680,9.14,0.00590400107274,0.00361866079558,5.89221663946,3.61143791974
55009800,9.15,0.00587459960336,0.00358736054698,5.86287385564,3.58020014669
55069920,9.16,0.00582391271927,0.0035042404975,5.81228814298,3.49724600549
55130040,9.17,0.00581703615728,0.00345234680341,5.80542530667,3.44545589163
55190160,9.18,0.00577650593554,0.00339320777134,5.76497598357,3.38643490153
55250280,9.19,0.00573649513294,0.00336346897985,5.72504504285,3.35675546891
55310400,9.2,0.00572542837949,0.00334418176276,5.71400037874,3.33750674926
55370520,9.21,0.00574605583756,0.00335232293504,5.73458666423,3.3456316717
55430640,9.22,0.00591703981592,0.00358253037338,5.90522935721,3.57537961416
55490760,9.23,0.00590000298709,0.00354099750276,5.88822653402,3.53392964348
55550880,9.24,0.00591594478209,0.00348828785518,5.90413650907,3.48132520477
55611000,9.25,0.00590409010575,0.00353122467335,5.89230549476,3.52417632071
55671120,9.26,0.00595582164422,0.00357471859219,5.94393377666,3.56758342534
55731240,9.27,0.00619409434701,0.00380585393218,6.18173088524,3.79825741735
55791360,9.28,0.00613617620487,0.00366475512803,6.12392834818,3.65744024753
55851480,9.29,0.0060702640009,0.00357380551973,6.05814770549,3.56667217538
55911600,9.3,0.00600883558046,0.00353832139037,5.99684189666,3.53125887263
55971720,9.31,0.00592601701205,0.00348662290188,5.91418863478,3.47966357473
56031840,9.32,0.00589406240587,0.00345057423555,5.88229781025,3.44368686183
56091960,9.33,0.00593159537309,0.00346165440944,5.91975586137,3.4547449196
56152080,9.34,0.00586788662711,0.00340994055332,5.85617427855,3.40313428475
56212200,9.35,0.00585131736999,0.00333346194465,5.8396380938,3.32680832799
56272320,9.36,0.00583490503387,0.00333427435962,5.82325851684,3.32761912138
56332440,9.37,0.00587378966592,0.00338639619593,5.86206553485,3.37963692209
56392560,9.38,0.00587073914412,0.00342399185603,5.85902110192,3.41715754095
56452680,9.39,0.00594086344823,0.00350366286145,5.92900543736,3.4966695224
56512800,9.4,0.00592267435112,0.00351376518287,5.91085264583,3.50675167951
56572920,9.41,0.00589454632323,0.00350631005177,5.88278076171,3.49931142892
56633040,9.42,0.00589033442509,0.00347499846785,5.87857727055,3.46806234316
56693160,9.43,0.00585874616588,0.00347311880658,5.84705206175,3.46618643371
56753280,9.44,0.00587555083629,0.0035113938193,5.86382318991,3.5043850492
56813400,9.45,0.00599875448237,0.0037041937854,5.98678092052,3.69680018503
56873520,9.46,0.00603288032687,0.00375107932997,6.02083864957,3.74359214568
56933640,9.47,0.00613137690159,0.00391838735721,6.11913862434,3.91056622476
56993760,9.48,0.00608685789248,0.00385785289077,6.07470847553,3.85015258559
57053880,9.49,0.00604401288391,0.00384709635409,6.03194898594,3.83941751905
57114000,9.5,0.00621081843304,0.00407166443944,6.19842158986,4.06353736471
57174120,9.51,0.00625086173585,0.00415332788772,6.23838496592,4.1450378121
57234240,9.52,0.0063704809586,0.00429313596973,6.35776542774,4.28456683606
57294360,9.53,0.00627845219156,0.00417652370812,6.26592035086,4.16818733345
57354480,9.54,0.00621961380462,0.00412356072547,6.20719940581,4.11533006534
57414600,9.55,0.0061491523595,0.00405156983988,6.1368786023,4.04348287413
57474720,9.56,0.00606681228292,0.00399204708963,6.05470287716,3.98407893177
57534840,9.57,0.00614172420216,0.0041179620525,6.12946527161,4.10974256737
57594960,9.58,0.00608270197971,0.00404657691728,6.070560858,4.03849991745
57655080,9.59,0.00597920279378,0.00394219667266,5.96726825726,3.93432801662
57715200,9.6,0.00592156596842,0.0038423279798,5.90974647547,3.83465866247
57775320,9.61,0.00589184023514,0.00367114375182,5.88008007499,3.66381611958
57835440,9.62,0.00579762821275,0.00358609458628,5.78605610055,3.57893671285
57895560,9.63,0.0057779885656,0.00338787186188,5.7664556543,3.3811096426
57955680,9.64,0.00573761415038,0.00335357284199,5.72616182672,3.34687908382
58015800,9.65,0.00571263691465,0.00332910537459,5.70123444576,3.32246045368
58075920,9.66,0.00576282592751,0.00336783684409,5.75132328095,3.36111461486
58136040,9.67,0.0057651786689,0.00343291082357,5.75367132624,3.42605870616
58196160,9.68,0.0056794526953,0.00339493379513,5.66811646238,3.38815748017
58256280,9.69,0.00564625029722,0.00335693024388,5.63498033655,3.35022978431
58316400,9.7,0.00570609554686,0.0034257560845,5.69470613459,3.41891824801
58376520,9.71,0.00566942429737,0.0034042435521,5.65810808121,3.39744865479
58436640,9.72,0.00560880944021,0.00336399604216,5.59761421179,3.3572814792
58496760,9.73,0.00555869131521,0.00334183771333,5.54759612297,3.33516737858
58556880,9.74,0.00551259344641,0.00333681870198,5.50159026588,3.33015838521
58617000,9.75,0.00544347252562,0.00334840076696,5.43260731099,3.34171733229
58677120,9.76,0.00558046249443,0.00348781642105,5.56932384674,3.48085471162
58737240,9.77,0.00558979794968,0.00350334762213,5.57864066834,3.49635491231
58797360,9.78,0.00559089937688,0.00352036052494,5.57973989709,3.51333385722
58857480,9.79,0.00556663376656,0.0034933985024,5.55552272111,3.4864256511
58917600,9.8,0.00551346844152,0.00347021178961,5.50246351449,3.46328521917
58977720,9.81,0.00542665640055,0.00343270795683,5.41582475105,3.42585624434
59037840,9.82,0.00536741990336,0.00339742533923,5.35670649038,3.39064405113
59097960,9.83,0.00538695921803,0.00334710901094,5.37620680442,3.34042815463
59158080,9.84,0.0053767713679,0.0033518636257,5.36603928932,3.34517327914
59218200,9.85,0.00535326820938,0.00334102179863,5.34258304329,3.33435309245
59278320,9.86,0.00529800676842,0.0033117379628,5.28743190462,3.30512770739
59338440,9.87,0.00523591759222,0.00327942536612,5.2254666589,3.27287960691
59398560,9.88,0.00521125287749,0.00324366605876,5.20085117514,3.23719167541
59458680,9.89,0.00521480965584,0.0032617154561,5.20440085413,3.25520504601
59518800,9.9,0.00526399067996,0.00332347387902,5.25348371254,3.31684019862
59578920,9.91,0.00528967602342,0.00333994114169,5.27911778785,3.3332745925
59639040,9.92,0.00525501862495,0.00331378607303,5.24452956582,3.30717172957
59699160,9.93,0.00521201463739,0.00328196203182,5.20161141456,3.2754112094
59759280,9.94,0.00517705730499,0.00322969102518,5.16672385728,3.22324453611
59819400,9.95,0.00520170448511,0.00325698440845,5.19132184143,3.25048344156
59879520,9.96,0.00527568711784,0.0033101187417,5.26515680423,3.30351171826
59939640,9.97,0.00531344570428,0.00336262780878,5.30284002423,3.35591597683
59999760,9.98,0.00537580389727,0.00338942364228,5.36507374977,3.38265832563
60059880,9.99,0.00542700312178,0.00345832946279,5.41617078022,3.45142660957
60120000,10.0,0.00537498883501,0.00338472579196,5.36426031438,3.37796985225
60120001,10.0000001663,0.00537498845278,0.00338472574951,5.36425993292,3.37796980989
