60120,0.01,0.00532677286002,0.00319567494004
120240,0.02,0.00432190041062,0.00302157312382
180360,0.03,0.00393878754266,0.00269620045953
240480,0.04,0.00350513432744,0.00238622618628
300600,0.05,0.00321483827797,0.00209707465154
360720,0.06,0.00301215869275,0.00190707001248
420840,0.07,0.00284544597505,0.00175768493455
480960,0.08,0.00270587073823,0.00167939400601
541080,0.09,0.00259812058726,0.00159539243428
601200,0.1,0.00236163981405,0.00139044143186
661320,0.11,0.00229940789365,0.00141061282106
721440,0.12,0.00226817032657,0.00148502533471
781560,0.13,0.0022389504157,0.00154326946884
841680,0.14,0.00220015795212,0.00160668811853
901800,0.15,0.00206292751974,0.00146629303198
961920,0.16,0.00200370447229,0.00146471056205
1022040,0.17,0.00178605657254,0.00124450549418
1082160,0.18,0.00167103672392,0.00116589959471
1142280,0.19,0.00165612211864,0.00121322577049
1202400,0.2,0.00167202456226,0.00125469110524
1262520,0.21,0.00140704472994,0.000948039460798
1322640,0.22,0.00134093677078,0.00092779916308
1382760,0.23,0.00133586257277,0.000964188793962
1442880,0.24,0.0013218861797,0.00097634276408
1503000,0.25,0.00128372455738,0.000973734758997
1563120,0.26,0.00122269692696,0.000905527432643
1623240,0.27,0.00125646527032,0.000962111675925
1683360,0.28,0.00123526400662,0.00096254777848
1743480,0.29,0.00127279245978,0.00101474222012
1803600,0.3,0.00117521713334,0.000924889499788
1863720,0.31,0.00109803728796,0.000849163834194
1923840,0.32,0.00101792952529,0.000759064577008
1983960,0.33,0.000983817287019,0.000725306882449
2044080,0.34,0.000964975234036,0.000712614600397
2104200,0.35,0.00100771213431,0.000781238188927
2164320,0.36,0.000985285626781,0.000758007699307
2224440,0.37,0.00103133037569,0.000804889727584
2284560,0.38,0.00107062750015,0.000841575858798
2344680,0.39,0.00103268011663,0.000823522238412
2404800,0.4,0.00103908711904,0.000824585466054
2464920,0.41,0.00104658035083,0.000856263616698
2525040,0.42,0.00112124550949,0.000958882932154
2585160,0.43,0.00112671930012,0.000979918243515
2645280,0.44,0.00102363006821,0.000786080033272
2705400,0.45,0.000942693487016,0.00074049218405
2765520,0.46,0.000966166250709,0.000770963826763
2825640,0.47,0.00101990602871,0.000837578907961
2885760,0.48,0.000937993061078,0.000774048515489
2945880,0.49,0.000861290778945,0.000688353487809
3006000,0.5,0.000899092768241,0.000741896452055
3066120,0.51,0.000975315914753,0.000845017338234
3126240,0.52,0.00103282717556,0.000962502235249
3186360,0.53,0.00112905943771,0.0010885731782
3246480,0.54,0.00101807295744,0.000919408937379
3306600,0.55,0.00107022009401,0.00101608721939
3366720,0.56,0.0010430628452,0.000979132472086
3426840,0.57,0.000953768367202,0.000857684436288
3486960,0.58,0.000957762670656,0.000866080339921
3547080,0.59,0.000987479947606,0.000897972251913
3607200,0.6,0.00108592891706,0.000987327541113
3667320,0.61,0.000832303887352,0.000667071293712
3727440,0.62,0.000861489279607,0.000696988334817
3787560,0.63,0.000903448228886,0.000751545553744
3847680,0.64,0.000886110881127,0.000753018330236
3907800,0.65,0.0009723705549,0.00084137824134
3967920,0.66,0.00100857202513,0.0008828676091
4028040,0.67,0.00112533217731,0.00100693381845
4088160,0.68,0.00125369051156,0.00115887063996
4148280,0.69,0.00140656703569,0.00134401267267
4208400,0.7,0.00133180933836,0.00117445312338
4268520,0.71,0.00141474374724,0.00124624717807
4328640,0.72,0.00136928824177,0.00117928115367
4388760,0.73,0.00153584256946,0.0013865839092
4448880,0.74,0.00131575329268,0.00106005949615
4509000,0.75,0.00141402844648,0.00125029495753
4569120,0.76,0.0016050994497,0.00150975240546
4629240,0.77,0.00168285512599,0.00162995626491
4689360,0.78,0.00129551605794,0.00117165499875
4749480,0.79,0.00135795762424,0.00128121364069
4809600,0.8,0.00129733835659,0.00120463206791
4869720,0.81,0.00119686655427,0.00108827496937
4929840,0.82,0.00123364215714,0.00111737990976
4989960,0.83,0.00109315025078,0.000965602565647
5050080,0.84,0.00108028549577,0.000943945041006
5110200,0.85,0.00112236684326,0.000982303353353
5170320,0.86,0.00109897551704,0.000941957441201
5230440,0.87,0.001138655333,0.00101749185006
5290560,0.88,0.00107274187201,0.000945515926085
5350680,0.89,0.001074568004,0.000911453336792
5410800,0.9,0.000956817174346,0.000797371851024
5470920,0.91,0.00101295725223,0.000844378388587
5531040,0.92,0.00107669688613,0.000916230184314
5591160,0.93,0.00116276814816,0.00100919723368
5651280,0.94,0.00113280283075,0.000994736895825
5711400,0.95,0.00113044665634,0.00102336528867
5771520,0.96,0.000994015959343,0.000882026719543
5831640,0.97,0.00105407826177,0.000947021037867
5891760,0.98,0.00110362772212,0.001017368147
5951880,0.99,0.00113488135222,0.00109365097662
6012000,1.0,0.00121831869274,0.00119911420628
6072120,1.01,0.00115364294407,0.00109678018559
6132240,1.02,0.0011659259841,0.00112955328617
6192360,1.03,0.0012411867328,0.00122264175856
6252480,1.04,0.00120724230732,0.00118524683062
6312600,1.05,0.00100421918584,0.00098197789899
6372720,1.06,0.00102056278229,0.00104589297836
6432840,1.07,0.00110933957372,0.0011208956065
6492960,1.08,0.00111764432669,0.00113331278126
6553080,1.09,0.00102202155827,0.000993029526815
6613200,1.1,0.00100556525377,0.000976810005182
6673320,1.11,0.0009320677259,0.000882972244173
6733440,1.12,0.000965706565432,0.000849001162826
6793560,1.13,0.000935327494729,0.00079804958483
6853680,1.14,0.000999475983723,0.000836078944172
6913800,1.15,0.00106772999028,0.000894173230791
6973920,1.16,0.00111425759014,0.000943215875127
7034040,1.17,0.00116736226813,0.000989896532677
7094160,1.18,0.00113872700032,0.000928769083865
7154280,1.19,0.00122477974808,0.00102458761246
7214400,1.2,0.0012430879879,0.00100459187779
7274520,1.21,0.0012715299342,0.00104206506678
7334640,1.22,0.00136229470719,0.00114165873155
7394760,1.23,0.00140751982068,0.00122987641454
7454880,1.24,0.00150205668448,0.00136309050418
7515000,1.25,0.00151802819646,0.00137892354962
7575120,1.26,0.00145954288879,0.00128201979802
7635240,1.27,0.00134321430693,0.00117052293833
7695360,1.28,0.00135991657191,0.00120110073961
7755480,1.29,0.00144082037559,0.00128729322504
7815600,1.3,0.00145703467532,0.0012761562384
7875720,1.31,0.00119735708411,0.00100084046086
7935840,1.32,0.00122454589154,0.00103028849143
7995960,1.33,0.00116094921204,0.000906152300833
8056080,1.34,0.00103005797186,0.000812719089815
8116200,1.35,0.000885566661569,0.000643927293496
8176320,1.36,0.000903790462779,0.000646550467048
8236440,1.37,0.00091966985533,0.000672822798575
8296560,1.38,0.000968445465129,0.000704548099429
8356680,1.39,0.00100890726207,0.000744311144676
8416800,1.4,0.000997453184354,0.000736443854764
8476920,1.41,0.00100997839891,0.000758205536576
8537040,1.42,0.00106242659999,0.000816566070357
8597160,1.43,0.0011065688842,0.000865553669757
8657280,1.44,0.00115940797453,0.000915184935787
8717400,1.45,0.00123020007126,0.000979403543652
8777520,1.46,0.00125107695681,0.000990995192568
8837640,1.47,0.00119986069584,0.000933191892882
8897760,1.48,0.00102473225706,0.000758596500483
8957880,1.49,0.0010504333807,0.00077513355797
9018000,1.5,0.00101179115984,0.000729753529097
9078120,1.51,0.00105230257062,0.000782244783851
9138240,1.52,0.00109967293893,0.000837845898782
9198360,1.53,0.00114494226357,0.000888312785657
9258480,1.54,0.00121132369894,0.000963170245307
9318600,1.55,0.00128643707733,0.00100927940257
9378720,1.56,0.00134782647439,0.00107414833203
9438840,1.57,0.00131016100012,0.0010394890973
9498960,1.58,0.0013513881421,0.00108269028913
9559080,1.59,0.00135543391767,0.00106530341656
9619200,1.6,0.00134616628204,0.00104217876655
9679320,1.61,0.00110750846268,0.000773539212134
9739440,1.62,0.00109189830597,0.000761539376233
9799560,1.63,0.00111218809018,0.000786994542026
9859680,1.64,0.00112405403052,0.000834025561086
9919800,1.65,0.00117619743764,0.000906512812518
9979920,1.66,0.00124171268988,0.000994254225637
10040040,1.67,0.00122753317097,0.00100771552192
10100160,1.68,0.001291786879,0.0011017529123
10160280,1.69,0.00126682777059,0.00111980753849
10220400,1.7,0.00134738630143,0.00123381801403
10280520,1.71,0.00135952589912,0.00124681424947
10340640,1.72,0.00136177274641,0.00128305763718
10400760,1.73,0.00135917178371,0.0013036960548
10460880,1.74,0.00125391081215,0.00112281196467
10521000,1.75,0.00114828626622,0.00109858985259
10581120,1.76,0.00104404328814,0.00092172586654
10641240,1.77,0.000830138072812,0.000641771021922
10701360,1.78,0.000819515592807,0.000636693434954
10761480,1.79,0.000839167682576,0.00066904113176
10821600,1.8,0.000885135342567,0.000708522702015
10881720,1.81,0.000887301299182,0.000726738538979
10941840,1.82,0.000915861343256,0.000767045787833
11001960,1.83,0.000883032765839,0.000747638623231
11062080,1.84,0.000852541641926,0.000737642173334
11122200,1.85,0.000884537534606,0.000786482889346
11182320,1.86,0.00093622612385,0.000834768768032
11242440,1.87,0.000717665100489,0.00055062104656
11302560,1.88,0.000749146676413,0.000600791539606
11362680,1.89,0.000775855892484,0.000627955492795
11422800,1.9,0.000828019594187,0.00067414654936
11482920,1.91,0.000854201343516,0.000734508913566
11543040,1.92,0.000879106877254,0.000740297436202
11603160,1.93,0.000898664326444,0.000782239808389
11663280,1.94,0.000875966301046,0.000734559455124
11723400,1.95,0.000839328636127,0.00068459993248
11783520,1.96,0.000889585764783,0.000730901611249
11843640,1.97,0.00092735485676,0.0007811829656
11903760,1.98,0.000973112634767,0.000847187827416
11963880,1.99,0.000784661854864,0.000590648735149
12024000,2.0,0.000750584711957,0.000589403171477
12084120,2.01,0.000793318292325,0.00062506691016
12144240,2.02,0.000835494152217,0.000674187375873
12204360,2.03,0.000877617449046,0.000715937262694
12264480,2.04,0.000902842883175,0.00075510048048
12324600,2.05,0.000953938252615,0.000809399857288
12384720,2.06,0.00100242820003,0.000862719583036
12444840,2.07,0.00107080115499,0.000927314695355
12504960,2.08,0.0011031851626,0.000977874602242
12565080,2.09,0.000976466721685,0.000801525107893
12625200,2.1,0.00102138701077,0.000861140309376
12685320,2.11,0.00106481191218,0.000895992902249
12745440,2.12,0.00101439961501,0.000839029360458
12805560,2.13,0.000994086560529,0.000805053894853
12865680,2.14,0.000963711634865,0.00075974343378
12925800,2.15,0.000965195914424,0.000773328184589
12985920,2.16,0.00101220145828,0.00082299414785
13046040,2.17,0.000983238590341,0.000773984172665
13106160,2.18,0.00100084926229,0.000783981604429
13166280,2.19,0.0010587003109,0.000828613477737
13226400,2.2,0.00110883380732,0.000900870994986
13286520,2.21,0.00115002198526,0.00095980477922
13346640,2.22,0.00111081308327,0.000901057141553
13406760,2.23,0.00109689283305,0.000874687363504
13466880,2.24,0.00115789894294,0.000959948019545
13527000,2.25,0.00110048331534,0.000911173736367
13587120,2.26,0.00116283734134,0.000987019829547
13647240,2.27,0.0012148636291,0.00106161727998
13707360,2.28,0.00116956399251,0.000995291903859
13767480,2.29,0.000978864584076,0.000758719063558
13827600,2.3,0.00101837352955,0.000795601135307
13887720,2.31,0.00106238133911,0.000829718831019
13947840,2.32,0.00110026881289,0.000869799509687
14007960,2.33,0.00112681561369,0.000899840445549
14068080,2.34,0.00115521683327,0.00093437545481
14128200,2.35,0.00117297001547,0.000927100822089
14188320,2.36,0.00113445278937,0.000919594905632
14248440,2.37,0.00112169056308,0.000924477118592
14308560,2.38,0.00100388075281,0.000806104828923
14368680,2.39,0.000997450799404,0.000806301946187
14428800,2.4,0.00106952113908,0.000860500626736
14488920,2.41,0.00109343434707,0.000863374107393
14549040,2.42,0.00104719433837,0.000847008149095
14609160,2.43,0.00109981128022,0.000902705022512
14669280,2.44,0.0011491701025,0.000980009389243
14729400,2.45,0.00121562871135,0.00106999330347
14789520,2.46,0.00126745841165,0.00109028233647
14849640,2.47,0.00104901911865,0.000862267988884
14909760,2.48,0.00104716150015,0.000879207245949
14969880,2.49,0.00101886996225,0.000868726153832
15030000,2.5,0.00106472162228,0.00093842488604
15090120,2.51,0.00101701422073,0.000845559618072
15150240,2.52,0.00101565072154,0.000854531016805
15210360,2.53,0.00107226362926,0.000922002209278
15270480,2.54,0.00111525655466,0.000977932498976
15330600,2.55,0.00108357160657,0.000919646761422
15390720,2.56,0.00109862307458,0.000938652455103
15450840,2.57,0.00102231459873,0.000854824378433
15510960,2.58,0.00106257653167,0.000894116512349
15571080,2.59,0.00111574623907,0.000951881965311
15631200,2.6,0.00118407931443,0.00103788917588
15691320,2.61,0.00126926292456,0.00112626532018
15751440,2.62,0.00127751645592,0.0011401081786
15811560,2.63,0.00127778389446,0.00109545447442
15871680,2.64,0.00128354988815,0.00112583322671
15931800,2.65,0.00128879499491,0.00113256423222
15991920,2.66,0.0012827783472,0.00116243008377
16052040,2.67,0.00130776705398,0.00117661289429
16112160,2.68,0.00116944723873,0.00102257570024
16172280,2.69,0.00105495197734,0.00089641102754
16232400,2.7,0.00109142030536,0.000941685212628
16292520,2.71,0.00102248662383,0.000862285469787
16352640,2.72,0.00105661766529,0.000898812672173
16412760,2.73,0.00108011138337,0.000900544660648
16472880,2.74,0.00102364109155,0.000837678779176
16533000,2.75,0.000924502035092,0.000720191286015
16593120,2.76,0.00081596553613,0.000589358093629
16653240,2.77,0.000785321573241,0.000553951313523
16713360,2.78,0.000783764076732,0.000542365527634
16773480,2.79,0.000799267343063,0.000565450440975
16833600,2.8,0.000798295594644,0.000555843636586
16893720,2.81,0.000818283082125,0.000571604854682
16953840,2.82,0.000837877254911,0.000576838723331
17013960,2.83,0.000875789518684,0.000608101460963
17074080,2.84,0.000892645606578,0.000617792698285
17134200,2.85,0.000933460983881,0.000667347621718
17194320,2.86,0.000978852719263,0.000720904223822
17254440,2.87,0.00102577146709,0.000779820954143
17314560,2.88,0.00107550654054,0.000828758489913
17374680,2.89,0.00107874631139,0.000802010986704
17434800,2.9,0.00110423308117,0.000843112821873
17494920,2.91,0.00116584947688,0.000910905654335
17555040,2.92,0.00110800496134,0.000845704425676
17615160,2.93,0.00104791262184,0.000789055619043
17675280,2.94,0.00105124583733,0.000775767510309
17735400,2.95,0.000909064409832,0.000601333211202
17795520,2.96,0.000939455966316,0.000629684749094
17855640,2.97,0.000966018831646,0.000660427016972
17915760,2.98,0.00101007398016,0.000705311026388
17975880,2.99,0.00103216414881,0.000729723301605
18036000,3.0,0.00107968941813,0.000781255528952
18096120,3.01,0.00112406866909,0.000837301947652
18156240,3.02,0.0011800233873,0.000895432559306
18216360,3.03,0.00113156653795,0.000820555405208
18276480,3.04,0.00107926722184,0.000786479519213
18336600,3.05,0.00107616334212,0.000798879575289
18396720,3.06,0.00107837238104,0.000789437152353
18456840,3.07,0.00105569331461,0.0007713189653
18516960,3.08,0.00108986779367,0.000801542870801
18577080,3.09,0.00112067054095,0.000827612184922
18637200,3.1,0.0010460262623,0.000750233478515
18697320,3.11,0.000950428901938,0.000645422485202
18757440,3.12,0.000908782218561,0.000615553878619
18817560,3.13,0.000952393843573,0.000661661375479
18877680,3.14,0.00099748665959,0.000719146365849
18937800,3.15,0.00103223386198,0.000765003282997
18997920,3.16,0.00103530361164,0.000760951957645
19058040,3.17,0.00104934007067,0.000803953999774
19118160,3.18,0.00112082925576,0.000898737742149
19178280,3.19,0.00120438787214,0.00102739841583
19238400,3.2,0.00130116641171,0.00114175936469
19298520,3.21,0.0013549612371,0.00124894507472
19358640,3.22,0.00143882341114,0.00139856977306
19418760,3.23,0.00121988025541,0.00109326301634
19478880,3.24,0.00111604537572,0.000969119382168
19539000,3.25,0.00109998211126,0.000963050240363
19599120,3.26,0.00110178453837,0.000979721199399
19659240,3.27,0.000969054802789,0.000801437894176
19719360,3.28,0.000996763915826,0.000866224262659
19779480,3.29,0.00107167270642,0.000942814572661
19839600,3.3,0.0011438828578,0.00103724104714
19899720,3.31,0.00122344312639,0.00113433503428
19959840,3.32,0.00123338350733,0.00114869269434
20019960,3.33,0.00122352645616,0.00114014692668
20080080,3.34,0.00135206477225,0.00131670745182
20140200,3.35,0.0012680665388,0.00121903518005
20200320,3.36,0.00105530067338,0.000947200446757
20260440,3.37,0.00100450687017,0.000948689785788
20320560,3.38,0.000963585815125,0.000895215946313
20380680,3.39,0.00102883097825,0.000960451513062
20440800,3.4,0.00105657135562,0.000977516682741
20500920,3.41,0.00103491907548,0.000976011480785
20561040,3.42,0.000997420626151,0.000934837194968
20621160,3.43,0.000931295672412,0.000867874433989
20681280,3.44,0.000922764383547,0.000857452681706
20741400,3.45,0.000982198556348,0.000922378654407
20801520,3.46,0.00095217584791,0.000847522645448
20861640,3.47,0.000756800737102,0.000636847540307
20921760,3.48,0.000724601803017,0.000579053064279
20981880,3.49,0.000706637406731,0.00052830641104
21042000,3.5,0.000706587033181,0.000543636318912
21102120,3.51,0.000738879542207,0.000566087783083
21162240,3.52,0.000736706260632,0.000564937467667
21222360,3.53,0.0007768243282,0.000616274409224
21282480,3.54,0.000828441042016,0.000652491132648
21342600,3.55,0.000868430183038,0.000690614509854
21402720,3.56,0.000896932621361,0.000735976927613
21462840,3.57,0.000970810218679,0.000809773563152
21522960,3.58,0.00103301842228,0.000875855906698
21583080,3.59,0.000915255755889,0.000720770165287
21643200,3.6,0.000874502886878,0.000681018232079
21703320,3.61,0.000895186459042,0.000736660827143
21763440,3.62,0.000949151885667,0.000792283369434
21823560,3.63,0.000998107392595,0.000843016886674
21883680,3.64,0.00105882449965,0.000921913050052
21943800,3.65,0.00113066529914,0.00100302516466
22003920,3.66,0.00119957234486,0.0010824310277
22064040,3.67,0.00122438497131,0.00110748695073
22124160,3.68,0.00116442620086,0.00106081368256
22184280,3.69,0.0009878771513,0.000856365296508
22244400,3.7,0.00102869737335,0.000888333266466
22304520,3.71,0.00104021485704,0.000888160773819
22364640,3.72,0.00103365201395,0.000885322248812
22424760,3.73,0.00107612516049,0.000936663869454
22484880,3.74,0.0011499876673,0.00100313055822
22545000,3.75,0.00114085646395,0.00100228272505
22605120,3.76,0.00119539799744,0.00105948333153
22665240,3.77,0.00117417375155,0.00103448618221
22725360,3.78,0.00108172828208,0.000898766240257
22785480,3.79,0.00105954316053,0.000875877516797
22845600,3.8,0.00100077366658,0.000808512259599
22905720,3.81,0.0010641802355,0.000876563304611
22965840,3.82,0.0011358447919,0.000946064045749
23025960,3.83,0.00113914944302,0.000991232475523
23086080,3.84,0.0011345509781,0.000958891091184
23146200,3.85,0.00118738124393,0.00103649619767
23206320,3.86,0.00124837511164,0.00113191443961
23266440,3.87,0.00126650085028,0.00114531294533
23326560,3.88,0.0011273461422,0.000983103963271
23386680,3.89,0.00112704803729,0.00100009370619
23446800,3.9,0.00108054181418,0.000936688426927
23506920,3.91,0.00114418591229,0.0010380579119
23567040,3.92,0.00110542020101,0.000976400516856
23627160,3.93,0.00111350988577,0.000985646673157
23687280,3.94,0.00119304849971,0.00107479969353
23747400,3.95,0.00112067777075,0.000990016950535
23807520,3.96,0.00118720112317,0.00108923053987
23867640,3.97,0.00120622662296,0.00107941459257
23927760,3.98,0.00108988262896,0.000949621741029
23987880,3.99,0.00102626612196,0.000899372575593
24048000,4.0,0.000932856914966,0.000784876980908
24108120,4.01,0.000955885606324,0.000833845877986
24168240,4.02,0.000848917479889,0.000708300781408
24228360,4.03,0.000865950328799,0.000740662986549
24288480,4.04,0.000907123061934,0.000784808541705
24348600,4.05,0.000938114518592,0.000813186445179
24408720,4.06,0.000970469443624,0.000852578723967
24468840,4.07,0.000946552302946,0.000803750020278
24528960,4.08,0.000944701345446,0.000785757928198
24589080,4.09,0.000907492925473,0.000701831192931
24649200,4.1,0.000867997767229,0.000703063928945
24709320,4.11,0.000917984896472,0.000727505056535
24769440,4.12,0.000865752462283,0.000688390365471
24829560,4.13,0.00088323126442,0.000718122874388
24889680,4.14,0.000933527291816,0.000781089170626
24949800,4.15,0.000931784621095,0.000766161111138
25009920,4.16,0.000906606439983,0.000737538528469
25070040,4.17,0.000956114716798,0.000801654528652
25130160,4.18,0.000996839179487,0.000866832489222
25190280,4.19,0.00107170083446,0.000914026038377
25250400,4.2,0.000997125331711,0.000820859032494
25310520,4.21,0.00105511063163,0.000899466079561
25370640,4.22,0.000993094357472,0.000835454939851
25430760,4.23,0.00103130601825,0.000901946269354
25490880,4.24,0.00107829275442,0.000954693254814
25551000,4.25,0.00108956631118,0.000995881765241
25611120,4.26,0.00102860070608,0.000909529091777
25671240,4.27,0.000955862229006,0.000851832022881
25731360,4.28,0.000995792780096,0.000922858049405
25791480,4.29,0.00106450151613,0.00100654594125
25851600,4.3,0.000929233064782,0.000874607211309
25911720,4.31,0.000907928742533,0.000882581826675
25971840,4.32,0.000961865954418,0.000940688037875
26031960,4.33,0.000883575566887,0.000798064948508
26092080,4.34,0.00092029642535,0.000856014148053
26152200,4.35,0.000965878794769,0.000895064354575
26212320,4.36,0.000892407516053,0.000820091146793
26272440,4.37,0.000942569473085,0.000860325578074
26332560,4.38,0.000868398061264,0.000760285880165
26392680,4.39,0.000926110490626,0.000823678962529
26452800,4.4,0.000975526482353,0.000879740568846
26512920,4.41,0.00102970448524,0.0009376860581
26573040,4.42,0.00104428742975,0.00100075576126
26633160,4.43,0.00108433870525,0.00103228186282
26693280,4.44,0.00114235461631,0.00110052548958
26753400,4.45,0.00114805008078,0.00110766711372
26813520,4.46,0.00115959052919,0.00109529091955
26873640,4.47,0.000935129461135,0.00078057310032
26933760,4.48,0.000926827983695,0.000795749661865
26993880,4.49,0.000994575087341,0.000855223778745
27054000,4.5,0.00103021122025,0.000881291945548
27114120,4.51,0.000970295283621,0.000807518793085
27174240,4.52,0.00103493137508,0.000864898226677
27234360,4.53,0.00105944828852,0.000897056202666
27294480,4.54,0.00107462775201,0.000904940571179
27354600,4.55,0.000987342472947,0.000816371595953
27414720,4.56,0.0010189554283,0.000869981896538
27474840,4.57,0.00104801215378,0.000944083362331
27534960,4.58,0.00113853094408,0.00100581130751
27595080,4.59,0.00114508899273,0.000992506020721
27655200,4.6,0.00120851590471,0.00109029543897
27715320,4.61,0.00111862349314,0.000961822440968
27775440,4.62,0.000974318223799,0.000821823473146
27835560,4.63,0.00105040235629,0.000895840253161
27895680,4.64,0.00106179558121,0.000914513854898
27955800,4.65,0.00102594792533,0.000918008506143
28015920,4.66,0.00110908120324,0.00100295674958
28076040,4.67,0.00100939300056,0.000838095990142
28136160,4.68,0.00106867502995,0.000915067302301
28196280,4.69,0.000973656410097,0.000807518647098
28256400,4.7,0.00103339258773,0.000895103094803
28316520,4.71,0.00108445440384,0.00095115751516
28376640,4.72,0.00115947560622,0.00104686684103
28436760,4.73,0.0010510836271,0.000843500768026
28496880,4.74,0.0010296830594,0.000885599825129
28557000,4.75,0.000960562480901,0.000799704521454
28617120,4.76,0.000954654000114,0.000786886121908
28677240,4.77,0.000958111925755,0.000764847711066
28737360,4.78,0.000983114342616,0.000799014379692
28797480,4.79,0.000995376611783,0.000811526801897
28857600,4.8,0.00100662957075,0.000868638793332
28917720,4.81,0.00109927337437,0.000962871502848
28977840,4.82,0.00120964519861,0.0010511731992
29037960,4.83,0.00130835826459,0.00114888889135
29098080,4.84,0.001210970005,0.0010659442666
29158200,4.85,0.00130069823287,0.00118494654253
29218320,4.86,0.00141281064873,0.00132020980485
29278440,4.87,0.00150111037683,0.00141434001524
29338560,4.88,0.00148256780597,0.00139341142062
29398680,4.89,0.00141867552151,0.00132141312541
29458800,4.9,0.00143401587273,0.0013368453249
29518920,4.91,0.00141806122093,0.00134691378547
29579040,4.92,0.00129102501477,0.00113729746821
29639160,4.93,0.00120713523257,0.00106333000446
29699280,4.94,0.00109720603604,0.000926932562171
29759400,4.95,0.00101190085397,0.000857936923952
29819520,4.96,0.000908872276519,0.000738636966617
29879640,4.97,0.000920213569421,0.000766632500165
29939760,4.98,0.000814432339317,0.000642176248424
29999880,4.99,0.00084393954345,0.000680210863088
30060000,5.0,0.000892099859381,0.000715638551938
30120120,5.01,0.000959585980772,0.000753933260981
30180240,5.02,0.00102372213162,0.000808870097864
30240360,5.03,0.00109129862254,0.000883156005455
30300480,5.04,0.00115293999572,0.000957821626744
30360600,5.05,0.00117489410131,0.000960541539402
30420720,5.06,0.0011776800149,0.00100693625309
30480840,5.07,0.0011560593333,0.000983852686373
30540960,5.08,0.00119906991255,0.00103798516297
30601080,5.09,0.00123103891219,0.00106234660317
30661200,5.1,0.00132777747092,0.00115016360515
30721320,5.11,0.00143620075294,0.00125904339391
30781440,5.12,0.00141235772217,0.00120885563148
30841560,5.13,0.00145473501846,0.00123457939105
30901680,5.14,0.00152077134142,0.001331673782
30961800,5.15,0.00165066631061,0.00151018533773
31021920,5.16,0.00161877225832,0.00145898219325
31082040,5.17,0.00157100311661,0.00148586770433
31142160,5.18,0.00129903500072,0.00114187609024
31202280,5.19,0.00131604910269,0.00119128510691
31262400,5.2,0.00116805100247,0.00103068303637
31322520,5.21,0.00112956595238,0.00109048635425
31382640,5.22,0.00116664124488,0.00115333363683
31442760,5.23,0.00123904252213,0.00124834278818
31502880,5.24,0.0011423752464,0.00117593102728
31563000,5.25,0.00124961200124,0.00131373061909
31623120,5.26,0.00129273409147,0.00133694786362
31683240,5.27,0.000926386732886,0.000922166913533
31743360,5.28,0.00100228105965,0.00101034969107
31803480,5.29,0.000906789721258,0.000865070920413
31863600,5.3,0.000915141599535,0.000856229302085
31923720,5.31,0.000945327467842,0.000895679749757
31983840,5.32,0.00103742061854,0.000954349448082
32043960,5.33,0.00114056283614,0.00110208888629
32104080,5.34,0.000911399361753,0.000784415840297
32164200,5.35,0.000875349909148,0.000788458413667
32224320,5.36,0.000797799341422,0.000749250836687
32284440,5.37,0.000836057436829,0.00076384999726
32344560,5.38,0.000790024022903,0.000738426515014
32404680,5.39,0.000857313224477,0.000841372087811
32464800,5.4,0.000945018234024,0.000846640485197
32524920,5.41,0.00102407971415,0.000939799838999
32585040,5.42,0.00113196619409,0.00105927072162
32645160,5.43,0.00123607816353,0.00119357785394
32705280,5.44,0.00130917275558,0.00130424291546
32765400,5.45,0.0014227840604,0.00144485624908
32825520,5.46,0.00137525333323,0.00138513300091
32885640,5.47,0.00141586840165,0.0014274764274
32945760,5.48,0.00138107344092,0.00133433995731
33005880,5.49,0.00142693557902,0.00142617754868
33066000,5.5,0.00155236413054,0.00163704732719
33126120,5.51,0.00146166528682,0.00153609431654
33186240,5.52,0.00132409794544,0.00145560478204
33246360,5.53,0.00121481425505,0.00134776002485
33306480,5.54,0.000999656048291,0.00110271275086
33366600,5.55,0.00106193362482,0.00112292259478
33426720,5.56,0.000964999235115,0.00100156755432
33486840,5.57,0.00105401197267,0.0010935391968
33546960,5.58,0.00104261185353,0.00103564270629
33607080,5.59,0.000939379757433,0.000877617457219
33667200,5.6,0.000877006586483,0.000830154459589
33727320,5.61,0.000881128398949,0.000783881134458
33787440,5.62,0.000897530492944,0.000763597184588
33847560,5.63,0.000838310924507,0.000685281357419
33907680,5.64,0.000892878282518,0.000691148862111
33967800,5.65,0.000886480372344,0.000698699207048
34027920,5.66,0.000896726542276,0.000680203032753
34088040,5.67,0.000951316816681,0.000726062234863
34148160,5.68,0.000981379846053,0.000731692343804
34208280,5.69,0.00108354109688,0.000821023496029
34268400,5.7,0.00117986572527,0.000955235577406
34328520,5.71,0.00129623249095,0.00108429675585
34388640,5.72,0.00141255463983,0.00125672415838
34448760,5.73,0.00162181473419,0.00148591330459
34508880,5.74,0.00144295376173,0.00121635761847
34569000,5.75,0.00142911879416,0.0012243782983
34629120,5.76,0.00145556305931,0.00127067550452
34689240,5.77,0.00136002035585,0.00112522720889
34749360,5.78,0.00124631499593,0.00101035225828
34809480,5.79,0.00131549329116,0.00109551535089
34869600,5.8,0.00136061890076,0.00115616247459
34929720,5.81,0.00115664261525,0.000918556734089
34989840,5.82,0.00116383049327,0.000901742887264
35049960,5.83,0.00109266032518,0.000827187262196
35110080,5.84,0.00107055424082,0.000810334573982
35170200,5.85,0.00105146738623,0.000781145311359
35230320,5.86,0.00106506200643,0.000784199741477
35290440,5.87,0.00104228292531,0.000789674702101
35350560,5.88,0.00106731225598,0.000826487552503
35410680,5.89,0.00110568121906,0.000871297532127
35470800,5.9,0.00114051714624,0.000927665100431
35530920,5.91,0.00119710605652,0.000983460076274
35591040,5.92,0.00111690977395,0.000881012032309
35651160,5.93,0.00108624006582,0.000875981224849
35711280,5.94,0.00109498231657,0.000940645183177
35771400,5.95,0.00106275343921,0.000958655110427
35831520,5.96,0.00107832361722,0.00102028333298
35891640,5.97,0.00115754722011,0.00114282505253
35951760,5.98,0.00121271090978,0.00117908879276
36011880,5.99,0.00119576796651,0.00119407209125
36072000,6.0,0.00107804329505,0.00101977708858
36132120,6.01,0.00102358124708,0.000972605323532
36192240,6.02,0.000876460665292,0.00077779947823
36252360,6.03,0.000923882316119,0.000845087613161
36312480,6.04,0.000786927124892,0.000704162771629
36372600,6.05,0.000744372118087,0.000647231010194
36432720,6.06,0.00083254260878,0.000716329897778
36492840,6.07,0.000900300519251,0.000807334879859
36552960,6.08,0.000984709112624,0.000910002475667
36613080,6.09,0.00107288219047,0.00100644920386
36673200,6.1,0.00113004137541,0.00110562783576
36733320,6.11,0.00106135032095,0.000994302019649
36793440,6.12,0.00109562384859,0.00108284799899
36853560,6.13,0.00116034686915,0.00111926801292
36913680,6.14,0.0010910946858,0.0010114660997
36973800,6.15,0.00112730815328,0.0010271270722
37033920,6.16,0.0011471111855,0.00106905406836
37094040,6.17,0.00119976090568,0.00116389590687
37154160,6.18,0.000942794584732,0.000796352619331
37214280,6.19,0.0009412608155,0.000851630572238
37274400,6.2,0.000993204901182,0.000896879622929
37334520,6.21,0.00103036779384,0.00093460243153
37394640,6.22,0.00111381413254,0.00102507878823
37454760,6.23,0.00121699165671,0.00115259388875
37514880,6.24,0.00132945377833,0.00130192961309
37575000,6.25,0.00133745759268,0.00131642939825
37635120,6.26,0.00116411886503,0.00111470604036
37695240,6.27,0.00117256218521,0.00113707860843
37755360,6.28,0.00113556032614,0.00109460736099
37815480,6.29,0.00112995387246,0.00111493191687
37875600,6.3,0.00096255089193,0.000919203893928
37935720,6.31,0.00100952327417,0.000988901946779
37995840,6.32,0.00102489815424,0.000989309006578
38055960,6.33,0.00102248764615,0.000903452827612
38116080,6.34,0.000856090876697,0.000699815243054
38176200,6.35,0.00085650139111,0.000713071765793
38236320,6.36,0.000898713067908,0.000750185171808
38296440,6.37,0.000962279818927,0.000794615566753
38356560,6.38,0.00093617464582,0.000731328758486
38416680,6.39,0.000966264628477,0.000790908347048
38476800,6.4,0.00101728964159,0.000833231984444
38536920,6.41,0.000974369026554,0.000775136444866
38597040,6.42,0.00102656979186,0.000837872368635
38657160,6.43,0.00107572324102,0.000893384104293
38717280,6.44,0.0010788413987,0.000916608552979
38777400,6.45,0.00115292725889,0.000976268826572
38837520,6.46,0.00109803234968,0.000918805202371
38897640,6.47,0.000968713710995,0.000759608215444
38957760,6.48,0.00100353021251,0.000794080231371
39017880,6.49,0.00103028528865,0.000825417606944
39078000,6.5,0.00105794952172,0.000858332609811
39138120,6.51,0.00110467686935,0.000904256403716
39198240,6.52,0.00114091648134,0.000926072569782
39258360,6.53,0.00116950040061,0.000943283771865
39318480,6.54,0.00108743034132,0.000793556547802
39378600,6.55,0.0010960893373,0.00081192283137
39438720,6.56,0.00116509976887,0.000892730130481
39498840,6.57,0.00120353016713,0.000938477892346
39558960,6.58,0.00128859676719,0.00103860957817
39619080,6.59,0.00123830370193,0.000966422826641
39679200,6.6,0.00122898316445,0.00098036969035
39739320,6.61,0.00130843524518,0.00108188250535
39799440,6.62,0.00138647297066,0.00117795638431
39859560,6.63,0.00148378152317,0.00130977359212
39919680,6.64,0.00119096890535,0.000941479795076
39979800,6.65,0.00100313039172,0.000797959293057
40039920,6.66,0.00101683447123,0.000814919788237
40100040,6.67,0.00102500224735,0.000838139006983
40160160,6.68,0.00108915757726,0.000885876078468
40220280,6.69,0.00114814573903,0.000948677921349
40280400,6.7,0.00117507494123,0.00100985089008
40340520,6.71,0.00101930440792,0.000837462589691
40400640,6.72,0.00102105109912,0.000876552239128
40460760,6.73,0.00109310032171,0.000940037876214
40520880,6.74,0.00112920172475,0.000981869271866
40581000,6.75,0.00106946559059,0.000977625889844
40641120,6.76,0.00113783667285,0.00103816192162
40701240,6.77,0.00113495740061,0.00108580558915
40761360,6.78,0.00114403361939,0.00110728397683
40821480,6.79,0.00103794797876,0.000954764915827
40881600,6.8,0.000972123281002,0.000881727272276
40941720,6.81,0.000916395778577,0.000832020251778
41001840,6.82,0.00097654643772,0.000900920998899
41061960,6.83,0.000979417020579,0.000906831853491
41122080,6.84,0.000967781171341,0.000898601463632
41182200,6.85,0.00103040988167,0.000990517702459
41242320,6.86,0.00106105126702,0.00101875755279
41302440,6.87,0.00105858546755,0.00104702092767
41362560,6.88,0.00103872955386,0.00101914042355
41422680,6.89,0.000962146326139,0.000951018803239
41482800,6.9,0.00103704457205,0.00103527760694
41542920,6.91,0.000972200931885,0.000920675319972
41603040,6.92,0.00092531541789,0.000847966845964
41663160,6.93,0.000871507626284,0.000817842405475
41723280,6.94,0.000948080785687,0.000900031638866
41783400,6.95,0.000886355899157,0.000761464863424
41843520,6.96,0.00093164784835,0.000816459596086
41903640,6.97,0.000896100300301,0.000760926663639
41963760,6.98,0.000965027510109,0.000832830296422
42023880,6.99,0.0010392060356,0.000910444246835
42084000,7.0,0.000983532983307,0.000787551828034
42144120,7.01,0.00102387564426,0.000839602430321
42204240,7.02,0.00106779772156,0.000880434250556
42264360,7.03,0.000949283408369,0.000758140517806
42324480,7.04,0.000962683718156,0.000782560156655
42384600,7.05,0.000867741855743,0.00068310516296
42444720,7.06,0.000903583861269,0.000716085792454
42504840,7.07,0.000909569917666,0.000779714416305
42564960,7.08,0.000945875976118,0.000814252646345
42625080,7.09,0.00100641560708,0.000862797304853
42685200,7.1,0.000903121288759,0.000751209171248
42745320,7.11,0.000928277588918,0.000791872620524
42805440,7.12,0.000969469150345,0.000849099916753
42865560,7.13,0.000981196417389,0.000815325686047
42925680,7.14,0.000939671546865,0.000780631630465
42985800,7.15,0.000988552980647,0.00085291603311
43045920,7.16,0.00102827222616,0.000884460550195
43106040,7.17,0.00108015187308,0.00098994853008
43166160,7.18,0.00119730909748,0.00109448594243
43226280,7.19,0.00125972355442,0.00119722045613
43286400,7.2,0.00119113536153,0.00113443080478
43346520,7.21,0.0012217658697,0.00120342182982
43406640,7.22,0.000818892276532,0.000701865314706
43466760,7.23,0.000797619628281,0.000727357035498
43526880,7.24,0.000883750854417,0.000787357436254
43587000,7.25,0.00091903490612,0.000830667466861
43647120,7.26,0.000874529983393,0.00075714554402
43707240,7.27,0.000926371662153,0.000829820329268
43767360,7.28,0.00097553215639,0.000878567330705
43827480,7.29,0.00104813342576,0.000974991399938
43887600,7.3,0.0011041101385,0.00104395691544
43947720,7.31,0.00118028890347,0.00111848575341
44007840,7.32,0.00117491142799,0.00105039925061
44067960,7.33,0.00131284546136,0.00122889340321
44128080,7.34,0.00148099448942,0.00144399727592
44188200,7.35,0.00157156409694,0.00154875374853
44248320,7.36,0.00121510510114,0.00100984542786
44308440,7.37,0.00113300626117,0.000994315587602
44368560,7.38,0.00100627960244,0.000846485071452
44428680,7.39,0.00106151826901,0.000931884600404
44488800,7.4,0.000906703836901,0.000730669578557
44548920,7.41,0.000887458179217,0.000739236313328
44609040,7.42,0.000857897712552,0.000718256349392
44669160,7.43,0.000885691893566,0.000765915024376
44729280,7.44,0.000926998508805,0.000811174398136
44789400,7.45,0.000803905394126,0.000657275325332
44849520,7.46,0.000842693712171,0.000690737800102
44909640,7.47,0.000864615348522,0.000722528616719
44969760,7.48,0.000836331522133,0.000676917189974
45029880,7.49,0.000858660834301,0.000702545203126
45090000,7.5,0.000900647384359,0.000717137270717
45150120,7.51,0.000863904079499,0.000694694843819
45210240,7.52,0.000899846405391,0.000723782728979
45270360,7.53,0.00096068828117,0.000779498787438
45330480,7.54,0.00103308125999,0.000845188391036
45390600,7.55,0.0010276131003,0.000821363815003
45450720,7.56,0.00106190775053,0.000871262765352
45510840,7.57,0.00114529658854,0.000957275913366
45570960,7.58,0.00123527794388,0.00104165084872
45631080,7.59,0.00133137472698,0.00117962033724
45691200,7.6,0.0011559907584,0.000922515583261
45751320,7.61,0.00104548414096,0.000847733828655
45811440,7.62,0.00111604983364,0.000948594868835
45871560,7.63,0.00124208768394,0.00111847737059
45931680,7.64,0.00118009815248,0.00100287331218
45991800,7.65,0.00127197996492,0.0011354352114
46051920,7.66,0.00111011845868,0.000918959955022
46112040,7.67,0.00109985278304,0.00094284339806
46172160,7.68,0.00108751724787,0.000920076012983
46232280,7.69,0.00101886782963,0.000822504372
46292400,7.7,0.000961505754504,0.000771331106123
46352520,7.71,0.00104039720277,0.00081914588986
46412640,7.72,0.00108984781454,0.000889588831733
46472760,7.73,0.00116163016015,0.000963143138957
46532880,7.74,0.00112449323735,0.000938286825614
46593000,7.75,0.00120319622452,0.000994051491962
46653120,7.76,0.0012729672213,0.00109870301276
46713240,7.77,0.00130818802048,0.00117516342588
46773360,7.78,0.00133588247986,0.00117610066256
46833480,7.79,0.00118490547211,0.00108167304532
46893600,7.8,0.00110336326243,0.00095152287894
46953720,7.81,0.000988837898982,0.000840266246132
47013840,7.82,0.00103815986869,0.00087634988012
47073960,7.83,0.0011112144228,0.000949415870543
47134080,7.84,0.0011946078183,0.00103761418732
47194200,7.85,0.00126916892598,0.00111826616822
47254320,7.86,0.00129596790045,0.00116232581082
47314440,7.87,0.00136915965222,0.00127884917822
47374560,7.88,0.00136655514611,0.00130904607415
47434680,7.89,0.001439043773,0.00132964114491
47494800,7.9,0.0014708280044,0.00141447065459
47554920,7.91,0.00144700853768,0.00134901488595
47615040,7.92,0.00125934509742,0.00118116787068
47675160,7.93,0.00122444134465,0.00116214210486
47735280,7.94,0.00125960896144,0.00126077859349
47795400,7.95,0.00140106311901,0.00143134588318
47855520,7.96,0.00127831452816,0.00120853718982
47915640,7.97,0.0011263972978,0.00107545660461
47975760,7.98,0.00095690031857,0.00090820307185
48035880,7.99,0.000995167025527,0.000994057684637
48096000,8.0,0.00108251870065,0.00105394434777
48156120,8.01,0.00106224281056,0.000979630694944
48216240,8.02,0.0011101627278,0.00106883142179
48276360,8.03,0.00115840926389,0.00111918028114
48336480,8.04,0.00120474348769,0.00115391988935
48396600,8.05,0.00120740645213,0.0011639014055
48456720,8.06,0.00128902377058,0.00125769331596
48516840,8.07,0.0012312072822,0.00119265217493
48576960,8.08,0.000993907573699,0.000901240455031
48637080,8.09,0.00105420269848,0.000977333291509
48697200,8.1,0.000949961773449,0.000851487399481
48757320,8.11,0.00088976878068,0.000810848697178
48817440,8.12,0.000917915829604,0.000783536967217
48877560,8.13,0.000967005141514,0.000835795206684
48937680,8.14,0.00102451403661,0.000909682610748
48997800,8.15,0.00109963422822,0.000984531872258
49057920,8.16,0.00111418112592,0.000981036317235
49118040,8.17,0.00113004843841,0.00107510359166
49178160,8.18,0.00104084786801,0.000872340093006
49238280,8.19,0.00108230616112,0.000944074969654
49298400,8.2,0.00113451071452,0.00101184537203
49358520,8.21,0.0011983680062,0.00109150330366
49418640,8.22,0.00127735684356,0.00119405909597
49478760,8.23,0.00135877671791,0.00126878335353
49538880,8.24,0.00134170067388,0.00123421301463
49599000,8.25,0.00127098376992,0.00114114324442
49659120,8.26,0.00119084513951,0.00105137012882
49719240,8.27,0.0012604966865,0.00109222616114
49779360,8.28,0.00125004521484,0.00106535358115
49839480,8.29,0.00132656993903,0.00114884736155
49899600,8.3,0.00123922815409,0.00103976059969
49959720,8.31,0.0012846353198,0.00112569825833
50019840,8.32,0.00136820905243,0.00122198643376
50079960,8.33,0.0014782451253,0.00129900681879
50140080,8.34,0.00134874296494,0.00112498031132
50200200,8.35,0.00120599990513,0.000980661231465
50260320,8.36,0.00118780507517,0.00099290557841
50320440,8.37,0.00120403989984,0.00103183946156
50380560,8.38,0.00114548098527,0.000974693456425
50440680,8.39,0.00119565396562,0.00103241804158
50500800,8.4,0.00122230297974,0.00109003448146
50560920,8.41,0.00128561502527,0.00114936123213
50621040,8.42,0.00102911622282,0.000851181124939
50681160,8.43,0.00101337332378,0.00086131567181
50741280,8.44,0.00102395967163,0.000854552068063
50801400,8.45,0.00100389289064,0.000844623002872
50861520,8.46,0.000979839364342,0.000817659049013
50921640,8.47,0.000986755218026,0.00081414303965
50981760,8.48,0.00095547642791,0.00078591329105
51041880,8.49,0.000827007997,0.000741940625855
51102000,8.5,0.000822169354184,0.000737619089223
51162120,8.51,0.000818087610478,0.00073267613421
51222240,8.52,0.000806566500119,0.000742132183479
51282360,8.53,0.000839714652908,0.000794438624432
51342480,8.54,0.000884299459649,0.000859211795939
51402600,8.55,0.000933837991042,0.000933878773343
51462720,8.56,0.000964529004188,0.000945112662765
51522840,8.57,0.000979487676378,0.000923503205963
51582960,8.58,0.000976743457314,0.00095289405294
51643080,8.59,0.000869108236264,0.000766670706625
51703200,8.6,0.000910411564281,0.000827972435678
51763320,8.61,0.000839430341066,0.000743816781817
51823440,8.62,0.000858467169039,0.000770660657036
51883560,8.63,0.000903455279109,0.000871228048598
51943680,8.64,0.000927938845509,0.000899485146519
52003800,8.65,0.000899099051061,0.000828975178098
52063920,8.66,0.000892227663823,0.00078767368229
52124040,8.67,0.000953818395269,0.000860702640305
52184160,8.68,0.000885398287178,0.000740554865615
52244280,8.69,0.000914930451678,0.00078214423364
52304400,8.7,0.00093490239511,0.000788174998984
52364520,8.71,0.000987434943482,0.000808156669355
52424640,8.72,0.0010309910912,0.000864484141654
52484760,8.73,0.00104509525767,0.00087570470982
52544880,8.74,0.00111522884828,0.000975999076629
52605000,8.75,0.00123608736832,0.0011608138962
52665120,8.76,0.00138283957027,0.00128469222443
52725240,8.77,0.00153767077911,0.0015374392614
52785360,8.78,0.00140314310087,0.00139772796324
52845480,8.79,0.00128367760247,0.00128102799915
52905600,8.8,0.00127530394968,0.00124955977287
52965720,8.81,0.00125075851366,0.00122490509331
53025840,8.82,0.0010639315066,0.00102477457143
53085960,8.83,0.00110345025572,0.00108607688743
53146080,8.84,0.00105183955723,0.00100821176473
53206200,8.85,0.00102697420456,0.000975201944489
53266320,8.86,0.000924064547697,0.000842716135475
53326440,8.87,0.000922940705692,0.00088418716966
53386560,8.88,0.00101907133673,0.000994717606393
53446680,8.89,0.00109876815713,0.00111852979809
53506800,8.9,0.00121180629088,0.0012632634162
53566920,8.91,0.000986010295167,0.000971695055181
53627040,8.92,0.00100749809818,0.00102167380866
53687160,8.93,0.00107973748352,0.0011371479955
53747280,8.94,0.00116205914956,0.00125569681902
53807400,8.95,0.00126061431277,0.00134881852109
53867520,8.96,0.000978156819886,0.000950087266248
53927640,8.97,0.000832380571147,0.000801087286098
53987760,8.98,0.000775741056531,0.000768748144819
54047880,8.99,0.000769618436409,0.000781630496484
54108000,9.0,0.000790431545896,0.00078145729606
54168120,9.01,0.00081685340665,0.000819605732058
54228240,9.02,0.000839185705615,0.000851109440142
54288360,9.03,0.000891308811694,0.000889699058373
54348480,9.04,0.000941733992296,0.000934872421556
54408600,9.05,0.000906285060546,0.000876769241799
54468720,9.06,0.000801040176299,0.000731223529095
54528840,9.07,0.00083277149373,0.000746060566735
54588960,9.08,0.00088615301891,0.000771499393524
54649080,9.09,0.000948926402755,0.000822951137563
54709200,9.1,0.00100699335154,0.00087801825393
54769320,9.11,0.00105382799399,0.00095099244924
54829440,9.12,0.00112704956241,0.000991450235846
54889560,9.13,0.00114062610366,0.000998591529439
54949680,9.14,0.00114743075729,0.000987206814788
55009800,9.15,0.00108904842747,0.000902405351781
55069920,9.16,0.00113857947507,0.000932493272319
55130040,9.17,0.00103212024945,0.000796230942643
55190160,9.18,0.00109113792542,0.000851058375801
55250280,9.19,0.00116422036209,0.000914188155185
55310400,9.2,0.00124119710747,0.00100182799685
55370520,9.21,0.00131397160855,0.00107696220769
55430640,9.22,0.00119779651405,0.000967979733265
55490760,9.23,0.00118364635772,0.000961428087758
55550880,9.24,0.00113148259869,0.000906910796759
55611000,9.25,0.00120925479438,0.00102440530544
55671120,9.26,0.0012690116414,0.00110387083596
55731240,9.27,0.00102806201507,0.000790335891003
55791360,9.28,0.000993841589906,0.000750756052414
55851480,9.29,0.00102588117557,0.000760261094509
55911600,9.3,0.00108200927274,0.000820798753545
55971720,9.31,0.00112651150293,0.000873583870193
56031840,9.32,0.00117504739771,0.00093851869698
56091960,9.33,0.00111205049361,0.000863779060541
56152080,9.34,0.00116066592502,0.000936739177082
56212200,9.35,0.00111018559716,0.0008703868891
56272320,9.36,0.00117865419328,0.00093618681418
56332440,9.37,0.00109332413017,0.000866057098329
56392560,9.38,0.0010944444124,0.000889143907842
56452680,9.39,0.00106434094012,0.000840676797806
56512800,9.4,0.00111041781827,0.000910525493603
56572920,9.41,0.00117855913245,0.000986017975358
56633040,9.42,0.00117807948965,0.00100105098447
56693160,9.43,0.0012553568959,0.0010862208071
56753280,9.44,0.0012497846233,0.0010864411023
56813400,9.45,0.00113703016268,0.000985922839143
56873520,9.46,0.00119073994371,0.00103760437397
56933640,9.47,0.0011345461745,0.00105921523316
56993760,9.48,0.00120488381657,0.00113727634082
57053880,9.49,0.0013029552796,0.00128312174139
57114000,9.5,0.00118341563957,0.00112489672662
57174120,9.51,0.00118334143484,0.00119060537382
57234240,9.52,0.000950948354359,0.000922263401397
57294360,9.53,0.00105102710677,0.000962175402908
57354480,9.54,0.00113243448739,0.00104920054404
57414600,9.55,0.00121711947489,0.00112840821889
57474720,9.56,0.00115178405219,0.00106029065843
57534840,9.57,0.00108464672438,0.00097387203971
57594960,9.58,0.00111227760425,0.0010265466034
57655080,9.59,0.00114637248274,0.00109010327093
57715200,9.6,0.00110386022957,0.00103499310546
57775320,9.61,0.00104456799246,0.000964189096486
57835440,9.62,0.00107286269175,0.00101930930772
57895560,9.63,0.00098029349728,0.000897188372843
57955680,9.64,0.00104384636876,0.000958437623366
58015800,9.65,0.00112379807216,0.00104518694126
58075920,9.66,0.00106401652391,0.000960722859621
58136040,9.67,0.00102693541764,0.00087075486626
58196160,9.68,0.00105742587771,0.000951658145089
58256280,9.69,0.00101196678796,0.000884570435967
58316400,9.7,0.000998282439069,0.000905913214258
58376520,9.71,0.00102661882324,0.00095100902911
58436640,9.72,0.00109813108443,0.00103157615936
58496760,9.73,0.00118770480233,0.00114655736591
58556880,9.74,0.00123990545862,0.00121491286165
58617000,9.75,0.00125092662581,0.00127369152428
58677120,9.76,0.00104968359919,0.000964436089202
58737240,9.77,0.00104250315391,0.000960358394659
58797360,9.78,0.000963206483457,0.000864699156314
58857480,9.79,0.000890187416995,0.000733390319766
58917600,9.8,0.000859206150263,0.000739138628406
58977720,9.81,0.000856889231807,0.000728411424374
59037840,9.82,0.000896785830636,0.000764629903636
59097960,9.83,0.000821054499999,0.000647436728828
59158080,9.84,0.000813826178981,0.000653839537798
59218200,9.85,0.000850850436775,0.000701743874558
59278320,9.86,0.0009000285673,0.00075664330324
59338440,9.87,0.000955610940365,0.000808920197177
59398560,9.88,0.00101950968327,0.000851187095492
59458680,9.89,0.00106926801524,0.000916004279305
59518800,9.9,0.00102129080296,0.000852096721415
59578920,9.91,0.00101277594139,0.000835819164861
59639040,9.92,0.00107958704154,0.000916123732892
59699160,9.93,0.0011564427196,0.000995335056406
59759280,9.94,0.0011898571773,0.00101875876199
59819400,9.95,0.0012915253986,0.00115165469404
59879520,9.96,0.00124817847083,0.00108461024748
59939640,9.97,0.00127724211403,0.00111662748825
59999760,9.98,0.00121737257062,0.00104003460319
60059880,9.99,0.00115289022854,0.000975741027426
60120000,10.0,0.00116599358745,0.00099803087825
60120001,10.0000001663,0.00116599294709,0.000998031721025
